        1.10592         0.73376
        0.96806         0.69323
        0.70489         0.72761
        0.60502         0.67652
        0.33089         0.70897
        0.21916         0.66813
       -0.02489         0.70519
       -0.13766         0.65483
       -0.38890         0.68835
       -0.48870         0.63514
       -0.75316         0.67231
       -0.84684         0.62110
       -1.08734         0.65647
       -1.19184         0.60338
       -1.44064         0.63624
       -1.50832         0.58865
       -1.76094         0.62296
       -1.84030         0.57790
       -2.07427         0.60789
       -2.14505         0.56133
       -2.37200         0.59773
       -2.43706         0.55241
       -2.65853         0.58477
       -2.71085         0.53600
       -2.93324         0.57287
       -2.98903         0.52923
       -3.17985         0.56878
       -3.25092         0.51962
       -3.42908         0.56001
       -3.46181         0.51599
       -3.65538         0.55312
       -3.69515         0.51168
       -3.87384         0.54873
       -3.88950         0.50264
       -4.06749         0.54644
       -4.09411         0.50332
       -4.24093         0.55437
       -4.26079         0.51132
       -4.40041         0.54859
       -4.41138         0.50648
       -4.55951         0.54507
       -4.55300         0.51519
       -4.69656         0.57445
       -4.66144         0.54950
       -4.76918         0.61336
       -4.74558         0.54218
       -4.86245         0.59043
       -4.84287         0.54429
       -4.94108         0.59900
       -4.88421         0.55767
       -5.01808         0.59198
       -4.95158         0.54578
       -5.04413         0.58859
       -4.96992         0.52240
       -5.04553         0.56640
       -4.97739         0.52853
       -4.93704         0.57284
       -4.87834         0.54519
       -4.93588         0.59882
       -4.87456         0.57700
       -4.90757         0.61492
       -4.83125         0.59393
       -4.85711         0.68907
       -4.74401         0.63016
       -4.76167         0.68722
       -4.70373         0.69275
       -4.70463         0.73407
       -4.63047         0.68573
       -4.59759         0.73357
       -4.48861         0.68123
       -4.53876         0.72098
       -4.35060         0.72003
       -4.41506         0.79401
       -4.25162         0.73659
       -4.20934         0.83185
       -4.08546         0.77086
       -3.98064         0.76168
       -3.89363         0.74584
       -3.87680         0.81247
       -3.65632         0.74110
       -3.65077         0.81954
       -3.41652         0.84819
       -3.47482         0.88948
       -3.32823         0.78953
       -3.31217         0.88558
       -3.08550         0.81958
       -3.04678         0.89535
       -2.93345         0.90670
       -2.81361         0.82893
       -2.68053         0.82398
       -2.53060         0.94086
       -2.31683         0.82150
       -2.30500         1.06829
       -2.02715         0.93657
       -1.91774         0.92054
       -1.93309         0.95653
       -1.84379         0.96221
       -1.67222         0.85382
       -1.65479         0.79560
       -1.52283         0.83836
       -1.40864         0.75501
       -1.22344         0.59675
       -1.19931         0.55527
       -1.11831         0.51002
       -1.04580         0.62355
       -0.84956         0.51812
       -0.81204         0.57888
       -0.78426         0.67476
       -0.59709         0.72911
       -0.40451         0.55727
       -0.30747         0.59805
       -0.09043         0.60320
       -0.19250         0.63439
        0.00870         0.56133
        0.16037         0.68877
        0.23558         0.44942
        0.10154         0.31735
        0.47841         0.23895
        0.31926        -0.03536
        0.63958         0.12086
        0.72125         0.02131
        0.72768        -0.08609
        0.42376        -0.02018
        1.23406         0.23583
        1.29098        -0.24211
        1.01509        -0.14718
        1.08292         0.02397
        1.49884        -0.02472
        1.08890        -0.51121
        1.30734        -0.43136
        1.47337        -0.25252
        1.76838        -0.59001
        1.49928        -0.18945
        1.38757        -0.21732
        1.76541        -0.41064
        2.02973        -0.37815
        2.14220        -0.28283
        1.75411        -0.50218
        2.09951        -0.74373
        2.33178        -0.81592
        1.68641        -0.44924
        2.27379        -0.44818
        2.45357        -0.86321
        2.43997        -1.08337
        2.16769        -1.00688
        2.30948        -1.01161
        2.21334        -1.00144
        2.45939        -1.17157
        2.36900        -1.04777
        2.70904        -1.28964
        2.50147        -1.21741
        2.79830        -1.32758
        2.67047        -1.13698
        2.65037        -1.56598
        3.01054        -1.17296
        2.86115        -1.38975
        2.72862        -1.47449
        2.91268        -1.76956
        2.52380        -2.04617
        2.62472        -1.60548
        2.98640        -1.93929
        3.13767        -2.09161
        2.80030        -1.74009
        2.83308        -2.12163
        3.12147        -2.00550
        3.12896        -2.02174
        3.37092        -2.04566
        3.51748        -2.13531
        3.51885        -2.07029
        3.01824        -1.96618
        3.44849        -2.04347
        3.42663        -2.21518
        3.15820        -2.09044
        2.79507        -1.96636
        3.18919        -1.95104
        3.25215        -2.21812
        2.96948        -2.12090
        3.09803        -2.35947
        2.84945        -2.16320
        3.10475        -2.47560
        3.22860        -2.42966
        3.13269        -2.57976
        3.16532        -2.57967
        2.95922        -2.25275
        2.72384        -2.14186
        2.65278        -2.24195
        2.72390        -2.18630
        2.75663        -2.35282
        2.44861        -2.31107
        2.77908        -2.47501
        2.33174        -2.12849
        2.45752        -2.01642
        2.67806        -2.07356
        2.76244        -2.36554
        2.39454        -2.21411
        2.37796        -2.54013
        1.96876        -2.12570
        1.87898        -2.10008
        2.06248        -2.14219
        1.80278        -2.08043
        1.55229        -1.95118
        1.72331        -2.11970
        1.50888        -1.87047
        1.32937        -1.87304
        1.21899        -1.81706
        1.16159        -1.77924
        1.28930        -1.58864
        1.48125        -1.78226
        1.76210        -1.58934
        1.54612        -1.56743
        1.56991        -1.42862
        2.05360        -1.52013
        1.95857        -1.46687
        1.79017        -1.58319
        2.39985        -1.59399
        2.36051        -1.79393
        1.82863        -1.44558
        1.99187        -1.62686
        2.08418        -1.70847
        2.45829        -1.51533
        1.98904        -0.97333
        1.89089        -1.10592
        1.72493        -1.12798
        2.03845        -1.30336
        1.32572        -0.94159
        1.50214        -1.06972
        1.42730        -0.94505
        0.67222        -0.39201
        0.71576        -0.05800
        0.97984        -0.27477
        0.73620        -0.56629
        0.37900        -0.21151
        0.66254        -0.06044
        0.33217        -0.12586
        0.33550         0.32035
        0.34734         0.27240
        0.06843         0.58462
       -0.30244         0.81961
       -0.17105         0.51015
       -0.08091         0.26217
       -0.67503         1.01876
       -0.48713         1.17561
       -0.39043         1.31091
       -0.42898         1.21489
       -0.53114         1.48774
       -0.75803         1.63879
       -0.28841         1.50308
       -0.35984         1.75318
       -0.67817         2.07786
       -0.46145         2.03106
       -0.83660         2.13592
       -0.57542         1.94543
       -1.06971         2.20871
       -0.46273         1.76716
       -0.81725         1.93162
       -0.85438         1.70415
       -0.75320         1.62021
       -1.32669         1.57921
       -1.09344         1.42018
       -0.88153         1.15830
       -1.23979         1.56438
       -1.13765         2.05120
       -1.15850         1.96214
       -1.59824         1.65828
       -1.97396         2.13133
       -1.81575         2.01600
       -1.99658         2.16304
       -2.11326         2.25868
       -1.75905         2.22445
       -1.75308         2.02127
       -1.47167         1.49206
       -1.11632         1.69908
       -0.57207         0.65743
       -0.44298         0.21397
       -1.05001         0.16678
       -0.97973        -0.06386
       -0.54725        -0.03456
       -0.83562         0.45663
       -1.08500         0.69885
       -0.58352         0.54467
       -0.75363         0.64082
       -0.68735         1.04675
       -1.03723         1.58181
       -0.65347         1.38967
       -1.23304         2.01068
       -1.31041         2.09784
       -1.40347         2.22191
       -1.40795         2.79376
       -1.90335         3.43760
       -1.98003         3.71326
       -2.01791         3.72684
       -1.93747         4.09180
       -2.61194         4.43099
       -2.54193         4.18001
       -2.57721         4.54900
       -2.99463         4.27946
       -3.82967         4.32080
       -3.10345         4.30640
       -3.10533         3.66235
       -3.42552         4.63666
       -3.73138         4.77030
       -3.05672         4.36866
       -3.20254         4.57180
       -2.47068         3.94760
       -2.03783         3.64239
       -1.47259         2.67969
       -1.31812         2.15060
       -1.04872         1.32861
       -1.40752         1.47360
       -1.25488         1.37025
       -1.79960         2.05954
       -2.42389         2.33534
       -2.16037         2.82139
       -2.87935         3.60677
       -3.75989         4.49079
       -3.49602         4.32338
       -3.43923         4.18553
       -4.24130         4.94608
       -3.64199         4.77875
       -3.26691         4.80111
       -3.87432         4.65187
       -3.59681         4.61806
       -3.20579         3.80014
       -3.94988         3.86780
       -4.35983         4.80675
       -4.56542         5.38999
       -4.25887         4.82083
       -3.76485         4.13667
       -3.07597         3.84963
       -2.09467         2.74075
       -1.62704         1.93676
       -1.50920         1.31091
       -2.14344         1.22786
       -1.58587         1.16114
       -1.17757         1.19055
       -0.82752        -0.53198
       -1.51384        -0.30218
       -2.07383         0.87302
       -1.69227         0.45880
       -1.17319         0.78587
       -1.54919         0.48285
       -0.28164         0.23399
       -0.60851         0.24951
       -0.07135        -1.20747
       -0.93650         1.12419
        1.35975        -2.41375
        2.03037        -8.60969
       -2.53545       -12.30417
      -11.03215        -8.53950
      -11.49197        -8.27710
       -7.92393        -5.85589
       -7.49724        -5.94257
       -7.38569        -5.09040
       -6.42523        -2.99514
       -4.44431        -1.53311
       -4.21840        -2.16461
       -2.93036        -3.05407
       -1.92898        -3.83344
       -2.98585        -3.64776
       -3.10083        -3.50786
       -1.85786        -3.42784
       -2.16717        -3.87372
       -2.23314        -4.07279
       -2.07404        -3.65630
       -1.99012        -3.50895
       -1.37667        -3.25323
       -1.05716        -2.75878
       -2.03455        -3.31126
       -2.90469        -1.95928
       -2.60159        -1.12753
       -2.31913        -0.70729
       -1.67059        -0.16696
       -0.89070        -0.86950
       -1.20312        -0.56024
       -1.88334        -0.03689
       -2.47910         0.93821
       -1.78559         0.79067
       -0.39925         0.81533
        0.59857         2.12310
        0.53953         1.04993
       -0.14498        -0.03140
        1.41148         0.63623
        2.48913        -0.37750
        0.72708        -0.31232
        1.95583        -0.01269
        2.38528        -0.92194
        1.73326        -1.23070
        3.03896        -1.34292
        2.75339        -2.43466
        2.60087        -3.55064
        2.66628        -2.98558
        3.06398        -4.83306
        2.56312        -4.34558
        3.76048        -4.70823
        2.21871        -5.92421
        3.39174        -6.20086
        1.78898        -4.87399
        1.46287        -4.24673
        2.60850        -3.16132
        3.65373        -2.97319
        2.68110        -2.13187
        3.74158        -1.92477
        4.34805        -2.64918
        4.47339        -1.62234
        4.15380        -1.27054
        4.02801        -1.96561
        4.12322        -1.22193
        3.63421        -1.20014
        4.16501        -0.80593
        5.06429        -1.67209
        4.99772        -0.15173
        5.18527        -0.29773
        4.99026        -0.82309
        4.25477        -0.50333
        4.62097         0.16880
        4.93748         1.07369
        4.78370         0.47761
        5.77797         1.17432
        5.58432         2.09252
        5.67421         1.76186
        6.22984         1.99034
        7.56559         2.14279
        7.64705         0.96298
        7.08909         1.08577
        8.01398         0.62137
        7.50368         0.04465
        6.16487         0.92923
        6.15295         1.37375
        6.16866         1.72262
        6.71721         1.38502
        6.83676         2.06073
        6.55220         1.90605
        7.40363         1.53763
        8.14461         0.49390
        7.63965         0.52379
        7.23246        -0.01558
        6.55655        -1.17115
        6.29098        -2.32161
        5.19067        -2.22842
        5.05211        -1.07081
        4.60300        -1.43958
        4.59772         0.36716
        4.67296        -0.69771
        4.71298        -0.70116
        5.03651         0.49631
        4.62328         0.51365
        4.18608         0.52085
        5.47236        -0.38278
        4.56358        -0.90753
        3.87979        -0.74327
        3.25260         0.43118
        3.96781         1.27304
        3.89271         1.64863
        3.95603         3.16788
        4.28408         3.61319
        4.49307         2.82453
        4.73421         3.07118
        4.60756         3.10894
        5.96873         2.98957
        4.25378         3.13364
        5.25305         0.57202
        4.77527         0.97405
        2.79025         2.90194
        1.92450         2.48646
        3.17528         0.80693
        3.71876         0.78350
        3.28914         1.25621
        3.04809        -0.24330
        3.54712         0.65732
        3.71655        -0.05898
        1.85184        -0.91745
        1.96191        -1.22191
        0.82173        -0.73621
        0.48989        -1.21557
        1.54087        -1.23265
        0.73066        -1.71919
        0.15045        -1.42716
        0.01765        -1.62167
        0.38717        -1.76724
        0.58617        -2.10266
        1.13692        -1.86725
        0.77619        -2.24815
        0.30160        -2.44612
       -0.00189        -2.74369
        0.30019        -3.02027
        0.03846        -2.92160
       -0.34528        -2.99198
       -0.31893        -3.22986
       -1.42879        -2.87310
       -0.53940        -3.20800
       -0.44395        -3.62439
       -1.23843        -3.74781
       -0.68514        -4.15186
       -2.49004        -4.57362
       -3.41802        -4.85506
       -4.24634        -4.41036
       -3.94435        -3.72842
       -4.25755        -4.23449
       -5.23170        -4.56182
       -5.25293        -4.17959
       -5.26888        -4.15908
       -5.93835        -3.94557
       -6.20385        -4.44524
       -7.27087        -4.14279
       -5.89212        -3.50889
       -6.24725        -2.57691
       -5.42932        -2.82972
       -6.92438        -1.78107
       -4.99133        -3.00480
       -6.33650        -2.09482
       -7.03993        -2.43739
       -7.38780        -2.40596
       -7.26787        -1.86425
       -6.97445        -1.85603
       -6.84212        -1.33271
       -7.73771        -1.72720
       -7.19991        -1.36744
       -7.15083        -0.90740
       -7.40946        -1.53284
       -8.43120        -0.77627
       -7.75065        -0.37025
       -8.01289         0.77916
       -8.22159         0.70017
       -8.49360         0.81410
       -9.21891         1.44048
       -9.78345         2.58909
       -8.94347         1.64556
      -12.26429         2.98085
      -11.77126         4.14841
      -11.79714         3.18757
      -10.55790         2.65166
       -9.99652         3.71352
       -9.63472         3.01079
       -8.91296         2.30536
       -9.25726         3.21831
       -7.49667         3.03469
       -7.36658         2.52874
       -7.69435         2.39783
       -6.68041         2.38506
       -6.39525         3.08662
       -5.84958         2.45372
       -6.41449         2.27847
       -5.23585         2.07080
       -4.69436         1.79991
       -4.77586         1.14063
       -5.13307         1.00154
       -4.94006         0.93654
       -4.04272         0.41840
       -3.79778         0.37825
       -3.43914         0.59032
       -2.88112         0.55952
       -3.72376         0.53174
       -3.37955         0.61894
       -1.98082         1.00967
       -3.29760         0.04882
       -4.85939         1.68760
       -3.07314         2.84616
        0.03581         1.72103
        0.33578         0.92210
       -2.05058         1.68686
       -2.15007         3.12949
       -0.35932         3.45961
       -0.41931         2.49656
       -0.40981         3.28398
        0.72579         3.83282
        1.20438         3.14929
        1.85600         2.75947
        1.78576         4.01109
        3.60725         2.21665
        2.69679         2.44125
        3.12797         2.00360
        2.56846         2.49968
        2.49924         3.04992
        2.91080         2.78891
        2.69595         1.95700
        2.60286         1.06446
        1.35110         1.48720
        1.71760         2.35789
        2.79068         2.52605
        2.86144         1.70830
        2.01215         2.00382
        2.15324         2.31925
        2.64320         1.47844
        2.74991         1.87927
        1.73169         2.72000
        1.62651         1.70255
        1.72425         2.34519
        1.81413         1.94979
        1.15238         1.77670
        1.30889         2.45870
        0.19486         2.68214
       -0.39151         2.71396
       -0.51017         2.78919
       -1.58945         3.79806
       -1.30012         4.24664
       -2.49323         4.48747
       -1.44944         5.18754
       -3.41417         6.01890
       -2.25870         6.46211
       -2.22595         6.83497
       -0.84256         6.89422
       -0.80322         7.18897
       -0.52067         7.26819
        0.88911         7.12233
        1.07600         6.21380
        1.01286         6.26147
        1.46876         5.84898
        1.07795         5.73152
        2.34196         5.60456
        2.73404         5.22891
        4.70446         4.52605
        4.30590         4.96518
        4.68359         3.63836
        5.09476         2.82230
        5.27502         2.46791
        4.93090         2.09741
        5.32079         2.14723
        5.83679         1.46648
        5.59789         1.06995
        5.32997         0.48649
        5.13605         0.61581
        5.02036         0.69143
        4.64701         0.52633
        4.76926         0.27680
        4.65316         0.16406
        4.97921        -0.15935
        5.30366        -0.14485
        5.65147        -0.17031
        4.55552        -0.47389
        3.89072        -0.73343
        3.67936        -0.47202
        3.58793        -0.11689
        2.51283         0.01780
        2.30736        -0.09522
        2.19942         0.09138
        1.98407        -0.09273
        1.31554         0.83212
        2.30165         1.01097
        2.43080         0.75677
        2.34092         0.66506
        2.61770         1.07072
        2.77761         0.48028
        1.98836         1.17352
        1.79919         0.79575
        2.32156        -0.27808
        2.33021        -0.08795
        3.22791        -0.42631
        3.46260        -0.88450
        4.55256        -1.23622
        3.62928        -0.24334
        4.27150        -1.63970
        4.65382        -2.19739
        3.70217        -3.10426
        3.21762        -2.99535
        2.56606        -2.75407
        2.84639        -3.28489
        2.71797        -2.85029
        2.90692        -3.03195
        3.46327        -2.95177
        3.74404        -3.32054
        3.33344        -4.44972
        3.93528        -3.86219
        1.88782        -3.75922
        3.51206        -5.52268
        3.51172        -5.30697
        2.23716        -5.03249
        1.62087        -4.79545
        1.02751        -4.06182
        1.92923        -4.33532
        2.19985        -4.67158
        3.02661        -4.93544
        3.15602        -4.93627
        3.30919        -4.58003
        4.53488        -5.42129
        3.91264        -5.37524
        3.36657        -5.05242
        3.64655        -5.08478
        3.03977        -4.57660
        2.63243        -4.17581
        2.37273        -3.74720
        2.79263        -3.92785
        2.24708        -3.70831
        2.20641        -3.86360
        2.11021        -3.97925
        1.93413        -4.25133
        1.06165        -4.13534
        0.77479        -3.62625
        1.33689        -3.82802
        2.21553        -4.45371
        2.48486        -4.40038
        1.97095        -3.96913
        3.47718        -3.98258
        2.40149        -3.29656
        2.25127        -3.76543
        2.14087        -3.72996
        1.82977        -3.57880
        1.83364        -3.09456
        1.81136        -3.18713
        1.75244        -3.07738
        2.31833        -3.36591
        2.23129        -3.35138
        0.87385        -3.32113
        1.99252        -4.12510
        2.14383        -4.38281
        2.23511        -4.29030
        2.95691        -4.17167
        2.43300        -4.53624
        2.81966        -4.56156
        2.79380        -5.20903
        2.76943        -4.13278
        2.69722        -4.33040
        2.17586        -4.65020
        1.41899        -4.54201
        1.08891        -4.38547
        0.84441        -4.02257
       -0.48742        -3.55298
       -0.42263        -3.37859
       -0.22444        -3.43629
        0.54357        -2.96457
        0.17256        -3.00018
       -0.03734        -2.77533
        0.38828        -2.74485
        0.11236        -2.59383
        0.01258        -2.00037
       -0.59571        -1.76677
        0.08637        -2.54364
       -0.99370        -2.09814
       -1.38417        -1.97533
       -1.83224        -1.12579
       -1.24542        -1.28138
       -1.49409        -1.34654
       -1.57709        -1.01210
       -1.85991        -1.03441
       -1.40960        -1.00168
       -1.51340        -0.72832
       -2.29580        -0.88647
       -1.35391        -0.88077
       -1.75769        -0.73657
       -2.40689        -1.28839
       -2.65068        -1.32464
       -3.10526        -1.12237
       -3.48559        -0.94362
       -3.34286        -0.83773
       -3.52693        -1.63508
       -3.38261        -0.99118
       -4.24786        -0.95364
       -3.81151        -0.79571
       -3.79438        -0.67064
       -3.69903        -0.18258
       -3.09093        -0.89286
       -3.49579        -0.16768
       -3.47872        -0.50623
       -4.17211        -0.21640
       -3.61763        -0.10476
       -2.82452        -0.19118
       -3.07824        -0.03552
       -3.76177         0.19271
       -4.22310        -0.00347
       -4.14416         0.07746
       -5.85547         0.90746
       -5.90127         1.17811
       -5.83025         1.01273
       -5.87909         0.87711
       -5.91800         0.48158
       -5.11566         0.83661
       -6.99112         1.19544
       -6.08933         1.48975
       -7.71382         1.88111
       -7.49096         2.06421
       -6.90258         2.27365
       -5.06104         2.28930
       -5.65009         1.45503
       -6.58184         1.75192
       -6.89088         1.76334
       -8.23524         0.90801
       -7.38070         2.38424
       -9.52161         2.28006
       -8.46933         2.90644
       -7.03608         2.24082
       -6.85331         1.98840
       -5.46384         2.23159
       -6.05970         1.50361
       -5.71011         2.89870
       -5.52699         2.49064
       -4.61106         2.32372
       -4.51703         2.71717
       -2.87093         2.21971
       -4.19803         2.09258
       -4.69634         3.43701
       -3.92247         2.68431
       -3.71519         3.77119
       -4.34676         4.03227
       -3.89429         4.75582
       -2.36225         4.71438
       -2.38670         5.39687
       -1.17665         4.53186
       -1.08441         4.25675
       -1.83279         3.71090
       -2.04795         3.52895
       -1.54084         2.59504
       -2.68150         2.78483
       -3.14787         3.15690
       -2.55032         3.52400
       -2.50771         3.25504
       -3.11026         3.07090
       -2.71263         2.83305
       -3.54815         2.85968
       -3.35571         3.16762
       -3.05664         3.80142
       -2.70323         3.75202
       -3.39346         4.22958
       -2.94765         4.15790
       -2.25655         4.82611
       -2.89913         4.47347
       -2.89416         5.35727
       -2.51486         3.98105
       -2.33635         3.85394
       -3.02404         3.94322
       -3.11933         4.57197
       -2.43744         3.73513
       -2.48753         3.85507
       -3.86861         4.11036
       -3.38795         3.96638
       -2.89934         3.93206
       -3.53141         3.43983
       -3.68076         3.42773
       -3.56491         3.55893
       -3.27745         3.06302
       -2.85709         3.53597
       -2.33689         3.81330
       -1.81271         2.64835
        0.59885         2.77299
        0.96396         1.76797
        2.12991         1.32049
        1.81715         0.96856
        1.83049         0.79001
        2.38225         0.43036
        2.60305         0.38202
        3.68878        -0.60443
        3.68640        -0.35075
        2.15121         0.01956
        1.30454        -0.23918
        3.37505         0.05118
        4.57330         0.28873
        5.65972         0.29449
        6.33936        -0.64377
        5.68498         0.30977
        6.65324        -0.20154
        7.03125        -0.12075
        8.06039        -0.37651
        6.62301         0.18198
        5.67112         0.35939
        6.66436         0.27950
        7.54069         0.11314
        6.77592         0.62871
        6.75971         0.31203
        7.40096         0.24317
        7.82537        -0.19684
        6.90295         0.26652
        7.57461         0.04934
        7.20516        -0.42255
        7.24780         0.84742
        7.85184        -0.21888
        7.94617         0.48830
        8.37897         0.50219
        9.46705         1.21268
        8.30386         1.58180
        9.97819         1.24737
        9.03563         1.17174
        9.61597         0.98685
        7.92112         0.56171
        8.26203        -0.23946
        9.24936        -0.38832
        8.15114         0.67457
        8.36872         0.26363
        7.40343         0.12433
        8.95112         0.01313
        7.54204         1.23457
        7.05042         1.40687
        7.35505         1.02995
        5.83826         1.50334
        5.03584         1.69940
        5.15082         1.95314
        3.98194         2.88543
        2.70774         3.24670
        1.46302         3.74773
       -0.83259         3.67607
       -1.85568         3.41904
       -4.84482         3.32276
       -4.48915         3.56123
       -5.81440         4.74417
       -6.21012         5.28463
       -7.36465         5.57641
       -7.27952         6.06386
       -7.13831         5.73440
       -6.69301         5.64802
       -7.80097         5.59572
       -8.79033         5.57518
       -7.36999         4.93756
       -9.91497         4.56377
      -10.13620         4.48677
      -11.25556         4.87285
      -11.33717         5.08937
      -12.72979         5.00422
      -11.53083         5.00142
      -12.05112         4.33206
      -10.95153         4.82620
      -10.54804         6.05739
      -10.74748         5.84707
       -7.85011         5.25583
       -7.73938         5.00584
       -4.44929         5.08467
       -4.26361         4.61821
       -3.96082         3.64188
       -3.68733         3.45786
       -1.78989         3.14684
       -1.19222         2.86341
       -1.09695         2.76620
        0.21367         2.53988
        0.96620         1.67033
        2.08451         1.06196
        3.59803         1.34846
        4.12506         1.38670
        3.90871         1.08356
        6.24511         0.03218
        6.70635        -0.02281
        7.19324         0.12070
        8.57996         0.05417
        8.52876         0.62315
        9.90738        -0.24957
        9.79462        -0.52763
       11.73109        -0.46988
       10.78052        -0.50645
       11.41363        -1.02105
       13.36421        -1.87987
       13.24315        -2.65921
       13.98819        -3.26674
       13.89358        -4.30855
       14.08208        -4.43766
       13.06734        -4.06337
       12.20122        -4.67388
       12.76146        -5.47751
       12.27530        -6.37487
       13.27409        -7.56081
       12.97056        -7.35400
       11.77737        -7.69243
       12.08473        -8.93587
       12.20226        -8.78216
       12.33114        -8.99945
       11.01089        -9.53966
       12.01852       -11.33405
       11.58117       -11.66632
       11.39089       -11.38958
       10.31027       -11.50554
        8.63945       -12.09384
        8.83873       -12.72911
        8.12753       -13.02440
        8.52164       -12.75652
        8.49141       -13.00042
        7.35769       -13.07287
        7.44035       -13.36063
        7.26728       -13.54731
        7.14247       -12.51324
        7.32043       -13.37729
        6.46086       -12.99702
        6.34788       -14.24817
        5.99792       -14.36450
        5.98697       -13.59350
        4.23136       -12.79941
        4.56598       -13.08206
        4.63875       -14.12741
        4.02633       -14.89857
        3.36795       -14.04886
        2.27762       -13.29351
        3.31855       -13.79971
        1.65200       -13.29115
        2.18877       -12.05857
        1.06984       -12.74533
        0.43930       -12.67088
        0.73187       -12.68746
       -1.55536       -12.31734
       -0.01620       -11.90804
       -1.34836       -11.44489
       -3.41276       -10.90493
       -4.73573       -11.15226
       -4.88566       -10.73894
       -5.12269       -10.38408
       -5.71465        -9.26127
       -5.19791        -9.05982
       -6.71406        -6.78930
       -8.19665        -6.77867
       -8.24762        -6.26492
       -7.34483        -4.65136
       -8.12615        -5.24298
       -6.96708        -4.39017
       -6.46347        -4.81511
       -9.04918        -3.13948
       -9.37208        -3.10878
      -11.33111        -2.15836
       -8.90059        -0.08192
      -10.85075        -0.14113
       -8.44260         0.98613
       -8.75091         1.47595
       -8.00863         1.42919
       -8.09311         2.23333
       -7.26830         1.88184
       -6.96228         1.04217
       -6.74757         0.67151
       -6.50384         0.48575
       -7.51656         0.26640
       -8.91189        -0.48632
       -9.15496        -0.38569
       -8.77676        -1.10771
      -11.97029        -1.59455
      -12.90991        -1.72420
      -14.53803        -1.70187
      -15.82871        -2.07028
      -17.29215        -1.84095
      -18.94636        -0.58211
      -19.03919         0.13931
      -20.73626         1.43056
      -19.16701         1.93846
      -19.14311         2.45463
      -19.15168         3.45163
      -19.14953         4.62311
      -18.28813         4.16110
      -16.78963         3.28108
      -16.00002         3.14529
      -14.46297         3.46986
      -11.95249         4.17863
      -11.89944         3.81728
      -10.98536         3.64605
      -11.97640         3.83142
      -12.06205         3.84602
      -11.24066         4.46176
      -10.59128         4.38031
      -10.89163         5.23614
       -9.99085         5.37096
       -9.97354         5.17008
       -9.49039         6.71996
       -9.26930         6.16705
       -9.12868         6.90399
       -7.79979         7.37247
       -7.30857         7.11874
       -7.09491         6.71363
       -6.76502         5.96547
       -6.37778         5.30874
       -6.84347         4.93111
       -7.80117         4.80188
       -8.68687         4.55292
       -9.10248         3.97833
       -9.70041         3.25285
       -9.64335         3.74844
       -9.60010         3.20269
       -9.75407         2.62123
      -11.48869         1.97325
      -11.13778         1.57309
      -10.55610         2.04388
      -10.31325         1.96103
       -9.76875         3.11921
       -9.81462         3.28558
      -10.03562         4.02635
       -8.56291         5.03107
       -6.62163         4.10157
       -5.89157         4.09561
       -5.31216         3.97483
       -4.13838         4.08947
       -3.64787         4.49399
       -4.26995         4.72152
       -2.41730         4.19771
       -2.30012         4.02876
       -1.61630         4.86143
       -1.76832         5.61950
       -0.41000         5.55971
        1.98812         5.69890
        1.42111         5.42473
        1.49789         6.60149
        3.05222         6.62877
        4.18663         6.95261
        6.62598         8.41165
        5.78475         9.72962
        8.44236        10.11565
        9.67760        10.48189
       11.35944        10.89572
       12.34400        11.31606
       12.85248        10.92070
       13.56020        10.90708
       13.88786        12.15976
       13.89891        12.66463
       15.61402        13.78038
       14.39460        13.55899
       17.91842        13.17569
       16.84205        14.72725
       17.52787        14.92553
       18.22041        17.33501
       17.73871        18.53474
       18.61083        20.62269
       18.92508        22.05398
       18.86674        22.88729
       22.99121        24.27853
       20.04021        26.02103
       23.02194        27.40424
       22.13449        29.11800
       21.57251        29.54293
       22.80796        32.27332
       18.93534        33.94027
       20.59502        34.96007
       22.38376        37.44781
       20.04645        37.60677
       28.68425        38.83466
       21.27793        41.33236
       27.01955        44.41491
       25.59367        52.88661
       18.99581        55.26182
       26.82126        40.76046
        7.41711        25.37928
       34.44919        -3.16705
        7.92298        13.78589
       15.39091        24.96299
       -4.99991        27.05688
       12.20591        22.31596
        6.67448        19.18947
       10.36151        10.01339
       12.80304        10.06787
        7.93094         9.58559
       11.80782        11.30132
        4.45537         5.81373
        9.17234         4.21552
        4.67442         3.96830
        3.14749         0.50987
        8.15615        -3.36191
        6.41513        -4.90208
        5.07912       -13.09162
        8.98422       -15.60760
        7.15603       -14.75011
        6.21041       -12.35712
        5.81329        -8.94945
        6.14225        -9.61237
       12.38412        -9.43018
       15.08856       -11.51206
       14.52209       -17.69659
        6.73771       -19.89001
        8.43631       -19.53895
       11.93914       -26.19446
       10.12053       -27.15350
        4.19689       -35.49280
       -4.29539       -32.06979
       -8.75666       -23.61729
       -9.90490       -17.55025
       -6.75252       -13.39160
       -7.21855       -13.23412
       -6.55489       -12.50186
       -3.68771       -15.25279
       -5.16872       -14.87891
      -11.40134        -9.86100
      -10.00330       -10.39314
      -10.25657       -11.01118
      -10.92547        -8.93592
       -8.97124       -11.81457
      -12.63207        -7.09427
       -5.89557        -7.51607
       -5.20435        -7.58230
       -5.71941       -11.24968
       -2.18878       -17.50938
        1.46739       -17.61437
        3.28087       -22.26554
        0.60425       -22.46803
        0.97023       -21.01507
       -2.73959       -23.92463
       -6.52612       -22.51238
       -3.72326       -34.28916
       -5.20497       -31.33080
       -3.87211       -43.07614
       -4.20804       -47.66603
      -14.01437       -64.07270
      -18.80818       -47.48824
      -17.92199       -53.72259
      -13.22738       -51.87230
      -36.18316       -51.92281
      -49.93139       -50.41260
      -52.10673       -47.08367
      -65.68797       -45.82322
      -72.21506       -45.02054
      -79.32978       -46.50094
     -106.00915       -49.52182
     -117.32925       -52.31708
     -127.77258       -52.32484
     -125.06802       -48.57665
     -126.89277       -48.40341
     -133.98973       -46.16350
     -135.82210       -41.32329
     -120.59098       -36.59892
     -123.23940       -36.46210
      -85.66506       -37.58755
      -72.56815       -50.58139
      -13.62346       -37.42976
       57.39417       -22.08893
       93.30335       -35.74967
      109.21874       -22.67389
      138.86421       -54.74101
      169.59318       -33.85647
      177.61636        -3.32096
      180.56433       -26.76470
      167.58133       -19.98782
      131.63864         3.58608
       97.82619       -10.13003
       97.27139       -25.20599
       84.11443       -20.32905
      104.70102       -19.69939
       36.97815         7.71449
       33.44812         7.53885
       62.84028        14.40167
       48.27422        11.15783
       69.58206        36.66757
       64.78996         4.80764
       25.58844        34.86561
       29.19386        42.78032
       18.36099        40.21725
       -1.93236        46.90087
        2.72029        37.05168
        3.73179        32.65223
        4.09181        35.51712
        5.69664        37.86098
       24.99755        35.10767
       22.08943        35.06096
       32.70268        25.84045
       11.41123        29.68732
       -3.62914        25.36555
       -5.89766        23.09369
        8.01351        17.17815
       12.78156        15.71258
        5.16666        12.52565
       -0.17218        13.38872
       -5.49474        23.07275
       -6.91923        28.39723
       -5.19169        26.66238
       -4.86233        24.36251
       -7.52905        26.26871
       -8.82224        25.06865
      -10.92602        26.23521
      -17.97961        25.48844
      -20.08483        25.35188
      -24.55941        24.16740
      -17.23389        23.77599
      -16.60688        22.37087
      -13.34885        24.96824
      -12.83688        25.09210
      -19.30999        25.26150
      -19.55417        22.15880
      -16.62500        21.29267
      -22.13384        20.26041
      -20.18348        20.63565
      -23.17701        21.84371
      -26.42384        22.25065
      -28.46194        23.30582
      -17.18193        24.09853
      -10.94655        21.15615
      -14.59193        19.99877
      -17.89200        20.46840
      -23.84151        18.45513
      -28.26616        13.77026
      -34.35464        11.18930
      -37.54969         8.63601
      -31.00359         7.33077
      -32.51357         6.19501
      -32.45570         8.85132
      -30.38267        12.11008
      -34.62423        11.78753
      -34.33001        10.59729
      -34.40150        10.04828
      -30.49285        11.22849
      -30.04560         9.76059
      -31.15958         8.30065
      -26.81148        12.66008
      -23.04971         8.15749
      -23.34295         4.06686
      -24.47219         6.82655
      -22.89365         7.58587
      -20.50924         6.44380
      -21.09696         6.17326
      -19.48522         5.85284
      -15.56264         4.49687
      -13.34689         2.18730
      -16.55356         2.71665
      -15.21372         1.88613
      -17.14707         0.90805
      -15.08225         3.65230
      -11.73312         3.49875
      -11.11127         3.51015
      -13.51497         2.00981
      -12.71750         2.93321
       -8.94721         2.46141
       -6.56029         1.81231
       -5.66128         1.71934
       -7.49754         0.47598
       -7.65859        -2.73555
       -9.71406         0.50985
       -6.66910         3.16544
       -5.90492         0.97203
       -4.42303         0.88051
        1.37596        -0.23187
        1.71287         2.27051
        8.23287         3.71671
       12.89665         2.60686
       11.79133         3.09178
       13.59675         7.67321
       20.95369         5.05599
       27.07544        -1.68033
       20.96722        -0.62761
       18.64711         1.33757
       22.68326         2.44692
       22.98053        -1.50253
       19.02658         0.28573
       17.04237         2.86878
       18.15081        -1.53989
       14.04849        -2.63121
       10.98749        -2.13647
        8.66920        -1.45721
        7.03746        -1.12294
        4.72568        -0.15650
        6.00024         1.28837
        4.81634         0.03560
        3.11649        -0.93365
        2.42316        -0.29059
        4.76739        -1.78757
        5.91444        -1.79066
        7.50023        -2.36596
        5.91536        -2.87540
        6.29538        -3.25292
        7.82365        -2.94500
       10.77254        -2.65393
       11.59430        -3.83205
        8.23753        -3.47965
        4.71696        -3.42788
        1.23066        -4.66281
       -1.49907        -4.19156
        1.13544        -5.56283
        2.28873        -6.39959
       -1.62386        -3.50289
        1.88621        -3.48219
        8.40039        -3.72391
        9.30195        -4.20498
        8.00882        -6.02460
        3.85519        -6.35717
        2.71572        -5.91169
        5.59933        -4.48751
        3.56835        -4.88067
        0.40828        -5.79663
        2.34947        -5.64327
        3.53919        -6.41120
        5.73477        -7.52633
        5.31641        -7.26961
        4.39473        -7.48957
        4.89491        -8.19653
        2.87533        -8.70640
        3.48478        -8.41106
        4.17628        -9.01962
        4.58990        -9.40239
        4.92243        -9.70978
        4.06342        -9.46012
        3.38292        -9.52977
        3.19408        -8.68790
        4.50558        -6.93729
        5.17901        -6.48464
        5.04390        -8.06944
        3.90029        -7.67015
        3.47465        -5.35510
        4.44478        -3.78412
        6.21336        -3.27916
        6.48609        -3.55984
        7.96792        -5.03158
        6.01052        -5.55706
        4.35152        -5.50337
        4.05700        -5.77888
        4.12016        -4.73957
        7.56880        -3.18634
        8.94529        -3.40864
        9.51977        -4.43902
        8.89617        -4.38340
        8.10793        -4.23982
        8.61932        -3.31956
        8.72690        -2.57970
       10.02758        -2.86751
        9.93906        -3.13631
       10.70168        -2.20947
       11.60776        -1.12804
       12.36189        -0.16097
       13.85880        -1.35410
       12.76510        -2.28838
       10.98080        -3.35982
       10.64402        -4.36100
        8.02457        -6.87867
        5.68874        -7.22913
        5.09868        -6.05248
        5.38556        -4.70362
        4.47754        -5.63158
        1.84854        -5.03618
        4.61068        -3.41770
        9.99456        -3.16659
       10.66417        -3.95720
        6.61581        -3.65138
        3.85966        -2.79186
        5.46615        -2.46214
        8.57985        -2.67714
        9.24890        -2.88965
       11.09169        -2.36500
       13.49822        -2.46188
       14.73511        -3.23702
       14.70668        -2.39763
       15.17361        -2.70603
       14.78499        -3.16616
       13.17205        -3.41165
       11.61375        -2.67662
       12.06497        -1.08301
       12.03247        -0.08057
       11.67075        -0.26848
       10.54741        -2.04453
        8.37359        -2.89183
        6.40331        -3.12262
        3.67945        -4.36559
        1.72165        -6.16205
       -1.84437        -6.65376
       -5.76704        -5.92068
       -4.51237        -4.18612
       -3.97376        -4.80349
       -5.59840        -6.06674
       -7.13922        -6.98924
       -7.34486        -5.52190
       -8.03244        -4.79043
       -7.54166        -6.87329
       -8.06314       -10.40871
       -6.57342       -15.40742
       -6.76165       -16.45612
       -3.13772       -20.20717
       -1.92263       -14.65277
       -2.11058       -14.64478
       -8.77365       -15.06522
       -8.49157       -19.38018
      -11.05789       -24.33283
      -10.46883       -30.75715
      -13.15639       -27.07798
      -12.95535       -19.86671
      -17.11559       -14.99527
      -17.47179       -10.54544
      -19.20418        -5.33254
      -20.11656        -1.57272
      -20.51820         1.71970
      -22.05980         4.84525
      -24.44345         8.45697
      -25.74896        10.76758
      -27.47140        11.46275
      -29.46017        10.85952
      -30.79432        12.12887
      -30.62047        13.63529
      -25.35874        13.37069
      -20.86456        11.81256
      -19.70546         8.75892
      -21.34217         7.33538
      -21.36095         9.10934
      -17.58162         8.99924
      -14.90677        10.62445
      -13.80696         9.21740
      -11.36372         9.23853
       -8.37254        10.08078
       -5.71468        10.19782
       -4.58213         8.10315
       -6.40136         7.62706
       -7.35878         9.03343
       -5.53216        10.40697
       -3.18257        11.13301
       -1.09940         9.45912
       -0.08213        10.39999
        2.71999        14.24467
        5.13729        13.39677
        5.18505        11.64022
        5.43050         9.92090
        5.24750         8.53977
        4.63325         7.20401
        4.68792         7.43858
        6.50275         6.94743
        7.83084         6.57744
        6.79446         6.89147
        5.42689         6.87136
        5.21527         7.91888
        6.01896         7.56612
        7.22365         6.18962
        6.21102         4.68958
        5.18606         3.92991
        4.74627         2.78026
        5.52074         2.80857
        5.17302         3.62883
        3.70457         3.60372
        3.20375         4.32798
        5.04468         3.80753
        6.02119         1.71010
        5.77008         0.29189
        7.74535         4.67968
        9.72185         7.05191
       12.69752         7.32272
       14.25952         5.49701
       16.06467         5.66539
       16.94892         6.67788
       18.85882         6.47804
       19.75004         6.81808
       18.87476         6.25896
       17.33235         6.81051
       15.66266         7.00232
       14.40539         6.10972
       12.61330         6.31985
       10.03595         7.28835
        8.44633         8.83918
        8.95316         9.46597
        8.91003         8.80179
        7.06109         8.31201
        5.65545         9.00701
        2.93831         9.24547
        0.18081         8.66178
       -1.43389         7.77486
       -2.92774         6.72597
       -5.47066         5.54617
       -7.31976         6.62858
       -7.16230         7.76244
       -6.47604         5.44500
       -8.84091         3.36039
      -13.02481         2.03216
      -17.96241         0.66744
      -21.39828        -0.19286
      -23.22521        -1.88517
      -22.22588        -2.43342
      -21.54458        -2.15226
      -20.70048        -3.10083
      -20.43369        -5.34643
      -19.77351        -6.82253
      -18.91121        -8.21132
      -18.16520        -9.88829
      -17.87122        -9.85933
      -16.43672       -10.52033
      -13.93339       -11.01973
       -8.04245        -9.81649
        0.59220        -7.93899
       10.85378        -6.37895
       17.74246        -5.58213
       20.72724        -6.32203
       21.55870        -7.20582
       22.92769        -7.35345
       24.06584        -8.58800
       24.07112        -8.70670
       23.62733        -8.90628
       27.44671        -8.98305
       22.86840        -6.85204
       24.32782        -4.22163
       23.97302        -5.11610
       20.16028        -4.65811
       22.55190        -1.95429
       23.53524        -2.03238
       29.92919        -0.14167
       31.80118         0.32728
       31.08644        -0.14957
       26.33816        -0.24534
       27.34586        -1.48094
       28.19234        -2.29981
       34.54391         1.38120
       43.21810        -2.97407
       48.67692        -4.56700
       48.00925        -6.52619
       40.84546        -7.73797
       27.03212        -7.53123
       26.91840        -3.94806
       19.22299         2.04300
        9.76930        11.76264
       -2.87667        16.38420
      -13.63701        13.17420
      -18.87537        15.54057
      -14.96660        17.35511
      -19.33496        19.73224
      -31.36168        25.56305
      -44.49147        29.84976
      -57.59131        34.45220
      -73.37075        34.53803
      -85.34191        32.75992
      -93.77864        29.51271
     -101.21143        24.92595
     -100.88455        22.25397
      -88.33209        20.22850
      -82.61439        17.45188
      -80.49469        14.67184
      -83.08473        12.81754
      -83.02463        14.99058
      -80.06166        14.88499
      -81.03647        13.85741
      -81.08206        19.12383
      -75.30305        16.35300
      -70.02303        21.28019
      -72.38150        17.41423
      -68.06642         8.76902
      -66.55155         9.13720
      -71.14877         1.70643
      -76.69002        -6.66789
      -73.58018       -14.56473
      -59.15311       -16.37594
      -26.97272       -12.87385
       -3.10282       -10.78736
       18.51227       -16.09995
       23.45641       -20.12674
       28.93352       -24.08890
       32.24596       -23.40673
       37.04672       -23.05914
       43.26514       -23.41168
       43.35770       -26.54417
       44.80056       -28.87598
       49.49484       -28.45816
       53.58469       -30.27407
       53.32865       -33.53852
       54.21415       -33.23639
       54.18897       -34.39511
       53.27930       -36.53307
       52.87086       -37.64800
       54.45976       -35.93813
       54.41880       -35.00481
       51.34136       -37.03948
       46.50669       -37.68124
       39.68990       -38.47040
       31.73680       -37.70883
       25.45548       -38.10450
       19.21758       -37.34206
       15.87818       -33.64960
       14.77068       -30.66711
       13.71449       -29.55201
       14.39505       -27.12871
       18.05774       -23.82137
       18.01867       -23.57098
       18.13989       -21.38521
       19.23057       -17.23926
       19.06552       -14.22687
       11.87400       -11.02736
        4.43263        -4.98459
        4.02279         0.95059
        0.91049         2.74499
       -0.80192         1.59378
       -1.87750        -0.07522
        0.80024        -1.13845
       14.33961        -1.07434
       23.81297        -1.86670
       32.91399        -0.45561
       38.86325         1.35943
       48.74555         8.08548
       59.07055        17.10500
       71.39563        28.09439
       74.70599        34.25122
       71.71591        37.49392
       63.90615        39.95941
       64.37914        39.35409
       64.48405        40.05838
       64.66948        38.68435
       64.35100        39.02312
       60.25236        40.23106
       57.40678        41.36191
       56.63930        41.23269
       60.28111        40.85647
       57.17281        38.30350
       50.32867        38.26119
       45.95587        36.65303
       41.38994        39.83998
       35.79602        38.56997
       29.15749        35.02290
       29.99671        31.75552
       27.62805        28.71173
       16.95966        22.48490
        6.12058        18.90240
       -0.57644         9.87235
      -13.45933         0.79760
      -20.35394        -7.19280
      -27.04279       -13.69823
      -30.53661       -22.49922
      -24.34412       -21.81414
      -28.54642       -19.61868
      -25.73010       -15.52505
      -28.36578       -15.59063
      -32.67250       -17.82814
      -37.03954       -20.46168
      -37.98102       -20.26060
      -45.26109       -16.66469
      -46.83140       -14.66790
      -48.03673       -12.08198
      -57.11191        -9.18039
      -79.41900       -16.69987
      -94.20884       -28.35055
     -100.43401       -44.14078
     -101.78123       -50.84653
     -102.51963       -59.77193
      -86.09809       -62.81930
      -61.98027       -57.82748
      -17.35481       -49.73149
      -13.80785       -37.58330
      -26.00655       -23.72566
      -39.25040       -21.76170
      -50.87678        -7.44922
      -50.57665         2.58264
      -39.25949        11.16485
      -32.22953        17.85703
       -7.67098        18.62530
       17.06855        20.02513
       33.79419        27.04354
       40.32735        27.47236
       40.13093        28.63167
       30.91919        29.74834
       27.22125        35.56345
       28.61303        34.76371
       32.80316        35.30169
       28.50087        34.86709
       28.79139        30.42925
       28.68433        31.99857
       27.14321        31.08947
       23.96494        28.28038
       20.89736        30.46072
       18.76250        27.20143
       21.18873        23.31438
       11.66747        17.48587
       10.93435        13.66496
        2.38286         7.42061
       -3.12643         3.47577
       -1.26185        12.19227
        3.38109        16.29586
        6.52959        14.56489
        9.10626        14.90427
       11.84952        13.48914
       17.16487        11.16448
       21.42394        10.40932
       23.59615         2.81910
       16.59804        -0.68197
       -0.28488        -8.41936
       -3.14213       -11.87733
       -2.28538       -14.43250
      -10.02706       -13.11442
      -23.97323       -15.13459
      -34.85525       -10.18227
      -36.81164        -8.24346
      -42.67856       -10.31654
      -42.58664        -6.88942
      -46.50310        -3.73704
      -47.67643        -7.67587
      -46.22927        -4.08154
      -37.85445        -4.93537
      -31.63593        -5.98455
      -28.65044        -7.16797
      -24.50051        -7.39832
      -23.64302       -12.62716
      -17.70657       -13.01131
       -9.54589       -13.89450
       -2.14585       -11.28012
        7.27287       -11.14050
       15.39973       -10.27840
       23.63779        -7.62101
       24.74682        -9.67487
       24.59140        -3.94890
       26.83540        -1.25113
       28.36683         0.35770
       29.62246         0.27689
       29.89493         1.72462
       23.66717         3.30737
       22.77660         9.22116
       25.47498         9.44781
       24.61507         6.44111
       24.28525         8.27718
       25.40418         8.34335
       26.20629         2.81268
       22.32301        -1.84820
       17.16221        -4.29848
       13.86716        -1.32421
       13.83420         1.99060
       16.37626         2.59416
       13.28900        -6.88994
        6.19331       -11.87921
       -3.25280        -9.72800
       -3.14376        -2.79952
       -2.10529        -1.22721
       -2.06300        -2.97373
       -7.26368        -6.62108
      -13.48163        -9.79548
      -24.62976       -14.79155
      -30.87874       -13.05687
      -31.57661       -12.12312
      -41.77191       -17.10076
      -47.96653       -18.41031
      -50.40234       -20.71403
      -56.40383       -25.96006
      -55.83080       -27.65779
      -61.08495       -37.10953
      -56.82439       -36.78003
      -53.49183       -38.00975
      -51.78279       -35.83408
      -54.57523       -24.53370
      -54.32510       -13.53714
      -49.60239        -4.14564
      -41.77336         1.71107
      -35.58496         5.75014
      -33.08274         9.39202
      -34.17720        13.20943
      -37.12630        15.14449
      -36.17826        17.83681
      -34.49571        19.21590
      -32.99555        17.06499
      -32.69505        17.85995
      -29.62520        17.65914
      -21.70360        19.79323
      -11.10292        20.07203
       -4.56037        16.69142
       -1.45270        13.42097
       -1.82429         9.31979
       -3.05685         9.97014
        0.42943        13.90026
        7.33574        15.66861
       12.31066        12.45416
       10.29042         6.15774
        8.29683         5.90136
        8.84380         7.62742
       13.42439         6.68591
       12.04089         1.73729
       13.55820         2.63131
       15.23255         0.77169
       13.24108        -1.94862
       14.51831         0.09192
       18.73666         0.75661
       21.34866        -0.94754
       21.82208        -1.82929
       21.81955        -0.40435
       22.91537        -0.24577
       23.21968        -0.09226
       23.90566        -1.97169
       23.59823        -1.74597
       23.13703        -2.17117
       24.70982        -0.29298
       27.53689        -0.31255
       27.35007        -2.35553
       25.67730        -2.38878
       25.51338        -3.38676
       24.65558        -2.05046
       25.02028        -1.76334
       24.34001        -0.82053
       23.42469        -1.86383
       23.19905        -0.01732
       24.29601         2.69474
       25.29733         3.97184
       28.42400         6.40379
       28.26897         4.41096
       30.00695         5.46830
       30.87476         2.72319
       27.97657        -0.72117
       25.42122        -2.08186
       22.40129        -4.64275
       17.85178        -3.97909
       16.30168        -2.60774
       15.89382        -1.97453
       16.02865        -0.97764
       15.24738         0.23345
       14.51834         0.86974
       15.22073         2.17395
       16.91441         2.03805
       17.96896         2.43993
       19.14574         2.77501
       19.41973         2.36372
       17.61300         1.84811
       16.07796         0.30339
       13.91271        -0.70048
       11.01172        -1.26536
        9.77551         0.40278
        9.65470         1.36560
        9.67298         2.45414
       11.50578         3.67242
       13.35989         3.23736
       12.39234         3.25862
       13.94097         3.18497
       12.25101         3.60522
       11.71260         1.92897
       12.65841         2.74250
       11.33539         2.31756
       11.12465         2.78096
        9.37930         3.67573
        8.86295         3.60353
        8.96312         4.10811
       11.81202         4.65686
       11.74755         7.07378
       11.79760         5.44715
       11.25408         5.94279
       10.50767         4.45619
        6.98002         3.97700
        2.44286         1.96685
        2.43033         2.70526
       -0.10588         3.26012
       -0.93055         4.36079
        1.11910         4.77883
        4.64271         2.90680
       -0.92621         2.88128
        0.82916         1.93075
       -3.01959         0.88707
       -6.72851         0.89414
       -6.31456         3.46486
       -8.00723         0.81153
       -6.39765         0.42676
       -8.12158        -1.68051
       -9.23292        -0.67194
       -8.92450        -2.68116
      -10.68983        -2.87906
       -9.95202        -4.04514
      -13.28773        -1.41218
      -11.16545        -1.62010
       -8.37206        -1.66633
       -5.83241        -3.45412
       -8.24638        -3.81230
       -5.34502        -1.05985
       -3.97409        -0.57987
       -0.96583        -0.90872
       -2.77930        -1.38557
       -0.96633        -2.97728
       -0.13532        -1.69953
        1.26103        -2.33282
        0.50550        -2.58849
        0.62782        -4.32703
       -1.28119        -2.73198
       -0.16113        -1.25481
        0.84959        -2.40472
       -2.72016        -5.11849
       -2.07586        -0.38998
       -2.52050        -1.56376
       -1.95252        -0.69051
       -0.17511         0.07576
        1.95133         0.51146
        2.95975         2.37313
        3.40468        -0.11529
        2.41660        -0.85494
        3.37457        -0.56983
        5.09067         0.68840
        6.83656         2.35137
        9.08042         1.44979
        6.94676        -1.45669
        3.04365        -0.95173
        3.39327         4.10419
        1.82363         1.62020
       -1.50026        -0.36407
       -6.09841        -0.54444
      -10.36677         5.02884
       -9.44862         6.58211
      -10.07761         3.40055
      -12.28876         7.85306
      -12.33075         6.23081
      -11.67043         6.11918
      -11.38185         4.17704
      -12.11651         3.07011
      -13.14926         3.41940
      -14.42251        -1.26654
      -23.07547        -0.17682
      -23.10224         6.25386
      -16.78266         8.69646
      -15.75982         5.24918
      -15.87080         2.14588
      -15.74042         2.25040
      -13.81913         4.22151
      -10.50744         1.84861
       -9.03604        -1.26180
      -10.44550        -2.62748
      -12.03382        -3.61755
      -13.67308        -1.76117
      -16.80982        -1.32984
      -17.75505        -1.42523
      -19.19066         0.95455
      -16.04841         0.18972
      -16.16345         1.86840
      -13.52485         0.67496
      -13.79070         0.87421
      -13.55459         1.46816
      -10.44829         1.52198
      -10.44849         0.34899
       -8.03798        -2.05842
       -8.28946        -8.19878
      -13.30533       -10.04339
      -12.57181       -12.04212
      -15.17099       -10.68934
      -15.34576       -10.22872
      -14.58732        -9.85179
      -12.47153        -9.15440
       -8.73161        -9.47673
       -7.44227        -8.95681
       -6.82786        -6.50253
       -5.28777        -5.44859
       -6.84388        -4.58164
       -7.51145        -1.84028
       -4.00968         0.42522
       -0.49454         2.27181
        0.75674         1.58967
       -0.00865         1.42968
        1.32379        -0.12827
        1.03835        -1.66449
        0.49073        -3.21319
       -0.07687        -5.62413
       -1.70934        -5.41540
       -0.30422        -5.37892
        0.91910        -7.86580
       -1.01628        -7.70759
       -2.32279        -8.28612
       -0.94724        -7.08720
        0.44579        -6.97053
        0.38185        -5.98111
       -0.03532        -6.64274
        1.83724        -6.62455
        3.00687        -3.91592
        6.97657        -3.41415
        6.44643        -3.61329
        5.84796        -7.69221
        3.97428        -8.06832
        0.91292        -8.93663
       -0.83784        -8.72366
       -2.48303        -7.06998
       -1.60501        -5.84630
       -1.04695        -4.27105
       -0.71040        -3.67566
       -0.57033        -3.71523
       -0.72286        -2.36177
       -0.23440        -0.53693
       -0.09379         0.48871
       -1.04821         0.24217
       -0.98745         2.69948
       -1.20177         2.96144
        0.37882         2.74018
        1.46989         1.93200
        1.20375         2.17781
        0.91063         1.37251
        0.49064         0.48570
       -4.20206         1.03800
       -5.03179        -0.73820
       -5.58087        -1.38014
       -6.49990        -1.37784
       -7.92353        -1.40590
       -6.97844        -1.22021
       -6.74891        -0.32689
       -4.94300         0.60866
       -4.01065         1.33349
       -5.99513         1.48629
       -4.17145         0.48398
       -3.49929         1.46638
       -3.10912         3.02422
       -1.84410         3.45554
       -0.51692         4.94596
        0.77431         3.72824
        0.85939         4.54395
        2.45837         5.06376
        3.89619         3.87374
        3.31933         4.37451
        4.42221         5.45115
        3.92808         5.99136
        5.44011         5.41102
        6.20155         5.82640
        4.69538         6.18067
        5.75155         5.63473
        6.08647         5.59880
        5.50091         5.42715
        7.21945         5.67127
        7.08129         6.32916
        9.06732         5.85320
        8.89605         6.81752
        9.52354         6.03100
       10.38279         5.64629
       11.56054         3.52652
        9.06089         3.28412
        8.24472         2.28749
        8.73093         2.41201
        8.45896         0.92744
        7.03658         1.03740
        7.14266         0.94275
        7.80873         0.32480
        7.41800         0.13453
        5.54027        -0.68321
        5.62192         0.11426
        4.90266        -1.24276
        4.07539        -0.94535
        5.53849        -1.98563
        6.27782        -3.01342
        7.93714        -1.99450
        7.67018        -3.20988
        8.20679        -2.55236
        9.03950        -3.01124
        7.30698        -3.13452
        8.28371        -2.04895
        7.94282        -1.83362
        8.49218        -2.14133
        8.18179        -1.57406
        8.46237        -1.11860
        9.07889        -0.26054
        8.68914         0.01850
        9.56810        -0.00302
        9.08708         0.56669
        8.62889         0.82949
        9.38099         2.26464
        8.27849         2.03110
        7.72608         1.53411
        6.59817         2.16391
        7.14493         1.34030
        5.93627         1.86796
        6.39995         1.06643
        5.78521         0.49056
        5.96067         0.29748
        5.37494         0.18833
        5.01997        -0.81562
        3.91113         0.04953
        2.75915        -0.49843
        1.98189        -0.59713
        1.27468        -1.51275
        1.40935        -2.59157
       -0.41160        -3.08781
       -0.76668        -3.14840
       -1.25508        -2.44505
       -1.06292        -1.24775
       -0.19453        -0.74555
       -0.30622        -0.27151
        0.65076        -0.49528
        0.90833         0.34444
        1.43227         1.31870
        1.82295         1.81909
        2.40089         2.34993
        0.49957         4.16047
       -1.97962         4.95242
       -2.35061         6.76690
       -2.55597         9.82998
        0.56595         8.50024
        3.87235         8.04466
        4.52789         6.87255
        7.24656         6.50864
        8.08715         4.99225
        6.31037         4.63496
        6.40623         3.72909
        6.99422         5.03915
        4.36725         4.66321
        1.93452         6.57594
        0.35142         7.81727
        2.93454         8.21391
        2.80176         6.08361
        1.91936         3.76365
        4.13670         1.81496
        3.43027         0.99045
        1.13598         1.83374
        1.23926         1.15238
        0.15236        -0.41340
       -1.81346        -1.21411
       -2.65706        -0.88320
       -2.13579        -1.38012
       -4.22453        -0.86177
       -4.07330        -1.25054
       -1.91307        -1.41798
       -1.08260        -2.21565
       -2.09332        -1.59771
       -2.16315        -0.90095
       -0.90294         0.57606
        0.53287        -0.92911
       -0.44189        -1.79034
       -1.98496        -2.16427
       -1.34843        -1.52999
       -2.34571        -0.45076
       -3.52817         0.51269
       -3.02274         0.47231
        0.05019        -1.02095
        2.21025        -0.82463
        1.93192         0.12675
        3.48340        -0.78130
        2.22977        -1.36229
        0.93666         0.19899
        2.81162        -0.54298
        3.47784         0.10787
        1.65414         0.74029
        1.95361         3.75069
       -0.95476         8.77693
       -5.47949         9.26458
       -2.42710         9.55247
       -4.63449        10.34600
       -0.00015         8.07245
        0.62303         2.74238
        1.45887         1.17960
        2.85383        -0.25715
        0.55009         0.56243
       -0.75810         0.66835
       -2.76837         0.57098
       -2.20689         0.89603
       -4.16920         0.01926
       -5.91567         0.30580
       -7.52032         0.27652
       -7.08461         1.53330
       -6.37124         2.48515
       -6.19175         1.63092
       -6.50713         2.13767
       -7.70051         1.17416
       -7.22933         1.59316
       -7.34458         1.34159
       -7.47479         1.55435
       -7.52618         1.59775
       -7.68430         0.83156
       -7.17786         0.21139
       -7.07884         0.49688
       -5.81090        -0.28318
       -7.77825        -0.27132
       -7.60850        -0.95521
       -8.34782        -1.14330
       -7.34491        -3.40968
       -8.34112        -2.90063
       -7.49567        -4.09669
       -6.63153        -3.85522
       -4.98690        -3.90450
       -3.53593        -4.67202
       -3.60362        -3.46472
       -4.45188        -3.73383
       -5.02874        -4.13839
       -4.37571        -3.91362
       -4.95965        -3.14377
       -3.69381        -2.94155
       -3.43724        -2.82142
       -4.90113        -1.40416
       -5.68625        -2.28641
       -7.38883        -2.78792
       -8.12103        -2.12861
       -8.95790        -2.45553
       -7.94902        -3.01304
       -6.34729        -3.83912
       -6.12713        -2.78640
       -5.84247        -3.31050
       -5.91447        -3.94204
       -6.18531        -3.62833
       -5.15512        -4.42860
       -5.24528        -3.80002
       -5.30439        -3.90436
       -5.14868        -4.30175
       -6.11875        -3.11178
       -6.57878        -2.50319
       -4.85933        -3.19033
       -4.37675        -1.96039
       -4.39653        -1.97662
       -3.34519        -2.30977
       -2.97085        -1.97458
        0.06189        -2.92938
        1.26964        -3.87814
        1.74305        -2.66260
       -0.08139        -4.96832
        1.34672        -5.01355
       -0.06360        -4.80797
        1.33262        -5.39382
       -0.87466        -3.89786
       -0.59264        -4.37511
       -0.08633        -5.38373
        0.62149        -6.57248
        1.58101        -6.54923
        0.54796        -6.18171
       -0.41679        -5.79054
        0.31603        -6.88859
        1.15050        -5.78234
        1.96847        -5.48735
        2.39750        -5.53655
        1.82925        -4.53425
        2.74653        -4.91311
        2.48739        -5.03171
        2.71191        -4.63743
        0.79761        -4.05960
        2.11807        -4.74214
        1.63512        -5.40966
        2.31148        -6.33519
        1.93539        -7.34495
        1.99394        -7.73693
        0.44280        -8.17093
        1.01532        -8.09485
        0.73210        -8.10503
        1.06891        -8.59213
        2.44845        -6.39945
       -0.06643        -4.94286
        0.98964        -4.10746
        2.47892        -2.70750
       -2.00572        -2.00529
        0.93449        -3.33895
        0.61172        -3.23486
        0.43920        -3.47615
        1.33727        -3.18093
        0.34296        -2.44532
        1.37015        -1.39893
        0.56512        -1.10971
        0.56633        -0.27666
        0.78714         1.21314
       -0.83447         1.92482
       -0.00879         1.57326
        1.24123         0.48506
        1.61254         0.77486
        1.35152         0.14726
        1.46507        -0.02531
        0.91756         0.27439
        1.16357         1.04183
        1.38641         1.62101
        1.66924         2.52623
        2.28801         2.06693
        2.43795         1.54739
        1.83816         1.73051
        3.74754         0.91386
        3.77011         0.92905
        3.68518         0.68117
        5.17181         0.03710
        3.73307         0.86191
        6.15138         1.07955
       -1.29577         0.59596
        3.29336        -0.40707
        3.62991         0.77104
        5.98825         1.80605
        4.53119         2.88288
        5.30772         5.02985
        4.28196         5.96040
        4.52581         5.89890
        5.37312         5.12018
        4.24342         4.96228
        3.60523         4.42007
        2.65052         4.29786
        2.52287         4.97161
        1.61632         5.74762
        1.00092         5.96383
        1.79449         5.72598
        1.06366         4.91887
        0.38262         5.30351
        0.54019         5.81310
        0.32674         6.36896
        0.81685         5.45092
        0.69873         5.39425
        0.97460         5.30039
        1.05053         5.11207
        1.06550         4.91727
        1.27056         4.76404
        1.44081         4.80388
        0.29201         4.74461
        0.78203         5.39450
       -0.02195         5.00986
       -0.28667         4.66857
       -1.13932         4.92166
       -0.86035         4.82856
       -1.60029         4.49043
       -1.90374         4.38309
       -1.75631         4.23075
       -0.81896         3.67446
       -0.51532         3.95189
        0.15832         3.45044
        0.97346         3.59182
        0.92670         3.88626
        0.43878         3.26067
        0.74515         2.88743
        0.44672         2.79791
       -0.08182         2.94582
        0.56752         3.34734
        0.73680         2.49672
        0.31164         3.20585
        0.72044         3.59478
        0.53462         3.89257
        0.34298         3.77576
        0.93123         4.17444
        0.82263         3.97199
        0.33182         3.91741
        0.81214         3.35091
        0.81007         3.12765
        0.57637         3.54845
        1.02708         2.86764
        0.71762         2.42221
        0.38892         2.70168
        0.11394         3.05647
       -0.11189         2.88933
        0.36335         2.96823
        0.80010         3.09628
        0.61051         2.68323
        1.13845         2.56796
        1.67635         2.77644
        1.89764         2.85690
        1.74723         3.09322
        2.34480         2.27192
        2.70098         2.33238
        3.57946         2.03961
        3.49723         1.99852
        3.58785         1.45565
        2.87163         1.54236
        3.45560         1.33530
        2.63516         1.65275
        2.32428         1.82021
        2.55568         1.81522
        2.72648         1.58990
        2.03882         1.78667
        2.31747         1.18290
        2.66064         0.82719
        3.11095         0.70083
        2.95620         0.88770
        3.28436         0.82944
        3.16054         0.62760
        2.49578         0.50269
        2.95338         0.19506
        3.01702         0.09003
        3.02556         0.19088
        2.86712         0.52484
        2.07327         0.80546
        2.26880         0.94850
        1.99249         0.86431
        2.22080         0.56455
        1.46722         0.15839
        3.01032        -0.21401
        4.05766        -1.00232
        3.97619        -1.90481
        3.42021        -2.63406
        3.42708        -2.72087
        4.22282        -3.48042
        4.67713        -3.55655
        2.76898        -1.83710
        3.04439        -2.53412
        1.48853        -2.38958
        1.56640        -1.82586
        0.66504        -0.20367
       -0.93041        -1.05811
        0.88829        -4.19682
        1.39833        -4.13739
        1.80308        -4.16265
        1.00044        -4.18540
       -0.91532        -3.59434
       -1.56148        -2.63280
       -1.30644        -1.98555
       -1.66024        -0.91183
       -2.66688        -0.80393
       -1.62616        -2.64521
       -0.94789        -3.45176
       -1.20968        -3.74999
       -1.05815        -3.52428
       -1.67059        -3.29175
       -1.91645        -2.73326
       -2.18260        -2.01896
       -2.98794        -2.50741
       -3.03098        -2.28089
       -1.57174        -3.46667
        0.00793        -4.16309
       -0.51156        -3.75857
       -1.27918        -3.57361
       -3.07302        -2.34485
       -3.42425        -2.34631
       -2.71409        -1.45074
       -1.99918        -0.95063
       -3.37397        -1.65730
       -2.08641        -2.37855
       -1.70624        -3.36920
        0.77260        -3.10936
       -1.22554        -2.44919
       -1.48476        -2.06073
       -1.69516        -1.90570
       -2.29246        -1.18053
       -1.77098        -2.35937
       -2.46007        -2.18728
       -2.43160        -1.86483
       -1.63990        -2.50457
       -2.22455        -3.00373
       -2.37389        -2.50828
       -2.43406        -2.46012
       -2.87617        -1.99029
       -2.92599        -1.49421
       -2.87066        -1.23569
       -3.29920        -1.29525
       -4.23037        -0.94777
       -3.21595        -1.39154
       -3.64287        -0.65527
       -4.12076        -0.68246
       -3.27004        -0.69887
       -2.76673        -0.63385
       -2.87354        -0.26703
       -3.32605         0.42798
       -4.26879        -0.27163
       -4.23616        -0.92455
       -3.85053        -0.85553
       -3.33243        -1.99194
       -3.35985        -1.99407
       -3.57687        -2.04101
       -3.46389        -1.46727
       -3.04191        -1.51945
       -2.74264        -1.61144
       -1.94927        -1.01656
       -1.86052        -0.73829
       -2.10660        -0.66400
       -2.36490        -0.28279
       -2.04092        -0.20951
       -2.51967        -0.34961
       -2.13184        -0.50617
       -2.55345        -1.34945
       -2.24557        -1.93558
       -1.91828        -1.80949
       -1.46789        -1.79318
       -1.64805        -0.88320
       -2.23303        -0.67168
       -2.37848        -0.56787
       -2.49113        -0.48864
       -3.20601        -0.03328
       -2.14807        -0.07389
       -1.85679        -0.92533
       -1.83936        -1.08272
       -1.48975        -0.53861
       -0.93374        -1.37150
       -1.22165        -0.75564
       -1.42939        -0.76337
       -1.37538        -0.58152
       -2.08996         0.32942
       -2.21284         0.29190
       -2.13590        -0.44814
       -1.19669        -0.86711
       -1.34360        -0.29167
       -0.38306        -1.09497
       -0.77023        -0.77120
       -2.59448         0.59977
       -3.37951         0.55900
       -2.37923        -0.21502
       -0.56480        -1.14583
       -1.09202        -1.54106
       -0.42041        -1.93547
       -1.71618        -2.00367
       -0.04484        -3.80187
        2.30263        -3.36632
        1.77812        -0.78008
       -0.88208        -0.23810
       -0.19414        -1.93400
        1.71298        -1.94993
        2.11097        -1.80083
        2.33232        -2.09513
        3.09877        -2.29246
        3.59498        -1.70627
        2.21908        -1.12647
        1.47779         0.95181
       -0.19617         1.70061
       -0.95656         1.06510
        0.75909        -0.99507
        0.82875        -1.08183
        0.11129        -1.13907
       -0.19015        -1.49762
       -0.66674        -1.63140
       -0.58974        -1.45067
       -0.03578        -1.61630
       -0.58529        -1.67862
       -1.39887        -1.49901
       -1.47447        -1.59559
       -0.89098        -1.33993
       -1.38637        -1.08780
        0.26139        -2.10371
        0.40445        -0.25531
       -0.93060         2.74916
       -2.06873         3.83609
       -2.56720         3.17028
       -1.30503         1.60002
        0.49776         1.04304
        0.94831         0.51462
       -0.04608        -0.16434
       -0.83041        -0.01943
       -0.21940        -0.49214
        0.67232        -0.72265
        0.19879         0.43814
       -0.22693         0.68591
       -0.08275         0.59163
       -1.11371         1.69917
       -0.69188         1.76531
       -0.89363         1.84535
       -1.43764         1.41083
       -1.04267         0.74513
       -0.80443         0.93690
       -0.06772         0.44518
        0.55357         0.49268
        0.85999         0.52981
        1.27981         0.20693
        0.96189         0.29856
        2.09827        -0.02129
        1.90865         0.93929
        1.72223         1.04289
        1.90665         0.63626
        1.37706         1.15097
        1.50432         2.12103
        2.09584         2.19091
        1.98931         2.56283
        2.00944         2.82197
        2.45780         2.65022
        2.26343         3.32872
        1.60242         2.46598
        1.67133         2.18428
        2.81581         2.08176
        2.79355         2.21200
        2.44710         2.82086
        1.98169         3.27814
        2.30433         3.63891
        2.30901         3.67253
        2.68962         3.70403
        3.08972         3.43651
        3.09651         3.51392
        4.14098         3.26876
        4.70845         3.37108
        3.89893         3.67025
        3.51529         3.26028
        4.17177         1.83225
        4.45737         1.62268
        4.11657         2.04801
        3.02039         1.97712
        1.43676         2.02287
        0.42742         1.67324
        1.44890         1.27172
        2.50794         1.55592
        4.31668         2.77358
        4.67774         5.02578
        3.97702         6.09076
        3.22830         6.43434
        2.30535         5.32048
        2.88659         2.93504
        2.63467         1.29996
        2.46290         0.48217
        2.12261         1.19855
        2.01324         3.42913
        1.33606         5.57380
       -1.64410         5.39510
       -2.07482         2.75889
       -3.15043         0.43011
       -3.37884        -0.82967
       -4.51524        -1.15991
       -6.32343        -0.44032
       -6.93146        -0.17753
       -7.72033         0.03109
       -7.10031         0.70181
       -5.57440        -0.31544
       -3.82224        -1.70998
       -2.04850        -1.61146
       -0.88904        -0.83685
       -1.20605         0.35871
       -2.41293         1.21187
       -2.46013         0.93690
       -1.88035        -0.78447
       -0.77329        -2.84345
       -0.92767        -2.23266
       -1.64156        -1.50991
       -3.08326        -1.17840
       -3.23044        -1.93910
       -2.59445        -2.47161
       -2.79176        -1.25193
       -2.43845        -0.59341
       -0.26702        -1.33369
        0.17708        -2.04376
       -0.15142        -2.28460
        1.16645        -2.11273
        2.08436        -0.69917
        3.97931        -0.03312
        4.68687         0.23840
        3.68645        -0.04944
        2.98148        -1.01756
        1.80514        -1.79197
        1.75808        -2.54238
        1.78093        -2.83190
        1.56966        -1.87452
        0.58600        -0.85879
        0.18261        -0.18020
        0.70714         0.68188
        0.99445         0.70145
        2.00773        -1.00615
        3.50116        -1.47621
        4.65470        -0.59541
        6.17701        -0.15465
        6.16643        -0.03080
        6.50711        -0.63264
        5.64423        -0.28237
        5.03128        -0.36346
        5.01351        -0.20286
        5.15181        -0.04861
        5.11939         0.27456
        5.03874         0.05078
        5.35040        -0.24739
        5.37528         0.09321
        5.75648        -0.15131
        5.80578        -0.80163
        5.76925        -1.29604
        5.38959        -1.02127
        4.91259        -0.94941
        5.26655        -1.01840
        4.82088        -0.71764
        4.15370        -0.45823
        4.58961        -0.24622
        5.13668        -1.09165
        4.28033        -1.16368
        4.24350        -0.90667
        4.64345        -0.70400
        4.62040        -1.21935
        3.68559        -0.61788
        3.38471         0.06341
        3.38328         0.42119
        3.63092         0.41580
        3.36160         0.13837
        2.45334         0.14596
        2.31949         0.03824
        3.05040        -0.58675
        3.03016        -0.57388
        2.76660        -0.53015
        2.88453        -0.36868
        2.61391        -1.00622
        2.14950        -0.75534
        1.74220        -1.06654
        1.71336        -0.70982
        2.10410        -0.65382
        1.17040        -0.25312
        1.27974        -0.50548
        1.12427        -0.60070
        0.31959        -0.10970
       -0.26107         0.41595
        0.75967        -0.26877
        1.74052        -0.84206
        1.31054        -0.58229
        0.87144        -0.13580
        0.62352         0.08177
       -0.08799         0.34605
       -1.01086         0.95401
       -1.22336         0.34366
       -2.31824         0.21541
       -3.45266         0.43690
       -3.76392         0.47108
       -4.06895         0.17238
       -3.57293         0.06123
       -3.33385        -0.54715
       -3.18519        -0.56492
       -4.30444         0.30072
       -2.85393        -0.37027
       -4.00001        -0.98757
       -4.78606        -0.97716
       -3.46114        -0.83476
       -2.23713        -0.85323
       -2.35272        -0.61120
       -3.25754        -0.38574
       -3.26236         0.25423
       -3.70668        -0.40944
       -4.16881        -1.38467
       -4.90040        -1.26566
       -5.30913        -1.52771
       -6.36321        -1.34449
       -8.17001        -1.58890
       -8.68532        -1.18626
       -8.51104        -1.67841
       -8.15173        -2.08352
       -8.85208        -1.57010
       -9.55504        -1.24577
      -10.58077        -0.30909
      -11.24988         0.42253
      -12.32362         0.78150
      -12.59061         2.20495
      -12.23007         3.02508
      -11.49715         3.79416
       -9.85221         4.35467
       -8.78378         4.09702
       -7.95473         3.92755
       -7.25434         3.53141
       -6.06711         3.56096
       -4.43705         3.17893
       -3.63139         2.90154
       -3.21032         1.59241
       -3.95979         1.04768
       -3.57181         0.42129
       -3.89238         0.08573
       -4.58242        -0.29655
       -5.43220        -0.50173
       -5.47197        -0.82763
       -5.24237        -0.93799
       -5.85058        -1.22050
       -6.16644        -0.87133
       -6.29270        -1.10728
       -5.94475        -0.52587
       -4.89968        -0.32275
       -4.07635         0.04684
       -3.51028        -0.11407
       -3.61163         0.01282
       -3.62654        -0.20454
       -3.26157        -0.11308
       -2.66690        -0.11683
       -2.49854        -0.27905
       -1.96398        -0.58294
       -1.87879        -0.99592
       -1.75420        -1.39386
       -1.89043        -1.72929
       -2.07897        -2.10017
       -2.42317        -2.32597
       -2.59851        -2.84641
       -2.69623        -2.91702
       -2.95787        -3.23066
       -3.34609        -3.20592
       -3.51185        -3.23432
       -3.65903        -3.13988
       -3.86569        -2.98366
       -4.03525        -2.67222
       -3.84622        -2.14977
       -3.72622        -1.84720
       -3.27045        -1.32966
       -3.01731        -0.93860
       -2.46856        -0.60659
       -1.95947        -0.29628
       -1.42911         0.11803
       -0.80096         0.13460
       -0.32164         0.24125
        0.28020         0.31786
        0.92535         0.14820
        1.01095        -0.11810
        1.10740        -0.30443
        1.16355        -0.11176
        1.37892        -0.19995
        1.47388        -0.29474
        1.71851        -0.35286
        2.04577        -0.20093
        2.48495        -0.11545
        2.70169        -0.08943
        2.95555        -0.21112
        3.00294        -0.19765
        3.22603        -0.31184
        3.27478        -0.27410
        3.49474        -0.38614
        3.51190        -0.43562
        3.69119        -0.45913
        3.92701        -0.52043
        4.14946        -0.56341
        4.26994        -0.54399
        4.58335        -0.68316
        4.62696        -0.64641
        4.84554        -0.71402
        4.85905        -0.65828
        5.00173        -0.74374
        5.02518        -0.73262
        5.15739        -0.78276
        5.12773        -0.66502
        5.23728        -0.66276
        5.22539        -0.57880
        5.49335        -0.61978
        5.52413        -0.54898
        5.74323        -0.56692
        5.77462        -0.50457
        5.92763        -0.50422
        5.91250        -0.38594
        6.06580        -0.39309
        6.06770        -0.31728
        6.20191        -0.31615
        6.18869        -0.24656
        6.35730        -0.25273
        6.32273        -0.19193
        6.46561        -0.21590
        6.42089        -0.14201
        6.53416        -0.15829
        6.47585        -0.07903
        6.57502        -0.11014
        6.51296        -0.04768
        6.55951        -0.06251
        6.46924         0.00422
        6.54000        -0.02447
        6.41986         0.03416
        6.47533         0.02104
        6.32955         0.09448
        6.37264         0.07691
        6.22951         0.15727
        6.25058         0.14966
        6.11413         0.21041
        6.11366         0.21021
        5.95782         0.26952
        5.96101         0.26650
        5.78247         0.33702
        5.78365         0.32382
        5.58580         0.39845
        5.54370         0.38794
        5.37003         0.46571
        5.32273         0.44747
        5.11765         0.51044
        5.07854         0.49700
        4.86869         0.55595
        4.80586         0.53970
        4.57429         0.60189
        4.53180         0.58089
        4.29405         0.64835
        4.22460         0.61690
        3.98918         0.67309
        3.89955         0.64184
        3.66060         0.70642
        3.57752         0.67156
        3.33017         0.73099
        3.23578         0.68950
        2.96916         0.73282
        2.88225         0.69532
        2.61408         0.74192
        2.51585         0.70017
        2.22808         0.74335
        2.13543         0.70836
        1.86163         0.74856
        1.75075         0.71056
        1.47735         0.74031
        1.37714         0.69897
