     5.140
     5.029
     4.998
     4.863
     4.809
     4.657
     4.581
     4.431
     4.349
     4.155
     4.064
     3.870
     3.712
     3.450
     3.310
     2.974
     2.760
     2.471
     2.182
     1.769
     1.556
     1.053
     0.743
     0.448
     0.357
    -0.020
    -0.196
    -0.499
    -0.898
    -1.271
    -1.474
    -1.799
    -2.267
    -2.904
    -3.405
    -3.972
    -4.607
    -5.082
    -5.089
    -5.633
    -5.518
    -5.717
    -6.180
    -6.316
    -7.167
    -7.410
    -7.842
    -8.029
    -7.974
    -8.904
    -9.449
    -9.849
   -10.151
   -10.349
   -10.655
   -11.260
   -11.864
   -12.045
   -12.758
   -13.015
   -12.937
   -12.647
   -12.752
   -13.049
   -12.349
   -11.473
   -10.172
   -10.533
    -7.692
    -6.088
    -3.615
    -1.994
    -1.331
     0.260
     1.897
     2.565
     2.483
     2.723
     4.962
     4.279
     5.296
     5.610
     5.717
     6.925
     8.218
     7.773
     9.381
     8.723
     9.282
     8.478
     8.684
     9.877
    10.012
    10.568
    10.478
    10.404
     8.921
     8.343
     8.471
     7.613
     6.771
     6.740
     4.919
     4.662
     3.630
     2.839
     2.762
     2.722
     2.500
     2.443
     2.254
     2.463
     2.469
     2.355
     2.213
     2.083
     1.837
     0.879
     0.888
     0.372
     0.326
     0.153
    -0.892
    -1.102
    -1.036
    -1.352
    -1.468
    -0.936
    -0.546
    -0.685
    -1.631
    -2.107
    -1.936
    -2.312
    -2.562
    -3.083
    -3.021
    -2.350
    -3.600
    -3.137
    -3.353
    -4.414
    -3.894
    -3.991
    -2.648
    -1.694
    -2.243
    -2.685
    -2.569
    -3.339
    -1.709
    -2.178
    -1.602
    -1.767
    -1.138
    -1.046
    -2.049
    -2.220
    -1.108
    -1.667
    -3.889
    -3.168
    -0.992
    -0.593
     0.167
     2.495
     2.357
     2.443
     3.157
     3.222
     3.578
     4.161
     3.658
     3.477
     3.585
     3.739
     2.861
     4.233
     5.404
     3.092
     5.116
     5.288
     2.889
     2.330
     2.598
     4.669
     3.054
     2.341
     2.426
     3.845
     3.308
     1.556
     0.030
    -0.209
    -1.687
    -0.601
    -0.286
     0.957
     1.095
     1.317
     1.737
     0.855
    -0.050
    -2.795
    -5.240
    -5.253
    -4.482
    -1.590
    -1.492
    -1.960
    -1.936
    -3.355
    -4.648
    -7.344
    -7.646
    -6.863
    -7.359
    -7.155
    -8.607
    -7.393
    -9.380
    -7.215
    -5.840
    -6.753
    -7.432
    -7.093
    -5.463
    -5.216
    -3.517
    -1.928
    -0.328
    -0.004
     0.992
     3.605
     6.322
     6.733
     7.879
     9.656
     9.559
     8.010
     8.599
     7.898
     7.546
     6.247
     5.168
     3.060
     2.773
     1.131
     2.671
     2.745
     3.128
     1.150
     3.597
     3.299
    -2.006
    -0.489
     0.214
    -0.396
    -0.425
    -1.226
    -0.496
    -1.784
    -2.037
    -3.227
    -3.205
    -1.990
    -3.836
    -2.337
    -2.152
    -1.569
    -0.898
    -1.713
    -0.986
    -0.078
    -1.082
    -0.709
    -2.493
    -2.810
    -1.833
    -0.486
    -1.064
    -1.337
    -1.653
    -2.878
    -3.810
    -3.587
    -2.826
    -2.790
    -2.667
    -2.523
    -2.258
    -1.523
    -1.559
    -1.687
    -1.842
    -2.540
    -1.754
    -1.385
    -1.639
    -2.418
    -1.267
    -0.445
    -0.525
     0.699
     0.985
     1.387
     1.210
     1.193
     1.260
     1.372
     1.188
     1.795
     1.668
     1.619
     0.885
     2.757
     2.847
     2.390
     2.332
     3.155
     5.150
     5.192
     3.396
     4.711
     4.576
     3.728
     5.005
     5.735
     5.020
     3.964
     4.032
     3.120
     3.355
     2.548
     2.410
     1.310
     1.359
     3.183
     2.443
     1.743
     2.837
     2.759
     3.182
     3.374
     4.072
     3.110
     3.098
     1.638
     1.010
     0.666
    -0.564
     0.215
    -1.495
    -0.561
    -0.261
    -1.069
    -0.976
    -2.021
    -2.188
    -3.270
    -3.153
    -3.975
    -2.798
    -3.405
    -2.140
    -3.930
    -3.812
    -3.336
    -2.118
    -0.982
    -1.259
    -0.098
    -0.064
     0.217
     0.251
     0.244
     1.408
     0.640
     2.053
     0.777
     0.689
    -0.018
     0.063
    -0.018
     0.092
    -0.651
     0.368
    -0.383
     0.665
    -1.131
    -1.154
    -0.311
    -0.933
    -2.123
    -1.986
    -1.972
    -2.750
    -2.488
    -2.306
    -2.119
    -2.168
    -1.906
    -2.925
    -2.957
    -3.565
    -3.409
    -3.117
    -4.233
    -5.052
    -4.825
    -6.907
    -6.722
    -6.268
    -4.919
    -4.685
    -5.001
    -4.945
    -4.108
    -4.593
    -2.286
    -3.035
    -2.840
    -2.334
    -2.205
    -0.413
     1.665
     4.981
     5.069
     3.942
     2.928
     2.715
     1.841
     2.163
     3.504
     3.930
     4.101
     2.418
     1.469
     1.870
     2.143
     2.640
     1.669
     1.620
     0.371
    -0.139
    -0.092
     1.302
     1.118
     0.848
     0.721
     0.173
     0.095
    -0.498
    -0.903
    -0.494
    -0.315
     0.370
    -0.362
     0.141
    -0.924
    -0.414
     0.412
     0.839
     1.850
     2.241
     1.980
     2.886
     3.015
     1.454
     0.708
     0.012
     0.139
     0.070
     1.087
     2.254
     1.429
     1.905
     2.058
     1.537
     0.761
     1.000
     1.559
     2.436
     1.142
     2.626
     0.643
     0.805
     1.205
     1.611
    -0.025
     1.168
     0.631
     1.129
     2.193
     1.421
     1.104
     1.728
     2.910
     2.124
     2.608
     2.104
     1.575
     1.046
     0.236
     0.485
    -0.405
    -0.137
    -0.204
    -1.761
    -1.507
    -1.511
    -2.209
    -1.912
    -1.904
    -0.477
    -0.566
     0.446
     0.576
     2.131
     2.298
     2.157
     3.543
     2.700
     2.660
     2.094
     3.167
     3.240
     2.932
     2.286
     2.379
     1.782
     3.864
     4.732
     3.964
     2.881
     2.055
     1.006
     1.462
     2.527
     1.613
     1.541
     1.685
     0.652
    -0.467
    -0.483
    -0.054
     0.188
    -0.805
     0.203
    -0.766
    -0.590
     0.563
     0.687
     1.819
     0.290
    -1.468
    -1.111
    -1.163
    -1.140
    -1.343
    -1.961
    -4.171
    -5.115
    -5.048
    -5.154
    -5.187
    -6.068
    -7.148
    -7.841
    -8.703
    -7.750
    -7.359
    -6.470
    -5.674
    -5.429
    -7.123
    -7.028
    -7.114
    -8.024
    -8.698
    -7.491
    -6.777
    -4.784
    -4.541
    -4.446
    -4.954
    -3.934
    -4.083
    -2.632
    -2.660
    -1.355
    -3.214
    -2.287
    -2.082
    -2.380
    -2.150
    -1.964
    -1.123
    -0.883
    -2.118
    -2.927
    -3.668
    -3.393
    -2.420
    -1.374
    -1.380
    -1.157
    -1.216
    -0.236
    -0.850
     0.858
     1.220
     1.465
     2.377
     2.608
     2.945
     3.784
     4.657
     3.902
     3.662
     3.506
     2.992
     2.832
     3.288
     3.938
     4.472
     4.378
     4.440
     5.382
     4.712
     5.867
     5.687
     6.130
     5.079
     5.965
     5.099
     5.000
     5.996
     4.311
     4.179
     4.623
     4.236
     4.625
     4.654
     4.634
     5.747
     5.791
     5.621
     5.628
     5.801
     4.985
     5.768
     5.868
     5.835
     6.918
     7.017
     6.552
     4.920
     5.802
     5.753
     6.117
     5.180
     5.950
     4.890
     5.074
     5.159
     5.544
     5.544
     6.532
     6.327
     6.080
     5.409
     5.183
     1.832
    -0.563
    -1.407
    -1.354
    -3.836
    -5.548
    -4.828
    -6.531
    -7.617
    -8.499
    -7.345
    -6.517
    -6.405
    -5.293
    -5.480
    -6.175
    -5.947
    -4.107
    -4.006
    -2.599
    -1.741
    -0.805
    -0.277
    -0.318
    -1.198
    -0.126
    -0.212
    -0.110
    -0.167
    -0.259
    -0.427
    -0.786
    -1.494
    -1.133
    -1.854
    -1.566
    -1.696
    -2.501
    -2.635
    -3.207
    -3.539
    -4.232
    -4.402
    -5.152
    -5.981
    -5.736
    -5.745
    -4.694
    -5.505
    -6.177
    -6.174
    -4.975
    -4.899
    -4.264
    -3.332
    -2.901
    -2.859
    -1.719
    -2.724
    -3.633
    -4.358
    -5.278
    -5.862
    -6.929
    -6.486
    -6.564
    -6.482
    -6.198
    -7.185
    -6.979
    -6.956
    -7.450
    -8.323
    -6.799
    -6.266
    -6.888
    -7.042
    -8.596
    -8.576
    -7.992
    -6.768
    -5.449
    -3.272
    -2.663
    -3.135
    -2.492
    -2.290
    -1.654
    -1.491
    -1.309
    -0.917
    -0.614
    -1.541
    -0.085
     0.110
     0.313
     1.360
     1.454
     1.027
     1.030
     1.358
     1.609
     2.973
     4.418
     6.444
     6.941
     8.010
     7.117
     6.329
     5.784
     5.875
     6.498
     7.439
     9.131
    10.990
    10.281
     9.554
     9.629
    11.999
    12.080
    11.176
    11.712
    11.659
    11.567
    10.251
    10.307
    11.339
    10.531
    10.205
     9.522
     9.667
     7.901
     8.916
     9.809
    10.138
    10.353
    11.384
    10.350
     9.760
    10.035
    10.522
    10.648
    10.506
     8.725
     9.471
     9.773
     9.590
     9.739
     9.873
    10.921
    11.025
    10.967
    10.684
    11.502
    10.459
     9.743
    10.334
    10.453
     9.268
     8.185
     7.506
     9.131
     8.301
     7.712
     6.123
     2.458
    -1.390
    -4.335
    -7.548
    -8.191
   -12.893
   -14.975
   -19.499
   -22.538
   -24.131
   -25.305
   -26.382
   -27.892
   -28.931
   -31.289
   -31.204
   -31.938
   -30.296
   -29.157
   -27.624
   -27.389
   -26.741
   -24.801
   -23.952
   -22.607
   -20.743
   -18.779
   -16.603
   -12.602
   -10.762
    -8.725
    -6.891
    -4.008
    -1.963
     0.103
     0.886
     1.626
     3.703
     4.266
     2.960
     3.005
     2.763
     1.555
     2.524
     1.272
     1.902
     0.821
     0.494
     0.397
    -0.141
    -0.029
    -0.203
    -0.096
     0.463
     1.381
     2.352
     2.527
     3.146
     2.919
     1.853
     2.772
     2.719
     3.561
     2.646
     3.639
     4.049
     3.967
     3.834
     4.585
     4.793
     4.793
     6.599
     7.876
     7.703
     5.508
     4.129
     1.628
    -1.427
    -2.042
    -2.141
    -1.208
     1.981
     2.562
     7.493
    12.574
    13.856
    13.748
    15.670
    14.940
    16.010
    14.779
    14.833
    13.916
    13.823
    12.779
    10.185
     7.436
     4.900
     3.708
     5.218
     3.275
     1.355
     0.349
     0.180
    -1.580
    -2.488
    -3.348
    -2.678
    -1.646
    -3.515
    -2.516
    -1.530
    -0.601
    -0.408
     0.812
     0.102
    -0.899
     0.079
     1.086
     1.194
     1.191
     2.210
     1.328
     1.113
     2.497
     4.446
     3.618
     2.733
     5.768
     5.441
     6.566
     5.569
     5.801
     6.509
     5.654
     5.670
     6.547
     5.655
     5.897
     6.146
     6.721
     5.955
     6.478
     6.265
     4.339
     2.985
     1.937
    -0.455
    -2.781
    -2.506
    -0.934
    -3.083
    -5.471
    -6.792
    -7.725
    -7.779
    -7.990
    -6.123
    -5.135
    -5.270
    -4.690
    -5.832
    -5.863
    -6.240
    -5.099
    -4.152
    -3.266
    -2.711
    -3.196
    -2.456
    -2.467
    -1.775
    -0.673
    -1.283
    -1.137
     1.331
     1.513
     0.285
     0.043
     0.516
     0.165
    -0.071
    -0.508
     0.354
     1.050
    -0.181
    -0.623
    -0.012
     0.693
     0.443
     1.037
     0.013
    -1.531
    -3.231
    -4.750
    -7.474
    -8.616
    -8.702
    -7.995
    -8.666
    -9.795
   -11.295
   -11.709
   -11.905
   -11.053
   -11.065
   -11.686
   -11.820
   -12.578
   -14.413
   -15.652
   -16.725
   -18.420
   -19.751
   -19.044
   -17.054
   -15.546
   -17.156
   -18.189
   -20.538
   -21.005
   -23.959
   -25.582
   -27.867
   -31.363
   -32.701
   -31.446
   -29.656
   -30.872
   -30.161
   -30.179
   -32.585
   -21.749
    16.694
    21.337
    16.102
    15.200
    18.498
    15.899
    18.338
    18.649
    20.187
    20.643
    23.131
    19.426
    19.725
    20.488
    19.744
    22.688
    24.539
    24.849
    27.697
    31.785
    30.174
    25.165
    26.851
    30.380
    35.717
    35.857
    38.701
    38.201
    39.160
    40.586
    39.675
    41.301
    40.780
    40.423
    40.947
    39.655
    34.249
    30.202
    29.890
    29.152
    26.979
    28.308
    28.813
    24.412
    23.820
    23.128
    22.817
    19.345
    18.760
    16.144
    13.957
    14.269
    11.011
     6.518
    -2.995
    -5.895
   -10.538
   -19.357
   -26.225
   -26.346
   -31.366
   -34.580
   -34.761
   -35.446
   -36.052
   -36.721
   -34.124
   -30.705
   -30.772
   -32.023
   -30.395
   -32.777
   -34.438
   -35.821
   -35.316
   -32.746
   -32.176
   -32.557
   -29.928
   -27.551
   -28.885
   -28.368
   -26.069
   -24.048
   -25.676
   -26.272
   -24.046
   -26.124
   -26.315
   -23.977
   -23.929
   -22.700
   -21.691
   -24.387
   -25.359
   -27.001
   -25.571
   -24.621
   -25.071
   -22.365
   -19.331
   -17.067
   -15.536
   -11.292
    -7.661
    -5.910
    -5.261
    -3.280
    -2.058
    -0.467
     0.618
     1.568
     3.353
     7.929
    12.750
    15.201
    16.384
    21.413
    27.096
    29.728
    30.207
    30.998
    35.752
    43.667
    45.389
    44.629
    46.843
    47.024
    39.754
    44.999
    57.454
    43.767
    29.333
    17.377
    31.759
    32.114
    16.607
     4.024
     1.823
     1.301
    -3.305
    -9.937
    -9.064
   -10.768
   -14.988
   -10.195
    -5.278
    -5.161
    -0.202
    -4.798
   -11.992
    -9.686
    -0.807
    -0.129
    -0.460
    -0.705
     4.908
     8.095
     6.953
     4.422
     5.847
     6.957
    10.471
     4.721
     7.834
     5.339
    10.830
     5.706
     0.236
    -9.109
   -15.235
   -16.946
    -2.655
     5.075
    -3.698
    -9.940
    -8.723
    -5.389
    -0.457
    -0.353
     1.427
    -8.743
   -18.572
   -22.042
   -29.431
   -29.330
   -27.948
   -21.014
   -14.999
   -12.187
    -4.570
    -4.608
    -6.127
   -15.881
   -15.303
   -18.333
    -9.951
    -4.297
     1.241
     0.150
     2.226
     4.702
     6.238
    10.875
    11.271
     7.659
    12.808
    20.186
    24.131
    25.656
    23.762
    19.116
    20.398
    16.064
    18.785
    15.067
    11.739
    11.525
     8.152
     5.409
     3.506
    -1.484
     0.115
     2.882
     0.754
     1.145
    -0.425
    -0.446
    -1.528
    -0.066
    -0.637
    -1.243
     3.060
     4.944
     1.506
     1.838
     3.392
    -0.938
    -0.941
    -6.621
    -6.006
    -3.511
    -3.050
     1.997
     0.374
    -0.389
    -1.980
    -1.646
    -5.287
    -6.130
    -7.036
    -7.612
   -11.414
   -10.491
    -6.774
    -3.715
   -14.489
   -11.133
   -15.266
    -8.722
    -8.494
    -9.797
    -9.150
   -10.847
    -4.411
     9.094
     6.997
    -2.882
    -7.147
   -11.372
    -6.155
    -3.298
    -6.596
   -17.664
   -16.196
   -16.541
   -18.320
   -22.450
   -22.084
   -20.712
   -19.035
   -14.496
   -11.938
   -10.771
   -12.373
    -9.696
    -6.398
    -6.659
    -9.541
    -8.797
    -4.467
    -2.552
    -1.656
    -4.608
    -3.968
    -3.949
    -3.556
    -1.606
     0.523
    -2.690
     0.595
     8.382
    10.373
     9.376
     7.055
     4.271
     5.182
     7.625
     5.667
     9.928
    12.435
    15.659
     7.951
     9.075
     5.802
     7.451
    12.193
    10.989
    16.782
    16.272
    21.297
    25.020
    23.488
    23.418
    23.523
    23.871
    25.868
    23.585
    28.879
    30.078
    25.604
    22.038
    18.178
    15.721
    13.942
    11.411
    11.728
    15.218
    11.841
    11.534
     7.475
     9.072
     9.756
     5.762
     3.002
     3.809
     4.418
     9.741
     4.843
     0.514
     2.813
     0.813
    -2.445
    -4.383
    -7.761
    -8.334
    -5.269
    -7.040
    -7.356
    -7.893
   -14.501
    -9.142
    -2.601
   -16.377
   -19.334
   -15.478
    -4.926
     0.012
   -10.667
   -12.224
    -5.398
    -9.798
   -11.065
   -14.237
   -21.948
   -24.681
   -19.171
   -21.591
   -19.353
   -13.727
   -12.061
    -9.634
    -8.620
    -3.745
    -5.101
    -4.892
    -5.518
    -8.924
    -9.455
   -10.582
   -11.943
   -12.793
   -12.811
   -11.241
    -9.415
    -5.948
    -5.001
    -5.886
    -3.615
    -1.889
    -4.929
    -3.553
    -1.173
    -0.628
     0.656
    -0.806
    -1.359
    -2.785
    -2.415
    -6.224
    -1.650
     2.782
     5.258
     2.262
    -0.113
     6.240
     4.457
     5.109
     4.294
     6.204
     7.684
     8.537
     5.501
     6.219
     4.954
     6.253
     5.369
     6.051
     7.381
     4.807
     2.849
     1.468
     0.219
     0.355
    -0.468
    -1.434
     1.514
     2.488
     3.254
     0.395
     1.682
     4.007
     4.922
     4.429
     2.208
     0.193
    -1.966
     1.186
    11.121
     3.501
    -6.597
   -10.873
    -6.890
    -3.978
    -6.094
    -7.513
    -7.769
    -7.970
    -6.325
    -5.950
    -6.446
    -5.457
    -3.985
    -1.871
    -0.532
     2.252
     3.233
    -1.185
     0.826
     1.252
     1.836
     2.794
     0.561
     1.949
     2.348
     2.782
     2.953
     4.274
     6.063
     7.325
     4.570
     6.692
     7.060
     9.506
     7.598
     8.200
     7.681
     7.956
    10.093
     9.062
     7.930
     9.554
    10.373
    10.860
    11.621
    11.837
    12.940
    13.850
    16.018
    16.166
    16.119
    14.865
    14.315
    14.468
    12.846
    13.246
    12.312
    10.958
    12.431
     9.871
     7.311
     6.566
     5.815
     5.953
     5.082
     2.767
     2.114
     1.794
     1.903
     0.109
    -0.976
    -3.599
    -3.913
    -5.130
    -5.613
    -7.357
    -7.924
    -7.642
    -8.219
    -8.836
   -10.629
   -12.096
   -13.058
   -13.078
   -14.780
   -14.516
   -17.848
   -18.533
   -19.626
   -19.732
   -18.652
   -20.068
   -18.362
   -19.198
   -18.030
   -19.453
   -19.979
   -18.707
   -17.415
   -16.195
   -14.847
   -14.857
   -13.000
   -11.459
    -9.755
   -11.137
   -11.312
   -10.783
    -8.140
    -7.686
    -6.855
    -5.501
    -6.743
    -7.684
    -6.148
    -6.221
    -6.712
    -5.848
    -5.411
    -5.439
    -2.945
    -0.925
     1.800
     2.142
     1.362
     2.616
     2.251
     3.058
     4.826
     7.973
     8.832
     9.627
     7.546
     9.850
     9.878
     9.133
     9.268
    11.066
     9.968
     9.442
     8.209
     9.756
     9.390
     8.252
     7.747
     7.500
     7.341
     8.796
     8.352
     8.332
     9.181
     9.598
     8.279
     7.517
     9.430
     9.487
    10.991
    11.730
    11.653
    11.537
    12.218
    12.367
    12.596
    12.469
    13.156
    10.946
     8.722
    10.429
     9.086
     8.947
     8.402
     7.340
     7.095
     6.110
     6.677
     8.385
     7.237
     7.915
     8.491
     6.181
     6.895
     7.422
     6.519
     4.424
     3.051
     0.715
    -1.420
    -1.915
    -2.406
    -3.757
    -5.281
    -6.326
    -8.406
    -9.019
    -9.292
    -9.261
    -8.045
    -8.963
    -9.556
    -9.703
    -8.972
    -9.517
    -9.695
   -10.167
   -11.480
   -10.775
    -9.641
    -9.872
   -11.213
   -11.469
   -10.977
   -11.629
   -14.124
   -12.526
   -12.893
   -12.230
   -11.077
   -11.213
    -9.706
   -10.039
    -9.503
    -8.497
    -9.222
    -9.546
    -6.935
    -6.104
    -4.515
    -1.100
    -1.475
    -1.402
     1.182
     3.667
     5.265
     5.011
     4.368
     3.979
     3.561
     3.223
     3.780
     1.581
     0.400
     0.696
    -1.248
    -0.167
    -0.141
    -1.304
    -2.254
    -0.483
     1.678
     1.495
     2.160
     1.673
     1.711
     3.682
     4.006
     2.955
     3.655
     4.270
     4.429
     4.033
     4.828
     5.958
     3.268
     4.791
     4.700
     4.625
     5.260
     5.593
     6.599
     7.106
     7.055
     6.647
     5.461
     5.709
     6.515
     7.443
     7.506
     8.418
     8.348
     7.366
     6.773
     7.107
     7.919
     7.838
     6.592
     4.876
     3.243
     3.148
     2.997
     0.279
     1.216
     0.148
    -0.859
    -2.484
    -4.520
    -4.226
    -4.267
    -4.043
    -5.069
    -5.811
    -6.885
    -5.487
    -5.148
    -5.361
    -4.848
    -4.071
    -3.352
    -3.168
    -3.160
    -3.693
    -4.313
    -4.156
    -4.671
    -5.529
    -6.895
    -5.746
    -5.237
    -3.863
    -3.654
    -2.743
     0.826
    -0.649
    -1.405
    -1.779
    -2.512
    -3.118
    -4.422
    -2.758
    -2.561
    -1.762
    -0.664
    -0.155
    -0.452
    -1.720
    -0.662
    -3.400
    -6.253
    -6.746
    -5.995
    -4.684
    -6.003
    -5.303
    -5.658
    -2.589
    -4.434
    -4.157
    -5.016
    -3.646
    -2.419
    -3.130
    -1.649
    -0.846
     0.546
     2.098
     2.360
     4.112
     1.920
     1.752
     1.017
     1.142
     1.128
     3.316
     3.983
     4.666
     5.933
     5.832
     6.591
     7.960
     8.903
     9.370
     9.534
    10.727
    11.767
    13.476
    12.171
    12.434
    12.097
    10.731
    11.911
    10.333
     8.866
     6.492
     5.449
     3.957
     1.115
     0.741
    -1.043
    -1.757
    -3.349
    -3.619
    -2.525
    -2.137
    -1.224
    -0.524
    -0.351
    -1.007
     0.227
     2.085
     2.509
     2.247
     1.955
     2.487
     2.358
     1.545
     1.344
     0.080
     0.361
     0.141
    -1.245
    -1.657
    -3.277
    -4.298
    -4.570
    -3.575
    -3.529
    -2.997
    -2.555
    -1.857
    -1.871
    -2.895
    -4.169
    -4.083
    -6.619
    -7.498
    -8.474
   -10.014
    -4.983
    -6.342
   -10.383
   -10.162
    -8.909
    -8.911
    -6.955
    -5.896
    -5.852
    -6.666
    -7.409
    -5.189
    -4.483
    -3.116
    -1.529
    -1.536
    -0.012
     0.150
     0.140
     3.013
     3.005
     2.735
     1.140
     3.328
    -1.116
    -4.033
    -6.133
    -3.893
    -1.557
     0.364
     1.495
     2.443
     1.000
     0.354
    -0.963
    -0.365
    -1.081
    -1.078
    -2.347
    -1.596
    -0.811
    -1.633
    -0.579
    -0.748
    -0.936
    -0.363
    -0.348
    -0.399
    -0.639
     0.071
     0.192
     0.974
     0.764
     1.476
     2.927
     3.991
     0.651
     0.201
     0.518
     2.137
     3.337
     4.777
     5.850
     4.965
     5.388
     4.156
     4.075
     4.160
     3.529
     3.384
     2.408
     1.660
     0.652
     2.323
     2.197
     2.030
     3.308
     3.993
     4.870
     5.322
     4.526
     5.195
     7.581
     5.670
     6.145
     6.546
     6.830
     6.895
     6.743
     6.164
     5.604
     3.941
     3.747
     4.858
     5.260
     3.877
     2.850
     3.539
     3.487
     3.392
     4.142
     2.137
     0.710
    -0.491
     0.512
    -0.084
    -1.160
    -3.128
    -4.227
    -3.387
    -3.626
    -3.942
    -5.562
    -5.974
    -4.745
    -4.262
    -4.233
    -3.999
    -4.549
    -5.124
    -4.595
    -4.397
    -4.382
    -4.340
    -4.568
    -4.943
    -4.860
    -4.394
    -4.926
    -6.701
    -8.184
    -6.925
    -6.036
    -4.602
    -3.887
    -1.779
    -1.898
    -3.938
    -4.560
    -3.643
    -2.701
    -0.594
    -1.505
    -0.404
     0.755
     2.018
     0.685
    -1.445
    -0.880
     0.523
     1.312
     2.294
    -2.237
    -3.299
    -2.923
    -0.739
    -0.421
     1.613
     0.490
    -0.464
     1.325
     0.756
     1.089
     1.290
     1.456
     0.451
     1.251
     0.918
    -0.110
    -0.937
    -0.747
    -0.656
    -0.775
    -0.398
    -1.145
    -1.197
    -0.889
    -0.039
     0.064
    -0.289
    -0.139
     0.103
     0.234
     0.472
     0.553
     0.816
     1.269
     1.031
     0.378
     1.497
     1.695
     1.972
     2.130
     2.716
     2.464
     3.814
     2.838
     3.080
     3.196
     2.601
     2.487
     1.952
     1.178
     1.393
     1.551
     1.391
     1.492
     1.576
     0.870
     1.160
     2.232
     3.464
     3.672
     3.377
     3.567
     3.806
     2.798
     1.595
     0.900
     1.082
     0.070
     0.396
     0.290
     0.457
     0.872
     0.772
     0.700
    -0.127
    -1.316
    -1.097
    -0.919
    -0.732
    -0.856
    -0.604
    -0.647
    -0.671
    -0.563
    -0.172
    -1.643
    -1.340
    -1.718
    -1.427
    -1.643
    -1.306
    -0.560
    -1.507
    -1.514
    -1.474
    -1.517
    -0.563
    -0.609
    -0.740
    -0.562
    -0.645
    -0.039
    -0.853
    -1.237
    -1.449
    -1.099
    -0.018
    -0.297
    -0.395
     0.723
     0.530
     0.786
     0.424
     0.371
     0.345
    -0.193
    -0.997
    -1.103
    -1.994
    -2.110
    -2.003
    -1.321
    -1.657
    -2.523
    -1.599
    -2.414
    -1.603
    -0.829
    -0.822
    -0.888
    -0.025
    -1.312
    -1.719
    -2.213
    -2.454
    -1.377
    -2.436
    -2.304
    -2.647
    -2.599
    -1.832
    -1.260
    -1.222
    -1.085
    -0.139
    -0.346
     0.535
     0.627
     1.615
     2.664
     5.306
     4.646
     5.608
     6.541
     6.503
     6.258
     4.770
     4.003
     2.760
     2.855
     1.726
     0.523
     0.796
     0.592
     2.539
     1.578
     1.551
     1.327
     1.455
     1.579
     2.349
     1.370
     2.691
     1.407
     2.307
     1.811
     1.606
     1.564
     0.384
    -0.611
    -0.676
    -0.456
    -0.153
    -0.597
    -1.236
    -1.638
    -2.419
    -3.334
    -3.074
    -3.225
    -2.989
    -2.935
    -1.817
    -2.115
    -1.588
    -1.829
    -1.566
    -1.624
    -2.730
    -2.358
    -3.114
    -3.089
    -2.943
    -2.870
    -2.864
    -2.927
    -2.461
    -2.521
    -2.705
    -2.765
    -3.438
    -2.328
    -2.446
    -2.009
    -1.949
    -1.903
    -1.594
    -1.473
    -0.317
    -1.327
     0.783
    -0.008
     0.177
    -0.008
     0.939
     1.028
     1.031
     1.158
     1.466
     0.646
     0.876
     1.423
     1.676
     2.091
     1.204
     1.998
     1.957
     2.341
     2.985
     2.170
     2.338
     0.196
     0.128
    -0.054
     0.181
    -0.468
    -0.296
    -0.376
     0.794
     0.727
     0.488
    -0.683
    -1.360
    -0.463
    -0.574
     0.504
     0.849
     1.440
     2.781
     3.105
     3.902
     3.747
     4.019
     3.777
     3.853
     2.824
     2.270
     1.516
     2.359
     1.234
     0.383
     0.331
     0.250
     0.252
     0.116
    -0.014
     1.038
     0.341
     0.061
     0.065
     0.781
     0.863
     2.841
     1.604
     0.467
     0.629
     0.345
     0.318
    -0.910
    -0.760
    -0.805
    -1.021
    -0.177
    -1.325
    -2.156
    -3.166
    -1.389
    -1.431
    -1.265
    -1.613
    -0.897
    -1.724
    -1.993
    -2.070
    -0.716
     0.001
     1.159
     0.875
     0.620
     0.437
    -0.142
     0.573
    -0.904
    -1.569
    -0.901
    -1.932
     0.173
    -0.182
    -0.817
     0.347
    -0.886
    -0.630
    -0.420
     0.074
    -1.006
    -1.104
    -1.000
    -1.444
     0.007
    -0.023
    -0.357
    -0.215
    -0.516
    -0.456
    -0.585
    -0.658
    -0.523
    -0.758
    -0.940
    -0.097
    -0.412
    -0.691
    -1.780
    -1.884
    -1.689
    -1.716
    -0.855
    -0.551
    -1.006
    -0.937
    -1.651
    -1.865
    -1.563
    -1.818
    -1.903
    -0.818
    -0.927
    -0.823
    -0.744
    -1.409
     0.349
     0.208
    -0.471
     0.766
     0.591
     0.590
     0.452
    -0.336
    -1.400
    -1.502
    -1.384
    -1.277
    -1.228
    -1.195
    -0.332
    -0.296
    -0.184
    -0.899
    -0.019
     0.868
     1.235
     2.354
     1.332
     2.258
     1.335
     1.330
     2.233
     2.494
     2.790
     3.826
     3.972
     3.884
     3.992
     3.839
     3.957
     4.312
     5.187
     4.886
     5.981
     4.998
     4.942
     4.081
     3.778
     3.104
     2.974
     2.949
     2.127
    -0.043
     0.178
    -0.963
    -0.769
    -1.987
    -1.926
    -1.827
    -2.028
    -2.955
    -1.733
    -1.619
    -2.988
    -1.845
    -0.849
    -0.845
    -0.600
    -0.541
    -0.561
     0.285
    -0.753
    -0.763
    -0.692
    -0.796
    -0.713
    -0.020
    -0.904
    -1.960
    -1.900
    -1.258
    -2.235
    -2.349
    -2.971
    -1.904
    -3.795
    -3.151
    -4.166
    -4.509
    -3.299
    -3.511
    -3.264
    -3.210
    -2.013
    -2.453
    -2.438
    -2.368
    -2.543
    -1.746
    -2.551
    -0.717
    -1.350
    -1.541
    -0.826
    -1.012
    -0.565
    -1.146
    -0.829
    -1.194
    -1.184
    -1.252
    -0.830
     0.027
    -0.143
    -0.100
    -0.327
    -1.208
    -2.142
    -1.371
    -0.433
     1.679
     2.618
     2.617
     2.475
     3.247
     2.628
     2.095
     2.571
     2.330
     3.651
     3.367
     3.468
     2.661
     2.676
     2.695
     1.819
     1.431
     0.712
     1.627
     1.416
     1.565
     1.870
     0.898
     0.874
     0.992
     1.219
     0.876
     1.001
     1.231
     1.575
     2.344
     1.614
     1.613
     2.987
     2.129
     1.977
     1.194
     1.645
     1.759
     0.922
     0.965
     0.942
     2.254
     1.350
     0.777
     0.778
     1.945
     0.329
     0.344
     0.381
     1.513
     0.880
     1.870
     1.131
     0.503
     1.571
     0.832
     1.243
     1.105
     0.447
    -1.252
    -0.176
     0.185
    -0.397
    -0.095
    -0.046
     0.435
     0.282
    -1.223
    -0.187
     0.176
     0.351
     0.731
     1.226
     1.175
     0.840
    -0.845
    -1.652
    -2.224
    -2.759
    -4.436
    -5.408
    -6.869
    -6.737
    -5.224
    -5.570
    -3.360
    -1.317
    -0.895
    -0.366
    -0.131
     0.055
    -0.509
    -1.754
    -2.103
     0.091
    -0.477
    -1.149
    -0.171
    -1.561
    -2.513
    -3.172
    -2.846
    -2.665
    -2.372
    -2.937
    -1.975
    -2.163
    -0.851
     1.373
    -0.097
    -1.659
    -3.214
    -2.840
    -3.578
    -2.795
    -2.264
    -2.204
    -2.730
    -5.420
    -5.102
    -4.011
    -3.519
    -2.291
    -1.697
    -3.019
    -2.714
    -3.874
    -3.167
    -2.680
    -1.047
    -2.652
    -3.691
    -5.106
    -4.230
    -5.720
    -4.836
    -3.664
    -1.144
     2.252
     5.865
     8.244
     5.038
     3.765
     6.516
    11.088
    13.268
    12.839
    11.200
    10.348
    10.146
     8.339
     7.320
     3.133
    -0.178
    -2.049
    -1.152
    -3.883
    -3.849
    -3.633
    -4.668
    -3.139
    -1.927
     1.116
     4.638
     8.355
     9.207
     8.670
     7.008
     6.371
     5.250
     7.759
     4.958
     1.677
    -5.111
    -7.429
    -6.384
    -6.691
    -2.780
    -0.974
     0.120
     3.050
     3.274
     3.075
     4.140
     6.166
     6.919
     7.670
     7.737
     7.848
     8.206
     8.608
    10.844
    13.462
    15.359
    15.140
    16.174
    16.977
    15.242
    16.349
    15.942
    13.787
     3.380
    -3.356
    -0.423
     2.440
     5.868
    -7.319
    -7.349
    -2.501
     1.562
    -4.190
    -7.773
   -11.967
   -11.849
   -17.701
   -23.682
   -27.071
   -23.327
   -21.132
   -18.169
   -17.977
   -18.539
   -17.162
   -14.329
   -13.531
   -14.398
   -14.681
   -11.876
    -8.540
    -6.372
    -6.999
    -6.476
    -7.075
    -8.039
   -10.100
    -9.947
   -11.248
    -9.663
    -8.530
    -6.822
    -7.075
    -6.243
    -4.541
    -2.199
    -0.755
     2.980
     4.081
     4.723
     3.251
     3.839
     4.317
     5.374
     5.360
     4.954
     5.754
     6.243
     6.037
     5.566
     5.026
     4.887
     3.842
     2.727
     2.101
     0.935
    -0.017
     0.353
     0.523
     1.092
     2.035
     2.083
     2.807
     2.888
     2.953
     3.278
     3.728
     3.801
     4.447
     4.420
     4.606
     4.628
     5.109
     5.181
     5.673
     5.893
     5.970
     5.157
     5.453
     5.465
     5.651
     5.476
     5.473
     5.498
     5.526
     5.448
     5.488
     5.429
     5.462
     5.406
     5.411
     5.336
     5.352
     5.267
     5.260
     5.155
