     6.627
     6.434
     6.374
     6.152
     6.067
     5.817
     5.714
     5.459
     5.324
     5.043
     4.908
     4.585
     4.329
     3.995
     3.756
     3.306
     3.050
     2.646
     2.170
     1.704
     1.374
     0.794
     0.434
     0.067
    -0.087
    -0.964
    -0.990
    -1.427
    -2.072
    -2.470
    -2.757
    -3.323
    -4.026
    -4.839
    -5.427
    -6.380
    -6.784
    -7.038
    -7.854
    -7.839
    -8.239
    -8.493
    -9.045
    -9.787
   -10.311
   -10.669
   -11.035
   -11.000
   -11.584
   -12.713
   -12.974
   -13.731
   -13.776
   -14.308
   -15.018
   -14.770
   -14.812
   -15.229
   -16.727
   -16.309
   -16.494
   -16.441
   -16.725
   -16.464
   -14.736
   -13.835
   -13.029
   -11.823
    -9.916
    -6.888
    -5.128
    -4.473
    -3.239
    -1.039
     1.641
     2.054
     2.281
     3.141
     4.739
     4.530
     5.542
     5.884
     6.450
     8.722
    10.451
     9.233
    10.641
     9.639
    10.020
    10.407
    10.603
    11.113
    11.201
    12.216
    11.800
    11.860
    11.545
    12.123
    11.798
    12.094
    10.822
    10.788
     9.611
     9.401
     7.292
     6.531
     5.788
     6.355
     5.647
     5.626
     5.123
     6.768
     5.483
     6.987
     5.548
     6.252
     3.682
     2.979
     4.120
     3.319
     4.373
     3.697
     2.645
     1.757
     0.654
     0.019
     0.923
     0.015
    -0.324
     0.659
     1.097
     0.133
    -1.869
    -1.370
    -2.506
    -2.979
    -2.069
    -2.862
    -3.623
    -4.000
    -4.012
    -4.242
    -4.037
    -3.448
    -4.080
    -3.290
    -3.731
    -5.825
    -4.824
    -6.407
    -5.182
    -3.694
    -3.639
    -4.402
    -3.654
    -4.254
    -3.209
    -3.523
    -1.674
    -4.527
    -5.147
    -4.379
    -1.454
    -1.383
    -0.188
    -0.244
     0.304
     0.419
     1.226
     2.841
     1.268
     2.688
     1.446
     2.139
     1.307
     3.957
     2.617
     2.199
     2.387
     3.722
     3.300
     3.307
     1.642
     2.914
     2.611
     3.759
     3.701
     2.260
     3.820
     3.197
     4.198
     0.656
    -0.555
    -3.985
    -0.773
     1.279
     2.058
     4.689
     2.969
     3.030
     1.255
    -0.042
    -2.577
    -4.772
    -7.104
    -5.190
    -3.154
    -0.213
    -0.679
    -1.956
    -1.888
    -1.390
    -5.625
    -9.671
    -9.808
    -8.544
    -9.921
    -8.160
    -8.521
   -11.773
    -8.763
    -9.620
   -10.445
   -11.480
    -9.486
   -10.936
    -8.430
    -7.530
    -3.595
    -2.703
    -1.026
    -0.377
     2.438
     6.353
     4.318
     4.590
     8.562
     8.232
     8.112
     7.141
     8.227
     8.359
     7.543
     7.290
     5.226
     2.257
     3.240
     2.147
     2.666
     4.321
     6.547
     3.918
     9.248
     3.669
    -0.873
     3.020
     3.373
     3.628
     4.875
     3.468
     2.763
     0.627
     2.617
     0.399
     0.226
    -0.483
    -0.594
    -0.111
     0.553
     0.721
     1.014
    -0.673
     0.531
     0.470
     1.004
     0.169
    -1.577
    -1.566
    -1.247
    -0.387
    -1.022
    -0.834
    -0.844
    -5.180
    -5.671
    -5.386
    -2.975
    -2.223
    -4.472
    -2.626
    -1.967
    -2.787
    -2.524
    -3.371
    -4.193
    -3.121
    -3.363
    -3.071
    -1.275
    -3.034
    -3.765
    -1.439
    -1.272
    -1.818
     0.342
     1.309
     0.364
    -1.085
     1.683
     0.289
     0.060
     1.202
     1.640
     3.313
     2.695
     3.552
     2.514
     4.221
     3.803
     4.378
     4.944
     5.092
     4.535
     5.640
     5.696
     5.639
     5.661
     5.745
     3.824
     5.123
     3.601
     3.487
     3.253
     4.254
     2.247
     3.293
    -0.270
     0.586
     0.581
     0.149
     0.476
     2.405
     4.033
     4.001
     3.889
     2.292
     2.048
    -1.989
     0.398
     0.228
    -2.294
    -2.111
    -2.189
    -2.280
    -3.240
    -2.824
    -2.246
    -2.329
    -4.375
    -6.035
    -6.689
    -6.349
    -3.643
    -4.384
    -5.464
    -6.859
    -5.799
    -2.376
    -0.753
    -0.889
    -1.922
     0.357
     0.659
     0.537
     0.449
     1.499
     3.234
     0.968
     2.212
     1.389
     1.208
     1.724
    -0.284
     0.816
     1.242
     0.991
    -0.064
    -0.090
    -0.140
    -0.294
     1.644
    -0.072
    -0.998
    -1.444
    -1.547
    -2.540
    -2.816
    -2.643
    -2.580
    -2.138
    -1.893
    -3.120
    -3.468
    -4.044
    -3.434
    -3.567
    -4.440
    -4.013
    -6.481
    -6.680
    -8.815
    -7.941
    -6.029
    -5.802
    -2.925
    -6.027
    -3.399
    -4.236
    -4.669
    -1.098
    -1.661
    -1.192
    -1.113
    -0.468
     4.141
     7.304
     9.499
     9.208
     6.202
     2.329
     2.074
     1.380
     4.434
     5.270
     5.999
     6.257
     3.336
     1.135
    -0.053
     2.317
     3.770
     2.931
     0.108
    -0.072
     1.264
     3.525
     2.860
     3.523
     2.375
     1.971
     1.016
     0.307
    -1.056
    -1.001
    -0.072
     0.798
     2.394
     1.179
     0.583
    -2.284
    -0.112
    -0.542
     4.110
     2.424
     2.125
     1.702
     2.403
     1.111
    -0.392
    -0.293
    -1.470
    -1.043
     0.019
    -1.124
     0.404
    -0.463
     0.498
     0.105
    -0.491
    -1.187
    -1.319
    -0.286
    -0.765
    -0.819
     0.543
     0.712
    -1.229
    -0.250
     0.010
     0.225
     2.368
    -0.447
     0.771
     1.626
     1.261
     0.556
     0.760
     1.238
     1.036
     0.985
    -0.828
    -0.344
    -0.226
    -0.446
    -1.627
    -1.931
    -1.083
    -0.465
    -0.441
    -1.495
    -0.646
     0.017
    -1.441
    -0.981
    -0.715
     0.255
    -0.973
    -0.451
     1.446
     2.984
     2.716
     1.964
     2.512
     5.314
     3.862
     4.375
     4.200
     4.355
     3.788
     2.338
     3.438
     5.502
     5.976
     4.928
     3.695
     2.381
     1.568
     1.351
     3.205
     1.850
     1.359
     1.639
     1.056
    -0.953
    -1.390
    -0.015
     0.564
    -0.198
     0.106
    -1.803
    -0.330
     0.926
     0.815
     2.494
     0.397
    -1.078
    -1.529
     0.801
    -1.892
    -1.023
    -1.093
    -2.802
    -4.368
    -4.733
    -5.486
    -5.095
    -5.378
    -7.410
    -6.802
    -7.387
    -6.683
    -7.469
    -6.219
    -5.312
    -6.165
    -7.841
    -5.651
    -6.477
    -6.048
    -6.719
    -4.893
    -4.540
    -4.120
    -4.240
    -4.009
    -3.859
    -3.294
    -3.148
    -3.205
    -2.917
    -3.107
    -3.555
    -2.150
    -1.377
    -2.596
    -1.341
    -2.290
    -2.217
    -1.352
    -1.540
    -3.376
    -2.999
    -2.790
    -2.075
    -1.867
    -2.383
    -0.731
    -1.705
    -2.112
    -3.040
    -0.739
    -0.221
    -0.254
    -0.212
     0.568
     1.353
     2.044
     1.733
     1.267
     1.649
    -0.027
    -0.567
     0.227
     1.113
     2.446
     3.417
     3.803
     3.534
     4.136
     5.415
     6.038
     5.201
     4.836
     4.413
     5.531
     5.934
     5.044
     4.686
     4.251
     3.764
     5.096
     4.857
     5.588
     6.180
     5.758
     6.886
     7.781
     7.075
     6.722
     6.646
     7.113
     6.756
     7.442
     7.015
     8.282
     8.469
     7.068
     6.159
     6.007
     7.033
     7.513
     8.091
     7.608
     7.365
     7.874
     8.224
     8.673
     9.455
     8.329
     9.199
     8.156
     7.632
     5.148
     1.779
    -2.821
    -1.740
    -2.881
    -6.316
    -7.574
    -6.279
    -7.538
    -8.501
    -8.142
    -8.252
    -8.646
    -7.328
    -6.943
    -6.513
    -7.364
    -5.995
    -7.411
    -4.838
    -3.629
    -3.468
    -2.407
    -0.106
    -0.013
    -1.004
     1.205
     0.314
    -0.345
     0.319
     0.075
    -0.265
    -0.226
    -0.532
    -1.188
    -1.547
    -0.806
    -0.042
    -0.890
    -3.507
    -2.387
    -1.436
    -2.663
    -4.015
    -4.061
    -4.559
    -4.404
    -2.719
    -3.514
    -4.469
    -4.250
    -2.973
    -4.046
    -3.602
    -2.558
    -1.867
    -2.141
    -2.832
    -1.935
    -3.063
    -3.828
    -4.599
    -6.569
    -6.962
    -8.155
    -8.310
    -8.242
    -8.688
    -7.513
    -9.124
    -9.618
    -9.390
    -9.946
    -8.880
    -9.366
    -8.580
    -8.483
   -10.583
    -9.542
    -9.851
   -10.479
    -7.701
    -6.235
    -5.822
    -5.004
    -2.714
    -5.418
    -5.061
    -4.426
    -5.788
    -3.908
    -3.685
    -3.071
    -3.299
    -0.315
     0.605
    -0.862
    -0.018
    -0.476
    -1.291
     0.344
    -0.093
     1.572
     1.447
     4.853
     5.215
     6.346
     6.968
     6.709
     6.092
     6.768
     6.742
     6.963
     8.791
     8.947
    11.325
     9.783
     9.673
    11.220
    12.552
    13.247
    12.874
    12.960
    13.585
    12.624
    11.248
    12.596
    12.478
    11.544
    11.640
    10.878
    11.052
    11.160
    11.653
    11.714
    12.522
    11.744
    12.420
    11.109
    11.336
    13.087
    12.549
    13.173
    12.846
    12.612
    13.365
    12.840
    12.585
    13.813
    14.099
    13.017
    13.825
    15.453
    14.549
    14.829
    13.955
    14.425
    13.296
    14.380
    13.926
    12.372
    13.465
    13.574
    15.957
    11.882
     8.862
     4.962
     0.414
    -3.746
    -6.175
    -9.497
   -14.479
   -20.784
   -23.215
   -25.833
   -29.290
   -31.265
   -31.464
   -32.344
   -34.984
   -36.430
   -36.675
   -36.666
   -35.211
   -32.983
   -31.539
   -31.564
   -31.640
   -29.440
   -27.760
   -26.059
   -23.352
   -20.593
   -18.209
   -14.576
   -10.725
    -9.262
    -7.724
    -5.364
    -1.789
    -0.866
     0.460
     1.360
     3.397
     3.963
     2.325
     3.625
     3.832
     2.123
     2.220
     2.123
     2.194
     0.782
    -0.040
     0.274
    -1.207
    -1.102
    -0.664
     0.190
     0.043
     0.793
     1.405
     2.242
     2.189
     1.273
     1.465
     1.508
     0.278
     0.714
     1.073
     1.128
     0.587
     0.486
     1.806
     2.188
     2.795
     2.949
     3.879
     5.088
     4.088
     1.356
     1.318
    -1.652
    -2.838
    -3.241
    -3.704
    -2.591
    -0.825
     3.330
     7.653
    12.773
    13.778
    14.517
    15.009
    15.597
    16.413
    15.144
    17.112
    16.581
    15.686
    17.157
    13.088
     9.979
     8.673
     8.046
     8.422
     6.041
     5.096
     4.762
     4.224
     3.781
     0.509
     0.395
     2.889
     3.088
     0.396
     1.018
     2.275
     3.708
     2.503
     3.074
     2.881
     1.997
     3.303
     3.815
     4.384
     3.647
     2.065
     3.341
     2.420
     4.666
     4.444
     4.205
     5.258
     7.329
     8.415
     8.259
     6.437
     7.265
     6.418
     6.352
     6.522
     5.018
     5.704
     6.030
     6.218
     5.705
     4.449
     6.761
     2.927
     3.669
     2.286
     0.943
    -1.720
    -3.282
    -2.166
    -3.333
    -4.331
    -6.154
    -7.520
    -7.145
    -9.064
    -8.006
    -7.171
    -6.467
    -6.336
    -5.661
    -6.176
    -7.166
    -6.427
    -5.842
    -3.908
    -2.885
    -2.819
    -4.046
    -3.842
    -3.363
    -1.036
    -1.780
    -2.186
    -1.024
    -1.273
     0.049
    -1.846
    -3.187
    -2.425
    -3.575
    -2.577
    -1.545
    -0.136
     0.934
    -1.378
    -1.051
     0.891
    -0.118
     0.645
    -0.805
    -1.036
    -1.468
    -3.468
    -6.909
    -8.506
    -8.465
    -8.056
    -8.439
    -7.173
   -10.949
   -11.469
   -12.677
   -11.565
   -12.771
   -11.361
   -13.029
   -13.813
   -14.629
   -16.446
   -17.952
   -18.812
   -20.607
   -21.535
   -21.970
   -19.462
   -21.149
   -21.656
   -21.818
   -25.274
   -27.390
   -29.370
   -30.602
   -33.328
   -37.803
   -35.379
   -34.956
   -34.744
   -33.317
   -34.291
   -33.635
   -33.160
    10.958
    26.257
    15.993
    11.789
    11.768
    11.606
    12.042
    12.149
    17.616
    18.955
    20.509
    18.753
    16.950
    16.062
    16.185
    17.009
    20.857
    20.520
    20.749
    26.822
    25.877
    24.027
    23.009
    30.103
    40.605
    46.116
    45.505
    46.672
    48.982
    49.343
    51.530
    52.152
    52.942
    51.733
    52.581
    49.844
    46.264
    43.281
    39.439
    41.755
    39.565
    40.633
    42.507
    41.869
    36.444
    36.565
    34.539
    31.349
    27.810
    25.345
    19.330
    15.430
    13.651
     8.136
     3.777
    -0.527
    -6.808
    -9.928
   -26.221
   -30.667
   -31.076
   -36.724
   -36.674
   -38.217
   -38.720
   -39.714
   -38.440
   -32.083
   -30.748
   -33.748
   -35.474
   -36.770
   -40.857
   -41.613
   -43.964
   -41.426
   -39.868
   -35.728
   -33.982
   -29.742
   -30.311
   -30.854
   -28.057
   -26.276
   -27.557
   -29.815
   -26.818
   -26.734
   -30.617
   -26.539
   -23.643
   -23.969
   -23.042
   -25.622
   -26.846
   -31.237
   -32.608
   -32.941
   -32.905
   -33.637
   -24.249
   -23.146
   -24.658
   -23.480
   -22.028
   -19.603
   -19.370
   -18.931
   -19.264
   -16.605
   -16.144
   -14.748
   -14.547
   -11.270
    -4.385
    -0.129
     0.642
     4.939
    11.703
    16.786
    21.104
    21.221
    26.369
    42.567
    49.413
    50.498
    54.356
    66.744
    57.639
    57.777
    73.669
    78.517
    61.532
    42.289
    46.677
    63.091
    46.656
    27.242
    17.266
    20.054
    12.612
     0.192
    -1.337
     1.707
    -8.149
    -8.516
    -0.791
    -2.711
    -1.017
     0.164
    -5.617
   -13.303
    -6.854
     2.968
    -0.472
    -5.891
    -3.955
     1.630
     2.135
     2.760
     2.077
     4.972
     7.239
     5.025
     2.697
     6.516
     4.816
     7.941
     5.534
   -10.934
   -18.878
   -18.296
   -16.255
     2.761
    -1.294
   -12.807
   -12.071
    -9.646
     0.193
    -2.743
     3.191
    -4.796
   -13.723
   -15.892
   -20.560
   -30.113
   -25.495
   -21.167
   -13.611
   -12.238
   -10.736
    -3.799
    -4.757
    -9.312
   -17.302
   -13.959
   -12.423
    -4.776
    -0.898
     2.334
     1.562
     3.153
     6.221
     9.045
     6.680
     4.102
     5.676
    17.240
    20.466
    21.206
    21.075
    15.991
    14.281
    13.630
    12.585
    12.947
     8.391
     6.118
     7.615
     3.616
     1.463
    -2.874
    -0.969
     0.358
     5.733
     3.802
     2.008
     3.556
     1.818
     2.091
     5.522
     2.139
     2.274
     4.693
     2.606
     1.498
     4.053
     2.585
    -2.365
    -4.117
    -7.899
    -3.307
    -2.015
     1.735
     0.876
     0.070
    -1.937
    -3.510
    -3.430
    -6.389
    -7.432
    -6.704
    -5.494
   -12.203
    -9.640
    -4.443
   -10.535
   -16.877
   -16.381
   -16.741
    -8.568
   -10.855
   -13.528
   -12.500
    -9.376
     1.972
    10.237
    -2.661
    -9.940
   -12.580
   -12.543
    -3.351
    -2.882
   -12.885
   -21.591
   -14.814
   -17.574
   -17.685
   -19.310
   -19.240
   -18.392
   -15.036
   -10.451
    -9.829
    -9.648
   -10.801
    -7.261
    -4.658
    -7.143
    -8.099
    -5.817
    -0.581
    -4.544
    -7.451
    -5.437
    -4.959
    -5.389
    -4.289
     2.648
    -0.664
    -0.660
     4.018
    14.207
    11.782
     9.490
     4.381
     3.615
     8.167
     7.811
     8.607
    11.466
    18.493
    12.798
    10.834
    10.109
     7.882
     9.273
    12.978
    17.570
    15.150
    18.946
    21.393
    23.802
    22.535
    25.671
    25.420
    26.615
    25.163
    22.991
    30.896
    28.036
    22.589
    18.096
    13.865
    16.844
    15.265
    15.072
    16.673
    17.043
    12.973
     8.540
    10.154
    11.167
     9.462
     3.768
     3.766
     4.838
     9.675
     9.459
     0.215
    -1.678
     0.368
    -1.308
    -6.647
    -7.649
   -12.333
    -8.380
    -5.772
    -7.659
   -11.729
   -12.750
   -12.261
    -3.784
    -6.504
   -23.430
   -19.639
    -8.536
     0.898
    -9.754
   -16.944
   -12.111
    -5.340
   -14.086
   -13.525
   -17.662
   -26.563
   -23.379
   -18.852
   -22.136
   -18.723
   -12.733
   -14.058
   -11.213
    -6.703
    -3.586
    -5.618
    -6.144
    -8.787
    -9.963
    -6.131
    -8.461
    -9.520
   -11.110
   -10.678
   -10.564
    -3.923
    -5.192
    -6.140
    -5.827
    -0.721
    -5.291
    -6.059
    -1.031
     0.806
     0.824
     0.162
     4.024
    -0.125
    -0.049
    -0.483
    -2.714
     5.117
     9.704
     6.349
     0.606
     4.148
     6.770
     6.550
     4.405
     7.108
     8.774
    12.321
     8.497
     4.946
     5.582
     4.237
     7.411
     5.326
     6.972
     5.941
     2.538
     2.496
     2.048
     1.433
    -0.893
    -2.339
    -0.134
     2.146
     2.768
     2.396
    -1.862
     1.405
     4.883
     4.182
     2.447
    -0.178
    -6.695
    -5.230
     5.692
     5.904
    -3.423
   -13.788
   -14.273
    -7.558
    -8.002
    -9.846
   -11.332
   -10.067
   -10.612
    -8.425
    -8.933
    -7.919
    -6.793
    -4.995
    -2.662
    -0.533
     2.891
     1.523
    -1.710
    -0.248
     0.251
     4.046
     1.311
    -0.048
     0.638
     2.107
     1.388
     1.435
     5.422
     5.615
     4.840
     6.412
     7.570
     8.109
     9.192
     7.713
     8.313
     9.004
     8.777
     9.672
    10.811
     9.349
     9.820
    10.926
    11.480
    13.183
    13.434
    12.329
    16.462
    17.551
    18.183
    15.847
    15.104
    15.053
    14.607
    14.545
    13.220
    13.449
    13.990
    12.915
     9.753
     8.228
     7.230
     8.225
     6.706
     6.225
     5.048
     4.863
     5.137
     4.376
     3.758
     1.284
    -0.416
    -0.436
    -1.599
    -2.293
    -4.310
    -4.093
    -4.167
    -4.435
    -6.777
    -9.297
    -9.777
   -11.053
   -13.464
   -11.838
   -14.752
   -17.267
   -18.475
   -19.560
   -19.405
   -19.423
   -19.122
   -19.716
   -20.303
   -19.788
   -22.238
   -23.361
   -21.106
   -19.378
   -19.087
   -18.248
   -17.186
   -15.649
   -12.224
   -12.127
   -14.214
   -14.129
   -12.385
    -9.571
    -8.263
    -4.837
    -6.292
    -6.089
    -8.320
    -3.457
    -5.550
    -5.449
    -7.146
    -4.994
    -4.926
    -3.750
    -0.329
     1.558
     0.798
    -0.025
     1.274
     0.854
     1.523
     4.263
     8.233
     8.458
     6.099
     7.955
    10.246
     6.414
     8.010
     8.642
    10.719
     9.723
     9.335
     8.651
     9.361
     7.730
     8.242
     7.798
     8.066
     9.282
     9.022
     7.776
     8.659
    11.574
     9.671
     8.349
     9.839
     8.919
    10.445
    11.830
    10.669
     9.672
     9.875
    10.545
    10.143
    10.232
    10.909
    10.725
     8.539
     7.988
     9.287
     6.260
     6.869
     5.756
     4.044
     6.614
     3.427
     5.281
     6.753
     6.228
     6.069
     6.189
     3.812
     4.297
     4.891
     3.468
     0.445
    -1.063
    -2.635
    -2.725
    -3.465
    -7.634
    -8.184
    -7.977
    -9.294
    -9.823
    -8.835
    -8.103
    -4.850
    -5.997
    -5.894
    -5.643
    -4.804
    -4.185
    -5.040
    -4.745
    -4.513
    -4.260
    -3.907
    -4.386
    -5.178
    -5.271
    -4.754
    -5.941
    -5.381
    -7.899
    -6.784
    -7.388
    -7.138
    -7.705
    -5.931
    -6.076
    -7.018
    -6.298
    -6.204
    -7.145
    -7.752
    -4.598
    -2.472
    -0.991
    -0.243
    -1.003
     0.547
     2.169
     3.846
     5.115
     3.445
     2.993
     2.479
     0.709
     0.756
    -1.996
    -3.880
    -3.631
    -3.508
    -3.122
    -2.729
    -3.368
    -2.835
    -3.668
    -1.468
     0.780
     0.732
     1.386
    -0.106
    -0.479
     1.471
     0.894
     1.350
     0.984
     2.624
     3.452
     4.616
     4.320
     3.186
     2.021
     4.146
     2.071
     1.265
     4.664
     5.152
     5.557
     6.326
     6.296
     5.727
     4.875
     6.433
     6.202
     5.492
     6.302
     7.898
     7.143
     6.573
     6.106
     7.663
     8.642
     4.564
     3.279
     2.140
     2.118
     0.715
    -0.104
    -1.773
     0.528
    -0.321
    -1.753
    -3.449
    -3.294
    -2.646
    -4.214
    -3.917
    -5.222
    -6.436
    -7.115
    -3.832
    -2.672
    -2.502
    -0.421
    -1.980
    -1.121
    -1.009
    -2.746
    -2.737
    -3.746
    -4.479
    -4.895
    -6.341
    -5.839
    -4.433
    -4.383
    -2.520
    -3.078
     1.446
     1.685
    -0.283
    -2.011
    -1.993
    -3.016
    -4.965
    -3.342
    -1.304
     0.418
     1.251
     0.960
    -1.929
    -0.007
     0.286
    -1.094
    -6.371
    -8.878
    -7.605
    -7.902
    -6.322
    -7.035
    -8.014
    -6.450
    -3.308
    -6.802
    -9.598
    -8.035
    -6.050
    -2.984
    -4.416
    -1.780
    -0.559
     1.092
     2.772
     2.676
     3.584
     1.807
     2.368
     0.933
     3.604
     5.762
     6.547
     7.462
     8.738
     7.947
     9.193
    12.298
    11.541
    12.572
    12.045
    12.672
    15.460
    15.776
    14.849
    15.518
    13.489
    13.347
    12.658
    12.602
    11.743
    10.318
     4.456
     5.108
     0.543
    -2.699
    -2.734
    -5.960
    -8.284
   -11.054
   -10.476
   -10.243
    -7.936
    -5.980
    -6.057
    -5.289
    -3.614
     0.220
     1.728
    -0.001
     2.346
     2.862
     3.409
     2.949
     1.160
     1.639
     1.552
     4.665
     0.934
    -0.609
    -0.958
    -1.019
    -2.578
    -2.454
    -0.630
    -0.343
    -0.935
     0.082
     0.270
    -1.565
    -2.862
    -3.614
    -3.823
    -7.823
    -7.706
    -9.360
    -6.221
     2.713
    -5.304
    -7.706
    -8.473
    -6.694
    -6.235
    -1.565
    -3.664
    -5.210
    -6.752
    -5.569
    -2.538
    -2.854
    -1.283
    -1.665
    -3.132
    -1.597
    -4.393
     0.523
     3.703
     2.434
     1.798
     4.551
     5.666
    -2.518
    -4.643
    -6.401
    -2.827
    -2.253
     0.948
     0.748
    -0.170
    -2.401
    -3.935
    -4.470
    -1.986
    -3.434
    -3.050
    -3.271
    -2.298
    -2.356
    -3.537
    -2.903
    -1.733
    -1.466
    -1.874
    -2.036
    -1.886
    -3.455
    -2.026
    -2.270
    -1.758
    -1.201
     0.946
     4.479
     2.957
    -1.988
    -2.095
     2.305
     3.291
     4.889
     4.959
     4.525
     4.561
     5.274
     5.623
     5.030
     5.526
     5.036
     3.763
     3.307
     1.338
     2.185
     3.126
     1.996
     2.238
     4.649
     5.863
     5.729
     5.223
     5.216
     4.708
     4.421
     5.557
     5.617
     5.391
     5.278
     5.265
     5.143
     3.554
     2.753
     0.969
     2.522
     1.906
     3.578
     2.123
     1.960
     1.847
     2.901
     2.251
     1.956
     2.266
     1.760
     0.925
     1.985
    -0.435
    -2.066
    -3.187
    -2.646
    -2.530
    -2.514
    -3.185
    -4.487
    -3.759
    -3.178
    -3.044
    -3.250
    -4.726
    -4.153
    -3.742
    -3.620
    -2.610
    -1.524
    -3.246
    -3.724
    -4.120
    -3.258
    -3.077
    -4.353
    -4.411
    -5.456
    -3.790
    -4.298
    -1.458
     0.030
     1.300
     0.018
    -2.761
    -3.465
    -2.680
    -0.826
    -0.253
     0.277
     1.801
     1.459
     2.221
     0.318
     0.366
     1.342
     2.780
     3.615
     2.587
    -2.859
    -2.470
     0.105
     1.767
     2.782
     3.816
     2.588
     1.337
     1.802
     2.307
     1.977
     3.051
     0.593
     2.079
     0.469
    -0.042
    -0.370
     0.011
    -1.607
    -2.066
    -0.577
    -1.944
    -2.725
    -2.821
    -2.587
    -1.063
    -0.991
    -2.188
    -3.621
    -1.472
    -2.006
    -2.579
    -2.190
    -1.751
    -1.194
    -1.774
    -1.319
    -0.788
     0.367
     1.361
     0.707
     0.606
     1.183
     1.691
     1.782
     1.345
     1.890
     2.888
     1.935
     0.379
    -0.227
     1.769
     0.410
     1.113
     0.611
     0.456
    -0.045
     1.197
     0.770
     2.821
     2.129
     1.428
     2.798
     0.814
    -0.050
    -0.039
    -2.021
    -1.639
    -1.940
    -1.543
    -1.343
    -1.625
    -1.030
    -0.171
    -1.593
    -3.178
    -2.228
    -1.957
    -0.821
    -1.092
    -1.583
    -0.263
    -1.815
     0.211
    -0.432
    -1.073
    -0.921
    -0.894
    -1.364
    -0.981
    -2.413
    -1.120
    -0.807
    -0.535
    -1.286
     0.009
     0.087
     0.699
    -0.267
    -0.381
    -0.396
     0.468
     0.632
     0.007
     0.410
    -0.087
     0.899
    -0.279
     1.114
     0.786
     0.279
     1.248
     1.800
     1.338
     1.362
     0.519
     0.863
     0.857
    -0.228
     0.476
    -0.049
     1.285
     0.289
     2.078
     0.865
     1.165
     0.959
     1.312
     1.444
     0.516
     0.949
     1.887
     0.289
     0.672
    -0.140
    -1.129
     0.730
     0.242
    -0.040
    -0.027
    -0.366
    -0.370
    -1.437
    -0.450
     0.462
     1.532
     0.943
     0.251
     1.812
     2.804
     4.046
     5.420
     6.053
     6.628
     6.839
     8.062
     5.999
     5.165
     3.891
     4.682
     3.953
     2.207
     1.241
     1.884
     0.956
     0.677
     1.192
     1.159
     1.058
     0.907
     1.977
     2.294
     1.334
     1.419
     1.641
     2.058
     1.410
    -1.823
    -1.018
    -0.732
    -0.643
    -1.328
    -2.537
    -1.531
    -2.381
    -2.219
    -3.218
    -3.049
    -4.119
    -3.771
    -4.626
    -4.283
    -3.845
    -3.875
    -3.668
    -3.575
    -3.340
    -3.664
    -4.241
    -4.583
    -5.708
    -5.894
    -6.419
    -5.689
    -5.008
    -5.437
    -4.947
    -5.589
    -6.961
    -6.942
    -7.511
    -5.587
    -5.925
    -6.032
    -4.012
    -3.366
    -4.310
    -2.983
    -0.634
    -1.338
    -0.546
    -1.007
    -0.862
    -0.410
    -0.879
    -1.091
    -0.435
    -1.001
    -0.329
    -0.580
    -1.167
     0.426
     0.286
     0.340
     0.478
    -0.105
    -0.379
    -0.053
    -0.509
     0.721
    -0.565
     2.191
     0.784
     0.028
     1.485
     2.904
     0.381
     0.126
     1.612
     2.959
     3.342
     2.232
     2.149
     3.206
     3.446
     3.963
     6.233
     8.394
     7.612
     9.206
    10.180
    10.652
     8.332
     6.282
     6.673
     6.196
     4.329
     2.967
     3.017
     2.919
     1.347
     0.842
     1.113
     0.968
     1.827
     1.617
     1.219
     1.796
     2.266
     0.394
     1.219
     2.073
     1.874
     3.527
     3.073
     0.739
     0.231
     0.125
    -0.345
     0.121
     1.546
     0.602
    -0.723
    -0.136
    -0.984
    -2.448
    -0.230
     0.327
     0.312
    -1.028
    -0.407
    -1.000
    -0.899
    -0.650
    -0.299
     0.370
     1.782
     1.545
     0.942
    -0.268
    -0.227
     0.101
    -0.798
    -3.087
    -2.219
    -1.174
    -0.706
    -0.415
    -0.631
    -1.893
    -2.502
    -3.350
    -1.691
    -1.830
    -0.524
    -1.224
    -3.816
    -1.955
    -1.566
    -1.769
    -2.562
    -1.697
    -3.159
    -1.752
    -1.444
    -2.990
    -2.447
    -3.008
    -3.333
    -3.922
    -3.169
    -2.801
    -2.590
    -2.725
    -3.876
    -3.346
    -1.075
    -0.647
    -1.109
    -1.171
    -2.333
    -2.880
    -3.270
    -3.021
    -2.934
    -1.994
    -2.443
    -1.976
    -1.048
    -1.555
    -0.882
    -1.167
    -0.797
     0.563
     0.044
    -0.619
     0.397
    -0.949
    -0.640
    -0.638
    -0.586
    -0.650
     0.208
    -0.967
    -0.112
     1.298
     0.624
     0.463
    -0.497
    -0.862
    -0.361
    -0.322
     0.138
     1.607
    -0.042
    -0.763
    -0.053
     1.110
     2.239
     2.918
     3.648
     4.814
     3.722
     3.129
     3.332
     3.331
     4.268
     3.926
     4.360
     6.733
     5.716
     5.581
     4.224
     4.334
     4.180
     4.399
     2.590
     0.170
    -0.439
    -0.633
     0.981
    -0.739
    -1.219
    -1.665
    -2.114
    -2.316
    -2.570
    -1.596
    -2.050
    -2.463
    -0.871
    -0.311
     0.009
     0.288
     1.142
     1.204
     0.894
    -0.362
     0.254
     0.563
     0.807
     1.013
     1.031
     0.948
     0.030
    -1.262
     0.158
    -1.662
    -2.946
    -0.914
    -1.876
    -2.205
    -1.989
    -2.775
    -4.074
    -3.339
    -3.497
    -3.116
    -2.601
    -1.918
    -2.685
    -1.582
     0.761
    -0.075
     0.013
    -0.196
     0.033
     0.236
     1.588
     1.437
     1.682
     0.955
     0.163
     1.200
     0.567
     0.360
     1.746
     1.852
     1.821
     1.446
     2.175
    -0.266
    -1.614
     0.348
     0.713
     2.462
     3.684
     3.047
     2.111
     3.086
     1.631
     2.965
     0.809
     1.643
     3.083
     3.210
     3.138
     2.144
     1.458
     0.531
    -0.014
    -0.307
     1.943
    -0.598
     0.514
     0.747
    -0.073
     0.608
    -0.667
    -0.744
    -0.332
    -0.150
    -1.717
    -2.026
    -2.252
     0.489
     0.554
     0.909
     0.572
     1.432
    -0.903
    -1.907
    -0.413
    -0.877
    -1.188
    -0.781
    -1.253
    -0.722
    -0.813
    -1.613
    -1.042
    -1.198
    -0.388
    -1.249
    -2.061
    -0.858
     0.509
    -0.723
    -0.370
    -0.614
     0.132
    -0.455
    -2.029
    -1.191
    -1.405
    -1.919
    -1.540
    -2.386
    -1.386
    -2.200
    -0.084
    -0.507
    -0.724
    -2.249
    -2.059
     0.291
     0.410
    -0.225
    -0.044
     0.512
     0.289
    -0.012
    -1.140
    -1.327
    -0.370
    -2.061
    -3.183
    -4.853
    -4.596
    -4.044
    -4.857
    -3.283
     0.498
     1.836
     1.829
     3.652
     0.949
     2.369
    -0.467
     0.671
     0.492
     0.811
     1.361
     0.613
    -0.014
     1.460
     0.472
     0.180
    -0.077
    -0.226
     1.184
    -0.653
    -0.520
    -1.497
     0.870
     1.592
     0.625
    -2.164
    -3.614
    -3.304
    -2.139
    -1.741
    -1.586
    -4.071
    -3.623
    -4.939
    -2.723
    -2.201
    -2.307
    -1.306
    -0.516
    -2.791
    -3.022
    -3.238
    -1.548
    -1.017
    -1.647
    -2.266
    -1.788
    -4.546
    -3.759
    -4.320
    -2.382
    -1.999
    -0.096
     1.534
     8.250
     5.849
     0.745
     4.131
     9.496
    13.706
    12.657
    11.430
     9.712
     9.867
     8.755
     7.288
     5.805
     1.740
     1.047
     0.433
    -1.160
    -3.407
    -1.596
    -1.245
    -2.178
     0.720
     3.198
     4.220
     8.239
    10.894
    10.803
     7.859
     6.409
     6.075
     7.423
     5.867
     1.589
    -1.253
    -7.621
    -5.597
    -6.128
    -4.862
    -2.894
    -2.312
     1.202
     2.456
     0.774
     2.689
     3.722
     4.381
     4.783
     3.098
     3.431
     4.447
     3.301
     4.583
     8.454
    10.991
    11.822
    12.751
    12.834
    13.280
    11.434
    12.666
    11.735
     3.741
    -4.146
    -5.968
    -1.702
    -0.148
    -1.915
   -10.881
    -8.165
     0.921
     0.230
    -5.173
    -8.577
    -9.887
   -14.323
   -19.201
   -25.878
   -26.071
   -23.015
   -17.811
   -16.812
   -17.860
   -17.983
   -15.265
   -13.496
   -12.993
   -15.211
   -13.850
   -10.772
    -6.619
    -6.322
    -5.846
    -7.462
    -7.152
    -7.278
    -7.034
    -8.941
    -9.127
    -6.845
    -6.909
    -5.725
    -5.361
    -5.385
    -3.158
    -0.136
     1.887
     3.894
     5.747
     5.122
     4.024
     4.312
     5.222
     6.326
     5.036
     5.369
     6.472
     6.434
     5.885
     5.223
     5.126
     5.870
     3.366
     3.029
     1.500
     0.682
     0.593
     0.833
     1.178
     2.467
     2.797
     2.857
     3.700
     3.340
     3.796
     4.449
     4.610
     4.853
     5.275
     5.322
     5.895
     6.018
     6.205
     6.730
     7.033
     7.563
     7.164
     6.513
     7.170
     7.122
     7.192
     6.958
     7.082
     7.141
     7.183
     7.073
     7.174
     7.132
     7.176
     7.058
     7.091
     6.982
     7.002
     6.851
     6.838
     6.663
