     6.183
     6.084
     5.946
     5.822
     5.659
     5.510
     5.332
     5.186
     4.982
     4.805
     4.585
     4.374
     4.111
     3.832
     3.562
     3.262
     2.916
     2.532
     2.196
     1.786
     1.279
     0.966
     0.578
     0.421
    -0.035
    -0.270
    -0.658
    -1.078
    -1.466
    -1.978
    -2.131
    -2.548
    -3.204
    -3.778
    -4.429
    -5.156
    -5.646
    -6.114
    -6.101
    -6.479
    -6.772
    -7.152
    -7.470
    -8.065
    -8.316
    -8.962
    -9.287
    -9.127
    -9.784
   -10.855
   -11.211
   -11.894
   -11.411
   -12.221
   -12.671
   -13.220
   -13.637
   -13.031
   -14.304
   -14.600
   -13.363
   -13.414
   -14.185
   -13.327
   -12.707
   -11.929
   -10.937
    -9.426
    -6.176
    -4.889
    -3.156
    -1.194
    -0.579
     1.642
     1.796
     1.622
     2.459
     3.562
     4.846
     5.027
     6.323
     6.549
     6.553
     8.090
     8.753
     8.756
     9.526
     9.186
     8.985
     7.543
     8.452
     8.327
    10.906
     9.845
    11.018
     9.724
     9.146
     8.567
     8.274
     8.360
     7.398
     6.281
     5.267
     5.129
     5.275
     4.269
     4.290
     4.403
     3.654
     2.569
     3.637
     2.958
     2.530
     3.705
     2.160
     0.660
     1.405
     1.014
     0.856
    -0.537
     0.519
     0.135
    -0.307
    -0.119
    -2.439
    -0.728
    -2.409
    -0.786
    -0.635
    -0.152
    -1.274
    -1.567
    -2.751
    -3.944
    -3.616
    -4.063
    -2.732
    -1.926
    -3.032
    -3.607
    -4.221
    -4.116
    -4.708
    -3.667
    -2.277
    -3.178
    -2.726
    -4.033
    -3.975
    -3.022
    -2.892
    -2.387
    -2.888
    -3.813
    -1.569
    -1.417
    -1.083
     0.929
    -0.085
     0.049
    -1.831
    -1.794
     1.058
     2.618
     2.387
     4.056
     3.600
     3.230
     3.049
     3.733
     3.495
     2.873
     2.754
     4.152
     2.112
     2.976
     3.710
     4.184
     5.680
     4.945
     6.878
     5.566
     4.449
     1.995
     3.327
     3.460
     5.511
     3.535
     5.650
     4.417
     3.036
    -0.107
    -0.556
    -2.702
    -0.899
    -0.320
     1.685
     0.526
     3.086
     1.159
     2.273
    -0.713
    -0.424
    -2.683
    -4.139
    -6.040
    -3.365
    -0.713
    -1.184
    -3.024
    -2.397
    -4.515
    -4.770
    -8.759
    -8.339
    -7.290
    -7.742
    -7.978
    -9.302
   -10.350
   -10.176
    -8.078
    -7.175
    -7.997
    -9.751
    -7.498
    -7.761
    -5.067
    -5.946
    -4.020
    -1.620
    -2.214
     0.272
     0.590
     5.875
     6.814
     7.266
     9.118
     8.053
     7.632
     7.141
     7.504
     6.148
     4.930
     4.345
     1.327
     1.794
     2.276
     1.643
     2.079
     2.234
     5.214
     4.630
     2.062
     0.051
    -0.761
    -0.226
     2.077
    -0.184
     0.241
    -0.398
    -0.766
    -3.056
    -2.255
    -2.386
    -1.310
    -1.943
    -0.597
    -1.354
    -0.545
    -1.134
    -0.043
     0.718
     1.208
     0.043
     0.119
    -1.703
    -1.939
    -1.635
    -2.352
    -1.633
    -2.205
    -1.511
    -1.979
    -2.522
    -1.547
    -1.965
    -0.842
    -1.066
    -2.239
    -4.058
    -2.400
    -2.458
    -2.164
    -1.795
    -1.888
    -2.108
    -3.108
    -1.318
    -0.975
    -1.017
    -0.932
    -0.778
     1.014
     1.086
     1.396
     1.061
     0.574
     1.119
     0.934
     1.363
     0.723
     3.964
     1.140
     0.329
     1.487
     2.952
     1.370
     1.566
     3.222
     2.719
     6.097
     3.935
     4.279
     4.792
     4.962
     5.173
     6.509
     5.811
     4.288
     4.279
     4.122
     4.022
     3.882
     2.777
     2.473
     4.275
     2.990
     3.491
     3.360
     4.262
     4.924
     4.791
     4.471
     3.753
     2.949
     2.790
     2.058
     2.404
    -1.426
    -0.512
    -1.011
    -3.810
    -3.202
    -3.232
    -4.582
    -3.598
    -4.934
    -3.567
    -4.131
    -3.313
    -3.369
    -3.620
    -2.272
    -1.623
    -2.738
    -2.591
    -3.563
    -1.258
    -0.080
    -0.206
     0.224
     1.000
     1.381
     0.967
     2.140
     0.600
     0.716
     0.870
     1.170
     0.641
     0.950
     0.851
     1.267
     1.798
    -0.206
     0.433
     0.366
     0.008
    -0.896
    -1.226
    -1.923
    -2.615
    -1.841
    -2.118
    -2.651
    -2.812
    -2.980
    -2.646
    -2.496
    -3.144
    -3.217
    -4.265
    -4.296
    -4.677
    -5.569
    -3.770
    -6.261
    -6.420
    -7.194
    -9.406
    -8.486
    -6.895
    -5.669
    -5.328
    -4.072
    -4.521
    -4.980
    -3.490
    -2.802
    -3.134
    -3.616
    -3.073
    -0.348
     1.008
     3.622
     5.906
     5.764
     3.144
     2.136
     1.020
     2.481
     3.559
     3.292
     3.980
     2.000
     0.473
     1.262
     2.268
    -0.284
     1.063
    -0.242
     2.211
    -0.444
    -0.449
     0.472
     2.848
     1.967
     2.846
     1.540
     2.201
     1.695
     0.676
    -2.138
    -0.791
     1.474
     1.185
     3.025
     1.176
     2.179
     0.774
     1.055
     1.325
     2.658
     1.762
     2.499
     3.682
     2.397
     1.703
     0.498
     0.132
     0.904
    -0.579
     1.231
     2.938
     2.244
     2.167
     3.116
     2.130
     1.461
     1.841
     2.465
     2.543
     1.610
     1.955
     2.072
     1.141
     1.083
     1.946
     1.672
     0.948
     1.320
     1.440
     0.802
    -0.432
     1.260
     2.692
     2.642
     1.373
     2.610
     1.676
     1.375
    -0.074
    -0.197
    -0.372
    -0.915
    -1.916
    -1.264
    -1.060
    -1.357
    -1.101
    -1.707
    -1.167
    -0.758
     0.215
     0.849
     1.036
     2.358
     1.704
     2.498
     2.404
     2.420
     2.123
     2.020
     1.586
     1.710
     2.410
     3.311
     2.614
     1.547
     0.687
     2.652
     3.451
     2.253
     1.989
     0.919
     0.773
     1.045
     1.397
     2.091
     1.263
     1.096
     0.568
     0.031
     0.062
    -0.349
    -0.340
    -0.424
     0.022
     1.339
     0.182
     1.428
     1.548
     1.875
     1.741
     0.171
    -0.906
    -0.536
    -1.886
    -1.409
    -3.693
    -3.757
    -4.033
    -4.287
    -5.175
    -5.295
    -6.023
    -7.508
    -8.184
    -8.167
    -7.170
    -7.662
    -7.226
    -6.100
    -8.026
    -7.486
    -7.718
    -7.782
    -7.539
    -6.984
    -7.247
    -6.561
    -5.449
    -5.770
    -4.398
    -5.209
    -5.282
    -4.350
    -4.935
    -4.110
    -4.066
    -3.470
    -2.172
    -3.795
    -3.485
    -3.274
    -1.949
    -1.885
    -2.164
    -3.763
    -3.575
    -4.874
    -3.810
    -2.770
    -1.885
    -2.840
    -1.824
    -0.186
     0.523
    -0.507
     1.707
     0.311
     2.100
     3.079
     2.781
     3.243
     4.600
     5.133
     4.094
     3.289
     3.822
     1.372
     3.642
     4.159
     6.097
     5.092
     4.835
     5.702
     5.890
     5.672
     5.141
     6.620
     5.369
     5.341
     5.899
     4.835
     5.428
     6.276
     6.039
     4.489
     4.598
     5.572
     5.565
     4.842
     5.464
     5.934
     6.911
     5.320
     7.677
     5.878
     5.599
     7.148
     6.492
     6.615
     7.544
     8.305
     6.562
     6.372
     6.182
     6.980
     5.522
     6.993
     6.534
     6.718
     6.757
     6.080
     5.501
     7.286
     7.286
     6.360
     7.850
     6.534
     5.572
     3.502
     1.166
    -1.268
    -2.343
    -4.164
    -5.531
    -6.308
    -7.958
    -8.592
    -8.238
    -7.812
    -6.127
    -5.695
    -4.958
    -6.238
    -5.490
    -4.911
    -4.170
    -3.768
    -3.943
    -1.381
    -0.983
    -0.299
    -1.470
    -1.430
    -2.128
    -1.509
    -0.650
     0.757
    -0.422
    -0.450
    -1.298
    -0.759
    -0.759
    -2.246
    -1.407
    -2.845
    -2.062
    -3.760
    -3.631
    -4.466
    -4.865
    -4.558
    -4.709
    -5.523
    -5.718
    -4.845
    -5.405
    -5.174
    -4.649
    -5.911
    -5.324
    -5.443
    -4.130
    -4.448
    -3.695
    -4.938
    -4.873
    -4.903
    -4.217
    -6.640
    -6.136
    -8.044
    -9.464
    -8.543
    -8.895
    -8.315
    -9.215
    -8.461
    -8.419
    -9.376
   -10.512
    -8.871
    -9.498
    -7.410
    -9.075
    -8.461
   -10.241
    -9.002
    -9.718
    -7.644
    -5.484
    -5.044
    -4.789
    -4.137
    -2.101
    -2.159
    -1.723
    -1.038
    -1.192
    -1.120
    -2.052
    -0.495
     0.669
     0.023
    -0.186
     1.479
     0.563
     0.839
     1.077
     2.125
     2.992
     4.517
     5.339
     6.816
     7.314
     7.518
     8.372
     7.422
     5.938
     8.031
     8.176
    10.561
    11.485
    11.929
    11.221
    10.740
    12.882
    13.619
    14.065
    13.167
    14.230
    14.046
    12.719
    10.983
    12.294
    12.177
    11.905
    10.911
    11.188
    10.437
    10.857
    11.207
    12.308
    11.325
    11.280
    11.529
    11.715
    11.192
    11.685
    11.748
    12.266
    12.126
    12.233
    11.548
    11.754
    12.620
    11.326
    13.459
    12.777
    12.738
    14.222
    13.301
    14.184
    13.856
    12.777
    14.513
    13.140
    12.118
     9.570
    11.218
    12.380
     9.487
     6.283
     6.603
     0.208
    -4.390
    -7.406
    -9.186
   -13.294
   -16.667
   -21.374
   -23.905
   -26.620
   -26.271
   -28.120
   -30.503
   -30.978
   -32.339
   -34.777
   -34.701
   -35.308
   -33.280
   -31.653
   -30.860
   -30.371
   -27.653
   -27.172
   -24.324
   -24.104
   -22.448
   -18.754
   -16.475
   -14.437
   -10.520
    -9.814
    -7.156
    -4.541
    -1.240
    -1.096
    -0.851
     0.638
     0.427
     2.353
     1.999
     0.944
    -0.064
     0.791
     1.555
     0.998
     0.048
    -0.017
    -0.881
    -1.205
    -2.316
    -1.586
    -1.611
    -1.445
    -1.247
     1.413
     0.758
     0.818
     1.871
     0.741
     1.252
     0.853
     2.309
     1.053
     0.833
     1.293
     2.158
     2.565
     3.021
     3.297
     3.520
     4.973
     5.337
     6.415
     5.350
     3.678
     4.732
     1.601
     0.033
     0.111
    -0.277
     0.968
     3.494
     7.768
    12.295
    16.924
    16.925
    18.428
    17.946
    17.494
    17.227
    17.193
    17.928
    17.829
    17.402
    16.387
    12.591
     9.530
     6.347
     8.006
     8.217
     6.510
     3.732
     5.840
     2.822
    -0.062
    -0.371
    -0.094
     0.760
    -0.403
    -0.300
     0.178
     0.564
     1.590
     2.611
     2.531
    -0.131
     0.742
     0.905
     1.310
     3.501
     2.690
     2.520
     1.095
     3.481
     4.336
     5.082
     4.725
     4.722
     6.093
     7.727
     6.993
     6.622
     7.170
     7.275
     6.388
     4.319
     5.516
     4.245
     4.237
     5.200
     5.036
     4.532
     5.631
     4.758
     3.012
     2.556
    -0.235
    -3.368
    -2.695
    -3.793
    -4.306
    -8.005
    -7.343
    -9.742
    -9.658
    -9.534
    -9.786
    -8.992
    -9.539
    -7.368
    -7.753
    -8.612
    -9.366
    -7.569
    -5.022
    -5.293
    -5.871
    -4.880
    -4.418
    -4.533
    -4.199
    -4.981
    -3.168
    -3.408
    -3.895
    -2.345
    -1.950
    -2.986
    -1.826
    -1.813
    -1.141
    -1.123
    -0.206
     0.432
    -0.544
    -0.423
     0.879
     0.818
     0.446
     1.171
     1.917
    -1.659
    -3.913
    -4.635
    -5.967
    -7.543
    -8.498
    -8.851
    -6.992
    -7.596
    -9.554
   -11.748
   -11.336
    -9.946
   -10.730
   -11.219
   -12.674
   -12.923
   -14.470
   -14.291
   -15.774
   -16.774
   -18.292
   -18.682
   -18.577
   -17.396
   -14.939
   -16.972
   -19.346
   -22.330
   -23.932
   -23.493
   -27.889
   -30.384
   -32.703
   -30.899
   -29.688
   -29.484
   -29.785
   -30.000
   -29.429
   -26.448
    -4.526
    34.859
    28.595
    18.531
    18.838
    18.623
    18.185
    18.629
    19.458
    21.836
    23.435
    22.231
    19.824
    19.279
    19.500
    22.222
    22.157
    22.775
    26.328
    28.894
    29.774
    26.080
    21.150
    27.202
    33.713
    35.155
    38.369
    39.758
    38.362
    42.092
    41.369
    41.724
    41.609
    40.302
    42.043
    41.491
    37.726
    31.658
    31.282
    27.530
    30.156
    28.379
    30.907
    29.136
    28.188
    27.729
    26.160
    23.134
    20.733
    19.174
    18.150
    15.966
    11.563
     9.449
     3.728
    -2.727
    -5.178
   -14.500
   -21.221
   -25.702
   -26.941
   -32.359
   -35.261
   -34.292
   -35.879
   -35.653
   -34.725
   -31.331
   -28.842
   -31.089
   -31.548
   -31.692
   -33.547
   -36.367
   -36.735
   -35.357
   -34.151
   -35.980
   -34.353
   -30.393
   -29.799
   -30.304
   -29.822
   -26.607
   -27.109
   -28.404
   -25.846
   -27.389
   -27.424
   -26.974
   -26.070
   -26.041
   -23.940
   -25.127
   -28.287
   -29.722
   -29.992
   -29.866
   -31.962
   -29.015
   -24.902
   -19.885
   -17.449
   -14.813
   -14.075
    -9.905
   -10.794
   -10.170
    -8.520
    -7.562
    -6.412
    -5.856
    -6.247
     0.061
     5.806
     9.356
    13.496
    16.815
    19.205
    25.632
    29.823
    29.981
    34.016
    41.197
    48.590
    49.880
    51.081
    58.502
    50.269
    48.010
    62.619
    64.889
    44.976
    31.397
    34.703
    42.835
    30.929
    14.671
     6.740
     4.897
     4.437
    -5.809
    -8.513
    -7.981
   -12.780
   -12.291
    -8.288
    -4.497
    -3.954
    -2.926
   -11.043
   -14.237
    -4.299
    -0.123
    -3.792
     0.024
     3.863
     7.700
     8.276
     5.287
     6.494
     5.483
     7.850
     8.956
     4.849
     8.713
     8.822
    10.613
     5.939
    -1.493
   -13.078
   -23.731
    -9.855
    -0.101
    -1.583
    -7.479
    -9.823
    -3.405
     1.337
    -2.230
     1.278
     0.951
   -14.547
   -22.467
   -23.806
   -27.598
   -25.949
   -23.277
   -17.862
   -12.439
    -9.511
    -4.530
    -6.754
   -12.243
   -12.955
   -17.396
   -13.417
    -8.067
     0.149
    -1.010
     1.281
     4.767
     5.038
     7.603
     8.493
     8.963
     8.343
    15.578
    19.698
    23.716
    22.217
    17.280
    17.082
    12.266
    15.349
    15.240
    10.015
     8.164
     5.750
     3.462
     2.042
    -0.531
    -5.288
     0.760
     2.266
    -0.886
    -2.128
    -2.976
    -2.040
    -1.859
    -1.877
    -1.886
     0.769
     2.762
     3.159
     1.152
     2.694
     1.533
    -2.815
    -4.857
    -5.695
    -4.441
    -3.362
    -1.249
     1.329
     1.330
    -1.007
    -1.887
    -1.677
    -3.169
    -4.042
    -3.789
    -8.312
   -10.094
    -7.354
    -2.652
   -10.104
    -9.547
   -10.300
    -9.172
    -7.095
    -7.038
    -6.625
    -8.670
    -8.366
     2.283
     9.026
     2.568
    -6.124
   -10.087
    -7.809
    -3.965
    -4.297
   -10.999
   -16.560
   -16.246
   -17.493
   -19.667
   -21.388
   -20.360
   -17.309
   -15.191
   -11.544
   -10.784
   -10.219
    -8.891
    -6.151
    -5.626
    -5.852
    -7.922
    -6.622
    -3.476
    -2.463
    -3.308
    -4.414
    -4.298
    -4.602
     0.774
    -0.136
    -1.425
    -1.767
     5.148
     9.147
    10.067
     7.299
     5.176
     2.442
     4.467
     5.221
     6.257
    12.533
    14.322
    10.650
     6.917
     8.877
     3.589
     8.329
    12.461
    13.480
    18.011
    16.105
    23.929
    22.730
    22.209
    23.341
    23.188
    25.242
    21.812
    26.114
    29.036
    29.046
    24.142
    19.841
    17.787
    13.321
    12.804
     9.711
    12.110
    15.126
    12.816
    10.846
     5.787
     8.171
     7.100
     3.446
     2.672
     5.019
     7.104
     7.676
     1.670
     0.187
     0.938
    -3.334
    -5.846
    -8.070
    -9.877
    -8.939
    -6.337
    -8.409
    -7.801
   -12.904
   -11.566
    -5.359
    -9.216
   -17.576
   -16.029
   -13.754
    -3.131
    -2.597
   -14.955
    -9.520
    -6.539
   -12.071
   -14.551
   -16.655
   -24.595
   -21.929
   -21.040
   -22.065
   -14.595
   -13.517
   -11.279
    -7.417
    -4.034
    -4.125
    -3.297
    -4.025
    -5.229
    -9.847
   -10.820
    -9.485
    -9.464
    -9.120
    -8.859
    -4.860
    -5.064
    -2.087
    -3.351
    -1.168
    -0.319
    -2.236
    -2.653
     0.816
     3.856
     1.057
    -0.306
    -2.021
    -2.167
    -3.126
    -4.863
    -6.783
    -2.269
     3.214
     6.700
     1.031
     1.831
     7.035
     3.403
     1.605
     3.341
     7.866
     8.672
     7.677
     5.997
     3.917
     6.220
     6.597
     6.531
     6.105
     4.696
     4.070
     2.396
     1.010
     2.106
     1.820
    -0.104
     0.483
     0.977
     3.355
     2.616
     0.644
     2.872
     4.747
     8.038
     6.228
     3.197
    -2.262
    -1.628
     2.697
     9.200
    -3.255
    -9.929
   -10.116
    -8.005
    -5.556
    -7.649
    -8.640
    -8.878
    -8.101
    -6.851
    -6.696
    -7.023
    -5.509
    -5.065
    -3.339
    -0.366
     3.633
    -1.235
    -2.718
    -2.775
    -1.644
     0.693
    -2.413
    -1.932
    -0.032
     1.401
     0.420
     2.779
     1.404
     5.225
     5.784
     3.818
     5.692
     8.294
     8.000
     7.004
     6.600
     5.987
     8.029
     8.277
     8.860
    10.330
    10.871
    12.107
    12.606
    13.046
    13.723
    14.967
    15.483
    16.886
    15.353
    15.980
    15.609
    13.948
    13.740
    12.625
    12.410
    11.982
    11.799
    10.934
     8.541
     6.962
     6.680
     6.553
     8.240
     5.996
     4.102
     3.797
     1.867
     2.674
     1.624
    -0.332
    -2.456
    -3.826
    -2.349
    -3.721
    -4.631
    -7.332
    -6.086
    -7.406
    -8.917
    -8.803
   -12.764
   -11.443
   -13.305
   -13.635
   -13.511
   -17.711
   -17.163
   -18.072
   -17.305
   -18.188
   -17.438
   -18.358
   -18.188
   -17.338
   -18.015
   -17.656
   -18.255
   -16.131
   -14.839
   -14.433
   -14.253
   -12.096
   -11.532
    -9.407
    -9.990
   -10.966
   -10.006
    -8.132
    -6.570
    -7.284
    -5.678
    -7.270
    -6.617
    -5.565
    -5.910
    -5.357
    -4.498
    -4.011
    -4.568
    -1.075
    -0.373
     0.962
     1.671
     0.990
     2.041
     2.567
     3.508
     4.861
     8.211
     8.524
     8.600
     8.090
     9.209
     8.822
     4.877
     8.204
     9.376
     7.167
     6.408
     7.679
     8.510
     6.814
     5.532
     6.167
     7.006
     7.354
     8.225
     6.926
     8.103
     9.621
     8.744
     8.731
     7.313
     8.591
    11.660
    10.729
    10.495
    11.115
    11.189
    10.543
    10.395
    10.369
    11.507
     9.280
     7.287
     7.670
     6.499
     7.709
     6.424
     6.004
     5.454
     2.827
     2.266
     3.793
     4.715
     4.435
     6.442
     4.661
     5.052
     4.226
     5.540
     3.441
     1.928
     2.139
    -1.687
    -2.854
    -3.640
    -3.648
    -4.423
    -5.070
    -7.058
    -8.068
    -8.697
    -7.844
    -7.998
    -6.515
    -7.723
    -5.189
    -6.223
    -7.385
    -6.886
    -5.956
    -6.849
    -6.919
    -5.681
    -6.661
    -7.620
    -7.020
    -8.148
    -7.790
    -9.083
    -9.503
    -9.600
    -8.707
    -7.921
    -6.816
    -7.111
    -5.821
    -5.939
    -4.140
    -5.252
    -6.677
    -5.230
    -4.332
    -3.238
     0.726
     1.376
     0.162
     1.369
     4.232
     6.672
     5.965
     5.606
     5.225
     4.341
     4.070
     2.296
     1.044
    -0.785
    -2.603
    -2.272
    -3.328
    -2.697
    -2.230
    -3.787
    -4.299
    -1.809
    -0.102
     0.352
     1.985
     1.748
     1.332
     1.143
     3.167
     2.580
     2.733
     2.081
     4.266
     4.424
     4.291
     4.770
     3.340
     4.113
     2.005
     2.881
     4.021
     3.067
     3.331
     4.758
     4.345
     4.651
     4.086
     4.209
     5.658
     5.680
     5.627
     6.468
     5.926
     4.945
     5.005
     5.797
     6.302
     5.854
     5.373
     2.593
     2.181
     1.278
     0.321
    -0.991
     0.231
    -1.283
    -2.321
    -4.358
    -4.911
    -3.822
    -3.108
    -4.284
    -6.714
    -6.991
    -6.288
    -5.668
    -5.453
    -6.432
    -3.993
    -3.327
    -2.477
    -2.488
    -2.789
    -3.383
    -3.691
    -5.524
    -4.006
    -5.941
    -5.370
    -6.475
    -4.934
    -3.193
    -1.095
     0.077
     2.829
     1.871
     0.571
     0.352
    -1.073
    -4.029
    -4.245
    -2.593
    -0.974
    -0.620
     2.423
     1.898
    -0.595
    -1.712
    -1.316
    -4.362
    -7.367
    -6.957
    -4.721
    -4.811
    -5.862
    -3.914
    -3.588
    -3.387
    -3.771
    -3.099
    -4.983
    -2.539
    -3.387
    -1.134
    -1.459
    -0.708
     1.190
     4.187
     5.328
     4.605
     3.633
     0.593
     2.215
     3.050
     1.674
     5.893
     6.544
     6.110
     7.979
     7.646
     7.871
    10.129
    11.460
     9.818
    11.574
    12.635
    12.538
    14.245
    13.081
    13.475
    12.692
    10.193
    11.208
    10.309
     7.447
     6.263
     3.581
     1.404
     1.739
    -1.355
    -3.595
    -2.071
    -6.251
    -7.219
    -4.519
    -3.537
    -2.547
    -2.759
    -1.637
    -1.564
    -0.585
     0.228
     1.184
     0.588
     0.920
     2.007
     0.447
    -0.135
    -0.316
    -0.187
    -0.459
    -1.114
    -1.858
    -3.888
    -4.927
    -3.998
    -4.635
    -3.977
    -2.906
    -3.635
    -2.694
    -2.209
    -2.678
    -4.078
    -4.483
    -7.345
    -6.904
    -9.245
    -9.448
    -8.269
    -8.038
    -8.008
   -10.339
    -7.992
    -7.688
    -5.909
    -5.790
    -5.079
    -6.484
    -6.318
    -4.657
    -2.548
    -2.379
    -0.780
    -0.460
     2.742
     0.006
     0.354
     0.143
     1.201
     1.327
     0.656
     0.111
     0.865
    -1.329
    -4.543
    -2.809
    -1.848
     0.325
     1.170
     2.765
     1.670
     0.332
    -0.008
    -0.422
    -0.301
    -1.252
    -2.046
    -1.008
    -1.177
    -0.680
    -1.279
    -0.525
    -1.337
    -0.419
     0.354
    -0.303
     0.286
    -0.064
     0.792
     0.250
     0.631
     1.343
     3.031
     5.232
     3.781
     0.628
     1.091
     0.920
     4.852
     5.294
     5.177
     6.240
     4.526
     4.729
     5.113
     4.748
     4.231
     3.269
     2.268
     1.409
     1.367
     2.037
     3.567
     1.797
     2.879
     3.416
     4.714
     5.003
     4.563
     3.609
     5.506
     6.334
     6.065
     5.807
     6.060
     5.873
     5.979
     4.155
     4.187
     3.781
     2.269
     2.161
     3.844
     3.161
     2.200
     2.169
     2.770
     3.260
     3.425
     2.288
     2.033
     0.895
    -0.789
    -0.040
    -0.156
    -1.759
    -4.537
    -4.967
    -3.783
    -5.162
    -4.310
    -5.744
    -4.428
    -5.934
    -4.582
    -4.502
    -5.631
    -4.330
    -4.574
    -5.352
    -4.830
    -3.964
    -4.186
    -5.683
    -5.134
    -4.157
    -5.626
    -5.517
    -6.854
    -6.871
    -5.584
    -5.411
    -5.358
    -2.757
    -0.262
    -2.259
    -3.109
    -3.849
    -1.673
    -0.683
    -1.114
    -0.407
     1.139
     2.843
     2.835
    -0.207
    -0.893
     0.965
     2.039
     2.530
     0.073
    -1.085
    -1.664
    -1.147
    -0.081
     2.659
     1.971
     1.371
     2.085
     2.531
     2.110
     2.242
     2.355
     1.622
     0.985
     1.128
    -0.074
    -0.421
    -0.398
    -1.127
    -1.021
    -1.200
    -0.481
    -2.220
    -1.696
    -0.361
     0.756
     0.491
    -0.818
    -1.516
    -0.733
     0.351
     1.056
     0.572
     1.141
     0.551
     0.927
     1.289
     0.683
     1.822
     2.140
     1.858
     1.889
     2.743
     2.941
     4.385
     2.197
     1.905
     2.305
     1.781
     1.015
     0.474
     0.977
     1.176
     1.383
     1.414
     1.276
     1.006
     1.568
     2.436
     3.426
     2.086
     4.615
     2.179
     2.464
     0.937
     0.821
    -0.879
     0.268
    -0.158
     0.028
    -0.402
    -0.255
     0.416
     0.804
     0.843
     0.748
     0.407
    -0.742
    -2.854
    -1.155
    -1.368
    -1.614
    -2.131
    -1.642
    -1.206
    -1.826
    -1.586
    -2.118
    -1.804
    -3.254
    -1.400
    -1.570
    -2.214
    -1.262
    -2.546
    -1.831
    -1.791
    -1.577
    -1.957
    -0.707
    -1.488
    -0.968
    -0.929
    -1.302
    -1.664
    -0.559
    -1.055
    -0.625
    -0.837
     0.036
     0.155
     1.488
     0.431
     1.012
     0.605
     0.861
     0.333
    -0.858
    -0.848
    -1.147
    -1.757
    -1.268
     0.416
    -0.571
    -2.536
    -1.428
    -1.383
    -1.074
     0.010
    -0.609
    -0.587
     0.140
    -1.184
    -0.993
    -1.887
    -2.683
    -0.401
    -0.834
    -1.434
    -2.367
    -2.422
    -0.411
    -0.270
    -0.938
     0.536
     0.911
     0.492
     1.767
     3.153
     3.696
     4.251
     6.174
     6.011
     7.414
     7.064
     6.687
     5.918
     6.485
     6.042
     5.419
     3.903
     2.989
     3.125
     2.281
     1.170
     1.763
     0.769
     1.679
     1.661
     1.298
     2.169
     2.028
     1.550
     2.115
     1.029
     1.243
     0.641
     0.610
     0.845
     0.225
     0.460
    -0.375
    -1.529
    -0.251
    -0.392
    -2.048
    -1.899
    -1.867
    -2.971
    -3.671
    -4.103
    -3.577
    -3.821
    -2.227
    -1.549
    -2.772
    -2.735
    -2.510
    -4.014
    -2.425
    -3.832
    -3.562
    -3.130
    -4.095
    -3.864
    -3.049
    -3.844
    -4.227
    -3.476
    -4.093
    -2.862
    -4.757
    -3.453
    -3.383
    -3.233
    -4.230
    -3.176
    -2.692
    -2.968
    -1.894
    -1.286
    -1.584
    -1.972
    -1.250
    -0.760
    -0.407
    -0.297
     0.466
     0.989
    -0.170
     0.546
    -0.040
     0.409
     0.344
    -0.263
    -0.785
     0.666
    -0.032
    -0.497
     0.762
     1.490
     0.628
     0.063
     0.230
     0.662
     0.629
    -0.652
    -0.134
     0.704
     1.874
     0.415
    -0.136
    -0.337
     0.934
     1.632
     2.655
     3.392
     2.286
     4.295
     5.107
     5.890
     6.498
     5.375
     5.206
     5.594
     6.218
     4.507
     4.008
     3.679
     3.479
     2.292
     2.217
     2.608
     1.244
     1.725
     2.039
     1.055
     1.475
     0.801
     1.695
     1.289
     1.840
     1.641
     2.934
     2.833
     0.746
     1.063
     1.237
    -0.421
     0.413
    -0.931
    -0.167
     0.398
    -0.285
    -1.087
    -2.104
    -2.814
    -3.253
    -2.886
    -2.374
    -2.255
    -1.357
    -3.356
    -1.386
    -1.295
    -0.133
     1.644
     0.874
     0.572
    -1.040
     0.635
    -0.661
    -0.604
    -1.749
    -2.515
    -0.427
    -1.697
    -0.664
    -0.368
    -1.572
    -1.390
    -0.888
    -1.099
    -1.288
    -0.806
    -1.072
    -0.536
    -1.053
    -0.252
    -0.509
    -1.280
    -1.504
    -1.319
    -1.358
    -1.478
     0.095
    -1.492
    -1.405
    -1.268
    -0.804
    -0.203
    -1.217
    -2.066
    -1.971
    -0.881
    -2.307
    -2.210
    -1.764
    -2.299
    -1.135
    -2.414
    -2.626
    -3.180
    -2.337
    -2.277
    -1.171
    -1.842
    -0.405
    -1.037
    -2.440
    -0.602
     0.163
    -1.833
    -0.060
    -0.021
     1.119
     0.185
     0.838
    -0.147
    -1.400
    -1.496
    -1.489
    -1.937
    -1.763
     0.307
    -0.479
    -0.312
     0.144
    -0.072
     0.483
     1.845
     1.570
     3.126
     2.744
     1.379
     2.095
     3.421
     3.339
     3.611
     3.667
     2.719
     3.791
     3.161
     3.621
     3.605
     4.606
     4.537
     4.018
     4.433
     5.948
     5.392
     3.906
     4.029
     3.303
     4.031
     3.639
     3.086
     1.384
    -0.187
     0.399
     0.677
    -1.123
    -2.342
    -2.662
    -2.795
    -2.349
    -2.417
    -2.461
    -3.396
    -1.808
    -0.810
    -1.002
    -0.395
    -0.740
    -0.337
     0.539
     0.949
    -0.057
    -1.387
    -1.258
     0.075
     0.406
    -0.354
    -0.952
    -1.750
    -1.825
    -0.476
    -2.105
    -2.289
    -3.650
    -3.628
    -3.329
    -2.568
    -2.245
    -2.864
    -3.106
    -3.278
    -3.796
    -3.818
    -3.537
    -1.713
    -2.443
    -2.855
    -2.144
    -1.550
    -1.850
    -0.844
    -0.898
    -1.333
    -0.477
    -0.001
    -1.744
    -1.136
    -1.426
    -1.152
    -1.303
    -0.271
    -0.338
    -0.532
     1.127
     0.575
    -0.093
    -0.622
    -0.165
     0.612
     1.951
     2.013
     2.890
     2.968
     3.032
     1.918
     1.958
     2.681
     2.311
     2.358
     3.867
     3.282
     3.018
     2.177
     2.401
     1.211
     1.640
     1.199
     0.510
     1.281
     1.323
     0.655
     0.464
     1.095
     0.711
     0.323
     0.158
     1.004
     1.814
     1.288
     2.345
     2.569
     2.567
     3.108
     1.894
     0.854
     0.867
     0.655
     0.716
     0.372
     0.219
     1.533
     0.995
     1.318
     0.017
    -0.167
     0.541
     1.751
     0.959
    -0.196
     0.214
     0.869
     0.616
     0.431
     0.736
    -0.615
     0.394
     0.602
    -0.699
    -0.868
    -0.193
    -1.755
    -0.463
    -0.873
    -0.382
    -0.524
     0.572
    -0.183
    -0.579
     0.073
     1.613
     1.242
     1.486
     0.874
     0.237
     0.480
     0.498
    -0.951
    -0.471
    -1.542
    -1.561
    -3.113
    -4.686
    -5.570
    -3.725
    -4.895
    -4.646
    -2.089
    -0.838
     0.330
    -0.084
     0.145
     0.183
    -0.057
    -0.103
     0.430
     0.443
     0.950
     0.343
    -0.751
    -2.005
    -3.168
    -2.876
    -3.216
    -1.580
    -2.538
    -1.861
    -0.925
    -1.343
    -0.223
     0.732
    -1.067
    -2.542
    -2.801
    -4.082
    -3.889
    -3.687
    -2.937
    -4.384
    -5.047
    -6.772
    -5.436
    -4.990
    -5.246
    -3.659
    -3.470
    -4.150
    -4.903
    -2.887
    -4.794
    -3.334
    -2.824
    -3.340
    -5.481
    -7.616
    -6.028
    -6.366
    -4.289
    -2.564
    -0.858
     2.625
     4.272
     6.179
     4.549
     2.621
     7.044
    12.769
    13.574
    12.044
    11.097
     9.508
     9.031
     8.687
     5.555
     3.638
     0.557
    -0.432
    -0.812
    -1.780
    -1.751
    -3.000
    -1.494
    -0.299
     0.776
     3.923
     7.308
     9.490
    10.500
     8.447
     9.487
     6.439
     7.814
     8.397
     4.760
     2.104
    -3.836
    -4.439
    -6.260
    -4.478
    -1.596
     0.595
     2.620
     3.923
     3.663
     3.724
     5.940
     6.945
     8.024
     7.252
     8.776
     7.785
     7.255
     9.770
    11.607
    14.493
    15.882
    14.971
    15.768
    16.007
    14.535
    16.713
    14.840
    12.491
     1.296
    -1.979
     0.006
     5.742
     6.080
    -8.543
    -3.234
    -1.339
    -2.595
    -7.086
    -9.610
   -16.146
   -16.250
   -22.709
   -26.294
   -28.235
   -24.491
   -22.171
   -18.437
   -18.743
   -19.693
   -17.809
   -15.197
   -15.567
   -15.614
   -14.524
   -11.772
    -8.621
    -7.627
    -7.921
    -8.067
    -8.354
    -9.804
   -11.713
   -12.725
   -12.155
    -9.915
    -8.477
    -6.803
    -7.806
    -7.137
    -5.445
    -3.053
    -0.897
     2.332
     3.154
     4.485
     1.716
     2.561
     3.863
     4.482
     4.859
     5.082
     5.716
     5.709
     5.147
     5.034
     4.187
     4.006
     3.249
     2.407
     1.483
     0.508
     0.448
     0.658
     1.146
     2.397
     2.908
     3.453
     3.606
     3.622
     3.831
     4.391
     5.076
     5.374
     5.505
     5.631
     5.837
     6.043
     6.193
     6.489
     7.228
     7.269
     6.927
     6.694
     6.786
     7.083
     7.042
     6.931
     6.929
     6.971
     6.896
     6.911
     6.873
     6.848
     6.792
     6.770
     6.686
     6.641
     6.558
     6.496
     6.391
     6.302
