     4.245
     4.413
     4.755
     4.907
     5.230
     5.365
     5.680
     5.797
     6.096
     6.205
     6.471
     6.538
     6.754
     6.797
     7.012
     6.995
     7.102
     7.057
     7.134
     7.125
     7.139
     6.957
     6.998
     6.877
     7.016
     6.703
     6.825
     6.578
     6.439
     6.327
     6.399
     6.096
     5.512
     5.090
     5.014
     4.374
     4.156
     3.730
     3.169
     2.895
     2.635
     2.136
     1.685
     1.136
     0.591
     0.294
     0.206
    -0.695
    -1.151
    -2.261
    -2.323
    -3.601
    -3.739
    -4.459
    -4.893
    -6.071
    -6.398
    -6.351
    -7.480
    -8.216
    -7.656
    -8.384
    -8.994
    -8.675
    -8.019
    -7.290
    -6.287
    -4.379
    -4.558
    -4.553
    -3.983
    -2.979
    -2.905
    -2.748
    -2.955
    -1.857
    -2.297
    -2.370
    -1.556
     2.289
     2.112
     2.905
     2.846
     4.484
     6.344
     5.947
     6.236
     4.470
     2.512
     2.223
     0.055
    -0.814
    -1.839
    -2.811
    -3.768
    -6.290
    -7.015
    -5.702
    -4.595
    -4.023
    -2.718
    -2.828
    -1.148
    -1.875
    -2.363
    -3.017
    -3.198
    -2.742
    -1.424
    -2.429
    -2.372
    -2.746
    -4.111
    -3.271
    -3.037
    -2.548
    -4.671
    -3.905
    -3.832
    -3.198
    -2.574
    -2.370
    -3.299
    -3.214
    -4.003
    -2.516
    -1.921
    -1.851
    -1.363
    -2.140
    -0.977
    -1.612
    -0.706
    -1.824
    -2.410
    -1.445
    -0.041
     0.886
     0.796
     0.681
     0.954
     1.634
     1.543
     2.545
     2.518
     2.816
     2.662
     0.997
     1.220
     0.333
     0.482
     1.716
     1.581
     1.701
     2.263
     2.113
     0.446
     3.365
     5.297
     2.783
     2.613
     3.150
     4.793
     4.917
     6.681
     6.222
     6.511
     6.144
     6.084
     4.767
     4.789
     3.819
     3.279
     2.858
     2.960
     3.116
     2.482
     1.340
     2.841
     2.843
     1.686
     1.314
     0.133
     0.051
     0.699
     1.248
     2.841
     1.526
     3.056
     4.569
     2.936
     1.699
    -0.386
    -3.834
    -3.546
    -1.812
     0.841
     2.494
     5.042
     5.000
     5.769
     4.580
     3.732
     0.158
    -2.450
     0.130
     4.637
     4.844
     4.831
     4.943
     7.031
     8.175
     7.069
     5.981
     8.260
     9.732
     8.342
     8.589
     9.406
     8.509
     9.170
     9.111
     6.547
     1.933
     2.471
     1.373
    -0.523
    -1.899
    -4.159
    -3.955
    -3.682
    -4.604
    -6.006
    -3.157
    -4.719
    -4.301
    -2.028
    -4.662
    -8.161
    -9.438
    -8.994
   -10.502
   -12.302
   -11.178
   -13.174
   -13.965
   -12.453
   -14.010
   -14.818
   -13.703
   -10.210
   -10.726
    -6.060
    -8.964
   -16.145
   -16.697
   -14.543
   -12.030
   -13.156
   -15.033
   -13.245
   -12.261
   -12.260
   -11.286
    -8.576
   -10.150
    -8.705
    -6.240
    -4.746
    -4.039
    -2.983
    -2.876
    -3.260
    -2.291
    -1.066
    -0.544
    -0.356
    -1.149
    -0.268
    -1.497
    -0.052
     1.133
     1.102
     2.012
     1.388
     4.726
     3.785
     4.770
     5.513
     6.878
     7.124
     7.910
     7.420
     7.452
     6.089
     5.837
     7.211
     6.030
     6.036
     8.053
     8.504
    10.703
     8.921
    10.658
    11.907
    10.402
     9.329
     8.636
     8.287
     6.619
     5.008
     6.806
     8.633
     6.245
     7.736
     9.504
     7.636
     7.762
     7.601
     7.786
     7.833
     7.915
     5.705
     5.783
     4.782
     7.194
     8.184
     7.727
     6.688
     5.673
     4.519
     5.335
     4.591
     3.612
     2.994
     1.964
     3.934
     4.688
     3.655
     4.048
     3.901
     3.935
     4.169
     6.357
     6.205
     7.027
     8.193
     2.261
     1.245
     1.761
     3.506
     2.498
     0.136
    -0.309
     0.087
    -1.102
     1.409
    -1.727
    -2.197
    -3.370
    -5.074
    -4.481
    -5.785
    -3.503
    -2.636
    -4.633
    -5.757
    -7.414
    -9.280
    -7.841
    -9.344
    -9.616
    -8.485
    -8.757
    -8.626
   -10.122
   -10.834
   -10.978
   -10.350
   -12.755
   -11.437
   -10.182
   -10.735
   -10.320
   -10.336
   -10.069
    -9.126
   -10.399
   -10.516
    -9.617
    -8.320
    -8.689
    -7.179
    -7.456
    -7.215
    -7.155
    -7.060
    -5.878
    -5.703
    -3.546
    -2.104
    -2.515
    -3.740
    -3.626
    -3.517
    -2.867
    -2.608
    -1.440
    -2.294
    -1.978
    -3.741
    -4.368
    -1.150
    -0.012
    -0.335
    -0.096
     0.491
    -1.236
    -1.861
    -1.304
    -3.212
    -0.735
     0.637
     0.030
     2.997
     5.809
     9.557
    10.511
     9.068
     7.430
     4.085
     3.334
     2.051
     3.533
     4.923
     3.907
     4.595
     2.471
     0.501
    -0.278
     0.154
     1.811
    -1.439
    -2.260
    -2.627
    -1.056
     1.971
     3.774
     6.062
     6.310
     7.358
     5.552
     3.644
     1.843
     5.577
     8.587
    12.787
    13.972
    15.586
    14.690
    13.979
    15.182
    18.867
    18.040
    16.426
    16.599
    17.060
    14.077
    12.321
    11.421
     9.458
     8.523
     6.404
     7.760
     8.599
     7.959
     6.166
     4.563
     3.436
     1.308
    -0.235
     0.593
    -1.658
    -1.887
    -1.277
    -2.314
    -5.786
    -5.831
    -8.514
    -8.131
    -8.472
    -7.344
    -7.132
    -7.356
    -5.041
    -6.447
    -5.027
    -7.395
    -7.678
    -5.716
    -7.189
    -7.126
    -5.758
    -5.325
    -5.382
    -7.415
    -9.724
    -8.710
    -9.027
    -7.908
    -8.698
    -9.962
   -11.788
   -12.127
    -7.121
    -6.709
    -6.895
    -7.090
    -6.750
    -5.461
    -5.497
    -4.082
    -4.748
    -7.198
    -5.721
    -4.792
    -4.117
    -4.756
    -5.740
    -5.165
    -6.556
    -4.637
    -3.583
    -1.063
    -0.963
    -1.772
    -3.457
    -4.343
    -5.822
    -3.342
    -3.052
    -1.061
    -3.005
    -2.414
    -2.235
    -1.120
    -1.092
     1.143
     2.041
     1.443
     3.300
     4.436
     6.030
     7.621
     6.143
     5.884
     3.428
     4.168
     5.539
     5.341
     7.410
     5.770
     6.466
     6.308
     6.527
     7.628
     7.803
     7.030
     7.028
     7.762
     7.600
     6.408
     6.297
     6.587
     6.608
     5.128
     4.188
     4.870
     3.206
     4.388
     4.658
     4.250
     5.572
     5.677
     3.872
     3.689
     1.456
     0.780
    -0.378
    -0.542
    -3.415
    -2.484
    -2.314
    -3.137
    -2.752
    -3.384
    -3.029
    -3.701
    -1.880
    -1.440
     0.808
     0.201
    -0.225
     0.003
    -0.628
     0.900
     0.760
    -0.108
     1.525
     1.517
     1.010
     2.109
     2.391
     1.972
     0.846
     0.027
    -0.883
    -0.841
    -0.158
    -0.708
    -1.712
    -4.504
    -4.116
    -4.009
    -4.804
    -4.730
    -3.575
    -4.871
    -5.339
    -5.752
    -6.173
    -6.346
    -6.242
    -5.542
    -7.041
    -6.429
    -6.945
    -5.207
    -4.141
    -4.427
    -4.646
    -4.510
    -2.705
    -4.291
    -3.210
    -1.149
    -1.426
    -2.070
    -1.597
    -1.187
    -1.152
     0.695
     0.681
    -0.075
     0.454
     1.096
     1.030
     0.203
     0.067
     2.121
     0.730
     2.038
     1.791
     0.285
     1.086
     0.894
     0.375
     1.190
     2.902
     1.311
     3.193
     3.186
     2.907
     4.609
     1.716
     3.880
     5.016
     4.679
     4.879
     6.572
     5.308
     4.248
     3.463
     4.274
     4.399
     4.883
     5.304
     5.359
     5.043
     5.899
     4.411
     4.411
     3.634
     4.215
     1.900
     4.154
     3.195
     3.362
     2.357
     3.084
     3.590
     5.327
     3.631
     4.049
     5.728
     3.812
     4.739
     3.310
     2.774
     6.068
     6.986
     6.451
     5.956
     4.899
     5.256
     3.362
     2.369
     2.638
     3.444
     1.514
    -0.657
    -1.631
    -1.168
    -1.232
    -2.392
    -3.155
    -3.758
    -6.865
    -6.671
    -6.328
    -6.845
    -6.704
    -8.800
    -7.773
   -10.158
   -11.825
   -10.703
   -10.862
   -10.437
   -10.470
   -10.918
   -10.521
   -12.335
   -12.292
   -11.600
   -11.515
   -10.241
   -10.868
    -8.710
    -8.458
    -6.511
    -6.590
    -6.871
    -7.209
    -6.800
    -6.372
    -2.868
    -3.315
    -2.680
    -4.349
    -3.089
    -3.854
    -5.122
    -6.664
    -7.355
    -6.757
    -6.302
    -3.986
    -3.906
    -2.021
    -3.772
    -2.102
    -1.232
     0.045
     1.304
     3.292
     4.161
     2.998
     5.067
     4.824
     7.031
     6.600
     7.998
     7.780
     8.235
     9.492
     9.588
     8.672
     6.780
     7.765
     8.649
    10.440
    12.125
    12.474
    12.142
    12.061
    11.003
     9.185
     7.203
     6.580
     6.000
     6.810
     6.282
     6.132
     6.924
     5.109
     2.586
     2.072
     0.587
     1.786
     0.317
    -1.212
     1.301
     1.358
     3.320
     3.063
     2.884
     3.500
     2.705
     3.620
     4.149
     2.783
     2.813
     2.767
     3.536
     3.226
     3.493
     3.386
     3.562
     3.154
     3.078
     4.061
     2.443
     1.799
     2.163
     1.683
    -1.314
     0.633
    -0.444
     1.107
    -1.040
    -2.518
    -3.505
    -2.765
    -3.811
    -4.100
    -2.625
    -2.268
    -2.452
    -0.969
    -1.984
    -2.991
    -4.031
    -5.885
    -5.219
    -6.183
    -3.347
    -5.733
    -3.879
    -2.399
    -1.466
    -1.973
    -0.604
     0.216
     1.247
     1.910
     3.204
     4.580
     3.742
     2.200
     2.491
     2.398
     0.517
     0.763
     1.117
     1.842
     1.591
    -0.508
    -0.316
    -1.285
    -1.338
    -2.370
    -4.139
    -4.425
    -5.418
    -5.918
    -6.916
    -6.287
    -6.253
    -5.893
    -5.442
    -3.711
    -5.222
    -7.293
    -5.932
    -5.695
    -6.172
    -5.568
    -7.576
    -8.590
    -8.334
   -10.033
    -8.950
    -9.609
   -10.597
   -12.189
   -11.193
   -11.761
    -9.905
    -9.337
    -9.111
   -10.204
    -9.999
    -7.209
    -7.521
    -5.354
    -4.988
    -5.900
    -7.400
    -5.210
    -2.081
    -0.353
    -1.893
    -0.773
    -1.490
    -2.229
    -3.006
    -4.051
    -4.024
    -2.145
    -2.461
    -2.725
    -1.500
     0.037
     0.342
     0.281
     3.655
     2.486
     4.705
     4.485
     5.585
     5.385
     5.982
     6.498
     7.758
     9.548
    10.368
    12.479
    13.171
    12.580
    13.734
    12.918
    14.841
    14.949
    14.502
    13.473
    14.371
    12.805
    13.686
    13.311
    15.765
    15.634
    14.503
    13.871
    14.226
    13.756
    16.159
    16.343
    16.588
    16.406
    16.516
    15.951
    12.370
    12.155
     9.038
     7.778
     7.588
     6.126
     4.914
     6.050
     4.834
     2.454
     1.570
     1.088
    -0.977
    -1.598
    -2.422
    -1.603
    -4.761
    -2.337
    -0.669
    -0.889
    -1.649
    -2.089
    -3.715
    -4.493
    -3.972
    -5.098
    -4.296
    -3.487
    -2.617
    -2.142
    -1.923
    -2.262
    -1.799
    -1.356
    -1.605
    -2.645
    -2.648
    -3.639
    -3.624
    -5.202
    -5.709
    -7.964
    -8.003
    -8.249
    -7.366
    -6.732
    -6.920
    -6.149
    -5.838
    -8.245
    -6.914
    -6.904
    -6.627
    -7.523
    -7.689
    -9.128
   -12.563
   -16.762
   -15.751
   -16.060
   -13.966
   -13.489
   -13.754
   -12.941
   -12.159
   -11.684
   -12.659
   -14.904
   -16.539
   -19.124
   -19.582
   -19.245
   -20.124
   -19.241
   -19.687
   -18.526
   -19.512
   -16.831
   -16.073
   -15.992
   -16.681
   -19.530
   -19.798
   -19.588
   -21.283
   -21.529
   -23.997
   -26.134
   -30.171
   -28.069
   -29.775
   -26.680
   -28.175
   -27.878
   -26.330
   -24.694
   -22.763
    -0.626
    59.567
    66.600
    51.797
    48.299
    46.400
    48.352
    44.422
    45.150
    49.936
    51.890
    49.077
    45.044
    41.771
    37.952
    35.955
    35.816
    38.992
    38.486
    33.860
    29.343
    22.525
    17.080
    22.180
    24.324
    24.829
    23.755
    22.715
    16.706
    17.519
    17.573
    11.337
     9.532
     4.334
     3.532
     3.676
    -0.205
    -7.359
   -13.338
   -14.166
   -16.816
   -16.011
   -11.202
    -8.690
    -5.933
    -5.711
    -6.539
    -8.159
    -8.546
    -4.885
    -3.637
    -5.152
   -10.750
   -12.880
   -11.770
   -12.406
    -6.767
    -9.135
     1.187
    -2.602
    -3.757
    -9.836
    -9.047
    -8.083
   -10.081
    -8.633
    -9.437
    -6.309
    -0.317
    -2.008
    -3.868
    -5.040
    -8.060
   -10.239
    -9.861
    -9.356
    -9.378
   -12.460
   -14.130
   -10.950
    -6.946
    -9.841
    -6.406
    -4.334
    -5.158
    -5.341
    -4.261
    -5.781
    -7.489
   -10.794
    -8.003
    -8.907
    -8.341
    -7.031
    -8.694
   -10.016
   -13.631
   -17.626
   -20.788
   -22.014
   -17.747
   -12.169
    -5.854
    -9.073
    -7.592
    -9.127
   -12.081
   -13.186
   -14.071
   -19.145
   -18.163
   -18.654
   -20.842
   -22.164
   -18.054
   -17.555
   -15.745
   -14.720
   -14.617
   -11.089
    -7.931
    -3.467
    -2.369
     4.947
    12.622
    11.737
    12.985
    22.154
    31.939
    24.298
    29.508
    36.755
    38.606
    37.288
    38.566
    49.347
    44.008
    32.022
    25.014
    21.385
    25.392
    17.265
    10.631
    10.814
    12.477
     6.329
     5.081
     8.581
     6.983
     7.777
     7.963
     3.590
     2.809
     3.693
     7.293
     2.644
     6.186
     3.870
     1.407
    -0.227
     0.057
     0.115
    -0.551
     3.075
    -1.421
     1.852
     7.599
    12.604
    22.254
    14.650
    -8.030
   -12.033
    -5.294
    -3.513
    -0.237
    -5.385
    -7.112
    -4.387
    -3.964
    -4.555
    -6.255
    -6.862
   -19.869
   -20.454
   -14.033
   -14.730
   -17.643
   -14.515
   -14.924
   -12.682
   -10.209
   -10.942
   -11.683
   -12.050
    -9.487
   -12.412
   -12.873
    -9.251
    -7.947
    -2.004
     1.554
     0.143
     2.215
     3.597
     3.828
     2.417
    -1.028
    -0.968
     3.732
     3.729
     3.518
     4.488
     0.928
    -0.426
    -2.682
    -3.202
    -2.476
    -4.252
    -4.195
    -6.039
    -5.431
    -6.162
    -8.290
    -7.512
    -6.610
    -4.168
    -5.853
    -5.542
    -4.693
    -5.437
    -3.078
     1.280
    -0.027
    -2.101
     2.597
     3.799
     4.636
     7.087
     5.570
     3.061
     2.326
     3.981
     6.461
     4.734
     5.716
     6.554
     6.719
     5.760
     6.746
     5.834
     2.771
     4.943
     3.123
     6.045
     3.628
     3.503
    10.715
    12.997
    11.085
     7.568
     6.576
     6.068
     8.075
     7.455
     3.722
     1.766
    10.479
    18.257
     8.969
     3.747
    -2.038
    -1.459
     4.855
     5.244
    -2.971
    -8.543
    -5.381
    -8.132
    -8.821
    -8.557
    -5.596
    -3.177
    -3.911
    -0.714
    -1.097
    -1.182
    -1.294
    -1.946
     1.345
    -2.078
    -4.084
    -2.771
    -3.220
    -5.060
    -7.863
    -8.357
    -9.179
   -10.466
   -11.042
    -9.400
   -11.216
   -11.597
    -8.124
    -4.206
    -5.262
    -9.072
   -11.058
   -12.633
    -8.959
    -7.383
    -6.852
    -5.700
    -1.449
    -7.093
    -3.039
    -3.379
    -4.762
    -3.676
     0.184
     2.132
     3.820
     5.857
     6.877
     8.244
    11.038
    12.450
    11.493
    10.718
     6.757
     9.003
    13.821
    14.865
    11.471
     5.428
     0.480
     3.563
     1.738
     4.054
     5.430
     3.972
     2.858
     0.184
     1.072
     3.754
     3.795
     2.479
     1.949
     5.158
    10.456
    11.213
     5.907
     4.164
     3.511
     0.688
    -1.171
    -2.890
    -4.852
    -2.275
     0.548
    -1.396
    -4.339
    -2.730
    -0.250
     4.640
     4.028
    -6.981
    -5.239
     2.571
    10.930
     0.917
    -3.773
     0.807
     1.810
    -6.234
    -1.778
    -2.073
    -7.104
    -5.067
    -3.158
    -3.776
    -1.110
     1.394
     0.948
    -0.564
     0.638
     3.814
     1.494
     0.086
    -3.236
    -4.320
    -4.459
    -4.661
    -3.329
    -5.138
    -5.844
    -4.470
    -2.773
    -1.423
    -0.315
    -0.201
     0.684
    -2.564
    -3.869
     0.457
    -0.012
    -0.010
    -3.069
    -0.698
    -4.240
    -1.905
    -5.288
    -4.877
    -0.100
     2.706
     3.799
    -2.464
     3.216
     0.265
    -2.363
    -2.963
    -1.052
     1.312
     4.481
     3.575
     0.584
    -0.811
     0.999
     2.281
    -0.540
     0.827
     0.415
    -0.008
    -0.363
     1.185
     2.018
    -0.720
    -0.849
     0.620
     0.045
     1.012
     1.316
    -2.549
    -0.109
     3.152
     4.734
     2.184
     2.005
    -4.376
    -5.481
     2.099
     2.892
    -0.455
    -6.677
    -6.807
    -2.074
    -1.018
    -1.023
    -0.989
    -1.485
    -2.357
    -1.709
    -1.598
    -1.965
    -0.388
     0.151
     0.019
     1.320
     3.675
     2.508
    -1.050
    -0.980
    -0.522
     1.154
    -0.720
    -2.118
     0.942
     2.387
     3.154
     2.611
     4.231
     5.478
     4.802
     3.624
     5.428
     3.429
     4.529
     3.007
     4.057
     3.807
     3.922
     2.510
     4.916
     3.453
     2.410
     4.144
     3.818
     6.793
     6.051
     4.547
     4.882
     4.588
     5.287
     4.249
     2.078
     1.170
     1.287
     0.307
    -0.156
    -2.750
    -1.531
    -1.644
    -3.620
    -4.526
    -7.376
    -4.884
    -4.679
    -6.054
    -6.588
    -8.066
    -5.929
    -6.106
    -6.296
    -7.738
    -7.841
    -4.797
    -6.536
    -7.166
    -6.532
    -6.583
    -7.721
    -6.880
    -5.496
    -7.835
    -7.529
    -6.934
    -6.387
    -4.491
    -6.137
    -5.769
    -5.972
    -3.868
    -4.246
    -3.289
    -3.538
     0.562
     0.823
     0.730
     1.320
     3.515
     5.868
     7.228
     7.194
     6.662
     4.420
     3.642
     2.980
     4.434
     1.430
     0.440
    -0.990
    -0.261
    -2.649
     0.975
     1.383
     1.113
     0.932
     4.840
     5.651
     3.586
     6.901
     7.094
     9.508
     8.090
     8.396
     8.889
     7.909
     8.409
     9.040
     9.056
    11.222
    12.623
    14.967
    17.528
    14.340
    14.763
    14.716
     5.869
     1.119
    -0.354
    -3.840
    -2.827
    -4.731
    -7.770
    -5.885
    -6.229
    -6.400
    -4.984
    -6.426
    -6.607
    -4.079
    -4.078
    -4.189
    -3.279
    -0.626
    -1.564
     0.252
     1.979
     4.380
     6.184
     5.930
     4.399
     5.417
     5.030
     5.587
     5.967
     5.823
     2.931
    -0.078
     0.648
     0.928
    -0.707
    -0.533
    -1.445
    -2.262
    -4.052
    -5.848
    -6.320
    -4.730
    -4.621
    -4.545
    -5.198
    -3.759
    -1.480
    -0.941
    -1.286
    -3.906
    -4.901
    -7.379
    -7.684
    -8.424
    -9.658
   -12.217
   -13.635
   -15.824
   -17.926
   -18.561
   -18.312
   -15.477
   -16.060
   -14.968
   -15.331
   -15.420
   -14.838
   -14.929
   -14.556
   -11.852
   -11.777
   -14.484
   -12.515
   -12.330
   -13.539
   -12.204
   -10.274
    -8.692
    -8.418
    -5.414
    -3.039
     1.601
     1.357
     3.718
     4.641
     4.819
     3.544
     2.554
     1.480
     0.674
     5.593
     9.836
    14.718
    14.825
    14.877
    17.873
    24.025
    23.839
    26.423
    25.872
    26.884
    24.078
    24.182
    21.400
    18.520
    15.465
    12.256
     9.381
     8.310
     9.100
     7.186
     4.913
     8.977
    11.655
    13.676
    14.079
    11.282
     9.259
     8.447
     9.368
     6.713
     8.540
     8.773
    10.405
    12.611
    12.688
    12.113
    10.276
     8.790
     7.894
     5.175
     5.716
     4.015
     3.461
     4.318
     4.795
     2.977
     2.158
    -1.045
     0.087
    -0.366
    -1.358
    -1.144
    -2.260
    -2.377
    -1.547
    -4.305
    -3.386
    -3.272
    -6.329
    -9.835
   -12.219
   -12.830
   -15.370
   -18.803
   -18.300
   -19.418
   -18.832
   -21.323
   -23.174
   -25.326
   -22.941
   -22.088
   -18.579
   -19.743
   -19.487
   -20.683
   -19.459
   -15.170
   -14.028
   -13.036
   -12.638
   -11.290
    -9.467
   -10.414
    -9.429
    -9.725
    -9.769
    -9.557
   -12.253
   -12.151
    -7.891
    -8.225
    -1.780
    -2.848
     2.290
     4.126
     4.339
     1.446
     1.256
    -3.584
    -1.394
     0.337
     3.679
     5.827
    11.236
    13.278
    11.688
    10.227
    10.517
     9.387
     8.511
     9.152
    12.183
    11.579
    13.829
    13.494
    11.519
    13.725
    16.798
    13.404
     8.785
     7.423
     6.932
    10.356
     8.469
     7.220
     7.383
     6.524
     7.985
     6.153
     2.643
    -2.419
    -2.546
    -9.658
   -10.277
    -7.739
    -4.525
    -5.161
    -2.506
    -3.024
    -6.608
    -2.654
    -3.077
    -2.731
    -3.944
    -5.781
    -3.079
    -0.258
    -2.987
    -1.004
    -1.420
     3.032
     3.555
     5.268
     3.071
     4.040
     0.149
     1.782
     2.631
     2.278
     3.262
     7.701
     5.906
     5.987
     8.015
     9.559
     9.842
    12.790
    12.595
     9.666
     9.789
    11.284
     7.338
     3.874
     2.908
     1.695
     1.659
     2.404
     1.599
    -0.383
     0.271
     1.945
     0.628
    -0.792
    -2.870
    -1.229
    -2.931
    -0.331
     0.023
     2.354
     3.162
     2.707
     2.928
     1.125
    -1.820
    -2.025
    -4.870
    -8.557
   -12.961
   -19.562
   -18.720
    -4.979
    -6.784
    -4.787
    -2.654
    -1.177
    -3.195
    -4.289
    -4.355
    -5.695
    -5.725
    -2.868
     2.220
     5.857
    12.253
    12.447
    10.549
     5.500
    -4.584
    -8.539
   -10.113
   -12.114
   -11.703
    -4.635
     1.439
     0.415
     0.685
    -0.525
    -2.071
    -3.649
    -3.388
    -1.981
    -3.571
    -4.969
    -5.257
    -5.015
    -4.690
    -4.584
    -5.688
    -6.497
    -6.321
    -6.845
    -6.661
    -4.727
    -4.335
    -5.337
    -3.867
    -4.432
    -4.745
    -4.971
    -4.808
    -5.446
    -8.436
    -6.895
    -7.338
     3.139
     3.619
     5.927
     8.271
     8.015
     9.937
    10.443
     6.751
     7.060
     5.553
     3.244
     0.439
     0.920
     0.689
     0.486
     0.436
     1.490
     0.221
     1.903
     3.180
     2.589
     2.048
     4.004
     5.417
     5.644
     4.865
     3.278
     3.149
    -0.950
     0.355
    -0.551
     0.205
     0.449
     0.797
     0.414
    -0.659
     0.326
    -0.034
    -1.385
    -1.175
     0.796
    -0.263
    -2.302
    -2.261
     0.376
     0.653
     1.059
     1.206
     0.763
    -0.066
     3.068
     3.236
     2.827
     0.174
     2.177
     2.635
     2.758
     2.581
     2.067
     3.886
     4.274
     3.609
     3.587
     3.766
     1.352
     0.421
    -0.400
     0.502
    -0.017
     0.167
    -0.653
    -2.107
    -1.920
    -0.406
    -0.581
    -1.195
     0.032
     0.122
     2.668
     4.082
     4.900
     7.432
     8.702
     7.727
     6.339
     6.764
     5.487
     6.312
     5.234
     7.457
     6.868
     5.735
     5.236
     4.947
     6.621
     3.837
     3.414
     2.382
     0.210
    -4.362
    -5.076
    -7.637
    -8.109
    -7.805
    -7.458
    -5.105
    -6.345
    -5.719
    -5.528
    -5.646
    -5.967
    -7.050
    -6.783
    -5.681
    -5.383
    -7.533
    -5.385
    -5.995
    -4.014
    -3.008
    -2.206
    -3.274
    -1.577
    -1.445
    -1.354
    -1.491
    -2.033
    -1.539
    -2.073
    -1.404
    -2.213
    -2.075
    -2.406
    -2.406
    -3.318
    -2.572
    -1.923
    -1.151
    -0.814
    -1.441
    -2.447
    -1.412
    -2.927
    -3.825
    -2.342
    -3.206
    -3.615
    -4.535
    -3.598
    -2.085
    -0.732
    -0.396
    -0.143
    -1.706
    -2.368
    -0.709
    -1.528
    -1.392
    -1.744
    -0.978
    -1.646
    -0.612
    -1.847
    -1.062
    -1.703
     0.506
     1.240
     3.419
     3.439
     3.259
     3.236
     3.715
     3.945
     4.644
     2.542
     4.606
     4.720
     2.125
     5.107
     3.485
     4.050
     5.111
     5.176
     4.953
     3.091
     3.070
     2.163
     2.822
     1.827
     1.912
     0.485
     0.961
     1.151
     0.535
     1.115
     1.553
     0.034
     0.851
     0.766
     0.760
    -0.373
    -1.314
    -1.312
    -0.819
     0.192
     0.055
    -0.812
     0.161
     1.611
    -0.703
    -1.219
     0.246
    -0.080
     1.003
    -0.003
    -1.300
     0.767
     2.674
     3.096
     2.780
     3.144
     1.801
     1.964
     1.101
     2.275
     0.415
     1.530
     3.161
     0.637
    -0.388
    -1.262
    -1.142
    -1.504
    -1.845
    -1.166
    -0.913
    -2.179
    -0.618
     1.802
     0.631
    -0.777
    -0.913
     0.816
     0.864
     0.815
     0.348
     1.839
     1.228
    -0.425
    -0.545
     1.516
     1.387
     2.202
     1.484
     2.429
     0.885
     1.990
     2.298
     1.707
    -0.442
     0.127
     1.416
     0.328
    -0.266
     0.380
    -0.228
    -0.086
    -0.880
     0.162
    -0.016
     0.796
     1.130
    -0.241
    -2.001
    -1.049
    -1.118
    -1.986
    -1.251
    -2.317
    -2.353
    -1.570
    -1.136
    -0.982
    -1.097
    -2.907
    -3.012
    -1.509
    -1.359
    -0.527
    -0.998
    -2.370
    -1.667
    -1.417
    -0.935
    -1.582
    -0.390
    -2.283
    -2.740
    -1.984
    -1.354
    -1.741
    -1.881
    -1.157
    -1.409
    -1.448
    -0.949
    -0.898
    -1.219
    -1.516
    -0.347
    -0.407
    -1.449
    -1.696
    -1.935
    -1.639
    -1.813
    -0.177
     0.621
     0.950
    -0.318
    -1.121
    -1.940
    -2.564
    -1.827
    -3.112
    -3.125
    -2.423
    -2.263
    -3.292
    -2.881
    -4.868
    -3.511
    -3.634
    -2.759
    -3.097
    -4.004
    -3.236
    -3.392
    -3.770
    -3.965
    -4.757
    -5.214
    -5.949
    -5.849
    -5.092
    -3.179
    -2.210
    -1.931
    -1.651
    -0.047
     0.540
     0.844
     3.456
     4.440
     6.269
     9.089
     9.507
     9.212
    11.861
    11.859
    10.373
    10.600
     8.391
     8.337
     6.209
     5.878
     5.544
     4.667
     5.113
     5.968
     5.367
     5.918
     5.294
     5.181
     4.175
     5.120
     4.307
     4.761
     5.728
     3.543
     5.282
     4.948
     4.544
     2.051
     1.987
     1.136
     2.247
     1.783
     1.138
     0.182
    -0.872
    -1.470
    -0.951
    -2.830
    -3.615
    -2.636
    -2.056
    -1.167
    -2.329
    -1.869
    -2.575
    -2.343
    -1.223
    -1.043
    -0.462
     0.018
    -1.529
    -0.162
    -1.742
    -2.972
    -3.139
    -5.709
    -3.237
    -0.218
     1.858
    -0.510
    -4.429
    -6.622
    -7.195
    -4.401
    -3.167
    -2.393
    -0.801
    -2.149
    -2.580
    -1.506
    -4.033
    -3.237
    -4.442
    -4.247
    -2.415
    -2.330
    -2.003
    -2.197
    -3.205
    -2.870
    -1.839
    -4.491
    -3.126
    -1.834
     0.220
     2.373
    -0.192
     0.056
     0.868
    -0.323
     0.116
    -1.839
    -1.282
     0.547
    -1.272
    -0.077
    -1.376
    -1.401
     0.585
    -0.256
    -0.663
    -0.618
    -0.248
    -1.226
    -2.025
    -1.827
    -0.406
    -0.907
    -1.762
    -0.810
    -0.612
    -2.834
    -1.815
    -1.894
    -1.345
     0.480
     0.347
     1.618
     0.716
     0.964
     0.753
     0.142
    -0.522
     1.312
     2.056
     1.312
    -0.169
     0.417
     0.483
     0.142
     1.954
     1.111
     2.867
     3.390
     1.372
     2.193
     3.025
     4.618
     2.692
     1.734
    -1.361
    -1.215
    -2.382
    -1.403
     1.095
     1.741
     3.789
     2.507
     2.644
     2.230
     2.789
     3.828
     2.338
     0.887
     1.154
     1.315
     0.402
     0.229
     0.932
     0.467
     1.643
     0.340
     1.218
     1.082
     2.127
     2.501
     2.970
     2.611
     2.853
    -0.597
     0.074
     2.412
     2.058
     1.312
     0.060
     1.056
     0.623
     2.076
     1.639
    -0.136
    -1.381
     0.124
     0.149
     0.200
     1.405
    -0.032
    -1.683
    -0.256
    -0.765
     0.508
    -0.614
    -0.519
    -2.385
    -2.194
    -0.670
    -1.197
    -0.923
    -1.619
    -0.406
     0.359
    -1.902
    -2.060
    -3.014
    -1.842
    -3.429
    -2.019
    -2.249
    -1.328
    -0.114
     1.715
    -0.176
     1.111
    -0.670
    -0.556
     0.726
     2.009
     1.294
     0.606
    -0.362
     1.170
     0.806
    -0.804
     0.065
     1.530
     0.666
     1.440
     1.469
     0.725
     0.325
     0.027
     0.537
    -1.121
    -1.630
    -0.434
    -1.820
    -0.246
    -0.962
    -2.887
    -1.658
    -1.130
    -0.949
    -1.468
    -1.443
    -1.922
    -2.420
    -2.575
    -3.562
    -2.305
    -1.665
    -0.725
     0.579
    -0.684
    -1.194
    -1.173
    -0.737
     0.216
    -0.536
    -1.290
    -0.731
    -0.957
    -0.854
    -1.455
    -1.421
    -2.094
    -2.386
    -1.573
    -2.634
    -2.820
    -2.147
    -1.328
    -1.736
    -0.179
    -0.316
    -0.735
    -0.981
     0.160
    -3.159
    -1.608
    -3.047
    -3.080
     0.019
     0.469
    -0.156
    -0.591
     2.118
    -0.167
     0.241
     0.487
     0.536
     0.191
    -0.686
     3.147
     0.817
     1.257
     2.096
     4.042
     3.982
     4.003
     3.155
     4.101
     1.555
     2.891
     1.946
     2.910
     2.397
     1.694
     2.836
     4.726
     4.175
     4.878
     3.543
     3.495
     3.557
     4.107
     4.309
     3.442
     4.630
     3.750
     4.288
     3.455
     4.567
     4.016
     5.092
     3.906
     4.127
     3.217
     3.263
     4.297
     2.589
     1.457
     0.931
    -1.224
    -0.654
    -1.608
     0.591
    -1.482
    -1.436
    -1.302
     0.230
    -1.293
    -0.611
    -0.002
    -1.188
     0.335
     0.576
    -0.652
    -2.693
    -1.640
    -2.551
    -3.499
    -3.232
    -3.852
    -4.049
    -4.665
    -6.071
    -5.463
    -6.291
    -7.929
    -3.000
    -4.345
    -5.371
    -4.855
    -3.535
    -3.005
    -3.605
    -3.754
    -3.637
    -4.068
    -2.650
    -4.205
    -4.696
    -4.997
    -5.620
    -6.057
    -5.974
    -6.366
    -7.373
    -6.747
    -6.885
    -6.391
    -3.937
    -6.094
    -4.709
    -3.275
    -4.119
    -2.375
    -2.277
    -2.844
    -3.306
    -2.047
    -1.832
    -3.511
    -3.797
    -2.110
    -4.592
    -3.077
    -1.734
    -0.449
     1.945
     2.667
     1.814
     3.653
     2.739
     5.375
     7.220
     6.424
     5.878
     5.217
     7.469
     8.089
     9.510
    11.398
    11.412
    12.838
     9.959
     9.884
    10.118
    11.535
    16.862
    15.178
     9.143
     5.713
     7.531
    17.104
    13.941
     8.154
     7.299
    11.657
     8.224
     9.031
     3.793
     3.143
     2.459
     0.967
    -2.392
    -3.508
    -1.104
     0.081
    -0.016
    -1.060
    -3.121
    -1.801
    -1.061
     0.093
    -1.417
    -1.052
    -1.665
     0.060
    -1.208
    -1.554
    -1.745
    -0.797
    -1.035
    -0.782
    -2.713
    -3.477
    -2.985
    -1.734
    -3.104
    -3.748
    -5.406
    -5.477
    -5.521
    -5.935
    -5.760
    -3.244
    -4.557
    -5.941
    -6.977
    -7.099
    -6.814
    -7.424
    -7.036
    -6.253
    -6.988
    -7.095
    -7.586
    -6.895
    -6.622
    -7.028
    -7.040
    -7.358
    -7.173
    -6.933
    -6.919
    -6.620
    -5.379
    -5.133
    -5.228
    -4.683
    -4.935
    -4.486
    -4.347
    -3.667
    -3.569
    -3.464
    -3.387
    -3.049
    -3.100
    -2.965
    -2.645
    -2.112
    -1.664
    -1.565
    -1.618
    -0.964
    -0.670
    -0.305
    -0.137
     0.206
     0.480
     0.876
     1.071
     1.455
     1.653
     2.045
     2.234
     2.601
     2.783
     3.158
     3.344
     3.708
     3.888
