     4.686
     4.995
     5.282
     5.573
     5.846
     6.114
     6.375
     6.637
     6.872
     7.118
     7.333
     7.502
     7.684
     7.868
     8.018
     8.120
     8.149
     8.155
     8.240
     8.267
     8.194
     8.201
     8.151
     8.211
     8.192
     7.994
     7.966
     7.888
     7.570
     7.483
     7.414
     7.139
     6.746
     6.228
     6.019
     5.419
     4.993
     4.929
     4.549
     4.108
     3.757
     3.176
     2.656
     1.978
     1.332
     0.514
     0.433
     0.024
    -0.859
    -1.926
    -2.337
    -2.968
    -3.227
    -4.255
    -5.185
    -6.432
    -6.760
    -7.230
    -7.801
    -7.902
    -8.031
    -8.294
    -8.404
    -7.102
    -7.450
    -7.346
    -6.498
    -4.202
    -2.970
    -2.328
    -0.921
    -0.142
    -0.450
     0.354
    -0.142
    -0.911
     0.193
     0.563
     0.902
     0.743
     1.180
     1.239
     1.196
     2.241
     4.513
     5.455
     4.819
     3.026
     0.803
    -0.645
    -1.583
    -3.751
    -4.300
    -6.613
    -7.297
    -9.627
   -11.064
   -10.772
    -9.897
    -7.523
    -6.551
    -5.221
    -3.984
    -3.060
    -3.224
    -4.013
    -4.443
    -3.744
    -2.702
    -2.611
    -1.472
    -3.506
    -4.594
    -4.552
    -4.199
    -4.725
    -5.197
    -5.911
    -5.641
    -5.372
    -3.438
    -4.098
    -4.960
    -4.149
    -6.000
    -4.893
    -3.957
    -2.894
    -1.382
    -1.483
    -0.888
    -0.719
    -2.349
    -1.864
    -2.179
    -1.390
    -0.577
     1.218
     0.592
     0.760
     1.351
     1.335
     1.650
     2.742
     4.047
     1.824
     2.371
     1.952
    -0.187
     1.017
    -0.078
     1.549
     2.216
     2.066
     2.650
     4.066
     2.999
     4.416
     7.587
     6.536
     4.964
     4.660
     8.309
     8.865
     8.783
     9.392
     9.429
     8.001
     8.734
     8.377
     6.527
     6.465
     5.213
     6.705
     4.168
     2.086
     3.773
     3.095
     2.459
     3.136
     3.408
     2.434
     0.055
     0.303
     1.121
     1.825
     1.822
     1.518
     4.019
     4.332
     2.064
    -0.123
    -1.838
    -4.375
    -3.795
    -2.265
     0.816
     2.973
     6.346
     5.406
     7.165
     4.877
     4.350
     0.512
    -1.036
    -0.062
     4.726
     7.390
     8.225
     7.325
     8.430
     9.958
    11.760
     8.465
     9.747
    13.140
    12.283
    11.023
    12.157
    10.356
    11.561
    13.001
     8.712
     4.602
     3.649
     4.217
    -0.459
     0.866
    -2.845
    -3.896
    -5.220
    -4.662
    -6.062
    -4.816
    -4.925
    -5.810
    -5.775
    -7.510
   -11.921
   -12.060
   -15.052
   -13.964
   -16.411
   -16.642
   -17.211
   -19.223
   -17.832
   -18.028
   -17.253
   -19.925
   -15.357
   -12.826
   -10.831
   -12.276
   -16.968
   -20.556
   -20.524
   -15.549
   -15.892
   -16.640
   -17.625
   -13.926
   -15.230
   -14.703
   -12.046
   -10.520
   -10.102
    -7.353
    -7.259
    -6.209
    -4.790
    -4.169
    -4.039
    -4.901
    -2.908
    -0.611
    -1.282
    -0.865
    -1.493
    -0.758
     0.392
     1.456
     2.251
     3.100
     3.622
     4.920
     4.857
     6.616
     7.483
     7.456
     6.456
     7.609
     7.819
     7.453
     7.759
     8.020
     7.689
     7.245
     8.821
     8.584
     8.798
    10.991
    11.912
    12.036
    13.945
    13.634
    13.609
    13.358
    13.034
    11.070
    10.298
     8.837
    10.944
     6.887
     6.934
    10.110
     8.121
     6.939
     7.907
     9.080
     8.430
     8.741
     7.296
     5.526
     5.573
     7.264
     8.662
    10.105
     8.293
     7.552
     7.054
     6.572
     6.297
     5.230
     3.903
     4.181
     6.426
     6.464
     5.857
     5.591
     4.121
     5.003
     4.218
     5.187
     5.759
     6.405
     8.333
     4.846
     2.795
     1.691
     4.190
     5.127
     3.407
     2.032
     0.973
    -0.644
     2.227
     0.973
    -1.667
    -2.890
    -3.626
    -4.038
    -4.435
    -5.311
    -1.296
    -2.672
    -3.533
    -7.380
    -9.129
    -8.645
    -9.008
    -9.204
    -9.170
    -9.153
    -8.765
   -10.002
   -12.128
   -12.478
   -13.288
   -13.292
   -14.173
   -13.234
   -12.622
   -12.185
   -11.324
   -12.723
   -12.723
   -13.840
   -13.924
   -12.806
   -11.666
   -11.174
   -10.409
    -9.511
    -9.629
    -8.791
    -8.154
    -8.309
    -6.782
    -7.407
    -5.575
    -5.383
    -5.493
    -6.086
    -6.357
    -6.860
    -4.325
    -2.794
    -2.082
    -2.271
    -3.479
    -4.024
    -2.576
    -0.641
     0.825
    -0.977
    -0.077
     0.386
    -0.548
    -2.430
    -3.463
    -2.973
    -2.657
    -1.893
     0.231
     2.894
     5.043
     8.797
     8.894
     7.031
     4.210
     2.913
     2.439
     1.725
     2.927
     3.060
     4.448
     3.951
     0.807
    -0.766
    -0.585
     0.040
    -1.252
    -2.701
    -3.656
    -1.900
     1.493
     3.806
     5.672
     8.168
     9.035
    10.189
     8.299
     4.181
     6.463
    10.934
    14.624
    19.489
    20.822
    21.301
    18.657
    17.312
    23.274
    22.893
    19.935
    19.175
    19.751
    16.897
    14.235
    14.796
    13.539
    12.116
     9.966
    10.170
    10.763
    11.462
     9.384
     8.056
     6.908
     4.704
     2.952
     2.409
    -0.598
    -1.103
    -2.325
    -0.992
    -4.396
    -6.233
    -8.657
    -9.445
    -9.190
   -10.428
   -10.862
    -9.768
    -7.921
    -6.699
    -7.255
    -8.405
    -9.571
    -8.768
    -8.645
    -8.783
    -8.342
    -7.519
    -8.090
    -8.620
   -10.315
    -9.948
    -9.115
    -9.423
   -10.100
   -10.105
   -12.852
   -14.139
    -9.664
    -6.952
    -5.756
    -5.492
    -7.557
    -6.595
    -5.987
    -6.300
    -6.488
    -7.033
    -8.227
    -6.783
    -5.219
    -4.753
    -5.803
    -7.352
    -8.092
    -6.645
    -5.075
    -4.150
    -1.935
    -3.243
    -3.817
    -5.361
    -7.314
    -6.317
    -4.386
    -2.549
    -2.391
    -2.521
    -1.647
    -0.907
    -1.395
    -0.202
    -0.292
     1.590
     1.996
     2.887
     5.093
     6.257
     7.493
     5.671
     2.983
     4.466
     3.691
     5.193
     5.421
     8.803
     7.830
     6.788
     7.272
     8.556
     9.187
     9.510
     9.493
     9.901
    10.130
     7.903
     7.310
     7.687
     6.890
     7.170
     5.374
     6.618
     6.310
     6.357
     6.134
     6.327
     7.579
     7.295
     6.937
     5.104
     3.146
     1.259
    -1.525
    -1.469
    -3.162
    -2.988
    -3.565
    -4.318
    -3.401
    -3.989
    -3.431
    -3.040
    -1.986
    -0.972
     0.397
     0.574
     1.076
     0.524
     1.425
     0.273
     1.219
     2.412
     2.366
     1.421
     1.989
     1.487
     2.429
     1.928
     0.128
     0.603
    -0.807
    -1.645
    -2.346
    -1.942
    -2.100
    -4.499
    -4.501
    -4.621
    -4.315
    -4.934
    -5.397
    -5.530
    -6.995
    -5.429
    -7.431
    -6.227
    -8.082
    -7.279
    -8.036
    -7.690
    -7.247
    -6.746
    -4.055
    -6.323
    -5.984
    -5.098
    -5.758
    -6.262
    -5.034
    -3.272
    -2.081
    -2.982
    -1.620
    -2.439
    -1.637
    -0.202
    -1.176
    -0.962
    -0.230
     0.106
     0.559
     0.835
     0.597
     1.982
     0.394
     2.886
     1.206
     3.070
     1.246
     0.352
    -0.614
     0.572
     1.507
     2.525
     2.623
     2.738
     1.643
     3.718
     5.575
     3.757
     4.667
     5.427
     7.468
     6.805
     7.243
     6.636
     7.063
     6.138
     8.013
     8.081
     7.027
     6.926
     7.978
     8.365
     7.319
     7.357
     5.494
     4.326
     2.937
     2.516
     3.234
     4.166
     2.608
     2.111
     2.654
     5.261
     4.274
     4.696
     5.272
     7.379
     6.287
     5.209
     4.193
     5.563
     7.708
     6.314
     4.990
     5.528
     5.080
     4.865
     3.292
     2.465
     2.296
     2.388
     0.625
     1.287
     0.465
    -1.654
    -2.701
    -3.129
    -4.805
    -6.569
    -8.214
    -9.252
    -9.656
    -8.922
    -8.478
   -10.291
   -11.022
   -12.723
   -12.393
   -12.923
   -11.990
   -12.164
   -12.912
   -13.057
   -12.866
   -13.719
   -14.315
   -12.409
   -12.721
   -11.833
    -9.080
    -8.759
    -6.938
    -5.139
    -5.014
    -5.678
    -5.344
    -5.341
    -4.068
    -2.161
    -3.201
    -3.186
    -4.198
    -3.583
    -5.264
    -7.456
    -8.992
    -6.130
    -5.318
    -5.520
    -4.860
    -3.148
    -4.102
    -3.426
    -1.978
    -0.286
     1.288
     3.177
     4.247
     3.863
     3.812
     4.584
     6.145
     5.616
     7.502
     8.145
     8.199
     8.948
     8.908
     8.721
     6.384
     6.487
     8.810
     9.408
    10.522
    10.919
    10.801
    10.178
     9.471
     8.369
     7.971
     6.407
     6.098
     5.983
     5.154
     6.089
     7.789
     6.101
     4.026
     0.912
    -0.168
     0.039
     0.181
    -1.344
    -2.245
    -0.626
     1.450
     3.397
     5.305
     4.521
     3.734
     4.355
     3.715
     4.096
     3.216
     3.062
     4.446
     3.719
     3.692
     3.408
     4.164
     4.293
     3.684
     4.162
     3.122
     3.807
     3.566
     1.855
    -1.527
    -1.327
    -0.992
    -0.748
    -0.978
    -0.190
    -3.347
    -1.767
    -1.958
    -1.048
    -0.597
     0.162
     1.500
     1.974
     3.540
     1.125
     0.293
     0.290
    -0.908
    -0.340
    -0.075
    -0.873
    -0.582
     1.040
     0.483
     1.779
     2.761
     2.638
     4.155
     3.593
     3.451
     5.477
     5.190
     1.801
     2.292
     1.684
    -0.234
    -1.998
    -1.160
    -1.883
    -1.580
    -1.143
    -3.111
    -3.821
    -3.460
    -5.103
    -6.189
    -6.535
    -6.438
    -7.987
    -8.161
    -7.663
    -7.394
    -7.233
    -7.025
    -6.233
    -5.518
    -8.226
    -7.616
    -7.722
    -8.836
    -7.400
    -8.724
    -9.727
   -11.737
   -12.223
   -12.682
   -11.577
   -11.989
   -11.320
   -11.880
   -10.938
    -9.399
   -11.404
   -10.739
   -12.651
   -12.376
    -8.792
    -6.709
    -4.995
    -5.692
    -4.965
    -6.432
    -6.726
    -3.390
    -1.973
    -3.645
    -6.161
    -5.116
    -8.105
    -7.616
    -9.882
    -8.713
    -8.192
    -7.374
    -7.783
    -6.307
    -4.432
    -2.045
    -0.635
     3.723
     3.116
     6.433
     7.215
     9.414
     8.749
     8.162
    10.386
    11.379
    13.299
    14.852
    17.578
    19.014
    19.690
    19.991
    20.223
    19.094
    18.016
    18.373
    18.649
    16.343
    16.232
    14.903
    14.933
    15.756
    19.191
    18.296
    16.121
    14.237
    15.723
    16.247
    19.204
    16.723
    17.466
    16.368
    15.853
    13.941
    10.681
     8.741
     6.206
     4.525
     2.874
     2.184
     2.531
     2.840
     0.596
    -0.151
    -0.579
    -1.953
    -3.656
    -3.629
    -3.647
    -7.049
    -5.689
    -2.325
    -1.613
    -0.346
    -1.289
    -1.661
    -3.842
    -6.082
    -5.102
    -5.396
    -4.738
    -3.418
    -1.736
    -0.920
    -2.096
    -3.577
    -2.175
    -1.764
    -1.646
    -3.303
    -4.354
    -6.711
    -7.251
    -8.151
    -9.884
   -11.064
   -10.197
    -8.709
    -7.739
    -7.791
    -7.600
    -6.927
    -7.238
    -6.990
    -6.649
    -6.130
    -5.759
    -7.950
    -8.379
   -11.858
   -16.407
   -17.156
   -15.420
   -13.329
   -10.879
    -9.533
    -9.129
    -9.337
    -8.823
   -10.160
   -12.393
   -12.703
   -14.616
   -16.820
   -19.035
   -18.867
   -17.555
   -16.972
   -16.059
   -15.060
   -14.505
   -12.797
   -10.877
   -11.483
   -12.901
   -15.926
   -14.853
   -16.525
   -17.669
   -19.778
   -20.541
   -25.203
   -25.931
   -24.220
   -19.970
   -20.788
   -22.793
   -21.886
   -20.605
   -17.923
    -9.080
    61.877
    84.427
    57.911
    48.109
    47.285
    43.194
    44.468
    40.535
    45.351
    46.624
    45.317
    38.612
    38.275
    31.624
    28.957
    29.221
    27.681
    31.403
    28.125
    24.016
    11.847
     3.776
     8.249
    11.262
    20.242
    15.405
    12.329
     6.704
     6.071
     7.284
     2.204
    -2.328
    -8.395
   -10.826
    -6.681
    -9.972
   -17.559
   -20.874
   -24.375
   -24.525
   -25.226
   -17.599
   -13.943
   -12.420
    -8.409
    -6.884
   -10.978
   -11.746
    -6.995
    -2.398
    -3.832
    -7.342
   -12.274
   -11.248
    -9.575
    -4.005
     0.205
     2.574
     5.058
     5.507
     1.558
    -2.432
     0.115
     1.484
    -0.201
     0.216
     3.916
    11.489
     9.178
     3.286
     3.289
     0.242
    -2.417
    -2.920
    -1.305
     1.103
    -1.497
    -9.025
    -3.704
     0.809
     0.697
     0.904
     3.327
     3.908
     1.711
     1.853
     4.444
     0.148
    -3.226
     0.190
    -0.959
    -2.461
    -0.186
    -0.887
    -1.617
    -3.761
    -6.812
   -10.432
   -15.453
   -13.038
    -4.987
    -2.167
    -3.987
    -4.389
    -6.469
   -11.191
   -17.046
   -18.420
   -22.062
   -22.482
   -24.516
   -24.801
   -27.272
   -24.616
   -22.329
   -24.966
   -24.994
   -22.237
   -21.080
   -20.366
   -16.584
   -16.825
    -8.401
     3.287
     2.992
    -1.086
     4.920
    17.294
    12.854
    18.003
    31.984
    25.944
    23.587
    29.537
    47.060
    49.835
    24.977
    16.100
    17.618
    22.578
    19.073
     9.616
    10.383
    12.172
     8.060
     8.578
     8.585
     9.176
     8.862
     5.148
     0.361
     2.125
     9.093
     9.267
     4.464
     5.336
    11.714
     3.482
    -0.804
    -1.739
     0.108
     1.456
     2.595
     0.133
     1.139
     7.130
    10.041
    19.833
    21.189
    -3.968
   -17.948
   -10.955
    -0.182
    -0.527
    -8.220
    -9.531
    -4.413
    -2.936
    -2.672
    -4.586
    -0.799
   -19.793
   -25.791
   -15.379
   -12.987
   -16.161
   -11.591
    -7.166
    -8.616
    -8.079
    -7.030
    -7.321
   -11.410
   -10.281
    -5.100
    -7.524
    -3.859
     0.639
     1.011
     4.854
     3.971
     5.056
     4.483
     6.418
     3.304
    -0.091
     0.259
     7.798
     6.056
     2.240
     3.043
    -0.270
    -0.243
    -3.808
    -1.904
    -1.512
    -2.975
    -5.052
    -5.160
    -7.886
    -6.189
   -10.312
    -8.194
    -6.302
    -2.506
    -3.857
    -5.436
    -5.848
    -6.105
    -3.894
    -0.399
    -1.781
     0.207
     0.593
     2.570
     2.924
     5.369
     6.019
     2.793
     1.018
     2.865
     7.031
     5.073
     6.101
     4.899
     5.481
     5.486
     7.666
     6.422
     3.966
     4.605
     4.331
     4.710
     5.181
     4.777
    10.640
     8.559
    14.982
    12.763
     9.422
     7.907
     8.300
     7.591
     5.322
     3.377
     9.572
    16.856
    12.356
     1.898
    -2.991
    -3.172
     0.853
     6.427
    -0.819
    -7.272
    -8.629
    -7.494
   -10.143
    -9.931
    -7.137
    -2.575
    -0.539
     1.935
     1.883
     0.920
     2.673
     0.708
     3.450
     1.255
    -1.811
    -2.365
    -1.497
    -3.720
    -8.750
    -8.496
    -8.774
    -9.836
    -9.320
    -5.490
   -11.056
   -11.572
    -8.813
    -3.177
    -6.181
    -9.982
   -14.041
   -14.557
   -10.702
   -12.687
    -7.402
    -5.086
    -1.613
   -11.531
   -10.953
    -7.278
    -7.778
    -6.813
    -4.481
    -0.644
    -0.192
     2.700
     4.075
     4.665
     7.007
     9.720
     9.611
     9.745
     5.467
     4.782
    10.541
     7.538
     7.924
     1.712
    -3.618
    -2.547
    -3.246
     1.213
     3.329
     4.455
     2.456
    -2.123
     0.369
     4.525
     4.504
     2.484
     2.606
     2.905
    11.045
    11.456
     6.000
     5.957
     5.548
     1.599
    -2.520
    -3.150
    -3.765
    -0.496
     0.151
     0.128
    -2.840
    -4.875
     1.451
     6.586
     2.393
    -3.020
    -2.810
     7.386
    10.286
     7.450
    -2.967
     2.265
     4.080
    -3.419
    -1.700
    -1.025
    -5.712
    -4.132
    -1.261
    -1.531
     3.850
     3.750
     0.478
     4.039
     5.287
     6.244
     4.938
     2.240
    -2.262
    -3.658
    -4.278
    -2.858
    -1.304
    -2.690
    -3.401
    -1.253
     1.582
     1.179
    -0.053
     2.670
     3.852
    -1.126
    -2.934
     1.171
     2.871
     1.847
    -3.013
     0.282
    -3.031
    -2.917
    -3.591
    -4.285
    -0.202
     3.630
     5.107
     0.278
     0.312
     2.155
    -0.653
    -2.748
     0.897
     2.045
     2.782
     2.354
     1.027
    -1.567
     1.086
     2.548
    -0.276
    -0.080
    -2.481
    -1.789
    -0.510
     1.205
     3.466
    -0.659
    -1.693
     2.540
     1.813
     0.975
     2.025
    -2.765
    -2.209
     3.675
     3.518
     3.014
     1.512
    -3.144
    -6.239
    -0.974
     3.241
    -2.797
    -5.709
    -5.750
    -2.719
    -0.239
    -0.539
    -1.128
    -2.060
    -2.317
    -2.102
    -0.957
    -1.587
    -1.127
    -1.591
    -2.778
    -0.952
     2.866
    -1.274
    -4.121
    -3.638
    -4.271
    -1.984
    -4.132
    -3.366
    -2.174
    -0.821
     0.178
     0.243
     0.377
     1.215
     3.208
     1.454
     1.118
     2.037
    -0.136
    -0.699
    -1.923
    -0.997
    -0.594
    -0.457
    -0.179
     1.169
     0.207
     2.444
     3.581
     5.943
     5.289
     4.409
     3.729
     3.247
     2.702
     1.951
     1.479
    -0.531
    -1.599
    -2.367
    -2.651
    -4.293
    -1.459
    -2.914
    -4.819
    -4.238
    -5.675
    -3.114
    -3.265
    -5.114
    -7.561
    -8.355
    -8.219
    -7.076
    -7.119
    -7.623
    -7.717
    -6.040
    -4.557
    -5.128
    -4.508
    -5.073
    -5.565
    -4.689
    -5.235
    -5.681
    -6.853
    -5.589
    -4.140
    -1.512
    -0.964
    -1.704
    -0.610
     1.208
     2.824
     4.128
     5.534
     4.230
     6.530
     7.612
     9.418
    11.319
     9.785
    13.373
    12.808
    12.288
     9.864
     9.316
     7.245
     6.776
     3.796
     2.850
     3.458
     2.241
     0.392
     1.919
     1.843
     3.426
     3.315
     5.587
     7.238
     8.477
     9.469
     9.282
    10.112
    11.189
     9.727
     7.950
     8.510
     7.317
     9.548
     9.388
     9.127
    12.200
    16.057
    18.903
    14.554
    13.503
    15.170
     4.572
    -2.012
    -2.580
    -6.250
    -9.071
    -9.547
   -11.423
   -12.466
   -10.779
   -11.590
   -10.689
   -10.285
    -9.752
    -8.223
    -8.081
    -7.179
    -4.096
    -3.506
    -3.013
    -1.648
     1.255
     3.675
     7.495
     6.430
     4.069
     4.364
     3.580
     4.258
     5.265
     3.304
     0.582
    -1.764
    -2.806
    -2.827
    -1.393
    -2.680
    -3.393
    -5.455
    -8.190
    -9.181
    -8.671
    -8.924
    -8.575
    -7.676
    -9.018
    -6.590
    -5.922
    -4.643
    -3.558
    -6.719
    -7.346
   -10.088
    -9.884
   -10.349
   -11.923
   -14.451
   -15.567
   -19.327
   -19.919
   -19.753
   -19.577
   -19.882
   -18.144
   -17.455
   -15.674
   -16.608
   -16.803
   -15.280
   -15.744
   -13.642
   -12.904
   -12.652
   -12.430
   -13.531
   -12.110
   -12.637
   -12.215
    -9.232
    -6.668
    -4.600
    -1.341
     2.467
     5.268
     6.691
     8.281
     9.683
     9.406
     6.992
     5.639
     5.846
     7.472
    13.540
    20.369
    21.323
    19.412
    21.154
    27.956
    30.130
    29.443
    29.456
    30.756
    30.216
    28.906
    27.201
    22.666
    18.777
    14.612
    12.162
     9.680
     8.575
     8.496
     6.629
     6.264
    11.466
    12.432
    15.419
    16.099
    13.660
    10.426
     9.034
     8.790
     9.375
     9.445
    10.965
    12.385
    15.153
    15.132
    13.098
    10.770
     9.312
     5.967
     4.028
     5.036
     2.906
     3.893
     5.599
     3.901
     2.541
     0.647
    -0.754
    -0.464
    -0.723
    -0.631
    -2.134
    -3.654
    -4.846
    -5.270
    -4.168
    -2.668
    -5.425
    -9.085
   -13.208
   -14.128
   -17.286
   -19.152
   -22.003
   -22.616
   -21.656
   -21.151
   -25.745
   -26.712
   -25.799
   -24.330
   -20.981
   -21.038
   -21.479
   -21.088
   -21.704
   -19.069
   -17.365
   -14.294
   -11.696
   -12.688
   -11.664
   -10.688
   -10.542
   -10.442
   -12.147
   -10.619
   -12.544
   -15.896
   -11.983
    -9.847
    -5.571
    -3.653
    -0.422
     5.007
     4.049
     2.423
     1.346
    -0.646
    -5.163
    -3.754
     0.888
     3.995
     8.740
    13.985
    11.987
    10.015
     9.951
     7.987
     4.744
     9.025
    11.972
    12.621
    13.080
    13.687
    11.744
    13.796
    18.590
    14.276
    10.858
     4.989
     5.859
     8.615
     8.782
     3.296
     4.776
     5.425
     8.916
     9.858
     4.555
    -1.896
    -4.773
    -7.536
   -11.911
   -11.470
    -7.592
    -7.941
    -6.259
    -2.806
    -5.841
    -4.456
    -2.647
    -2.915
    -3.241
    -5.851
    -6.843
    -1.538
    -6.400
    -1.216
    -0.504
     0.313
     4.606
     3.466
     2.043
     1.260
     1.310
     0.775
     0.468
     1.826
     3.076
     7.361
    11.005
     7.792
    11.170
    13.368
    16.111
    17.502
    18.170
    16.761
    13.275
    15.649
    13.391
     7.678
     5.600
     4.016
     2.908
     2.274
    -0.324
     1.370
     1.625
     4.836
     2.733
     1.728
    -0.795
    -0.575
    -0.038
     0.104
     2.417
     4.953
     6.980
     7.389
     4.061
     3.999
     3.516
     0.745
    -0.184
    -5.841
    -8.585
   -13.870
   -18.945
    -8.480
    -1.488
    -0.393
     1.992
     1.353
    -2.257
    -4.696
    -5.589
    -7.937
    -7.988
    -5.472
     0.120
     4.160
     8.520
    13.773
    13.513
     7.350
    -3.179
   -12.918
   -15.373
   -17.155
   -17.594
   -12.472
    -3.136
     1.730
     1.865
     1.899
     0.097
    -2.770
    -3.655
    -3.772
    -6.537
    -8.071
    -8.397
    -8.291
    -6.975
    -6.131
    -6.897
    -5.406
    -6.671
    -7.704
    -8.059
    -7.146
    -6.473
    -5.788
    -5.862
    -5.960
    -5.105
    -7.146
    -6.318
    -7.388
    -8.409
    -7.898
    -7.087
    -2.717
     3.306
     3.825
     7.399
     6.851
     9.040
     8.593
     6.451
     4.992
     2.440
     0.827
    -0.735
    -2.240
    -2.060
    -2.455
    -3.571
    -2.509
    -2.247
    -0.004
     1.383
    -0.310
    -0.051
     0.631
     1.195
     1.742
     1.323
    -0.562
    -0.109
     0.285
     1.640
     1.448
     1.223
     1.222
     0.861
     0.857
     1.239
     2.958
     0.000
    -1.333
    -0.783
     1.081
     1.167
     0.701
     0.177
     0.996
     2.365
     2.416
     1.831
     1.759
     2.714
     3.986
     4.698
     4.495
     2.274
     2.085
     3.247
     4.349
     4.719
     5.295
     5.740
     4.957
     5.540
     5.782
     3.846
     3.584
     2.836
     1.222
     2.226
     1.737
     1.941
     1.826
     1.595
     0.820
     0.271
     1.479
     2.088
     2.003
     3.960
     5.004
     5.314
     8.308
    10.703
    10.482
    10.989
     9.808
    10.217
     9.543
     8.278
     6.814
     9.060
     9.744
     7.104
     5.816
     7.385
     7.118
     6.710
     4.864
     2.159
     0.267
    -3.605
    -5.450
    -6.586
    -6.295
    -7.302
    -7.880
    -7.031
    -8.490
    -5.962
    -6.992
    -7.330
    -8.461
    -8.572
    -8.280
    -8.679
    -7.793
    -8.955
    -7.960
    -7.422
    -7.125
    -6.087
    -4.066
    -3.197
    -3.001
    -2.667
    -1.786
    -3.141
    -3.326
    -3.868
    -3.313
    -3.223
    -4.247
    -3.521
    -3.545
    -3.247
    -2.136
    -2.917
    -2.667
    -1.891
    -1.728
    -3.194
    -2.917
    -3.820
    -3.155
    -4.757
    -4.742
    -4.160
    -3.945
    -5.404
    -4.591
    -3.321
    -2.676
    -1.844
    -1.409
    -1.921
    -1.823
    -2.410
    -2.345
    -2.417
    -2.566
    -1.743
    -2.567
    -1.397
    -2.026
    -0.480
    -1.512
    -0.246
     0.618
     0.746
     1.677
     2.770
     3.364
     3.290
     3.048
     3.762
     3.967
     3.040
     2.355
     2.941
     3.018
     3.180
     3.601
     4.468
     4.247
     3.366
     4.328
     3.782
     3.628
     2.398
     1.966
     1.346
     0.460
     2.289
     1.005
     0.320
     0.909
     0.211
     0.480
     0.791
     0.245
     1.205
     1.375
     1.842
     1.506
     1.665
     1.484
     1.838
     1.063
     1.500
     1.145
     1.094
     0.335
    -0.396
     0.125
    -0.087
     0.966
     0.399
     1.995
     2.350
     3.378
     4.008
     4.509
     4.463
     3.337
     1.983
     2.564
     2.126
     1.870
     1.677
     0.900
    -0.080
    -0.288
    -0.856
    -2.619
    -2.486
    -2.253
    -2.225
    -2.481
    -2.132
     0.610
     1.314
     1.423
     0.456
     1.425
     1.535
     1.565
     1.302
     2.880
     3.371
     1.783
     0.475
     0.924
     1.031
     2.089
     1.680
     1.669
     3.103
     2.542
     3.907
     2.245
     2.356
     2.207
     0.845
     1.028
     0.569
     0.594
     0.366
     0.422
     0.775
     0.481
     0.630
     1.104
     0.438
     0.497
    -0.280
    -1.035
    -1.134
    -1.538
    -1.187
    -2.035
    -1.777
    -1.935
    -1.075
    -1.085
    -2.288
    -2.078
    -1.842
    -1.490
    -2.274
    -1.863
    -1.024
    -2.018
    -1.547
    -1.234
    -2.658
    -1.399
    -0.912
    -2.561
    -1.114
    -3.039
    -1.460
    -2.053
    -1.753
    -1.962
    -2.197
    -2.972
    -1.850
    -1.671
    -2.395
    -1.569
    -1.094
    -1.584
    -1.613
    -1.826
    -2.601
    -1.709
    -1.514
    -2.298
    -2.464
    -1.432
    -2.450
    -2.913
    -3.314
    -2.602
    -3.696
    -4.000
    -2.728
    -3.733
    -5.306
    -4.426
    -5.015
    -4.715
    -5.117
    -5.897
    -5.334
    -5.157
    -5.688
    -6.277
    -5.357
    -5.226
    -6.191
    -5.901
    -5.849
    -6.060
    -6.741
    -6.240
    -6.049
    -4.577
    -2.445
    -2.938
    -1.444
     0.346
     2.350
     4.252
     5.444
     7.907
    10.391
    11.442
    11.643
    11.442
    12.406
    12.345
    10.151
     8.749
     8.912
     7.466
     6.393
     6.392
     5.426
     4.495
     5.485
     6.052
     6.256
     6.445
     7.229
     4.748
     5.533
     4.785
     4.646
     4.772
     4.573
     6.048
     4.559
     4.011
     3.522
     2.958
     2.887
     2.377
     2.741
     1.884
     2.749
     2.446
     0.951
     0.153
    -1.486
    -1.384
    -1.896
    -1.026
    -0.504
    -0.320
     1.063
    -0.564
     0.221
     0.356
     1.298
     3.175
     1.290
    -0.618
    -0.732
     0.525
    -0.422
    -3.183
    -3.635
    -2.558
    -1.124
     0.879
     1.988
    -2.279
    -5.899
    -6.727
    -5.463
    -4.440
    -3.202
    -1.509
    -0.766
    -1.497
    -2.729
    -3.020
    -4.046
    -5.397
    -5.047
    -4.175
    -2.647
    -3.306
    -1.801
    -3.234
    -3.205
    -3.860
    -4.002
    -3.891
    -3.945
    -2.023
    -0.467
     0.029
    -0.330
    -0.334
    -0.706
    -1.935
    -0.547
    -1.449
    -0.465
    -1.013
    -2.220
    -1.893
     0.075
    -0.110
     1.041
    -0.351
    -0.789
    -0.058
    -1.456
    -3.966
    -2.512
    -2.937
    -1.001
    -1.489
    -1.080
    -2.166
    -1.405
    -1.659
    -1.294
    -1.219
    -0.818
     1.083
     0.526
     0.827
     0.359
    -0.405
    -0.595
    -0.854
    -0.550
    -0.286
     0.108
    -1.416
    -0.696
     0.470
     0.270
     0.656
     0.746
    -0.265
     1.006
     1.052
     0.947
     1.489
     2.070
     2.204
     0.129
    -3.104
    -2.338
    -2.378
    -1.893
     0.327
     1.365
     2.709
     3.550
     2.047
     1.752
     2.500
     3.401
     5.072
     1.543
     0.244
     0.246
    -0.105
     1.121
     1.296
     0.105
     0.122
     2.118
     2.602
     2.180
     2.354
     2.309
     3.536
     4.321
     2.467
     1.708
     0.666
     1.349
     3.072
     2.782
     1.751
     2.067
     2.033
     1.771
     2.200
     1.854
     0.408
     0.520
     0.364
     1.750
     1.107
     2.376
     2.051
     0.098
     0.282
    -0.208
    -0.594
    -0.373
    -0.263
    -0.797
    -1.094
     0.179
    -0.055
    -0.057
     0.222
     0.045
    -0.739
    -1.012
    -1.142
    -2.859
    -2.223
    -2.941
    -1.837
    -0.541
    -0.418
     1.301
     0.884
     1.348
     0.862
    -0.336
     0.367
     1.761
     2.235
     2.274
    -0.013
     0.471
     0.085
    -0.586
    -0.671
    -0.194
     0.621
     0.600
     1.687
     0.282
     0.332
    -0.085
    -1.376
    -1.975
    -3.197
    -2.570
    -1.035
    -1.701
    -1.099
    -1.124
    -1.984
    -1.528
    -0.581
    -1.170
    -1.521
    -1.171
    -1.436
    -1.754
    -2.257
    -1.613
    -2.107
    -0.917
    -0.261
    -1.769
    -2.210
    -2.006
    -1.358
    -0.666
    -1.977
    -2.630
    -1.721
    -1.525
    -2.010
    -2.313
    -1.872
    -1.877
    -1.819
    -2.529
    -2.278
    -2.919
    -3.234
    -2.046
    -2.128
    -1.246
    -1.604
    -1.347
    -0.634
    -1.828
    -2.331
    -1.075
    -1.190
    -0.583
    -0.820
     0.899
     0.017
     1.308
     0.875
     0.491
     0.960
     2.823
     1.999
     2.101
     2.029
     0.901
     0.554
     0.967
     1.650
     2.902
     2.416
     2.809
     3.141
     2.334
     2.847
     3.683
     1.944
     2.087
     2.496
     3.074
     3.395
     2.400
     2.696
     3.259
     3.880
     4.212
     4.944
     3.783
     3.640
     4.795
     3.814
     3.446
     3.806
     4.392
     4.652
     4.638
     4.191
     5.332
     5.114
     2.640
     3.642
     3.427
     2.199
     1.027
     2.340
    -0.257
    -0.379
    -0.410
     0.675
    -1.298
    -1.697
    -2.267
    -0.595
    -0.447
    -2.766
    -1.560
    -1.003
    -0.942
    -0.996
    -0.487
    -2.796
    -2.909
    -5.301
    -6.044
    -6.925
    -7.302
    -7.852
    -6.881
    -6.437
    -7.743
    -6.355
    -7.650
    -7.520
    -5.083
    -7.924
    -5.940
    -3.892
    -0.896
    -2.503
    -2.477
    -2.406
    -2.000
    -2.372
    -2.413
    -3.632
    -2.301
    -3.009
    -3.908
    -2.704
    -2.594
    -2.851
    -4.817
    -4.065
    -3.841
    -2.252
    -3.267
    -4.017
    -2.320
    -1.723
    -3.589
    -1.860
    -3.071
    -0.702
    -2.708
    -0.419
    -3.329
    -4.060
    -1.700
    -5.305
    -4.328
    -4.386
    -3.146
     1.422
     1.804
     1.489
     2.140
     3.747
     3.887
     7.082
     6.308
     7.785
     6.485
     7.250
     8.542
    10.802
    12.453
    13.254
    12.086
    12.053
    11.039
    11.125
    11.323
    15.699
    15.455
    11.298
     8.522
     8.013
     9.395
    17.706
     7.769
     7.067
    12.740
     7.801
     7.484
     7.646
     4.311
     2.535
     1.388
    -0.801
    -0.657
    -0.464
     1.265
     2.223
    -0.759
    -1.519
    -1.269
    -1.412
    -1.460
    -1.556
    -1.291
    -1.101
    -0.453
    -1.375
    -1.332
    -2.595
    -2.305
    -3.483
    -2.654
    -4.155
    -3.449
    -4.032
    -3.787
    -4.125
    -4.626
    -6.489
    -7.236
    -6.030
    -7.025
    -7.449
    -5.917
    -4.952
    -6.906
    -7.882
    -8.839
    -8.035
    -8.766
    -7.999
    -7.151
    -7.831
    -8.698
    -8.483
    -8.799
    -7.581
    -8.397
    -8.035
    -8.509
    -8.638
    -7.943
    -7.364
    -7.328
    -6.116
    -6.036
    -5.698
    -5.498
    -5.454
    -5.231
    -4.652
    -4.316
    -3.851
    -3.766
    -3.750
    -3.483
    -3.278
    -3.384
    -2.961
    -2.522
    -2.066
    -2.012
    -1.735
    -1.280
    -0.705
    -0.452
    -0.177
     0.178
     0.539
     0.854
     1.191
     1.530
     1.857
     2.177
     2.502
     2.806
     3.133
     3.442
     3.764
     4.070
     4.385
