     5.236
     5.067
     5.027
     4.838
     4.779
     4.568
     4.489
     4.282
     4.199
     3.957
     3.890
     3.635
     3.484
     3.194
     3.078
     2.712
     2.539
     2.224
     1.979
     1.492
     1.260
     0.887
     0.600
     0.271
     0.143
    -0.323
    -0.447
    -0.608
    -1.060
    -1.567
    -1.661
    -1.892
    -2.437
    -3.041
    -3.303
    -4.086
    -4.401
    -4.797
    -4.786
    -5.174
    -5.310
    -5.485
    -5.738
    -6.143
    -6.639
    -7.025
    -7.373
    -7.173
    -7.156
    -8.407
    -8.648
    -9.009
    -9.053
    -9.213
    -9.458
   -10.282
   -10.465
   -10.357
   -11.470
   -12.045
   -11.465
   -11.553
   -12.341
   -12.689
   -11.769
   -10.851
   -10.295
   -10.354
    -8.057
    -6.438
    -4.872
    -3.757
    -2.510
    -0.566
     0.379
     0.727
     0.728
     1.376
     2.747
     1.461
     2.861
     3.290
     2.752
     2.920
     4.286
     3.528
     5.048
     5.513
     6.629
     6.973
     7.125
     7.925
     9.424
    10.201
    10.948
    10.505
    10.653
     8.073
     8.671
     7.154
     6.557
     5.387
     4.761
     4.388
     3.174
     3.302
     2.662
     3.397
     2.839
     1.870
     2.920
     2.886
     1.691
     2.744
     3.024
     2.056
     2.137
     2.276
     1.975
    -0.129
     1.715
     1.449
     1.553
     0.865
     0.606
    -0.774
     0.116
    -0.079
    -0.656
    -0.986
    -1.022
    -0.635
    -0.241
    -1.248
    -2.414
    -1.423
    -1.489
    -1.182
    -1.319
    -1.814
    -1.766
    -3.277
    -3.417
    -4.162
    -2.107
    -1.424
    -1.719
    -2.026
    -3.144
    -1.551
    -1.861
    -1.610
    -1.347
    -0.738
    -0.059
    -1.180
    -0.610
    -1.492
    -0.415
    -1.830
    -2.495
    -3.312
    -2.069
    -1.838
    -0.082
     2.167
     2.153
     1.632
     2.425
     2.930
     2.723
     3.207
     3.391
     3.599
     3.635
     3.597
     3.217
     4.561
     4.648
     3.591
     4.267
     4.073
     4.436
     3.108
     3.587
     3.478
     4.069
     3.178
     2.330
     2.813
     3.594
     2.987
     1.469
    -0.226
    -0.516
     0.286
     1.137
     0.819
     2.498
     1.280
     0.845
     0.893
     0.071
    -2.128
    -4.423
    -4.992
    -6.239
    -3.602
    -2.246
    -4.032
    -4.207
    -4.019
    -5.973
   -10.084
   -10.555
    -9.508
    -9.347
   -10.102
   -10.081
   -10.465
   -10.415
    -9.634
    -7.702
    -6.677
    -7.747
    -6.339
    -6.031
    -3.618
    -3.357
    -1.299
    -1.159
     1.172
     1.302
     4.027
     6.299
     4.831
     6.271
     9.484
    10.126
     8.662
     8.724
     9.339
     9.540
     9.213
     7.032
     5.919
     5.403
     4.973
     4.265
     2.796
     4.607
     3.154
     4.720
     4.282
     0.601
     2.302
     1.178
     0.891
     0.948
     0.505
    -0.099
     0.574
    -0.471
    -2.088
    -3.021
    -2.600
    -3.866
    -2.781
    -2.304
    -2.449
    -1.811
    -2.495
    -0.592
    -2.080
    -1.260
    -2.351
    -2.139
    -2.640
    -2.945
    -3.899
    -3.157
    -3.470
    -3.743
    -3.857
    -4.170
    -4.826
    -3.852
    -4.388
    -4.165
    -3.988
    -3.718
    -3.532
    -4.038
    -3.876
    -3.808
    -3.518
    -3.535
    -3.801
    -3.403
    -3.405
    -4.735
    -2.428
    -3.345
    -2.797
    -0.944
    -0.047
    -1.220
    -1.736
     0.511
    -0.468
     1.283
     0.790
     1.971
     1.734
     0.917
     2.187
     3.450
     3.119
     4.090
     4.126
     4.415
     4.708
     5.808
     5.535
     6.696
     6.750
     6.859
     6.221
     6.627
     6.468
     5.516
     5.281
     6.286
     6.510
     5.330
     4.468
     4.147
     3.593
     4.722
     3.855
     4.966
     4.941
     5.801
     5.514
     5.348
     4.535
     4.532
     4.166
     2.944
     1.620
     0.890
     0.561
    -0.022
    -0.404
     0.279
    -0.370
    -0.468
    -0.158
    -1.376
    -1.795
    -3.268
    -2.952
    -2.221
    -1.657
    -2.363
    -4.343
    -2.877
    -2.024
    -0.531
     0.200
     0.064
    -0.302
     0.731
    -0.231
     0.773
     1.030
    -0.224
     0.988
     1.780
     2.169
     1.092
    -0.289
     0.030
    -0.180
    -0.324
    -0.045
     0.206
    -1.224
    -0.635
    -1.901
    -2.362
    -3.047
    -3.118
    -3.394
    -4.407
    -4.742
    -4.761
    -4.941
    -4.915
    -4.852
    -4.966
    -4.511
    -6.164
    -5.969
    -5.306
    -4.969
    -5.890
    -6.538
    -7.111
    -7.545
    -8.189
    -7.668
    -6.632
    -7.735
    -5.336
    -6.337
    -5.869
    -6.186
    -5.209
    -3.344
    -3.453
    -3.655
    -3.147
    -1.955
    -0.993
     1.594
     4.018
     3.241
     3.539
     1.685
     2.257
     2.605
     3.761
     4.408
     3.972
     3.592
     2.357
     2.169
     3.489
     3.438
     3.061
     2.770
     2.461
     1.310
     1.982
     1.955
     1.138
     1.197
     0.973
     0.487
     0.621
     1.835
     2.187
    -0.387
    -0.641
    -0.697
    -0.241
    -0.359
     0.559
     0.031
    -0.414
     1.187
     0.729
     0.927
     0.999
     1.807
     2.849
     3.052
     1.907
     1.800
     1.456
     1.592
     0.601
     1.397
     1.418
     1.765
     1.892
     2.036
     3.078
     2.250
     2.511
     3.236
     2.752
     2.832
     2.324
     2.820
     2.131
     1.720
     2.762
     3.628
     3.431
     1.650
     2.149
     1.136
     1.636
     1.811
     2.995
     2.882
     2.133
     2.543
     2.393
     1.921
     1.405
     0.933
     0.936
     1.393
     0.148
    -0.172
     0.222
     0.213
    -0.355
    -0.523
    -0.142
    -0.988
     1.045
    -0.116
    -0.179
     0.434
     0.629
     2.219
     1.157
     2.504
     2.038
     2.207
     2.194
     3.220
     2.657
     2.266
     1.656
     1.798
     2.750
     3.135
     3.661
     2.362
     2.212
     0.107
     0.083
     1.300
     1.993
     2.001
     1.477
     1.209
     0.687
     0.862
    -0.823
    -0.104
     0.002
    -1.134
    -0.872
    -2.035
    -0.671
    -1.701
    -1.134
    -0.792
    -0.734
    -0.803
    -1.001
    -2.211
    -2.919
    -2.239
    -3.046
    -4.568
    -5.422
    -7.192
    -7.076
    -7.005
    -6.831
    -7.606
    -7.925
    -8.426
    -8.506
    -8.850
    -6.281
    -7.873
    -7.183
    -7.847
    -7.447
    -7.015
    -8.022
    -7.904
    -6.530
    -6.261
    -6.033
    -6.858
    -5.834
    -4.542
    -4.242
    -3.847
    -3.475
    -3.917
    -3.309
    -2.826
    -1.938
    -2.404
    -3.156
    -2.558
    -1.202
    -0.493
    -0.948
    -2.312
    -3.438
    -2.974
    -2.941
    -2.332
    -1.845
    -1.011
    -1.193
    -0.411
    -0.450
    -1.538
     0.650
     0.979
     2.518
     3.666
     3.732
     3.499
     5.553
     5.139
     5.656
     5.624
     4.950
     2.723
     5.372
     5.558
     5.146
     3.373
     3.721
     5.096
     4.237
     5.197
     6.845
     5.740
     6.519
     5.907
     6.271
     6.228
     5.502
     6.158
     6.357
     6.115
     5.671
     4.895
     6.157
     6.898
     6.685
     6.687
     7.083
     7.061
     7.606
     8.288
     6.632
     5.766
     6.688
     6.136
     7.154
     7.122
     5.999
     6.050
     6.037
     5.511
     5.623
     4.467
     4.308
     4.519
     4.025
     4.952
     5.575
     5.913
     5.917
     5.986
     5.337
     4.296
     4.834
     0.855
     0.119
    -0.636
    -0.853
    -3.139
    -4.358
    -3.776
    -6.883
    -7.068
    -7.373
    -6.487
    -7.388
    -5.881
    -5.976
    -6.199
    -7.506
    -6.944
    -5.331
    -5.667
    -3.813
    -1.900
    -2.140
    -2.175
    -1.573
    -1.559
    -1.782
    -2.226
    -1.134
    -1.308
    -1.734
    -0.730
    -1.350
    -2.154
    -1.388
    -2.898
    -3.365
    -3.186
    -2.822
    -3.524
    -4.855
    -5.877
    -5.514
    -7.171
    -6.676
    -7.486
    -8.070
    -8.780
    -7.931
    -8.575
    -7.296
    -6.776
    -6.729
    -5.396
    -4.216
    -4.203
    -4.239
    -2.825
    -2.285
    -3.621
    -3.477
    -1.797
    -3.633
    -4.824
    -3.098
    -4.111
    -3.999
    -3.905
    -3.537
    -4.294
    -3.748
    -3.854
    -4.566
    -4.663
    -4.397
    -4.761
    -4.811
    -4.494
    -6.791
    -6.530
    -6.054
    -5.340
    -4.184
    -2.624
    -2.921
    -2.342
    -2.757
    -2.680
    -2.314
    -1.224
    -0.829
    -0.679
    -0.844
    -0.649
     0.581
     1.803
     1.698
     0.272
     1.921
     1.600
     0.415
     1.482
     1.301
     2.779
     3.447
     5.431
     4.620
     6.190
     5.450
     5.439
     6.295
     6.434
     6.965
     8.080
     9.325
    10.879
     9.770
    10.464
     9.438
     9.845
    10.478
    10.155
    11.009
    10.629
    10.344
     9.869
    11.035
     9.919
    10.176
     8.757
     8.998
     8.481
     8.427
     9.130
    10.329
     9.676
     9.277
     9.397
     8.860
     9.476
     8.871
     9.637
     8.717
     8.047
     8.596
     8.633
     9.493
     9.095
     8.910
     8.753
    10.107
     9.275
     9.560
     9.187
     8.240
     7.942
     7.768
     7.883
     7.755
     6.932
     5.527
     5.502
     7.551
     7.642
     4.114
     4.598
     2.258
    -1.445
    -2.523
    -5.984
    -7.235
    -9.897
   -13.490
   -15.672
   -17.982
   -17.424
   -20.616
   -22.006
   -22.397
   -23.152
   -23.847
   -24.685
   -25.318
   -24.786
   -22.906
   -22.798
   -23.842
   -25.131
   -23.837
   -23.967
   -22.027
   -19.987
   -18.358
   -16.717
   -13.871
   -13.219
   -10.866
    -9.124
    -6.510
    -4.741
    -2.538
    -1.433
    -0.301
    -0.732
     1.018
     0.174
     1.295
     0.763
     0.636
     0.226
     0.295
     0.025
     0.409
     0.995
    -0.307
    -0.523
    -1.209
     0.141
    -0.384
    -0.654
     2.165
     3.123
     2.454
     2.676
     2.854
     0.234
     2.464
     2.506
     3.128
     3.181
     3.584
     3.306
     2.981
     4.641
     4.568
     4.630
     4.679
     6.798
     7.573
     7.648
     6.098
     3.558
     1.245
     1.128
    -0.131
     0.121
     1.046
     2.465
     5.257
    10.161
    14.846
    15.549
    16.092
    17.175
    17.020
    16.738
    17.198
    15.412
    16.919
    15.234
    14.773
    11.663
     8.930
     6.245
     5.123
     5.959
     2.974
     1.673
    -0.245
    -0.499
    -2.603
    -4.109
    -5.078
    -5.328
    -5.360
    -6.734
    -6.421
    -6.837
    -5.530
    -5.738
    -4.481
    -5.114
    -3.390
    -4.291
    -3.149
    -2.340
    -2.069
    -2.230
    -1.756
    -1.228
    -0.291
     1.159
     2.306
     1.784
     1.744
     3.761
     4.335
     4.225
     4.152
     5.371
     5.504
     5.019
     5.001
     5.072
     3.795
     6.354
     7.633
     6.514
     7.564
     6.630
     5.308
     5.192
     4.097
     1.900
     0.833
     0.929
     1.301
     0.144
    -2.568
    -3.299
    -3.363
    -3.985
    -3.619
    -3.125
    -2.779
    -2.056
    -1.361
    -3.899
    -3.895
    -3.513
    -2.738
    -2.070
    -1.389
    -0.361
    -1.707
    -1.810
     0.335
    -0.160
     0.422
     0.702
     0.497
     1.699
     2.376
     0.581
    -0.491
     0.276
    -0.463
    -0.901
     0.267
     0.754
     0.519
    -0.737
     0.435
     0.945
    -0.431
    -1.172
     1.291
     0.206
    -1.343
    -2.603
    -6.533
    -7.230
    -7.857
    -7.351
    -8.422
    -8.259
    -8.887
   -10.615
    -9.846
    -8.505
    -8.455
    -9.929
   -10.767
   -10.286
   -11.796
   -13.796
   -14.771
   -16.109
   -16.133
   -19.345
   -17.888
   -16.410
   -15.529
   -16.176
   -17.976
   -19.693
   -19.812
   -21.685
   -22.396
   -23.979
   -28.803
   -28.787
   -28.957
   -27.366
   -28.100
   -27.610
   -29.255
   -28.952
   -26.719
     5.750
    11.713
     8.308
     8.605
    11.153
    11.666
    12.044
    13.333
    14.885
    16.981
    16.524
    17.440
    18.763
    17.825
    20.394
    20.863
    21.957
    25.749
    28.500
    31.180
    27.423
    23.678
    25.515
    29.403
    35.218
    35.796
    37.386
    37.508
    38.769
    40.196
    40.229
    42.259
    38.618
    40.423
    40.286
    38.390
    36.946
    31.756
    29.752
    28.348
    24.773
    24.244
    22.255
    20.288
    18.802
    18.347
    17.208
    13.821
    14.114
    13.471
    13.375
    11.019
     8.712
     2.815
    -4.513
    -8.054
   -12.613
   -20.543
   -23.878
   -25.008
   -27.843
   -31.182
   -31.937
   -33.979
   -34.996
   -35.402
   -35.122
   -30.121
   -30.393
   -30.220
   -28.870
   -29.927
   -31.219
   -33.038
   -33.979
   -29.670
   -30.054
   -31.268
   -28.189
   -27.310
   -28.253
   -27.785
   -25.954
   -24.749
   -25.427
   -24.795
   -23.873
   -25.009
   -25.530
   -22.697
   -21.387
   -21.138
   -20.933
   -21.478
   -22.527
   -22.962
   -22.188
   -20.600
   -20.894
   -20.591
   -17.926
   -14.159
   -10.268
    -7.049
    -2.887
     1.627
     3.137
     6.752
     7.046
    11.828
    12.330
    14.732
    17.049
    22.000
    27.522
    32.405
    35.410
    37.965
    42.113
    45.055
    42.897
    39.824
    39.477
    46.336
    47.172
    41.109
    44.201
    40.067
    29.677
    33.655
    42.519
    30.616
    18.962
     4.493
    19.003
    19.669
    11.681
    -1.059
    -3.692
    -4.551
    -8.552
   -12.847
   -12.950
   -17.566
   -19.569
   -18.042
   -14.076
   -15.570
   -11.588
   -13.583
   -20.144
   -20.843
   -10.897
   -13.233
   -15.046
   -13.584
    -6.877
    -6.527
    -7.544
    -7.526
    -7.838
    -6.836
    -2.058
    -7.448
    -3.851
    -5.245
    -2.516
    -2.852
     0.702
    -4.843
   -13.878
   -12.880
    -3.047
    -0.177
    -6.245
    -9.666
    -6.442
    -2.648
     0.153
     5.650
    15.187
     4.817
    -5.942
    -8.475
   -13.484
   -14.567
   -14.958
   -10.359
    -7.638
    -6.308
    -0.651
     0.330
    -6.098
   -11.038
   -10.526
   -11.195
    -5.773
    -2.375
    -0.391
     1.139
     3.345
     3.287
     7.602
    11.301
    11.397
     8.039
    12.579
    16.080
    21.889
    22.840
    21.771
    18.247
    16.462
    15.306
    18.394
    16.819
    13.110
    13.503
    10.173
     9.821
     8.082
     5.226
     7.183
    10.401
     6.474
     6.907
     5.453
     4.677
     3.870
     5.212
     3.996
     2.527
     4.944
     7.855
     6.119
     4.327
     5.805
     1.479
     1.173
    -3.331
    -1.508
    -2.115
     1.442
     2.907
     1.387
    -1.038
    -2.911
    -1.807
    -3.128
    -4.978
    -3.393
    -5.170
    -7.809
    -8.604
    -7.143
    -6.445
   -17.785
   -15.615
   -14.685
   -10.813
   -10.714
   -11.404
    -9.128
    -9.642
    -5.974
     3.232
     1.759
    -4.149
    -6.734
    -9.860
    -8.616
    -5.956
    -9.339
   -15.339
   -13.546
   -17.668
   -18.004
   -22.978
   -23.777
   -24.157
   -21.495
   -19.466
   -16.294
   -15.781
   -15.014
   -13.314
   -10.715
   -11.065
   -12.284
   -11.498
    -7.868
    -7.396
    -5.663
    -8.552
    -9.000
    -6.779
    -6.677
    -5.825
    -2.758
    -2.963
    -3.080
     3.105
     7.305
     9.883
     6.014
     2.779
     3.903
     5.756
     4.199
     8.034
    13.792
    14.727
     7.732
    10.204
     6.490
     8.101
    11.063
     8.474
    15.815
    12.772
    19.150
    19.649
    19.360
    19.662
    20.094
    21.377
    24.003
    20.184
    25.268
    25.289
    25.748
    20.512
    18.853
    16.345
    14.854
    12.230
    12.984
    15.400
    17.832
    16.353
     9.056
     8.732
     8.262
     6.504
     6.134
     6.242
     2.943
     9.979
     5.547
     0.439
     4.360
     0.897
    -1.886
    -1.149
    -4.147
    -6.234
    -1.772
    -2.912
    -2.450
    -3.909
   -10.548
    -7.909
    -1.562
   -11.984
   -15.042
   -12.092
    -7.561
     2.319
    -7.445
    -8.293
    -3.217
    -8.165
    -8.589
    -8.818
   -17.702
   -18.184
   -16.085
   -19.850
   -17.564
   -11.225
   -12.092
    -7.137
    -6.306
    -3.792
    -4.841
    -2.908
    -3.450
    -5.087
    -6.184
    -7.654
    -8.677
    -8.463
    -9.065
    -7.390
    -7.047
    -4.747
    -5.881
    -4.371
    -0.769
    -1.534
    -4.000
    -2.042
     0.829
     1.072
     0.727
    -0.221
    -1.374
    -0.223
    -0.711
    -3.398
    -1.760
     1.119
     0.201
    -0.632
    -4.179
     2.117
     1.432
     0.208
     0.692
     4.141
     5.230
     3.870
     2.846
     1.863
     2.230
     6.034
     3.706
     2.673
     4.730
     2.455
     1.294
     0.886
    -0.626
     0.132
    -1.145
    -2.669
    -1.030
     1.400
     2.948
     0.442
     0.411
     2.661
     4.703
     3.977
     3.190
    -1.486
    -0.985
    -2.627
     7.733
     0.721
    -8.183
   -10.290
    -7.207
    -6.763
    -7.508
    -9.080
    -9.115
    -8.396
    -7.643
    -7.262
    -8.060
    -7.149
    -6.155
    -2.854
    -1.647
     0.060
     2.259
    -1.772
    -0.877
     0.994
     0.361
     0.838
    -1.127
     0.047
     0.402
    -0.174
     1.457
     2.645
     1.393
     5.101
     4.768
     5.448
     6.089
     7.805
     5.512
     5.710
     6.030
     6.696
     7.054
     8.465
     9.079
     8.534
     8.238
     8.389
    10.285
    10.861
    12.391
    13.852
    15.528
    15.692
    15.253
    14.923
    15.399
    14.999
    14.601
    15.084
    13.749
    14.163
    14.636
    11.255
    10.603
    10.665
     9.912
    10.057
     7.958
     6.389
     5.389
     5.269
     6.003
     3.931
     3.444
     0.839
     0.623
     0.223
     0.177
    -3.096
    -2.739
    -4.408
    -5.081
    -4.259
    -6.138
    -8.746
    -9.108
   -10.758
   -11.104
   -11.562
   -15.049
   -16.265
   -17.381
   -17.287
   -17.668
   -18.078
   -17.041
   -19.724
   -19.230
   -20.836
   -19.793
   -20.381
   -17.121
   -17.531
   -16.321
   -15.679
   -12.796
   -12.645
   -11.223
   -10.610
    -9.289
   -10.359
    -7.614
    -8.033
    -5.335
    -5.633
    -6.262
    -8.565
    -5.937
    -7.592
    -7.151
    -6.867
    -6.882
    -5.584
    -4.376
    -2.282
     0.737
     2.337
     1.482
     0.415
     1.627
     1.941
     2.112
     3.772
     5.368
     5.514
     4.913
     9.488
     9.085
     7.312
     8.291
    10.985
    10.658
    10.882
     9.298
    10.046
     8.356
     8.174
     7.835
     7.547
     7.397
     7.622
     5.573
     5.837
     7.917
     6.700
     5.806
     4.914
     5.996
     5.582
     6.092
     6.286
     8.024
     6.873
     7.579
     8.432
     8.178
     9.024
     8.666
     7.336
     5.934
     6.228
     6.166
     6.625
     6.021
     6.107
     6.189
     5.348
     6.962
     6.954
     7.219
     7.865
     9.447
     6.762
     5.741
     5.269
     6.380
     4.879
     3.368
     1.426
    -0.577
    -0.700
    -1.943
    -1.878
    -4.114
    -4.807
    -5.867
    -5.495
    -6.542
    -6.379
    -6.866
    -7.125
    -5.049
    -6.324
    -5.799
    -4.888
    -5.719
    -7.144
    -6.974
    -6.661
    -6.598
    -7.367
    -6.816
    -7.738
    -7.328
    -8.569
    -9.937
   -10.799
   -10.815
    -9.549
   -10.251
    -8.960
    -8.488
    -8.234
    -7.924
    -7.505
    -9.294
    -9.487
    -8.231
    -7.636
    -4.575
    -3.382
    -3.585
    -3.449
    -1.407
     0.846
     2.520
     2.702
     2.380
     3.252
     2.342
     3.612
     2.698
     1.518
     1.880
     2.136
     0.381
     2.243
    -0.868
     0.198
    -2.293
    -0.260
     1.595
     0.764
     2.283
     2.391
     2.190
     3.771
     4.019
     3.390
     4.324
     3.830
     5.244
     5.209
     5.185
     5.537
     5.612
     6.598
     4.859
     4.101
     5.117
     5.074
     6.082
     7.336
     7.306
     7.789
     6.372
     6.269
     5.591
     6.281
     6.270
     6.717
     7.421
     7.254
     5.691
     6.230
     6.627
     7.086
     6.511
     4.462
     4.200
     4.163
     2.560
     1.061
     0.806
     0.073
    -1.501
    -2.541
    -4.762
    -3.903
    -4.851
    -3.616
    -6.447
    -6.563
    -6.456
    -5.837
    -5.817
    -6.296
    -6.065
    -4.904
    -4.610
    -4.198
    -4.022
    -4.578
    -4.913
    -4.841
    -5.176
    -5.045
    -6.061
    -5.886
    -5.188
    -3.994
    -3.246
    -3.864
    -1.008
    -1.144
    -1.681
    -2.732
    -2.942
    -3.861
    -3.958
    -5.388
    -3.406
    -3.509
    -2.116
    -2.427
    -2.178
    -1.954
    -1.746
    -2.361
    -4.670
    -5.640
    -4.667
    -5.381
    -6.545
    -4.519
    -5.949
    -2.331
    -3.830
    -3.304
    -5.230
    -4.416
    -4.305
    -4.356
    -3.154
    -2.871
    -0.652
    -0.070
     0.914
     1.067
     1.555
     0.926
    -0.975
     1.221
     1.072
     3.201
     3.399
     3.774
     4.908
     4.880
     5.786
     6.564
     7.799
     8.296
     9.533
     9.236
     9.641
    11.778
     9.833
    12.188
    11.636
    10.789
    11.668
    12.995
    10.433
     9.134
     9.049
     7.816
     7.888
     6.498
     5.582
     5.626
     2.815
     1.331
     1.756
     1.228
     0.196
     1.644
     0.702
    -0.647
     0.032
     2.922
     2.561
     1.947
     2.947
     2.251
     2.231
     1.448
     0.072
     0.410
     0.124
     0.200
    -1.240
    -1.639
    -2.585
    -3.679
    -4.258
    -3.360
    -3.938
    -4.053
    -3.312
    -2.968
    -2.652
    -2.451
    -4.348
    -3.656
    -6.757
    -6.047
    -8.533
    -9.080
    -6.901
    -8.265
    -8.317
    -8.936
    -8.819
    -8.373
    -6.186
    -6.106
    -7.115
    -7.546
    -6.902
    -5.796
    -4.939
    -3.292
    -1.871
    -0.513
     0.665
     1.553
    -0.100
     1.662
     1.671
    -0.422
    -2.199
    -0.239
    -2.184
    -3.436
    -3.738
    -2.674
    -0.761
     0.779
     0.528
     1.062
    -0.659
    -0.415
    -1.371
    -0.430
    -1.146
    -0.929
    -1.149
    -1.418
    -0.674
    -1.346
    -0.795
    -1.212
    -1.339
    -0.338
    -1.032
    -0.180
    -0.918
     0.346
    -0.513
    -0.305
    -0.330
    -0.142
     1.177
     1.969
    -1.042
    -1.082
     0.492
     2.030
     3.962
     4.384
     4.815
     4.928
     4.232
     3.641
     2.786
     2.654
     2.816
     0.810
     0.856
     1.777
    -0.032
     1.941
     0.507
     2.121
     2.093
     2.788
     4.362
     2.995
     2.768
     3.913
     5.064
     4.543
     6.446
     6.121
     6.624
     7.060
     5.951
     5.746
     3.880
     4.648
     4.550
     6.057
     4.973
     4.329
     3.817
     3.669
     2.589
     3.628
     2.999
     3.347
     1.363
     0.424
     0.432
     0.343
    -0.505
    -2.510
    -2.382
    -1.182
    -2.236
    -3.190
    -3.677
    -2.715
    -3.562
    -2.464
    -3.790
    -3.170
    -2.912
    -3.363
    -2.942
    -2.913
    -3.083
    -3.072
    -3.435
    -4.316
    -3.211
    -3.095
    -2.786
    -4.646
    -6.490
    -5.552
    -4.345
    -3.922
    -4.130
    -2.953
    -3.363
    -3.317
    -4.686
    -2.011
    -1.606
    -0.125
    -0.623
     0.503
     0.987
     1.534
    -0.945
    -2.769
     0.379
     0.863
     1.777
     0.733
    -1.063
    -1.244
    -2.296
     0.221
     2.174
     2.198
     2.178
     1.536
     1.264
     0.309
    -0.116
     1.092
    -0.137
     0.617
     0.287
    -0.018
     0.275
    -0.908
    -0.794
    -1.237
    -1.859
    -1.238
    -1.779
    -2.455
    -1.404
    -1.137
    -1.600
    -1.121
    -0.763
    -1.037
     0.267
     0.017
    -0.180
    -0.012
     1.020
     0.425
     0.810
     0.922
     0.518
     0.853
     2.006
     1.712
     2.805
     3.188
     2.245
     2.575
     3.022
     1.454
     2.019
     1.376
     1.992
     1.147
     0.542
     1.453
     1.393
     1.681
     0.559
     1.721
     2.029
     3.090
     3.277
     3.798
     2.501
     1.509
     1.765
     1.128
     1.171
    -0.971
     0.062
     0.206
    -0.051
     0.121
    -0.394
    -0.002
    -0.060
    -0.195
    -0.645
    -0.940
    -0.303
    -0.782
    -0.233
    -0.092
    -0.465
     0.129
    -0.427
    -0.394
    -1.847
    -1.776
    -2.259
    -2.028
    -2.722
    -2.400
    -1.750
    -1.887
    -2.495
    -1.309
    -0.957
    -1.785
    -1.985
    -0.273
    -0.928
    -1.694
    -1.536
    -1.903
    -2.116
    -1.479
    -1.759
     0.125
    -1.594
    -0.138
     0.255
     0.106
     0.517
     1.309
     1.428
     1.190
     1.306
    -0.209
    -0.361
    -1.156
    -1.467
     0.385
    -0.631
    -0.739
    -0.070
    -0.262
    -1.269
    -0.350
    -0.395
     0.645
     0.782
     0.242
    -0.767
     0.429
    -0.762
    -0.853
    -0.342
    -0.973
    -0.579
    -1.039
    -1.210
    -0.902
    -1.374
    -0.961
    -1.536
    -0.332
     0.317
    -0.456
     1.186
     1.065
     3.014
     2.998
     3.911
     5.536
     4.209
     4.922
     5.119
     5.768
     3.092
     4.379
     2.952
     3.417
     2.034
     0.869
     0.718
     0.844
     0.764
     1.027
     1.102
     1.252
     1.976
     0.565
     1.146
     2.269
     1.644
     1.863
     2.316
     0.288
     0.993
     0.296
    -0.085
    -0.907
     0.242
    -0.985
     0.670
     0.143
    -1.530
    -1.878
    -1.452
    -2.359
    -2.715
    -2.316
    -2.300
    -1.235
    -0.983
    -1.543
    -2.272
    -1.995
    -1.692
    -3.071
    -2.634
    -2.731
    -2.519
    -2.699
    -2.640
    -2.516
    -2.424
    -2.455
    -3.668
    -2.361
    -2.611
    -3.915
    -3.396
    -2.708
    -2.449
    -1.658
    -1.480
    -1.624
    -1.342
    -1.227
    -1.412
    -1.269
    -0.637
     0.085
    -0.137
    -0.006
    -0.288
     0.387
     0.327
     0.372
     0.363
     0.693
     1.238
     1.768
     0.431
     1.154
     0.653
     0.930
     1.184
     0.640
     2.516
     2.481
     2.293
     1.433
     1.855
     1.199
     2.256
     2.157
     2.920
     3.962
     2.044
     2.449
     0.230
    -1.865
    -0.651
    -0.959
    -2.051
    -2.315
    -2.073
    -2.337
    -0.982
     0.055
    -0.150
     1.528
     1.541
     1.593
     3.111
     2.037
     1.848
     2.001
     1.355
    -0.065
    -0.616
    -1.088
    -1.015
    -0.141
    -0.410
    -1.482
    -0.927
    -0.808
    -0.352
    -1.018
    -0.509
     1.098
     1.993
     1.409
     1.798
     1.892
     0.244
     0.656
     0.070
     0.534
     0.359
     0.031
     0.520
    -0.692
    -1.467
    -1.350
    -0.986
    -1.287
    -0.820
     0.011
    -1.758
    -0.979
    -1.182
    -1.489
     0.693
     0.692
     1.497
     0.117
     0.195
     0.947
     1.159
     0.682
     0.385
    -0.086
     0.272
     1.107
     2.155
     1.347
     1.175
     0.971
     0.013
    -0.390
    -0.091
     0.618
     0.805
     0.392
     1.386
     2.560
     2.266
     2.239
     1.537
     0.731
     0.776
     0.246
     0.712
     1.113
     1.596
     0.401
     0.994
    -0.409
    -1.093
    -0.141
    -2.595
    -2.572
    -1.544
    -1.704
    -0.902
    -2.000
    -1.219
    -2.226
    -2.676
    -1.620
    -2.198
    -1.629
    -0.761
    -2.001
    -1.061
    -1.180
    -1.486
     0.415
     0.611
    -0.079
     0.471
     0.162
     0.759
    -0.597
    -0.468
    -2.127
    -1.632
    -1.308
    -1.429
    -1.632
    -2.135
    -1.739
    -1.095
    -0.995
    -1.410
    -0.166
     0.708
     0.360
     1.376
     1.535
     2.374
     0.976
     1.622
     0.996
     1.625
     1.326
     1.699
     2.709
     2.517
     2.385
     2.456
     2.324
     3.131
     3.504
     2.047
     3.787
     2.589
     2.304
     3.638
     1.614
     0.595
     0.617
     1.150
     0.410
    -0.679
    -0.874
     0.287
    -2.185
    -1.448
    -3.099
    -2.291
    -1.281
    -1.024
    -1.993
    -2.255
    -3.252
    -2.562
    -1.542
    -1.828
    -0.340
    -1.351
    -0.679
    -0.928
    -0.827
    -1.432
    -1.189
    -0.929
    -0.008
    -0.885
    -0.736
    -0.716
    -1.965
    -1.640
    -2.660
    -1.345
    -0.627
    -1.665
    -3.267
    -3.000
    -3.327
    -3.856
    -3.542
    -2.740
    -2.333
    -1.453
    -1.843
    -1.946
    -1.817
    -1.496
    -2.016
    -2.308
    -1.085
    -2.433
    -1.462
    -1.794
    -0.476
    -0.184
     0.266
    -0.168
    -0.705
    -0.710
    -0.549
     0.131
    -0.309
     0.495
     0.051
     0.655
     0.086
    -0.081
    -0.195
     1.490
     1.389
     2.866
     3.330
     4.033
     3.778
     3.707
     3.772
     4.261
     3.858
     4.281
     4.829
     4.719
     4.847
     3.539
     4.637
     3.005
     3.521
     1.022
     2.257
     2.099
     2.411
     2.143
     1.718
     1.239
     1.918
     1.449
     1.581
     2.722
     4.279
     2.996
     3.962
     3.013
     1.568
     3.098
     2.856
     1.909
     2.369
     1.198
     2.289
     2.406
     1.425
     1.332
     2.904
     1.398
     0.532
     0.101
     0.576
     1.577
     1.948
     0.001
     0.326
     0.728
    -0.163
     0.919
     0.415
    -0.370
     0.532
    -0.358
    -0.848
     0.019
    -0.604
    -1.046
    -0.725
    -0.729
    -1.389
    -1.196
    -1.390
    -1.294
    -2.697
    -2.626
    -0.579
    -0.825
    -1.426
    -1.226
    -0.677
    -1.924
    -1.688
    -1.580
    -3.152
    -3.484
    -4.005
    -4.247
    -5.459
    -6.542
    -6.618
    -7.254
    -6.971
    -4.629
    -5.192
    -3.509
    -3.147
    -3.382
    -2.758
    -3.885
    -4.225
    -3.320
    -1.960
    -3.748
    -3.715
    -4.428
    -4.858
    -5.348
    -5.102
    -4.637
    -4.577
    -4.021
    -4.138
    -3.846
    -3.668
    -2.044
     0.102
    -1.356
    -2.817
    -4.638
    -3.096
    -3.120
    -2.736
    -2.050
    -2.338
    -3.267
    -3.113
    -3.210
    -1.959
    -2.836
    -1.248
    -1.375
    -1.543
    -0.385
     0.992
     0.100
     1.220
     1.923
     1.233
     1.681
     0.711
     2.426
     1.949
     2.810
     3.172
     4.034
     5.870
     6.942
     8.440
     6.362
     5.541
     7.285
    10.478
    11.721
     9.841
     8.807
     8.599
     8.554
     6.633
     6.309
     3.752
     2.672
    -0.505
    -0.271
    -2.583
    -0.062
    -1.862
    -2.007
    -0.645
     1.514
     2.081
     4.555
     7.679
     9.128
     8.238
     6.129
     5.739
     7.665
     7.832
     3.989
     4.456
    -0.817
    -1.139
     0.165
     1.451
     2.952
     3.948
     4.685
     6.225
     5.553
     5.792
     5.704
     7.427
     8.333
     7.222
     7.741
     6.123
     5.272
     6.505
     6.217
     7.968
     9.848
     9.539
     9.745
    10.619
     9.626
     9.153
     7.404
     6.414
    -0.818
    -5.482
    -3.332
    -5.681
     3.123
    -8.537
    -8.381
    -5.307
    -3.033
    -9.024
    -9.601
   -14.293
   -14.303
   -18.664
   -23.079
   -27.397
   -25.211
   -23.437
   -20.005
   -18.933
   -19.494
   -17.427
   -16.412
   -14.170
   -14.520
   -14.682
   -12.580
    -8.730
    -6.608
    -6.240
    -7.465
    -6.366
    -7.028
    -8.586
    -8.435
   -10.503
    -8.164
    -7.196
    -5.931
    -4.787
    -4.832
    -3.976
    -0.710
    -0.929
     2.937
     3.815
     5.304
     3.708
     4.539
     5.671
     6.407
     6.199
     5.922
     6.325
     6.955
     6.491
     6.481
     5.990
     5.716
     4.543
     4.022
     3.421
     2.165
     1.499
     1.810
     1.541
     2.294
     2.799
     2.694
     3.442
     3.539
     3.703
     4.043
     4.406
     4.291
     5.006
     4.767
     5.100
     5.191
     5.659
     5.801
     6.182
     6.211
     6.485
     5.733
     5.946
     5.895
     6.068
     5.886
     5.932
     5.911
     5.937
     5.823
     5.859
     5.776
     5.792
     5.684
     5.692
     5.571
     5.576
     5.437
     5.423
     5.261
