     5.757
     5.579
     5.473
     5.273
     5.145
     4.925
     4.776
     4.551
     4.393
     4.128
     3.994
     3.745
     3.506
     3.202
     2.988
     2.629
     2.368
     2.003
     1.630
     1.225
     0.932
     0.443
     0.146
    -0.177
    -0.312
    -0.910
    -1.013
    -1.343
    -1.923
    -2.247
    -2.463
    -2.810
    -3.249
    -3.933
    -4.468
    -5.050
    -5.602
    -5.880
    -6.281
    -6.736
    -6.963
    -7.016
    -7.383
    -7.812
    -8.178
    -8.584
    -8.723
    -9.196
    -9.253
    -9.935
    -9.972
   -11.048
   -10.804
   -10.927
   -10.916
   -12.332
   -12.238
   -12.057
   -13.132
   -13.950
   -13.136
   -13.406
   -14.306
   -13.865
   -12.192
   -11.873
   -11.234
   -10.241
    -8.637
    -6.911
    -5.312
    -4.627
    -3.184
    -0.639
     0.675
     1.667
     1.122
     2.495
     3.606
     3.256
     3.526
     4.239
     4.401
     5.002
     5.704
     5.760
     7.224
     7.393
     7.703
     7.847
     9.003
     9.514
    10.467
    12.292
    11.875
    11.358
    11.898
    10.335
    11.263
     9.835
     8.937
     8.145
     7.255
     6.775
     5.641
     5.023
     4.290
     4.205
     3.597
     3.260
     3.540
     3.731
     4.013
     4.125
     3.955
     3.116
     2.203
     1.317
     2.361
     1.378
     0.420
     0.508
     0.580
    -0.418
     0.608
    -0.478
    -0.250
    -0.575
     0.590
    -0.580
    -1.652
    -0.658
    -0.772
    -1.780
    -2.612
    -0.690
    -1.875
    -2.186
    -2.143
    -3.201
    -1.337
    -3.347
    -3.596
    -3.666
    -3.636
    -1.781
    -2.927
    -2.028
    -2.235
    -2.338
    -2.284
    -1.811
    -1.626
    -2.063
    -0.934
    -2.486
    -3.472
    -1.929
    -1.375
    -3.538
    -3.704
    -3.025
    -1.977
    -1.584
     0.334
     0.927
     1.776
     2.547
     2.047
     1.552
     3.434
     3.084
     2.548
     2.374
     4.055
     3.757
     3.341
     3.941
     3.714
     3.274
     4.774
     5.397
     3.878
     3.459
     2.788
     3.221
     3.709
     4.158
     2.694
     2.101
     4.844
     3.117
     0.722
     0.197
     0.812
     1.255
     3.058
     3.108
     2.142
     2.435
     1.896
     0.243
     0.424
    -1.062
    -4.483
    -6.302
    -4.958
    -2.615
    -3.160
    -3.812
    -4.427
    -5.510
    -7.380
   -10.085
   -11.906
   -11.799
   -10.893
   -11.439
   -12.276
   -11.856
   -12.077
    -9.948
   -10.107
   -10.593
   -10.615
    -8.353
    -8.413
    -6.774
    -5.006
    -3.588
    -1.810
    -0.464
     0.345
     3.142
     5.752
     6.232
     8.090
     8.489
    10.282
     9.781
    10.764
     9.182
    10.882
     9.095
     7.321
     5.993
     5.252
     3.869
     4.619
     3.639
     5.588
     2.934
     6.696
     5.083
    -0.393
     2.751
     3.463
     2.855
     2.274
     2.177
     1.829
     1.029
     0.548
    -0.999
    -0.589
    -1.791
    -1.136
    -2.707
    -1.047
    -0.452
    -0.972
     0.130
    -0.169
     0.632
    -0.823
    -0.273
    -0.523
    -1.829
    -2.284
    -3.337
    -2.546
    -1.833
    -4.080
    -4.612
    -4.857
    -4.020
    -4.029
    -4.298
    -3.572
    -3.822
    -1.761
    -2.879
    -4.204
    -3.322
    -3.290
    -2.665
    -4.009
    -3.046
    -4.016
    -4.329
    -2.212
    -3.706
    -3.742
    -1.640
    -0.881
    -0.653
    -1.039
    -1.118
    -1.976
    -1.298
    -0.487
     0.791
     2.602
     3.599
     2.899
     2.442
     4.563
     4.473
     4.209
     4.181
     3.869
     4.921
     4.099
     6.992
     6.166
     5.683
     5.777
     5.420
     6.250
     5.401
     6.389
     6.278
     5.254
     3.932
     4.057
     3.260
     3.805
     3.150
     3.414
     3.498
     3.342
     4.653
     3.638
     3.585
     4.418
     5.008
     3.923
     1.752
     1.110
     1.800
     0.772
    -1.236
    -0.188
    -0.173
    -0.179
    -1.134
    -2.371
    -1.380
    -2.445
    -2.505
    -3.530
    -3.739
    -3.372
    -2.124
    -2.825
    -4.893
    -4.563
    -3.071
    -2.720
    -0.592
     0.482
    -1.708
    -0.547
    -0.475
    -0.455
    -0.400
     0.793
    -0.198
     1.030
     1.062
     0.877
     0.941
     0.895
    -0.039
    -1.099
    -0.080
     0.103
    -0.978
    -1.610
    -0.857
    -1.769
    -2.018
    -1.801
    -1.824
    -2.933
    -3.915
    -3.861
    -3.789
    -4.762
    -4.711
    -3.409
    -3.554
    -3.174
    -5.291
    -4.009
    -3.856
    -4.603
    -5.563
    -6.713
    -7.846
    -8.693
    -8.361
    -7.001
    -5.751
    -5.568
    -4.994
    -5.920
    -7.016
    -5.219
    -3.003
    -3.367
    -2.219
    -3.149
    -0.587
    -0.250
     3.033
     6.393
     5.393
     3.275
     2.068
     1.637
     1.672
     2.425
     4.724
     5.998
     4.191
     4.501
     2.498
     1.840
     3.458
     3.931
     3.025
     2.401
     2.802
     3.240
     1.347
     2.805
     2.602
     3.239
     1.230
     2.490
     0.442
     0.798
     0.308
     0.877
     0.779
     0.180
    -0.290
     0.096
    -0.756
    -0.187
     1.714
     1.556
     1.796
     2.525
     2.840
     2.944
     3.478
     2.233
     0.289
    -0.410
    -1.241
    -0.369
     0.902
     1.353
     0.495
     1.109
     0.499
     1.124
     0.327
     0.851
     1.264
     1.494
     2.256
     1.459
     0.465
     1.478
     2.801
     1.801
     2.681
     1.987
     2.083
     2.417
     1.951
     2.093
     1.806
     1.465
     2.709
     3.153
     3.267
     1.280
     0.629
     0.881
    -0.038
     0.104
     0.480
    -0.045
    -0.871
    -0.645
    -0.218
    -0.045
    -0.989
    -0.456
    -0.935
     0.002
     1.135
     0.192
    -0.708
     1.627
     2.785
     1.982
     3.259
     3.257
     2.541
     2.568
     2.755
     3.903
     2.161
     1.168
     1.170
     2.482
     2.686
     2.978
     2.764
     1.930
     0.802
    -0.132
     1.191
     0.544
     1.579
     0.711
     0.663
    -0.012
    -1.331
    -1.883
    -0.935
    -0.812
    -0.618
     0.490
    -1.641
    -0.563
    -0.483
     0.768
     1.827
    -1.370
    -1.040
    -0.849
    -1.756
    -1.543
    -2.696
    -2.655
    -4.713
    -4.769
    -5.644
    -6.395
    -6.352
    -6.435
    -8.311
    -9.449
    -8.176
    -7.868
    -7.848
    -7.620
    -7.369
    -7.299
    -7.061
    -7.864
    -7.616
    -7.800
    -7.683
    -6.300
    -7.287
    -6.177
    -5.050
    -5.839
    -4.743
    -4.446
    -4.237
    -4.099
    -3.932
    -3.525
    -2.273
    -2.194
    -2.168
    -2.316
    -2.002
    -1.735
    -0.537
    -0.367
    -1.661
    -2.786
    -2.625
    -2.280
    -1.032
    -2.188
    -0.865
    -0.875
    -0.788
    -0.533
     0.686
     1.649
     1.869
     1.943
     3.899
     4.281
     3.272
     4.373
     5.575
     5.622
     4.479
     4.849
     3.259
     4.043
     5.352
     4.358
     4.461
     4.680
     5.613
     5.805
     4.543
     6.909
     6.962
     7.134
     6.783
     6.218
     7.036
     7.008
     4.883
     6.139
     6.098
     5.892
     6.248
     6.383
     6.226
     7.483
     7.190
     7.324
     5.246
     6.368
     7.125
     6.292
     6.296
     6.117
     6.277
     7.375
     7.706
     5.342
     4.984
     6.440
     6.051
     5.294
     6.332
     5.290
     4.193
     4.312
     5.210
     5.285
     5.411
     6.694
     5.733
     5.454
     5.258
     5.450
     0.883
    -0.507
     0.585
    -1.821
    -4.310
    -6.164
    -7.118
    -8.227
    -8.148
    -8.994
    -8.161
    -8.015
    -6.731
    -7.880
    -7.831
    -8.913
    -6.826
    -6.457
    -6.548
    -4.129
    -4.332
    -2.963
    -1.995
    -2.756
    -2.866
    -1.822
    -2.621
    -1.479
    -1.749
    -2.767
    -1.434
    -0.335
    -1.357
    -1.304
    -1.380
    -2.203
    -1.951
    -1.903
    -4.226
    -3.999
    -5.020
    -5.010
    -5.742
    -6.565
    -7.292
    -7.075
    -7.229
    -7.811
    -7.652
    -7.535
    -5.246
    -6.149
    -4.777
    -4.382
    -3.173
    -3.059
    -2.895
    -2.774
    -1.685
    -3.590
    -3.390
    -3.155
    -4.105
    -3.060
    -3.649
    -4.401
    -4.466
    -4.374
    -5.164
    -3.838
    -4.686
    -4.461
    -6.534
    -4.281
    -4.895
    -4.826
    -5.750
    -6.438
    -7.597
    -7.209
    -5.907
    -5.502
    -3.223
    -2.129
    -2.968
    -2.804
    -3.576
    -3.049
    -0.881
    -0.333
     0.236
    -0.587
    -0.461
    -0.228
     1.012
     1.348
     1.457
     1.714
     1.877
     1.155
     2.386
     2.659
     2.889
     6.011
     6.633
     6.671
     8.032
     8.047
     6.041
     5.305
     5.384
     5.605
     6.753
     9.364
     9.283
     8.783
     9.991
     8.983
    11.253
    10.594
    10.566
    10.766
    10.940
    10.356
    11.654
    10.805
    11.085
    11.265
    10.453
    10.443
     8.416
     9.591
     9.816
     9.203
    10.536
     9.609
    10.716
     9.786
    10.190
    11.159
    10.170
    10.275
     9.892
     9.911
     9.988
    11.098
     9.978
    10.194
    10.301
    10.283
    10.325
    10.435
    10.387
    10.460
    10.184
     9.123
     9.135
     8.948
     8.718
     6.668
     6.563
     7.716
     8.793
     5.912
     5.191
     3.080
    -2.471
    -3.008
    -6.326
    -8.262
   -13.268
   -15.562
   -20.040
   -20.153
   -21.755
   -24.899
   -26.327
   -27.358
   -28.668
   -30.701
   -31.271
   -30.084
   -29.772
   -28.947
   -27.785
   -26.902
   -27.074
   -26.145
   -25.153
   -23.293
   -22.034
   -20.279
   -18.251
   -14.425
   -12.295
   -10.241
    -8.210
    -6.011
    -3.140
    -1.008
     0.961
     1.744
     2.537
     2.465
     3.258
     1.942
     2.637
     1.362
     1.448
     2.269
     2.226
     1.815
     0.504
     0.205
     0.213
    -0.173
    -0.303
     1.530
     0.428
     1.120
     1.086
     1.220
     4.259
     3.810
     0.411
     2.491
     2.646
     3.512
     3.218
     4.462
     3.058
     3.074
     4.015
     3.923
     5.876
     6.112
     6.859
     6.980
     7.794
     5.597
     3.035
     1.587
     0.293
    -0.586
    -0.758
    -0.335
     2.855
     6.120
    10.312
    15.651
    17.036
    16.182
    18.517
    18.518
    19.637
    19.814
    18.762
    18.859
    18.880
    16.517
    14.225
    11.893
     7.952
     5.544
     6.582
     2.994
     2.077
    -0.452
    -1.528
    -2.346
    -4.484
    -6.592
    -5.573
    -6.722
    -7.546
    -8.604
    -6.622
    -6.610
    -6.008
    -6.067
    -4.948
    -4.962
    -4.666
    -3.552
    -2.306
    -0.035
    -2.136
    -1.094
    -1.523
     0.208
     2.333
     2.596
     2.452
     3.534
     4.502
     4.748
     5.471
     5.465
     6.584
     5.876
     5.696
     5.889
     6.761
     6.927
     7.988
     8.134
     8.032
     8.280
     7.006
     6.917
     5.649
     4.633
     2.335
     1.343
     1.173
     1.325
    -2.042
    -3.481
    -4.849
    -5.179
    -6.313
    -5.152
    -5.373
    -5.158
    -3.181
    -4.469
    -3.951
    -5.331
    -4.523
    -3.337
    -2.638
    -0.738
    -1.144
    -1.310
    -1.577
    -1.700
     0.965
     0.761
     0.530
     1.293
     1.283
     3.183
    -0.444
    -0.737
     0.104
    -0.292
    -0.978
    -1.248
    -1.373
    -0.644
    -0.147
    -1.431
     1.228
    -0.839
    -0.270
     0.477
    -0.682
    -1.134
    -2.989
    -6.359
    -8.268
    -8.499
    -8.950
    -8.054
    -9.705
   -11.024
   -10.259
   -12.857
   -11.707
   -10.074
   -10.272
   -11.803
   -12.401
   -13.786
   -16.178
   -16.881
   -17.224
   -18.914
   -20.441
   -20.637
   -19.765
   -18.595
   -19.194
   -20.406
   -21.916
   -23.200
   -25.626
   -26.361
   -27.999
   -31.263
   -32.774
   -31.754
   -30.924
   -31.213
   -30.472
   -31.739
   -31.738
   -14.382
     9.693
    11.327
     8.635
     8.360
    12.116
    10.759
    11.894
    14.162
    17.112
    19.545
    18.870
    18.173
    19.468
    18.447
    19.590
    22.685
    23.305
    25.699
    30.496
    34.454
    30.759
    27.392
    29.302
    33.778
    39.775
    40.485
    41.759
    43.920
    44.405
    48.014
    47.606
    49.091
    48.405
    48.155
    47.108
    45.309
    40.208
    37.454
    35.823
    32.988
    30.600
    31.003
    31.020
    25.902
    26.203
    25.760
    24.152
    20.809
    20.490
    17.566
    17.597
    13.718
    10.477
     3.475
    -2.800
    -9.845
   -11.903
   -20.588
   -26.688
   -27.487
   -31.703
   -34.294
   -36.899
   -37.273
   -38.571
   -38.988
   -36.944
   -33.931
   -33.369
   -34.125
   -34.461
   -35.368
   -35.774
   -38.611
   -37.410
   -34.925
   -35.209
   -35.923
   -34.488
   -33.768
   -33.512
   -33.320
   -30.860
   -29.327
   -29.251
   -30.817
   -29.223
   -30.608
   -30.358
   -28.639
   -27.663
   -27.867
   -29.074
   -29.835
   -30.591
   -33.378
   -30.980
   -29.383
   -29.403
   -26.790
   -22.488
   -19.870
   -17.712
   -13.088
    -9.483
    -5.662
    -2.452
    -1.047
    -0.166
     4.388
     5.584
     5.991
    11.344
    16.854
    22.743
    27.886
    28.211
    34.737
    40.370
    45.101
    45.426
    44.535
    47.099
    56.233
    57.837
    54.444
    58.438
    53.605
    45.849
    50.854
    60.291
    45.364
    29.920
    17.803
    30.148
    29.375
    18.362
     6.391
     4.602
    -0.008
    -5.069
    -9.599
    -9.733
   -16.252
   -19.446
   -14.731
   -13.047
   -12.607
    -9.763
   -11.617
   -16.958
   -15.125
    -9.636
    -9.595
   -10.957
    -9.959
    -3.955
    -2.853
    -3.859
    -2.846
    -4.041
    -3.642
     0.551
    -3.783
    -1.774
     0.482
     1.327
    -0.565
    -1.801
    -8.685
   -16.532
   -13.437
    -2.040
    -1.824
    -6.530
   -10.723
   -10.072
    -5.627
    -1.771
     5.088
    11.878
     0.128
    -8.933
   -10.145
   -16.096
   -19.121
   -17.812
   -14.077
    -9.010
    -7.767
    -2.382
    -2.560
    -8.043
   -14.136
   -13.990
   -11.579
    -9.341
    -2.944
    -2.061
     0.106
     1.993
     0.968
     6.482
     7.801
     5.855
     6.128
    10.705
    15.364
    21.779
    19.593
    17.847
    15.634
    13.813
    13.315
    15.860
    11.801
    10.326
    10.836
     7.096
     5.798
     2.474
     3.049
     2.067
     6.755
     2.361
     4.125
     4.852
     3.290
     1.638
     3.216
     3.729
     2.237
     5.754
     6.846
     5.873
     5.230
     4.628
     0.444
     0.600
    -3.955
    -1.384
    -0.624
     1.052
     2.308
     2.079
     0.159
    -0.253
     0.481
    -3.486
    -2.830
    -1.249
    -3.263
    -8.014
    -5.786
    -3.338
    -5.297
   -18.852
   -16.100
   -15.212
    -9.115
    -9.215
   -10.520
    -8.088
    -7.844
    -0.401
     7.304
    -0.106
    -3.001
    -6.672
    -6.967
    -6.077
    -5.703
    -8.924
   -16.269
   -12.542
   -15.232
   -18.032
   -20.359
   -21.301
   -21.227
   -18.797
   -16.398
   -14.250
   -13.772
   -14.750
   -12.384
    -9.565
   -11.381
   -10.151
   -10.502
    -7.141
    -7.036
    -6.754
    -7.893
    -9.229
    -5.363
    -8.086
    -5.989
    -3.691
    -3.365
    -2.109
     3.951
     4.764
     8.311
     6.295
     3.408
     4.800
     6.229
     4.971
     9.080
    12.958
    13.698
     9.108
    10.728
     7.525
     8.668
     9.963
    10.277
    14.629
    15.830
    19.955
    19.479
    20.324
    21.336
    21.035
    20.986
    24.869
    20.633
    28.107
    25.648
    26.220
    19.382
    17.068
    17.928
    16.608
    14.066
    14.626
    15.709
    17.689
    15.478
     7.953
     8.844
     8.489
     6.096
     4.963
     6.552
     5.685
    10.364
     4.756
    -0.446
     1.609
     0.757
    -3.570
    -3.809
    -4.702
    -7.660
    -5.179
    -5.104
    -5.786
    -6.330
   -11.613
    -4.633
    -3.454
   -16.225
   -16.178
   -10.708
    -7.144
    -0.564
   -10.952
    -9.680
    -4.378
   -10.555
   -11.775
   -13.001
   -21.336
   -20.932
   -17.656
   -19.694
   -18.686
   -11.584
   -13.323
   -10.612
    -6.347
    -3.071
    -4.294
    -4.219
    -4.987
    -6.073
    -6.998
    -7.944
    -9.182
    -9.124
    -8.069
    -7.966
    -6.973
    -4.831
    -3.800
    -3.912
     0.612
    -1.472
    -2.592
    -0.462
     1.654
     2.950
     3.150
     1.964
     1.153
     2.307
     1.127
    -0.751
     1.255
     4.369
     3.008
    -0.128
    -3.029
     1.984
     2.244
     2.407
     3.129
     4.547
     6.901
     6.310
     4.343
     3.612
     4.159
     4.331
     4.435
     3.517
     5.416
     1.172
     1.106
     0.996
    -0.143
    -0.009
    -2.093
    -4.255
    -0.040
     1.030
     3.073
     0.108
    -0.169
     0.554
     3.940
     3.713
     2.493
    -2.921
    -1.817
    -1.210
     5.372
    -1.199
   -12.249
   -11.815
    -7.797
    -8.061
    -8.213
   -11.611
   -10.704
   -10.684
    -8.728
    -7.600
   -10.062
    -7.137
    -6.154
    -4.231
    -2.456
     0.589
     1.985
    -4.594
    -1.564
    -0.637
    -0.629
     0.059
    -1.511
    -0.143
     0.934
     0.224
     0.905
     3.751
     2.409
     5.946
     4.626
     6.369
     6.906
     7.757
     7.434
     7.140
     6.606
     8.162
     8.939
     9.579
    10.221
    10.967
    10.424
    10.746
    11.341
    11.881
    12.363
    14.032
    16.593
    16.957
    16.691
    15.196
    15.655
    15.165
    16.605
    17.325
    13.713
    14.400
    14.757
    11.947
    11.547
    11.043
     9.374
     9.917
     9.573
     9.200
     7.773
     7.345
     6.890
     5.247
     4.529
     1.857
     1.289
     0.780
    -0.014
    -1.386
    -2.120
    -2.464
    -2.814
    -4.449
    -6.147
    -6.473
    -9.156
    -9.802
   -11.507
   -11.878
   -14.809
   -16.460
   -18.260
   -17.612
   -18.320
   -18.602
   -18.142
   -20.887
   -21.536
   -22.271
   -21.748
   -22.208
   -19.766
   -19.843
   -17.256
   -18.687
   -15.946
   -15.082
   -11.577
   -12.690
   -11.729
   -13.442
   -10.368
   -10.478
    -7.843
    -8.231
    -7.848
    -9.106
    -7.690
    -8.240
    -8.782
    -9.308
    -7.922
    -5.643
    -5.572
    -2.830
    -0.977
     0.790
    -0.771
     0.012
     0.414
     0.115
     2.485
     3.097
     5.338
     5.217
     5.276
     9.405
     7.957
     8.048
     8.902
    11.122
    11.133
     9.440
    10.283
    10.993
     9.425
    10.148
     8.839
     8.500
     8.248
     7.855
     7.293
     8.149
     8.703
     9.179
     7.583
     7.118
     5.339
     5.825
     8.409
     7.854
     9.487
     8.195
     7.748
     9.258
     9.033
     8.692
     8.462
     7.569
     7.209
     6.792
     6.163
     5.913
     5.541
     6.377
     6.237
     5.895
     5.556
     6.286
     6.798
     8.497
     9.101
     6.407
     5.882
     5.328
     4.654
     5.490
     3.159
     1.020
    -0.551
    -1.055
    -1.516
    -1.982
    -3.181
    -3.376
    -4.701
    -5.070
    -5.412
    -4.495
    -4.126
    -4.561
    -5.061
    -5.453
    -3.729
    -5.186
    -4.624
    -4.962
    -4.662
    -5.100
    -5.635
    -4.976
    -5.673
    -6.183
    -6.475
    -7.174
    -9.209
    -8.822
   -10.567
    -8.257
    -9.854
    -8.564
    -8.371
    -7.813
    -8.458
    -6.542
    -8.348
    -8.691
    -7.254
    -6.989
    -5.999
    -3.490
    -2.911
    -2.339
     0.421
     1.156
     3.791
     3.348
     2.595
     2.090
     0.318
     0.020
     0.805
    -0.352
    -1.607
    -2.743
    -0.902
    -0.813
    -1.242
    -1.575
    -1.829
    -1.686
     0.814
     0.407
     0.924
     0.831
     0.669
     2.558
     2.219
     3.832
     2.520
     1.892
     3.810
     4.573
     5.227
     3.685
     3.424
     3.524
     3.177
     3.994
     3.209
     4.092
     5.692
     5.394
     5.440
     6.299
     4.274
     5.275
     6.285
     7.059
     6.662
     6.759
     6.796
     6.955
     4.755
     5.578
     6.717
     5.614
     4.846
     4.015
     3.079
     4.181
     1.486
     1.670
     1.007
     1.970
    -1.032
    -1.866
    -3.765
    -2.325
    -4.323
    -3.535
    -5.496
    -5.458
    -6.342
    -5.013
    -4.968
    -4.910
    -5.072
    -4.896
    -3.418
    -3.442
    -4.152
    -5.923
    -4.702
    -4.389
    -4.297
    -5.061
    -5.434
    -5.353
    -6.042
    -2.875
    -2.820
    -1.138
     0.738
    -0.232
    -2.047
    -1.499
    -2.052
    -2.482
    -3.204
    -3.224
    -1.721
    -1.617
    -0.394
    -1.149
     0.178
    -1.428
    -0.133
    -2.642
    -4.886
    -7.472
    -6.143
    -5.389
    -6.030
    -4.416
    -6.124
    -3.125
    -4.373
    -4.787
    -5.639
    -6.122
    -3.614
    -4.164
    -2.205
    -1.843
    -0.298
     0.090
     0.557
     2.490
     2.217
     2.891
     0.616
     1.547
     3.365
     4.655
     5.083
     6.465
     5.807
     7.520
     6.676
     8.236
     9.594
    10.248
     9.730
    11.440
    11.563
    13.217
    13.517
    12.635
    12.097
    12.101
    12.644
    13.560
    11.276
     9.675
     8.968
     8.114
     4.853
     4.189
     2.079
     1.308
    -1.701
    -2.481
    -2.436
    -2.989
    -1.553
    -1.885
    -2.637
    -2.563
    -1.947
     1.923
     0.923
     0.599
     1.002
     1.793
     2.075
     1.514
     0.912
     0.166
    -0.525
    -1.235
    -4.188
    -3.275
    -3.999
    -4.622
    -4.415
    -5.032
    -5.997
    -4.686
    -3.760
    -2.875
    -2.772
    -4.149
    -5.762
    -4.584
    -7.350
    -8.777
    -9.271
   -10.174
    -5.048
    -9.173
    -9.146
    -8.915
    -7.862
    -6.828
    -5.264
    -5.079
    -6.158
    -4.757
    -5.548
    -4.659
    -3.995
    -2.025
    -1.764
    -2.526
     0.807
     0.536
     0.660
     3.296
     2.467
     0.726
     1.562
     2.983
    -1.691
    -2.996
    -3.902
    -2.939
    -1.459
    -0.055
     0.989
     0.963
     1.183
     0.089
     0.097
    -0.018
     0.026
    -0.026
    -0.993
    -0.628
    -0.827
    -0.949
     0.068
    -0.138
    -0.192
    -0.271
    -0.438
     0.484
     0.612
    -0.565
     0.340
    -0.521
     0.633
    -0.571
     2.416
     1.676
    -1.030
    -0.079
    -0.357
     1.797
     3.513
     4.592
     4.541
     5.410
     3.590
     2.498
     3.361
     3.417
     2.236
     3.141
     1.653
     1.395
     1.390
     1.098
     0.935
     1.982
     3.158
     4.771
     5.514
     4.630
     4.427
     4.475
     5.005
     5.769
     4.553
     6.406
     7.230
     5.914
     5.874
     5.609
     3.154
     4.715
     2.670
     4.831
     3.569
     1.381
     2.219
     3.059
     2.949
     2.774
     2.682
     1.562
     1.110
    -1.261
    -0.366
    -0.353
    -1.653
    -2.940
    -3.945
    -3.135
    -3.003
    -4.272
    -5.558
    -3.798
    -3.534
    -3.802
    -3.847
    -2.789
    -3.874
    -4.007
    -2.906
    -3.102
    -3.387
    -3.099
    -3.155
    -4.116
    -3.343
    -3.116
    -4.403
    -6.342
    -5.488
    -5.580
    -4.656
    -3.644
    -2.692
    -2.650
    -1.962
    -2.902
    -2.976
    -2.574
    -0.759
    -0.429
    -0.271
     0.785
     1.543
     1.994
     0.855
    -1.054
     0.652
     1.069
     2.345
     2.434
     1.360
    -0.359
    -0.651
     1.614
     2.728
     4.264
     3.059
     2.103
     2.045
     0.148
     1.282
     1.320
     1.625
     0.913
     1.877
     1.918
    -0.128
    -0.592
    -0.725
    -1.426
    -1.353
    -1.227
    -2.249
    -2.896
    -1.907
    -1.562
    -2.375
    -1.419
    -1.103
    -1.055
    -0.618
    -0.521
    -0.335
    -0.113
     0.299
    -0.420
     0.490
     1.079
     0.268
     0.313
     1.519
     0.904
     2.208
     2.290
     1.502
     1.621
     1.893
     1.127
     1.143
     1.730
     0.643
     0.930
     1.929
     1.334
     0.502
     0.479
     0.566
     0.859
     1.263
     2.448
     2.624
     1.872
     2.155
     2.230
     1.994
    -0.597
    -0.638
    -1.412
    -1.547
    -1.288
    -1.301
    -1.245
    -1.846
    -1.653
    -1.683
    -1.809
    -2.419
    -1.445
    -1.290
    -0.808
    -1.005
    -1.799
    -1.639
    -0.625
    -0.616
    -0.338
    -0.479
    -1.114
    -0.492
    -1.211
    -1.015
    -0.882
    -0.615
    -1.566
    -0.794
    -0.696
    -0.665
    -0.415
    -0.378
     0.309
    -0.476
     0.328
     0.311
    -0.639
    -0.573
    -0.742
    -0.783
    -0.659
    -0.733
     0.146
     2.342
     1.323
     1.330
     1.265
     1.027
     1.084
     1.033
     1.005
    -0.221
    -0.249
    -0.438
    -0.290
     0.544
    -0.596
     0.176
    -0.635
    -0.542
     0.457
     1.254
     1.298
     1.207
     1.267
     0.082
    -0.289
    -0.118
    -0.078
     0.843
    -0.420
    -1.411
    -0.535
    -0.606
    -0.755
    -1.925
    -0.803
     0.063
     0.157
     1.924
     0.091
     1.743
     2.967
     3.980
     5.221
     4.803
     5.825
     5.691
     6.743
     6.589
     4.403
     4.299
     3.268
     2.918
     2.871
     0.858
     0.914
     0.892
    -0.058
    -0.105
     0.005
    -0.039
     0.223
    -0.004
    -0.051
     0.126
     2.277
     0.181
     0.265
     1.109
    -0.737
     0.187
    -0.752
    -1.789
    -0.791
    -1.840
    -0.782
    -0.693
    -1.750
    -2.382
    -2.524
    -3.672
    -3.222
    -3.353
    -3.074
    -3.017
    -2.941
    -2.762
    -2.750
    -2.699
    -2.416
    -2.512
    -4.408
    -3.309
    -3.170
    -3.248
    -4.009
    -4.017
    -3.801
    -3.694
    -3.578
    -3.234
    -3.264
    -3.186
    -5.058
    -3.901
    -2.805
    -1.682
    -2.431
    -3.555
    -2.142
    -1.219
    -0.998
    -0.995
    -0.682
    -0.615
    -0.365
    -0.465
    -0.062
    -0.078
     0.244
     0.102
     1.332
     1.449
     0.696
     0.769
     1.810
     0.890
     0.991
     0.979
     1.195
     1.275
     1.538
     2.211
     1.419
     2.457
     2.397
     2.697
     1.690
     2.739
     3.585
     2.604
     3.763
     2.761
     1.618
    -0.457
    -0.663
    -1.506
    -0.429
    -0.424
    -0.444
    -0.372
     0.815
     2.691
     3.926
     3.747
     4.754
     4.654
     4.579
     3.485
     3.322
     2.118
     2.285
     2.165
     0.233
    -0.062
     0.857
     0.577
    -0.381
     0.728
     0.732
     0.548
     0.630
     1.325
     0.486
     2.246
     2.410
     1.044
     0.814
     0.806
     0.812
     0.405
     0.399
     0.298
     0.477
    -0.853
     0.080
     0.091
    -0.931
    -1.308
    -2.207
    -1.235
    -1.598
    -1.712
    -1.705
    -0.672
    -1.850
    -1.171
    -1.145
    -1.391
     0.667
     0.382
     0.298
    -0.778
     0.082
     0.090
    -0.104
    -0.283
    -0.558
    -0.721
     0.212
    -0.629
     0.546
     0.668
     0.379
    -0.001
     1.876
     0.848
    -0.071
     0.496
    -0.440
    -0.476
    -0.333
     0.557
     0.598
    -0.068
    -0.006
     0.831
    -0.352
    -0.310
    -1.402
    -1.361
    -0.507
    -0.386
    -0.495
    -0.682
    -1.903
    -1.950
    -1.854
    -1.917
    -1.930
    -1.087
    -1.742
    -1.768
    -1.945
    -1.978
    -2.933
    -1.995
    -3.113
    -0.984
    -1.976
    -2.029
    -1.938
    -2.019
    -0.654
    -0.622
     0.604
     0.209
     0.534
     0.658
    -0.380
    -1.534
    -2.590
    -2.647
    -2.409
    -1.573
    -1.371
    -2.356
    -1.358
    -1.223
    -1.081
    -2.157
    -0.969
     0.009
    -0.781
     1.149
     1.345
     1.443
     0.439
     1.530
     1.760
     1.683
     2.852
     4.049
     4.199
     3.155
     3.178
     2.302
     3.359
     3.687
     4.402
     3.686
     4.610
     4.660
     4.647
     3.260
     2.377
     2.321
     2.581
     3.467
     0.664
    -0.254
     0.807
     0.769
    -0.178
    -2.073
    -1.960
    -2.000
    -1.808
    -1.694
    -1.549
    -1.584
    -2.551
    -1.606
    -1.429
    -0.561
    -0.120
    -0.454
    -0.316
    -1.398
    -0.168
     0.113
    -1.093
    -0.133
     0.174
     0.194
    -0.865
    -0.915
    -1.097
    -1.024
    -0.852
    -1.839
    -0.841
    -1.847
    -2.703
    -2.897
    -2.718
    -3.966
    -2.759
    -2.947
    -1.866
    -1.597
    -1.702
    -1.696
    -1.782
    -1.719
    -1.839
    -1.986
    -1.792
    -1.932
    -0.748
     0.158
     0.256
    -0.943
     1.239
     0.070
     1.231
    -0.376
     0.909
     0.909
     0.908
     0.961
     1.724
     0.622
     0.763
     0.470
     0.385
     0.339
     0.463
     1.802
     1.891
     2.685
     2.773
     3.860
     3.652
     1.617
     2.625
     2.656
     2.828
     2.730
     1.748
     1.578
     2.684
     1.841
     1.471
    -0.483
     1.435
     1.490
     0.928
     1.627
     0.677
     0.740
    -0.138
    -0.244
     0.965
     1.848
     1.795
     0.085
     1.367
     1.328
     1.271
     1.440
     1.458
     1.438
     1.459
     1.377
     0.587
     1.730
     1.789
     1.892
     1.164
     0.341
     0.429
     0.427
     0.664
    -0.207
     0.946
     0.105
     1.221
     1.254
     0.649
     1.473
     0.742
    -0.153
    -0.111
     0.366
     0.413
     0.627
    -1.137
    -1.231
    -0.851
    -0.761
    -1.186
    -1.252
    -1.259
    -2.206
    -1.739
    -0.492
    -1.421
    -1.121
    -0.813
    -0.632
    -1.495
    -0.466
    -1.096
    -1.994
    -2.694
    -1.633
    -1.521
    -3.184
    -4.079
    -5.179
    -4.856
    -4.303
    -4.037
    -3.897
    -3.415
    -1.291
    -0.990
    -1.854
    -0.698
    -1.537
    -2.652
    -2.288
    -0.890
    -1.876
    -2.578
    -1.455
    -2.456
    -3.167
    -3.879
    -3.749
    -3.531
    -3.229
    -3.174
    -3.062
    -1.876
    -1.385
    -1.510
    -0.962
    -2.257
    -3.851
    -3.755
    -3.528
    -2.323
    -3.312
    -3.097
    -2.945
    -3.615
    -3.825
    -3.449
    -2.217
    -1.906
    -1.946
    -1.833
    -1.690
    -2.640
    -1.113
     0.026
     0.436
    -0.524
    -0.354
    -1.101
    -0.255
    -0.030
     1.093
     2.264
     2.426
     4.870
     7.753
     7.485
     5.861
     5.857
     8.966
     9.921
    12.132
    10.215
     8.931
     8.933
     6.531
     5.980
     5.678
     1.750
     0.734
    -1.042
    -0.048
    -0.929
     0.276
    -0.454
    -1.144
     0.895
     2.994
     5.068
     8.305
     9.075
     9.185
     8.014
     6.880
     6.868
     7.628
     7.891
     1.689
     3.887
    -2.368
    -1.245
    -1.312
    -0.051
     1.338
     2.068
     2.846
     4.716
     4.668
     3.894
     4.540
     6.256
     6.024
     6.165
     6.775
     6.019
     5.081
     5.102
     6.915
     8.648
    11.246
    11.123
    11.217
    10.501
    10.239
     9.367
     7.846
     6.312
    -2.825
    -5.475
    -2.440
    -6.010
     0.537
   -10.810
    -9.044
    -4.187
    -4.009
    -9.009
   -10.457
   -14.033
   -15.151
   -18.260
   -23.405
   -26.818
   -24.668
   -21.377
   -18.784
   -17.904
   -19.855
   -16.807
   -15.698
   -13.981
   -14.230
   -14.361
   -10.925
    -8.204
    -6.215
    -5.873
    -6.515
    -6.799
    -7.432
    -8.608
    -9.057
   -10.337
    -8.193
    -6.402
    -5.538
    -5.534
    -4.613
    -3.987
    -0.359
     0.560
     2.624
     3.646
     5.088
     3.144
     4.896
     5.520
     6.376
     5.938
     5.907
     6.262
     6.957
     6.595
     6.405
     5.814
     6.301
     4.351
     3.679
     3.169
     2.084
     1.754
     1.902
     1.789
     2.807
     3.299
     3.125
     3.966
     3.903
     3.961
     4.504
     4.811
     4.983
     5.280
     5.435
     5.826
     5.864
     6.205
     6.570
     6.900
     7.146
     7.112
     6.477
     6.703
     6.685
     6.885
     6.658
     6.677
     6.706
     6.675
     6.607
     6.613
     6.530
     6.522
     6.416
     6.379
     6.264
     6.219
     6.082
     6.010
     5.845
