     6.213
     5.973
     5.931
     5.664
     5.596
     5.303
     5.217
     4.922
     4.810
     4.487
     4.384
     4.022
     3.792
     3.384
     3.242
     2.765
     2.552
     2.045
     1.694
     1.187
     0.805
     0.307
    -0.035
    -0.480
    -0.512
    -1.420
    -1.454
    -1.846
    -2.519
    -3.077
    -3.133
    -3.596
    -4.302
    -5.171
    -5.600
    -6.607
    -7.023
    -7.525
    -7.915
    -8.249
    -8.641
    -8.723
    -9.157
   -10.190
   -10.143
   -10.994
   -11.241
   -11.057
   -11.512
   -12.735
   -13.087
   -13.998
   -13.528
   -14.411
   -14.781
   -14.185
   -14.474
   -13.647
   -16.107
   -16.070
   -15.086
   -15.250
   -16.157
   -16.229
   -14.156
   -13.530
   -12.554
   -11.606
    -8.679
    -6.654
    -5.699
    -3.514
    -2.967
    -0.451
     1.502
     1.767
     1.893
     3.711
     5.473
     5.449
     6.998
     7.025
     6.169
     8.506
    10.960
     9.227
    10.902
    11.034
    11.167
    10.580
    11.808
    10.850
    12.850
    13.591
    13.918
    13.365
    13.035
    13.467
    11.567
    10.687
     9.982
     9.701
     9.102
     7.609
     6.864
     5.967
     6.261
     6.182
     6.454
     5.065
     5.554
     6.419
     5.751
     7.360
     5.246
     5.539
     4.144
     3.250
     4.976
     2.020
     3.956
     2.994
     3.219
     2.171
    -0.479
     0.317
    -0.610
    -0.510
    -0.744
     0.623
     0.776
    -0.241
    -2.048
    -2.302
    -3.131
    -5.106
    -3.181
    -2.450
    -3.370
    -4.639
    -3.971
    -4.138
    -6.138
    -3.602
    -3.343
    -2.808
    -3.012
    -5.319
    -3.406
    -4.688
    -5.418
    -2.291
    -3.330
    -4.596
    -2.753
    -3.156
    -4.145
    -3.588
    -2.338
    -5.336
    -6.475
    -6.981
    -3.385
    -2.014
    -1.689
    -1.119
    -0.448
    -1.162
    -0.457
     0.738
     0.507
     1.732
     0.285
     1.806
     0.578
     2.986
     2.533
     1.159
     2.924
     3.102
     3.771
     4.915
     2.447
     1.894
     1.507
     1.577
     5.034
     2.443
     3.888
     2.542
     4.436
     2.051
    -0.576
    -5.079
    -0.817
    -0.119
     1.483
     2.093
     3.547
     2.574
     2.299
    -0.509
    -1.048
    -2.767
    -4.274
    -7.214
    -4.622
     0.493
    -0.195
    -2.044
    -1.707
    -1.926
    -2.637
    -8.280
    -8.766
    -7.379
    -8.442
    -7.417
    -7.253
    -9.695
    -9.694
    -7.313
    -7.443
    -8.741
    -8.314
    -7.736
    -6.887
    -5.072
    -3.928
    -2.389
    -0.454
    -0.022
     1.688
     4.759
     6.722
     7.350
     8.984
    10.336
    11.814
     9.710
    10.340
     9.655
     8.498
     8.547
     6.969
     1.815
     4.265
     2.895
     2.711
     2.492
     6.519
     3.396
     8.149
     5.419
    -0.660
     1.229
     2.246
     2.613
     3.122
     1.955
     0.721
    -0.353
    -0.088
    -1.248
    -1.329
    -0.914
    -0.832
    -1.110
    -1.109
    -0.587
    -0.522
    -0.631
     0.422
     0.304
    -0.920
    -1.254
    -3.088
    -3.375
    -2.579
    -3.790
    -2.499
    -2.778
    -1.848
    -3.881
    -5.885
    -4.608
    -3.667
    -2.819
    -3.566
    -3.048
    -4.700
    -3.594
    -3.459
    -3.471
    -3.400
    -2.778
    -3.542
    -5.410
    -1.554
    -3.257
    -4.531
    -3.916
    -3.082
    -1.854
     0.088
     0.466
     0.642
    -2.015
     0.913
     0.058
    -0.875
     0.353
     3.852
     2.987
     2.014
     2.852
     2.864
     2.756
     2.847
     4.574
     2.958
     6.993
     4.289
     5.353
     5.792
     5.555
     4.875
     6.520
     5.097
     5.825
     4.223
     5.040
     4.575
     4.525
     2.827
     4.527
     2.104
     1.523
     2.971
     2.278
     3.378
     4.423
     5.840
     5.391
     4.508
     3.551
     3.749
     0.032
     4.025
     0.011
    -0.773
    -2.853
    -4.340
    -4.241
    -3.943
    -5.007
    -4.644
    -4.082
    -2.859
    -3.878
    -4.547
    -3.551
    -3.199
    -2.885
    -3.204
    -3.190
    -3.633
    -0.867
     0.730
     0.017
    -0.890
     1.052
     1.379
     0.600
     1.438
     2.613
     1.776
     1.087
     2.123
     2.156
     0.280
     2.145
     0.549
     1.377
     2.495
     1.470
     0.662
     1.383
     0.116
     0.557
     0.717
    -1.378
    -2.789
    -2.095
    -3.108
    -4.003
    -3.985
    -3.781
    -3.616
    -3.393
    -5.240
    -4.476
    -4.271
    -4.316
    -3.993
    -5.692
    -5.414
    -5.647
    -7.492
    -7.487
   -10.167
    -9.810
    -7.628
    -7.432
    -4.355
    -5.663
    -4.690
    -5.697
    -5.869
    -2.016
    -2.633
    -2.668
    -3.108
    -0.843
     2.547
     5.691
     7.798
     8.342
     4.697
     1.645
     1.284
     2.282
     4.832
     4.684
     6.047
     4.692
     2.122
     1.343
     1.033
     0.038
     3.270
     1.523
     1.897
     0.937
     1.297
     4.161
     3.807
     3.443
     3.166
     1.194
     1.603
     1.507
     0.872
    -1.158
     0.437
     0.454
     1.379
     1.240
     0.485
    -0.793
    -0.445
    -0.854
     2.769
     2.127
     3.360
     1.865
     3.082
     2.507
     0.208
     0.973
    -0.532
    -0.429
    -0.012
    -0.617
     2.634
     0.695
     2.065
     2.197
     1.695
     0.990
     0.377
     2.588
     2.736
     1.384
     2.516
     2.458
     0.842
     1.047
     2.401
     1.934
     3.688
     0.209
     2.363
     1.406
    -0.451
     0.479
     2.106
     2.274
     0.488
     2.392
    -0.055
    -0.029
    -0.950
     0.067
    -1.602
    -2.453
    -3.112
    -2.236
    -1.080
    -2.735
    -1.737
    -1.828
    -1.189
    -1.237
    -1.851
    -0.105
    -2.756
    -0.680
     0.516
     1.570
     1.867
     0.933
     2.715
     4.277
     3.748
     3.785
     4.057
     3.694
     3.064
     1.311
     2.245
     3.318
     5.604
     3.568
     2.537
     1.451
     1.690
     0.987
     2.034
     2.160
     0.414
     1.166
     0.540
    -0.596
    -1.271
    -0.500
    -0.258
    -0.276
    -0.006
    -1.016
     0.145
     1.103
     0.292
     2.848
     1.931
     0.973
    -0.765
     1.230
    -1.481
    -1.690
    -2.576
    -4.609
    -4.391
    -4.273
    -5.919
    -5.173
    -6.027
    -7.863
    -7.810
    -7.743
    -7.386
    -7.416
    -6.971
    -5.897
    -6.874
    -6.599
    -6.612
    -6.333
    -5.393
    -6.281
    -5.803
    -5.796
    -5.432
    -5.559
    -4.224
    -4.241
    -3.897
    -2.749
    -3.355
    -3.088
    -3.763
    -2.662
    -0.686
    -0.837
    -2.540
    -0.505
    -0.883
    -2.770
    -0.024
    -2.204
    -2.799
    -3.698
    -3.987
    -2.889
    -2.786
    -4.553
    -2.454
    -2.268
    -1.766
    -3.494
    -0.439
    -0.503
     0.906
     1.175
     0.666
     2.589
     4.787
     3.934
     2.903
     2.785
     3.026
    -0.659
     2.774
     2.803
     3.943
     3.997
     3.294
     3.501
     4.579
     5.368
     5.675
     5.739
     5.118
     4.338
     5.920
     5.940
     5.320
     5.315
     5.627
     3.689
     5.506
     5.792
     6.137
     6.099
     6.246
     6.367
     8.329
     5.468
     7.557
     6.662
     6.654
     6.839
     5.994
     6.057
     8.160
     9.122
     7.259
     7.132
     5.705
     8.342
     5.655
     8.663
     7.884
     7.755
     8.773
     8.815
     8.121
     9.160
     8.699
     7.749
     8.733
     7.544
     6.790
     4.216
    -0.762
    -1.649
    -1.175
    -4.810
    -7.690
    -5.741
    -7.650
    -8.785
    -8.428
    -8.321
    -7.858
    -6.744
    -5.769
    -6.997
    -7.296
    -5.520
    -6.827
    -5.009
    -4.596
    -1.764
    -1.499
    -0.492
    -2.263
    -1.187
    -0.197
    -1.180
    -1.491
     0.166
    -1.716
    -2.367
    -2.433
    -2.675
    -1.370
    -3.232
    -3.140
    -3.281
    -2.883
    -4.957
    -3.937
    -4.144
    -3.748
    -6.448
    -6.194
    -7.021
    -7.735
    -4.038
    -5.518
    -6.046
    -5.691
    -4.028
    -5.713
    -5.361
    -4.095
    -2.149
    -1.904
    -4.556
    -2.570
    -3.488
    -3.108
    -5.085
    -4.850
    -7.609
    -8.358
    -8.088
    -7.951
    -7.747
    -6.893
    -7.601
    -8.172
    -8.189
    -9.825
    -8.734
    -9.257
    -7.412
    -8.228
    -8.983
    -8.910
    -8.956
   -11.210
    -7.977
    -6.456
    -6.352
    -5.199
    -2.536
    -2.636
    -2.776
    -3.118
    -2.697
    -1.318
    -1.087
    -1.908
    -1.651
     0.580
     1.542
     0.801
     0.151
     0.290
    -0.446
     1.658
     1.824
     3.048
     2.678
     5.624
     5.854
     7.228
     7.209
     8.491
     6.885
     7.251
     9.274
     7.977
    11.075
    10.713
    12.545
    11.094
    10.087
    12.990
    14.283
    14.361
    13.537
    14.805
    15.603
    13.166
    11.252
    13.405
    12.510
    12.733
    11.736
    12.764
    10.843
    11.197
    11.319
    12.565
    12.279
    11.822
    12.329
    10.840
    12.015
    13.957
    12.003
    12.767
    12.522
    12.846
    12.635
    11.975
    12.967
    12.911
    12.947
    12.992
    12.997
    14.859
    13.945
    13.785
    12.673
    12.666
    12.679
    13.282
    12.044
    10.055
    10.968
    12.184
    12.538
     8.295
     7.785
     2.621
    -1.970
    -6.936
    -9.387
   -12.662
   -16.533
   -23.451
   -25.154
   -27.707
   -28.139
   -31.185
   -32.526
   -32.674
   -34.750
   -36.844
   -37.345
   -37.875
   -36.949
   -34.014
   -32.444
   -32.291
   -30.592
   -29.708
   -26.722
   -26.092
   -25.079
   -20.997
   -18.204
   -16.261
   -11.733
   -10.478
    -7.832
    -6.763
    -1.963
    -1.895
    -0.398
     0.541
    -0.121
     2.668
     2.129
     1.889
     2.341
     2.301
     1.898
     2.613
     1.089
     0.931
    -0.189
     0.353
    -1.951
    -1.356
    -1.549
     0.060
    -0.837
     1.128
     1.803
     0.829
     1.399
     2.014
     1.627
     2.450
     1.682
     1.509
     2.039
     2.119
     1.798
     1.788
     2.377
     3.280
     2.183
     3.291
     3.221
     5.905
     5.561
     4.175
     6.262
     2.705
     2.398
     1.774
     0.603
     1.778
     4.711
     8.405
    12.707
    20.608
    22.491
    21.553
    21.427
    20.669
    22.356
    19.548
    22.063
    20.910
    20.016
    21.494
    15.954
    12.855
     9.486
     8.584
     8.416
     4.437
     2.118
     3.073
     0.828
    -0.329
    -3.225
    -3.215
    -0.714
    -1.707
    -2.641
    -2.248
    -2.338
     0.714
     0.050
     0.201
    -0.167
    -1.513
     0.056
     0.267
     2.430
     2.583
     1.375
     1.316
     1.135
     3.537
     3.707
     3.778
     3.742
     4.906
     7.643
     6.608
     5.595
     6.634
     5.841
     5.785
     4.542
     4.036
     5.659
     4.987
     6.888
     5.681
     4.719
     5.833
     3.872
     4.130
     3.117
     0.965
    -0.618
    -3.281
    -3.176
    -3.524
    -7.017
    -7.155
   -10.378
   -10.000
   -12.076
   -11.130
   -10.371
   -10.287
    -8.659
    -6.816
    -9.356
   -11.214
    -8.340
    -7.093
    -6.339
    -4.751
    -4.972
    -4.285
    -5.584
    -5.504
    -4.806
    -2.863
    -3.522
    -2.665
    -3.405
    -0.869
    -2.152
    -1.590
    -1.787
    -2.164
    -1.551
     0.016
     0.817
     1.333
     0.028
    -0.015
     2.427
     0.370
     2.679
     2.939
     0.429
    -1.224
    -2.210
    -5.359
    -7.053
    -8.052
    -7.452
    -6.515
    -6.141
    -9.130
    -9.794
   -11.826
    -9.944
   -10.952
    -9.588
   -11.145
   -12.477
   -12.994
   -13.626
   -16.596
   -17.114
   -18.526
   -19.879
   -20.671
   -18.908
   -17.717
   -18.414
   -19.830
   -22.231
   -25.452
   -25.438
   -28.716
   -30.342
   -36.255
   -32.768
   -32.316
   -32.488
   -31.136
   -32.200
   -32.484
   -32.843
   -12.901
    26.439
    22.215
    13.933
    12.374
    13.752
    14.595
    13.508
    16.478
    19.402
    21.137
    21.300
    19.319
    19.169
    19.221
    19.737
    22.420
    21.912
    23.708
    29.086
    31.462
    27.861
    22.056
    28.997
    38.445
    44.487
    45.556
    48.067
    47.949
    48.688
    50.853
    53.000
    52.306
    50.958
    52.577
    50.683
    47.003
    41.645
    39.029
    37.768
    37.081
    35.053
    37.213
    36.867
    31.340
    31.375
    30.806
    28.670
    23.539
    22.560
    19.954
    17.246
    13.042
     9.234
     2.738
    -4.202
   -10.204
   -12.881
   -25.728
   -32.801
   -31.477
   -36.892
   -40.409
   -40.799
   -40.474
   -42.177
   -42.228
   -37.919
   -33.986
   -36.094
   -38.008
   -37.334
   -39.843
   -41.596
   -44.929
   -42.860
   -39.292
   -35.740
   -37.045
   -31.459
   -30.394
   -33.324
   -31.845
   -28.407
   -28.074
   -30.905
   -29.863
   -27.896
   -30.342
   -30.200
   -26.719
   -27.342
   -25.773
   -27.023
   -28.787
   -32.538
   -34.010
   -32.922
   -34.375
   -33.900
   -27.736
   -23.302
   -22.579
   -19.184
   -19.171
   -13.989
   -12.684
   -12.346
   -11.034
    -9.127
    -7.503
    -7.333
    -8.870
    -4.154
     2.430
     7.835
    12.481
    15.199
    17.704
    25.618
    31.674
    30.319
    31.512
    42.703
    54.447
    56.375
    53.456
    66.609
    58.438
    50.387
    63.383
    77.348
    56.641
    36.804
    28.494
    51.991
    44.281
    24.561
     7.853
    10.837
     8.913
    -3.338
    -7.838
    -1.854
    -9.393
   -13.471
    -5.802
    -3.764
    -2.934
     1.639
    -5.391
   -14.384
    -9.406
     2.133
     0.697
    -2.046
    -1.944
     6.686
     7.329
     6.612
     6.081
     8.808
     8.390
    12.286
     2.652
    10.613
     9.328
    11.762
     9.230
     4.933
    -8.682
   -15.986
   -11.456
     8.407
     9.258
    -2.691
    -7.390
    -1.365
     4.302
   -11.010
    -3.044
     0.368
   -15.892
   -24.269
   -25.179
   -34.392
   -31.076
   -29.180
   -20.347
   -15.082
   -16.237
    -6.164
    -8.601
   -13.718
   -19.106
   -19.280
   -16.565
   -10.274
    -4.152
    -2.191
    -0.381
     1.138
     3.041
     5.910
     6.482
     5.598
     4.061
    13.877
    18.717
    22.528
    22.496
    17.442
    14.563
    11.287
    12.893
    14.947
    10.199
     5.100
     7.559
     3.196
     2.225
    -1.231
    -2.555
    -0.706
     6.073
     1.510
     0.502
     1.764
     0.725
    -1.409
     2.938
     0.700
     1.577
     0.470
     1.401
    -1.785
     0.469
     0.083
    -6.228
    -6.820
   -11.590
    -7.211
    -6.371
    -2.554
    -1.696
    -1.002
    -3.502
    -6.530
    -4.661
    -9.256
    -7.614
    -7.112
    -8.857
   -14.266
   -14.026
    -6.750
    -9.398
   -12.765
   -10.521
   -10.971
    -3.452
    -4.651
    -6.737
    -4.669
    -4.880
     3.315
    15.027
     5.343
    -1.816
    -4.804
    -7.069
    -2.181
     1.636
    -5.586
   -17.400
   -11.647
   -14.787
   -13.929
   -17.156
   -17.840
   -16.452
   -14.016
   -10.640
   -10.560
    -7.536
    -8.975
    -5.604
    -3.967
    -5.054
    -5.769
    -6.042
    -0.082
    -1.926
    -4.773
    -4.020
    -3.993
    -2.659
    -2.384
     1.495
     1.954
     0.654
     2.054
    12.569
    10.411
    12.664
     8.177
     3.824
     7.731
     9.545
     7.441
    11.854
    15.031
    14.021
     6.011
     9.654
     4.144
     5.383
    11.661
    11.927
    16.143
    14.055
    20.483
    19.919
    19.354
    21.956
    21.743
    23.628
    23.092
    18.565
    29.035
    25.705
    24.079
    16.921
    13.544
    16.084
    14.666
    13.924
    15.494
    17.330
    15.371
    11.892
     5.126
     8.082
     9.128
     3.894
     2.824
     4.559
     4.520
    10.776
     1.029
    -2.901
    -0.207
    -1.568
    -6.967
    -5.276
   -11.415
   -12.316
    -6.720
    -7.007
   -10.876
   -13.551
   -16.233
    -7.145
    -4.904
   -22.872
   -20.517
   -14.631
    -5.074
    -1.276
   -17.106
   -14.248
    -2.979
   -15.169
   -16.555
   -15.730
   -27.348
   -26.286
   -21.204
   -27.756
   -20.549
   -14.530
   -16.675
   -10.908
    -7.659
    -5.133
    -5.549
    -5.450
    -6.651
   -11.559
    -6.678
    -6.632
    -7.824
    -7.695
    -9.479
    -6.279
    -3.025
    -1.888
    -3.056
    -3.955
     2.078
    -1.090
    -2.357
     1.152
     4.627
     4.694
     1.360
     3.955
    -0.037
     1.379
     1.464
    -3.043
     2.793
     7.989
     9.547
     2.464
    -0.059
     7.866
     5.588
     1.474
     6.050
     8.044
    12.743
     8.974
     5.157
     5.713
     4.958
     9.111
     6.088
     5.445
     6.501
     4.201
     2.077
    -0.096
     2.770
     2.976
    -1.367
    -1.236
     2.394
     3.535
     4.401
    -0.619
     1.120
     5.074
     8.162
     5.167
     3.595
    -3.207
    -2.882
    -1.390
     9.650
     0.335
   -11.191
   -13.300
    -8.427
    -7.561
    -8.111
   -10.271
    -9.710
    -9.547
    -8.569
    -7.743
    -8.439
    -5.503
    -6.447
    -3.563
    -2.046
     2.116
     2.652
    -2.670
    -1.018
    -1.575
     1.655
    -0.846
    -3.154
    -0.677
     0.856
    -0.521
     0.349
     2.870
     1.707
     5.240
     4.293
     5.298
     6.786
     7.249
     6.582
     6.294
     5.787
     7.976
     6.786
     9.316
    10.045
    10.703
    11.079
    11.339
    12.666
    14.156
    13.031
    16.359
    17.645
    18.766
    16.278
    16.832
    15.083
    15.578
    14.714
    13.595
    14.436
    13.328
    12.433
    10.577
     7.960
     7.653
     7.830
     9.541
     7.586
     5.193
     5.275
     3.118
     2.614
     4.612
     1.740
    -0.731
    -2.156
    -1.698
    -2.453
    -4.036
    -5.853
    -5.139
    -5.750
    -7.273
    -9.128
   -12.385
   -11.212
   -14.630
   -12.526
   -14.157
   -17.908
   -18.884
   -19.794
   -19.119
   -19.959
   -20.273
   -18.816
   -20.438
   -19.299
   -21.654
   -22.978
   -22.315
   -19.691
   -18.959
   -17.435
   -17.722
   -15.083
   -13.527
    -9.713
   -11.915
   -13.199
   -12.833
    -8.909
    -8.129
    -5.837
    -6.114
    -5.805
   -10.009
    -5.557
    -7.123
    -6.679
    -7.892
    -4.784
    -4.904
    -4.056
    -0.432
     0.596
     2.158
     1.324
     2.076
     2.534
     2.407
     3.654
     8.172
     8.625
     7.700
     9.252
    12.167
    10.106
     6.370
    10.043
    12.999
     9.721
    10.092
     8.925
    11.310
     8.849
     8.780
     8.171
     9.021
     9.520
     8.358
     7.706
     9.592
    10.998
     9.586
     9.056
     8.722
     9.008
    11.667
    11.930
    10.652
    11.556
    12.197
    11.547
    11.581
    11.137
    13.643
    11.311
     9.389
     8.825
     9.566
     8.333
     9.014
     6.740
     5.729
     7.034
     2.933
     4.922
     6.174
     5.039
     6.818
     6.968
     4.751
     4.409
     4.862
     4.183
     1.189
    -0.224
    -1.740
    -3.140
    -3.425
    -6.520
    -6.725
    -5.442
    -7.604
    -8.875
    -8.381
    -7.709
    -7.052
    -7.304
    -8.658
    -7.207
    -6.489
    -7.034
    -8.004
    -6.606
    -6.947
    -6.648
    -5.015
    -7.572
    -8.760
    -6.508
    -7.005
    -8.407
    -9.184
   -11.520
   -10.251
    -9.820
   -10.033
   -10.635
    -9.229
    -8.725
    -8.053
    -6.560
    -6.741
    -7.774
    -8.533
    -5.777
    -5.295
    -2.388
    -0.879
    -2.228
    -0.800
     0.581
     3.236
     4.760
     3.501
     2.647
     3.177
     1.943
     1.568
    -0.629
    -0.810
    -2.227
    -2.444
    -2.592
    -1.381
    -2.824
    -3.218
    -3.597
    -1.912
     1.519
     0.173
     2.778
     3.580
     0.728
     1.717
     4.095
     4.051
     2.743
     3.258
     5.134
     5.807
     5.654
     4.598
     3.341
     5.363
     2.785
     2.972
     5.727
     4.759
     4.400
     6.474
     6.934
     7.338
     6.030
     6.365
     7.492
     7.594
     7.258
     8.290
     7.399
     8.444
     6.265
     8.297
     9.202
     5.928
     5.941
     3.970
     3.296
     2.506
     1.470
    -0.062
     1.795
     0.173
    -0.827
    -1.562
    -2.812
    -1.247
    -3.833
    -3.651
    -6.638
    -7.299
    -7.204
    -4.751
    -4.489
    -4.621
    -2.439
    -2.720
    -1.597
    -2.121
    -3.631
    -5.226
    -5.005
    -6.356
    -5.120
    -5.796
    -6.044
    -5.211
    -6.557
    -3.392
    -2.947
    -1.358
     0.011
     0.107
    -2.514
    -0.138
    -2.363
    -3.969
    -3.801
    -3.210
    -0.855
    -2.289
    -0.840
    -2.237
    -1.206
    -1.527
    -0.165
    -3.552
    -9.482
    -9.856
    -7.216
    -6.599
    -7.083
    -7.118
    -8.679
    -4.645
    -5.761
    -6.589
    -6.980
    -5.359
    -4.000
    -3.097
    -1.620
    -1.901
     0.524
     2.114
     3.781
     3.480
     4.094
     2.813
     0.529
     4.503
     2.905
     6.602
     6.879
     7.426
     7.929
     7.839
     9.766
    10.646
    11.947
    10.653
    12.187
    13.883
    13.878
    15.646
    13.954
    14.104
    13.541
    10.882
    11.522
    13.126
     9.893
     5.767
     5.577
     2.314
     0.382
    -0.290
    -4.311
    -2.896
    -8.587
    -8.608
    -7.815
    -5.757
    -4.319
    -4.524
    -3.355
    -3.302
    -0.029
     1.938
     0.988
     1.520
     2.704
     3.301
     3.309
     1.037
     1.104
     0.703
     4.119
     1.687
     0.097
    -2.266
    -2.236
    -1.763
    -2.580
    -2.259
    -2.060
    -1.735
    -0.697
    -0.098
    -0.928
    -2.568
    -3.283
    -3.290
    -6.582
    -7.452
    -9.077
    -9.067
    -2.025
    -7.389
    -9.958
   -10.299
    -8.129
    -7.409
    -4.442
    -3.425
    -5.592
    -7.135
    -7.054
    -3.080
    -4.404
    -2.572
    -2.052
    -1.325
    -0.311
    -1.553
     1.632
     4.785
     2.682
     1.434
     1.179
     3.250
    -3.715
    -5.660
    -5.632
    -3.044
    -2.045
     0.966
     1.901
     0.031
    -1.374
    -3.103
    -4.289
    -1.657
    -2.776
    -3.601
    -2.892
    -1.739
    -2.055
    -2.986
    -2.290
    -1.659
    -0.896
    -0.884
    -1.941
    -0.977
    -1.996
    -0.347
    -0.573
    -1.460
    -0.594
     0.199
     4.894
     2.900
    -2.930
    -1.323
     1.898
     4.207
     5.947
     6.044
     6.019
     6.661
     6.216
     7.197
     6.891
     5.993
     4.685
     4.305
     3.765
     2.009
     2.578
     4.504
     2.504
     3.433
     4.131
     6.046
     6.748
     5.737
     4.545
     5.532
     4.550
     6.107
     4.907
     5.867
     6.470
     5.451
     5.008
     3.814
     3.106
     1.387
     2.119
     2.463
     3.403
     0.596
     1.394
     1.586
     3.032
     2.222
     1.031
     1.893
     1.283
     0.142
     0.778
    -0.878
    -1.416
    -3.463
    -3.582
    -3.520
    -4.374
    -3.894
    -5.190
    -3.837
    -4.936
    -3.857
    -4.151
    -5.699
    -4.090
    -4.034
    -4.206
    -3.245
    -2.460
    -3.921
    -5.393
    -5.075
    -4.433
    -5.197
    -5.572
    -6.469
    -5.722
    -4.599
    -6.461
    -3.373
    -2.693
    -0.320
    -0.651
    -2.492
    -3.695
    -2.900
    -0.253
    -0.621
     0.079
     1.383
     3.388
     3.570
    -0.702
    -1.469
     0.910
     2.949
     4.121
     3.027
     0.312
    -1.398
    -0.117
     0.483
     4.581
     4.506
     3.549
     1.779
     2.011
     2.316
     1.461
     2.549
     0.008
     1.037
    -0.839
    -0.708
    -0.851
     0.357
    -1.181
    -1.958
    -1.112
    -0.871
    -3.734
    -3.325
    -2.217
    -0.138
    -0.168
    -1.670
    -3.268
    -1.190
    -0.869
     0.362
    -0.557
     0.564
    -0.041
    -0.595
     0.278
    -0.089
     1.728
     2.728
     2.176
     1.006
     1.943
     3.158
     4.214
     2.409
     2.604
     3.672
     1.988
     0.469
     0.501
     1.560
     1.646
     2.039
     1.299
     1.282
     1.520
     1.878
     2.315
     3.383
     2.385
     2.907
     2.712
     1.170
     0.137
    -0.565
    -3.584
    -1.448
    -2.385
    -1.950
    -2.946
    -1.673
    -1.624
    -1.360
    -0.573
    -2.198
    -1.134
    -1.170
    -2.266
    -1.825
    -0.917
    -1.777
    -2.591
    -0.606
    -0.470
    -1.383
    -1.421
    -2.300
    -1.483
    -3.116
    -2.850
    -1.017
    -1.997
    -0.866
    -2.029
    -0.120
    -0.999
    -0.753
    -1.735
     0.062
    -1.714
     0.157
    -0.065
     0.101
    -0.869
    -0.807
     0.051
    -0.630
     0.026
     0.191
     0.957
     2.099
     0.876
     1.079
     0.807
     1.055
     0.867
    -0.110
    -0.418
     0.454
    -0.539
     0.422
    -0.370
     1.291
    -0.842
     1.135
     0.129
     1.075
     0.253
     0.360
     0.186
     1.750
    -0.270
     0.647
    -1.199
    -1.259
     1.380
     1.480
    -1.396
    -1.542
    -0.557
    -0.563
    -1.564
    -1.532
     1.141
     1.255
     0.205
     1.274
     3.100
     3.109
     3.229
     6.139
     6.152
     7.071
     7.613
     7.634
     6.582
     6.421
     6.074
     6.023
     4.824
     3.068
     2.854
     2.963
     1.111
     0.350
     0.196
     1.303
     1.215
     0.365
     2.028
     2.054
     1.098
     1.269
     1.042
     1.127
     1.002
    -0.532
    -0.595
     1.084
     0.166
    -0.936
    -2.702
    -0.712
    -0.802
    -2.750
    -2.917
    -2.810
    -3.727
    -4.594
    -4.696
    -3.410
    -3.600
    -3.161
    -2.360
    -3.170
    -3.337
    -3.128
    -4.241
    -3.934
    -5.104
    -4.836
    -4.041
    -4.924
    -5.033
    -4.704
    -4.758
    -5.573
    -5.452
    -6.158
    -6.192
    -6.164
    -6.113
    -5.871
    -4.199
    -5.174
    -4.044
    -3.011
    -0.366
    -1.008
    -0.202
    -0.832
    -1.786
    -1.429
    -0.607
    -0.393
    -0.577
    -1.200
     0.507
    -0.167
    -0.056
     0.828
    -0.088
    -0.038
    -0.127
    -0.046
    -0.023
    -0.956
    -1.837
     0.144
     0.173
     1.967
     1.104
     0.417
     1.977
     2.987
     1.127
     0.391
     2.071
     3.239
     2.956
     0.982
     0.776
     1.509
     0.814
     3.742
     3.498
     5.361
     3.813
     5.894
     6.904
     8.674
     6.749
     6.129
     6.691
     6.843
     4.794
     3.663
     3.537
     2.610
     1.426
     1.383
     1.167
     1.205
     1.946
     2.940
     1.800
     1.832
     1.835
     1.084
     1.867
     2.719
     1.735
     3.732
     4.335
     2.335
     2.200
     0.535
     0.260
     1.929
     1.537
     0.907
    -0.929
    -0.095
    -0.422
    -1.196
    -0.696
    -1.717
    -0.807
    -1.632
    -1.799
    -2.451
    -2.806
    -1.794
    -1.070
    -0.833
     1.915
     1.090
     0.865
    -0.278
    -0.144
    -0.147
    -0.167
    -2.249
    -2.431
    -0.482
    -0.742
    -0.501
     0.398
    -1.244
    -2.124
    -2.067
    -2.430
    -2.394
    -0.702
    -1.558
    -3.354
    -1.505
     0.193
    -0.598
    -2.439
    -1.581
    -2.612
    -1.834
    -1.846
    -1.848
    -2.057
    -0.952
    -2.659
    -2.533
    -0.878
    -1.715
    -2.909
    -1.934
    -2.875
    -2.851
    -1.088
    -1.823
    -0.891
    -0.728
    -1.756
    -2.541
    -3.517
    -3.343
    -2.583
    -1.647
    -2.534
    -1.362
    -1.479
    -3.180
    -1.908
    -0.961
    -1.175
     0.086
    -0.943
    -0.524
    -0.809
    -0.408
    -0.736
    -1.524
    -0.868
    -1.509
    -0.777
    -2.358
     0.564
     1.400
     0.383
     0.717
    -0.242
     0.011
     0.215
     0.341
     1.368
     2.344
    -0.380
    -0.226
     0.685
     0.960
     1.662
     2.628
     2.634
     3.739
     2.883
     1.928
     1.870
     2.190
     3.184
     4.090
     5.013
     7.850
     6.858
     5.692
     4.640
     2.807
     5.306
     3.726
     3.717
     1.770
     0.525
     0.623
     2.282
     0.567
    -0.578
    -1.310
    -1.388
    -2.181
    -2.281
    -2.125
    -3.070
    -1.432
    -1.291
    -1.177
    -0.228
    -0.070
     1.464
     1.484
     1.439
    -0.230
    -0.398
    -0.497
     0.627
    -0.059
    -0.414
     0.476
    -0.866
    -1.526
    -0.057
    -1.711
    -2.684
    -2.039
    -3.058
    -3.045
    -2.244
    -3.057
    -4.177
    -4.019
    -3.336
    -4.206
    -3.423
    -3.441
    -2.556
    -1.602
     0.763
    -0.948
    -0.086
    -0.099
     0.674
     0.916
     1.588
     2.534
     2.539
     0.698
     0.425
     1.512
     0.312
     0.482
     1.178
     1.245
     2.074
     2.182
     2.079
     0.090
    -0.960
     0.795
     1.814
     2.922
     2.125
     2.366
     1.377
     2.305
     1.157
     1.969
     0.249
     0.454
     2.085
     2.330
     2.052
     1.380
     1.169
     1.259
     0.205
     0.402
     1.965
    -1.475
     0.426
    -0.322
     0.470
    -0.446
     0.541
    -0.274
    -0.368
    -0.253
     0.713
     1.040
    -1.515
     0.648
     0.598
     1.595
     0.887
     2.764
    -1.071
    -0.783
     0.103
    -0.367
    -0.371
    -0.169
     0.954
     0.227
     0.251
    -2.318
    -2.284
    -0.886
     0.022
     0.243
    -1.497
    -1.248
     1.559
     0.127
    -0.759
    -0.556
     0.200
    -0.223
    -1.004
    -1.694
    -1.642
    -1.235
    -1.330
    -1.666
    -0.439
    -1.939
    -0.865
    -0.595
     0.320
    -1.945
     0.286
     1.419
     0.707
     0.365
     1.128
     0.447
     0.651
     0.234
    -1.056
    -1.416
    -1.427
    -1.389
    -3.221
    -5.840
    -5.683
    -3.260
    -5.897
    -4.563
    -0.548
    -0.207
     1.018
     2.119
    -0.406
     0.983
    -0.895
     0.980
    -0.400
    -0.009
     1.003
    -0.610
    -0.684
    -0.524
    -1.457
    -1.109
    -1.809
    -1.284
     0.356
    -1.217
    -0.880
    -1.069
     0.732
     1.145
     0.642
    -1.821
    -3.522
    -3.205
    -3.131
    -2.010
    -2.075
    -3.855
    -3.134
    -5.504
    -2.763
    -3.169
    -2.930
    -1.780
    -1.206
    -2.581
    -4.191
    -2.070
    -2.277
    -0.774
    -0.920
    -0.709
    -1.849
    -6.062
    -2.434
    -3.996
    -1.014
    -0.672
     0.440
     2.804
     8.262
     7.909
     3.441
     3.377
     9.449
    14.388
    13.350
    12.190
    10.857
     9.961
     9.619
     8.622
     7.267
     2.382
     0.379
    -0.342
    -1.917
    -3.561
    -1.559
    -1.517
    -2.200
    -0.391
     0.109
     3.486
     7.410
     9.114
    10.702
     6.917
     7.465
     5.496
     5.834
     7.632
     1.117
     1.387
    -7.565
    -4.617
    -6.564
    -6.745
    -2.922
    -1.928
     1.569
     3.364
     1.421
     3.143
     3.997
     5.175
     5.844
     4.004
     6.577
     6.176
     3.015
     5.640
     8.105
    11.731
    14.078
    13.192
    13.134
    13.752
    11.316
    12.909
    11.300
     9.521
    -1.414
    -6.019
    -2.447
    -2.325
     6.339
   -11.699
    -7.827
    -1.803
    -0.730
    -6.751
    -8.011
   -14.719
   -15.209
   -20.442
   -26.805
   -29.285
   -26.946
   -21.724
   -18.378
   -17.727
   -20.864
   -17.745
   -15.462
   -14.248
   -16.149
   -14.967
   -12.138
    -7.319
    -6.545
    -6.221
    -8.504
    -7.034
    -6.953
    -7.364
    -8.900
    -9.690
    -6.557
    -5.825
    -4.274
    -4.671
    -4.660
    -3.635
     0.338
     0.538
     4.346
     5.334
     7.002
     3.894
     4.763
     6.008
     7.059
     6.427
     6.110
     7.308
     7.351
     6.947
     6.470
     5.515
     6.531
     4.420
     3.712
     2.557
     1.415
     1.278
     1.407
     1.424
     3.091
     3.620
     3.286
     4.395
     3.936
     4.210
     4.884
     5.227
     5.251
     5.760
     5.606
     6.138
     6.312
     6.463
     6.823
     7.312
     7.631
     7.659
     6.579
     7.139
     7.106
     7.303
     6.969
     7.029
     7.054
     7.112
     6.922
     7.004
     6.900
     6.944
     6.785
     6.810
     6.638
     6.661
     6.463
     6.460
     6.234
