     5.275
     5.229
     5.190
     5.120
     5.056
     4.964
     4.885
     4.784
     4.687
     4.566
     4.440
     4.296
     4.121
     3.919
     3.753
     3.506
     3.297
     2.998
     2.710
     2.389
     2.051
     1.688
     1.386
     1.173
     0.958
     0.624
     0.443
     0.092
    -0.378
    -0.597
    -0.830
    -1.158
    -1.707
    -2.258
    -2.798
    -3.466
    -3.868
    -4.258
    -4.575
    -4.899
    -5.153
    -5.355
    -5.872
    -6.078
    -6.809
    -7.006
    -7.233
    -7.472
    -7.859
    -8.520
    -8.981
    -9.709
    -9.693
   -10.149
   -10.625
   -11.035
   -11.440
   -11.311
   -12.519
   -12.525
   -12.071
   -12.317
   -12.555
   -12.496
   -11.924
   -10.884
    -9.688
    -8.982
    -6.629
    -5.166
    -3.027
    -1.349
    -1.099
     0.397
     1.657
     2.369
     2.250
     3.614
     4.400
     3.224
     4.226
     4.267
     4.700
     5.638
     6.994
     7.488
     7.581
     7.517
     7.578
     7.243
     7.072
     7.757
     8.519
     8.968
     8.730
     7.381
     7.356
     7.308
     6.795
     6.385
     6.101
     5.298
     4.580
     4.061
     4.585
     3.169
     3.038
     3.247
     2.824
     2.850
     2.683
     2.664
     2.326
     3.103
     3.012
     2.172
     1.066
     1.029
     1.149
     0.244
     0.270
     0.054
    -0.648
    -1.084
    -1.725
    -1.604
    -1.712
    -1.112
    -0.235
    -1.056
    -1.180
    -2.130
    -2.203
    -2.983
    -2.469
    -3.726
    -2.472
    -2.174
    -2.724
    -3.512
    -4.399
    -3.470
    -3.380
    -2.306
    -2.827
    -1.791
    -1.303
    -2.498
    -2.460
    -1.763
    -1.374
    -1.662
    -1.226
    -2.581
    -0.545
    -0.940
    -1.000
     0.519
     0.130
    -1.009
    -1.909
    -1.401
     0.424
     0.869
     2.321
     2.728
     2.871
     3.119
     2.228
     2.425
     3.109
     3.442
     2.265
     3.416
     1.888
     2.771
     2.860
     3.086
     3.136
     3.289
     3.694
     2.327
     2.933
     1.700
     2.351
     2.947
     3.171
     2.247
     3.113
     3.213
     2.476
     0.740
    -1.366
    -2.569
    -1.020
    -0.899
     0.458
     0.556
     1.283
     0.115
     1.091
    -0.554
    -0.688
    -2.221
    -4.100
    -4.086
    -2.550
    -1.145
    -1.743
    -1.920
    -0.378
    -1.944
    -3.356
    -5.865
    -5.100
    -5.515
    -4.887
    -4.783
    -6.313
    -6.393
    -7.031
    -5.617
    -5.079
    -6.332
    -5.784
    -6.169
    -4.624
    -4.671
    -2.693
    -2.062
    -0.351
    -0.149
     1.463
     4.295
     5.201
     6.211
     7.403
     7.366
     8.329
     6.490
     7.076
     7.173
     6.187
     5.494
     4.393
     2.885
     2.872
     1.601
     1.564
     3.011
     3.817
     1.779
     3.401
     1.940
    -1.964
    -1.172
    -0.423
     0.071
    -1.732
    -1.985
    -1.263
    -2.727
    -1.928
    -2.472
    -3.096
    -2.891
    -3.226
    -2.931
    -2.729
    -1.120
    -2.660
    -1.442
    -1.792
    -0.785
    -1.310
    -2.146
    -3.336
    -2.602
    -2.216
    -2.421
    -2.350
    -2.484
    -3.216
    -3.298
    -3.296
    -3.139
    -2.808
    -2.123
    -2.060
    -1.948
    -2.840
    -2.475
    -2.901
    -2.779
    -1.871
    -2.389
    -1.558
    -2.614
    -1.986
    -1.690
    -2.231
    -1.790
    -1.811
     0.019
     0.261
     0.688
    -0.239
    -0.041
     0.849
     0.466
     0.983
     1.608
     2.994
     2.343
     2.524
     2.198
     3.040
     2.819
     2.880
     3.764
     3.469
     5.937
     4.864
     5.674
     5.322
     5.390
     5.278
     6.724
     4.920
     4.319
     4.445
     4.671
     4.507
     4.892
     3.805
     3.624
     4.355
     4.217
     4.192
     3.167
     4.406
     5.210
     5.088
     4.909
     4.660
     4.471
     3.260
     1.882
     2.506
     0.878
     1.210
     0.231
    -2.149
    -0.892
    -0.798
    -2.551
    -0.874
    -2.255
    -2.616
    -2.628
    -2.407
    -2.217
    -3.982
    -1.144
    -1.906
    -2.936
    -4.523
    -3.408
    -1.963
    -0.904
    -1.776
    -0.839
    -0.779
    -1.461
    -0.154
    -0.673
     0.384
    -0.327
    -0.713
     0.017
    -0.065
    -0.803
     0.163
     0.120
    -0.385
    -1.235
    -0.473
    -0.018
    -1.280
    -2.140
    -1.157
    -1.825
    -2.247
    -3.019
    -2.878
    -2.737
    -2.564
    -2.859
    -2.840
    -2.239
    -2.819
    -2.555
    -2.662
    -3.414
    -3.447
    -4.658
    -3.671
    -4.718
    -5.011
    -5.860
    -7.745
    -7.429
    -6.538
    -4.416
    -4.772
    -5.988
    -5.497
    -4.673
    -4.603
    -3.206
    -3.537
    -2.264
    -3.507
    -1.918
    -0.495
     2.014
     4.421
     5.211
     3.568
     1.266
     0.295
     2.027
     3.515
     3.392
     3.863
     3.354
     1.927
     2.363
     1.289
     0.860
     3.066
     1.800
     2.028
     1.174
     0.878
     1.555
     2.695
     1.317
     1.820
     1.656
     2.318
     0.896
     0.529
     0.211
     1.358
     1.548
     2.072
     2.122
     1.460
     0.394
     0.917
     2.175
     2.268
     2.471
     2.749
     2.648
     3.673
     2.774
     1.882
     0.733
    -0.362
     1.241
     0.275
     1.326
     1.873
     2.153
     2.292
     0.698
     1.220
     0.989
     1.321
     1.142
     2.354
     1.387
     2.111
     1.307
     0.590
     0.508
     1.343
     0.375
     1.030
     0.224
     1.138
     1.040
     0.450
     0.633
     1.836
     2.079
     1.158
     2.152
     0.662
    -0.365
    -0.777
    -0.790
    -0.482
    -1.524
    -0.924
    -1.937
    -1.375
    -1.357
    -1.265
    -2.606
    -1.869
    -1.120
    -0.281
    -0.882
    -0.439
    -0.353
     0.953
     1.961
     1.244
     2.532
     2.381
     1.841
     1.858
     2.423
     2.559
     1.732
     1.610
     0.778
     1.620
     2.308
     4.153
     3.450
     2.044
     1.046
     0.563
     0.777
     2.195
     1.989
     2.193
     1.493
     1.013
     0.381
    -0.031
    -0.173
     0.103
     0.672
     0.914
     0.698
     1.370
     1.934
     1.228
     3.117
     1.036
    -0.018
     0.271
    -0.186
    -0.832
     0.119
    -1.355
    -3.460
    -3.112
    -3.713
    -3.638
    -4.418
    -5.071
    -6.213
    -6.686
    -6.802
    -7.080
    -5.751
    -5.784
    -5.872
    -6.728
    -6.163
    -5.946
    -6.583
    -6.760
    -6.424
    -5.937
    -4.831
    -4.954
    -4.440
    -3.632
    -3.925
    -4.705
    -3.237
    -3.439
    -3.726
    -2.939
    -3.021
    -1.624
    -2.787
    -3.009
    -2.948
    -1.266
    -1.842
    -2.407
    -3.028
    -2.916
    -4.334
    -3.907
    -2.435
    -2.669
    -2.116
    -1.802
    -1.519
    -1.149
    -0.876
     0.056
    -0.031
     0.319
     1.446
     1.470
     1.686
     3.584
     3.927
     3.825
     1.897
     2.620
     0.047
     1.232
     2.099
     3.796
     4.149
     3.517
     3.805
     4.563
     3.595
     5.593
     4.591
     4.691
     3.285
     4.580
     4.313
     4.174
     5.578
     3.775
     3.928
     4.776
     3.746
     4.796
     5.065
     5.351
     4.797
     4.973
     5.983
     6.076
     5.211
     4.944
     5.702
     5.995
     6.323
     6.606
     7.204
     6.246
     5.553
     4.572
     5.824
     5.678
     5.486
     5.602
     5.454
     5.318
     5.073
     5.646
     6.055
     6.158
     6.237
     6.286
     5.694
     5.113
     3.451
     0.406
     0.430
    -0.677
    -2.918
    -3.308
    -4.521
    -4.888
    -6.291
    -6.594
    -5.152
    -5.722
    -3.983
    -3.689
    -4.003
    -4.458
    -3.497
    -3.029
    -2.826
    -2.311
    -0.612
    -0.741
     0.807
    -0.305
    -0.393
     0.053
     1.126
     0.569
     0.569
    -0.163
    -0.660
    -0.986
    -0.739
    -0.580
    -1.724
    -0.785
    -1.859
    -1.524
    -1.771
    -2.165
    -2.612
    -3.114
    -4.375
    -3.852
    -4.207
    -4.954
    -4.064
    -4.588
    -5.249
    -4.965
    -4.817
    -5.215
    -5.167
    -4.588
    -4.267
    -3.278
    -4.924
    -4.006
    -4.517
    -4.865
    -6.230
    -6.028
    -6.466
    -7.981
    -7.776
    -7.646
    -7.381
    -7.931
    -8.103
    -8.058
    -9.034
    -8.328
    -8.091
    -8.874
    -6.951
    -8.259
    -8.502
    -9.231
    -9.552
    -9.038
    -7.432
    -5.332
    -5.278
    -4.339
    -4.144
    -3.610
    -2.993
    -2.756
    -2.742
    -2.602
    -2.055
    -2.684
    -1.982
    -1.333
    -0.580
    -0.348
    -0.357
    -0.376
    -0.161
     0.337
     1.197
     0.930
     2.263
     2.803
     5.746
     6.004
     6.815
     7.046
     6.147
     6.203
     6.846
     6.923
     8.788
    10.088
    11.231
    10.503
     9.229
    11.774
    11.408
    11.851
    11.445
    13.101
    12.717
    11.158
    10.840
    11.533
    11.873
    11.352
    10.844
    10.715
     9.856
    10.354
     9.775
    10.193
     9.937
     9.078
    11.770
    10.419
    10.857
    10.613
    11.015
    11.189
    11.354
    10.110
    10.588
    10.580
    11.060
    10.962
    12.144
    11.818
    12.107
    12.070
    11.391
    11.802
    11.738
    10.937
    11.589
    11.529
    10.458
     9.497
     9.950
    10.354
    10.318
     8.615
     6.713
     2.034
    -0.985
    -4.889
    -7.005
    -9.655
   -11.935
   -16.315
   -18.834
   -21.071
   -21.870
   -23.536
   -25.766
   -27.628
   -28.557
   -28.784
   -29.341
   -28.767
   -29.189
   -27.693
   -26.686
   -26.331
   -25.924
   -24.621
   -24.250
   -23.199
   -20.887
   -19.045
   -15.942
   -14.143
   -11.544
   -10.517
    -7.369
    -5.657
    -4.017
    -3.092
    -1.535
    -0.129
     0.963
     1.780
     1.059
     0.824
     0.304
     1.344
     0.931
     0.519
     1.001
     0.698
    -0.306
    -0.930
    -1.031
    -1.224
    -1.141
    -0.419
     0.606
     1.402
     1.094
     0.679
     2.316
     1.560
     0.482
     0.973
     2.009
     2.610
     1.874
     1.322
     1.414
     2.569
     2.644
     2.851
     3.476
     4.531
     4.327
     6.116
     5.258
     3.930
     3.164
     1.225
    -0.396
    -1.297
     0.231
    -0.524
     1.973
     4.385
     8.865
    11.702
    12.407
    13.367
    14.435
    13.221
    14.495
    14.268
    13.690
    14.532
    12.953
    12.253
    10.440
     7.677
     5.722
     6.023
     6.697
     4.037
     3.162
     3.005
     1.840
     0.633
    -0.639
    -0.139
     0.536
     0.457
     0.704
     0.677
     1.030
     1.941
     2.046
     2.251
     1.502
     1.663
     1.854
     2.284
     3.715
     4.193
     3.124
     2.353
     3.185
     3.460
     4.850
     4.814
     4.710
     6.161
     5.810
     5.891
     6.152
     6.515
     7.007
     5.139
     5.581
     5.413
     4.704
     5.582
     5.977
     6.570
     5.959
     5.706
     4.918
     3.205
     1.453
     0.313
    -1.900
    -2.683
    -2.719
    -3.047
    -4.582
    -5.957
    -8.164
    -8.612
    -8.633
    -8.232
    -8.111
    -6.754
    -6.077
    -4.818
    -6.789
    -7.654
    -5.586
    -4.798
    -3.980
    -4.156
    -3.705
    -3.525
    -4.634
    -3.241
    -3.492
    -2.601
    -3.466
    -2.055
    -1.425
     0.029
    -1.014
    -1.443
    -1.994
    -1.030
    -1.750
    -0.975
    -0.718
    -0.291
     0.632
    -0.088
     0.711
     0.925
     1.441
     0.923
    -1.200
    -1.822
    -3.478
    -3.713
    -5.847
    -6.901
    -8.496
    -6.973
    -7.805
    -9.374
   -10.103
   -10.565
    -9.982
   -10.038
   -10.043
   -10.976
   -11.766
   -12.911
   -13.230
   -15.067
   -15.654
   -16.709
   -17.865
   -17.251
   -15.442
   -15.340
   -16.405
   -17.536
   -20.323
   -21.441
   -23.994
   -25.312
   -27.821
   -30.407
   -29.797
   -29.185
   -29.086
   -28.656
   -28.859
   -29.015
   -24.663
    -5.726
    15.496
    17.862
    15.180
    16.166
    18.222
    15.564
    17.136
    19.214
    19.178
    20.335
    19.841
    16.880
    18.299
    18.091
    19.541
    22.066
    21.781
    23.660
    26.111
    27.470
    25.642
    23.394
    27.004
    28.332
    33.154
    33.509
    34.636
    34.910
    36.865
    36.036
    36.704
    35.487
    36.053
    36.283
    36.716
    34.386
    29.880
    28.731
    26.816
    27.352
    26.505
    28.152
    27.499
    25.060
    24.709
    24.000
    22.826
    20.828
    18.306
    17.232
    14.840
    14.056
    12.034
     7.931
     2.242
    -4.084
    -7.303
   -16.038
   -21.253
   -21.342
   -25.736
   -28.969
   -29.780
   -30.157
   -31.071
   -31.331
   -28.921
   -27.497
   -28.180
   -29.110
   -28.427
   -30.377
   -33.010
   -33.633
   -32.222
   -32.041
   -30.802
   -29.890
   -27.493
   -26.694
   -26.427
   -26.654
   -25.378
   -24.162
   -24.861
   -24.787
   -24.670
   -25.257
   -25.260
   -23.308
   -23.192
   -21.732
   -22.874
   -24.567
   -26.342
   -27.261
   -26.027
   -26.671
   -24.802
   -20.785
   -18.665
   -16.907
   -14.495
   -12.866
   -10.446
    -9.116
    -7.819
    -7.520
    -6.476
    -5.518
    -5.475
    -5.497
    -1.416
     2.869
     5.923
     9.182
    11.086
    12.767
    20.103
    22.661
    24.326
    26.176
    32.342
    37.583
    39.155
    43.074
    46.347
    42.571
    39.553
    47.818
    51.683
    39.120
    27.704
    27.252
    32.714
    29.125
    16.408
     8.297
     6.869
     4.080
    -3.029
    -4.773
    -3.519
    -7.989
    -8.035
    -4.019
    -2.621
     0.187
     1.438
    -2.866
    -6.919
    -3.340
     2.526
     3.258
     5.046
     4.693
     8.577
    10.000
    10.680
    10.224
     9.155
    10.796
    10.950
     9.136
    10.565
     9.626
    13.278
     7.220
    -2.739
    -8.479
   -13.150
    -9.907
     0.118
     2.550
    -3.331
    -6.265
    -5.732
    -0.156
    -2.659
    -2.181
    -7.352
   -15.008
   -22.142
   -27.316
   -32.065
   -30.243
   -28.980
   -22.077
   -17.913
   -14.406
    -9.683
    -8.994
   -11.897
   -17.683
   -19.158
   -17.343
   -11.991
    -4.927
    -1.209
     0.164
     1.238
     3.104
     6.029
     7.885
     7.775
     8.399
    13.046
    18.193
    22.809
    22.500
    19.417
    18.383
    15.944
    14.404
    17.007
    12.954
    11.284
     9.078
     7.702
     4.616
     2.985
    -0.572
     1.844
     3.077
     1.271
    -0.042
     0.950
     1.151
    -1.000
    -0.107
    -0.022
    -0.691
     3.317
     3.235
     1.034
     2.731
     0.735
    -1.912
    -2.367
    -4.817
    -4.618
    -4.657
    -1.949
     1.094
     1.364
     0.416
    -1.270
    -1.555
    -3.873
    -4.019
    -3.863
    -5.622
    -8.290
    -7.789
    -2.925
    -5.835
   -11.544
   -12.027
   -12.412
    -7.037
    -7.110
    -6.657
    -8.273
    -7.715
     1.549
    10.975
     3.700
    -2.813
    -7.167
    -7.369
    -2.995
    -2.671
    -8.559
   -15.287
   -13.935
   -14.865
   -17.254
   -19.208
   -18.576
   -17.972
   -16.261
   -12.688
   -11.401
   -10.124
   -10.960
    -7.533
    -5.561
    -5.720
    -7.625
    -6.843
    -3.832
    -2.432
    -3.670
    -3.282
    -4.518
    -4.514
    -1.298
    -1.647
    -1.451
    -3.360
     1.457
     7.031
     7.372
     5.290
     4.117
     2.541
     4.347
     5.828
     4.324
     7.587
    11.006
     8.060
     7.015
     5.082
     3.488
     6.153
     9.044
    10.956
    14.656
    15.003
    19.056
    20.847
    20.055
    20.732
    20.214
    22.507
    20.188
    23.049
    25.849
    25.631
    22.005
    17.504
    14.671
    14.285
    12.112
    10.791
    12.374
    13.691
    12.006
    10.694
     8.234
     9.211
     8.263
     5.746
     4.074
     5.401
     7.619
     8.897
     4.649
     2.644
     3.876
     1.657
    -0.886
    -3.639
    -6.900
    -6.222
    -3.760
    -4.968
    -7.383
    -8.890
    -9.469
    -5.424
    -5.176
   -14.502
   -15.171
   -10.825
    -0.815
    -2.829
    -9.979
    -7.152
    -4.598
   -10.088
   -10.200
   -13.866
   -20.251
   -19.950
   -18.383
   -18.799
   -14.949
   -13.399
   -10.159
    -9.349
    -5.891
    -3.382
    -4.048
    -4.781
    -6.365
    -9.819
   -10.148
    -9.819
   -11.187
   -11.118
   -10.961
    -9.764
    -7.089
    -5.080
    -4.980
    -4.809
    -2.797
    -4.897
    -4.784
    -1.730
    -0.600
    -0.736
    -0.974
    -1.096
    -2.197
    -3.529
    -4.700
    -5.899
    -1.002
     2.407
     2.962
    -0.212
     0.821
     4.312
     2.540
     1.509
     2.957
     5.003
     7.693
     6.701
     4.371
     4.458
     4.924
     6.317
     5.193
     5.515
     4.793
     3.940
     2.621
     2.589
     2.031
     1.037
     0.027
     0.624
     0.735
     2.592
     2.896
     0.441
     2.594
     4.605
     6.187
     4.001
     1.575
    -1.058
    -0.661
     4.503
     7.458
     0.777
    -6.505
    -8.112
    -5.797
    -4.475
    -5.755
    -6.569
    -7.110
    -6.404
    -6.211
    -5.883
    -6.009
    -4.104
    -4.445
    -1.681
    -0.343
     2.342
     0.111
    -1.489
    -0.053
    -0.138
     1.446
     0.802
     0.134
     1.676
     2.787
     2.089
     3.199
     3.275
     5.044
     5.317
     4.860
     6.520
     8.298
     8.234
     8.419
     7.182
     7.118
     8.904
     8.775
     8.865
     7.608
     8.779
    10.218
     9.483
    10.628
    10.403
    11.740
    12.588
    14.741
    14.746
    14.963
    14.108
    12.893
    12.177
    11.717
    10.658
    11.279
    11.187
     9.620
     7.916
     6.008
     6.328
     6.138
     6.384
     4.413
     2.369
     3.025
     1.575
     1.409
     0.705
    -1.437
    -3.456
    -2.965
    -4.349
    -5.162
    -6.091
    -6.940
    -7.299
    -7.496
    -7.952
    -9.136
   -12.217
   -11.292
   -13.022
   -13.572
   -13.997
   -16.245
   -15.750
   -16.829
   -16.654
   -17.423
   -16.219
   -17.059
   -15.811
   -15.800
   -15.994
   -16.809
   -15.424
   -14.200
   -13.949
   -13.648
   -13.185
   -10.516
    -9.908
    -8.992
   -10.042
   -10.387
    -8.762
    -8.128
    -7.499
    -6.745
    -5.326
    -6.976
    -6.643
    -5.350
    -5.543
    -6.015
    -4.776
    -3.950
    -3.728
    -1.955
    -0.700
     0.599
     1.936
     1.681
     2.860
     2.394
     2.983
     6.469
     7.238
     8.131
     7.785
     8.527
     8.461
     7.690
     6.284
     7.289
     8.589
     7.159
     6.230
     6.503
     7.281
     6.184
     5.552
     5.798
     4.525
     6.698
     6.521
     6.488
     6.210
     7.504
     7.765
     7.300
     6.896
     8.121
     9.449
    10.228
    10.323
    10.748
    10.692
    11.791
    12.211
    11.561
    12.896
    12.259
     9.342
     9.310
     9.173
     7.954
     7.463
     6.877
     6.280
     5.778
     5.637
     5.276
     6.030
     6.302
     6.920
     7.822
     5.770
     5.392
     5.986
     4.968
     3.726
     2.897
     1.752
     0.170
    -0.527
    -1.685
    -4.178
    -4.629
    -5.694
    -6.833
    -7.592
    -8.272
    -8.931
    -7.842
    -8.381
    -7.724
    -8.229
    -8.460
    -9.142
    -8.161
    -9.717
    -9.993
    -9.071
    -9.375
   -10.265
    -9.477
   -10.008
   -10.386
   -11.652
   -12.022
   -11.386
   -11.890
   -10.567
    -9.554
    -8.877
    -8.079
    -8.884
    -7.246
    -6.931
    -7.911
    -7.230
    -5.455
    -4.286
    -2.422
    -1.293
    -1.375
     0.878
     2.072
     4.376
     5.616
     4.518
     5.495
     4.415
     5.314
     3.569
     2.759
     0.876
     0.018
     0.909
    -0.389
     0.371
    -1.072
    -2.580
    -1.257
    -0.831
     1.235
     1.359
     2.054
     1.289
     2.170
     2.830
     3.399
     3.324
     4.369
     3.934
     5.262
     5.001
     5.264
     5.081
     4.011
     4.627
     3.410
     5.146
     4.530
     4.632
     5.589
     5.995
     6.009
     4.907
     5.244
     5.180
     5.717
     6.452
     6.259
     6.821
     6.625
     7.141
     5.801
     6.725
     6.801
     6.145
     4.789
     3.707
     2.428
     2.030
     1.278
     0.436
     0.796
    -0.094
    -1.029
    -2.735
    -4.046
    -4.462
    -3.716
    -3.909
    -6.705
    -6.557
    -7.290
    -6.575
    -5.933
    -6.343
    -5.183
    -4.903
    -4.079
    -4.152
    -4.407
    -3.913
    -4.271
    -5.057
    -5.511
    -7.483
    -8.340
    -7.140
    -6.055
    -4.110
    -3.425
    -0.410
     0.900
     0.284
    -0.550
    -0.336
    -3.332
    -4.705
    -4.060
    -3.588
    -2.313
    -0.355
     1.173
     0.200
    -0.826
    -0.650
    -0.656
    -4.107
    -5.401
    -4.355
    -4.448
    -3.930
    -3.501
    -3.187
    -2.672
    -0.466
    -1.500
    -3.280
    -3.087
    -1.579
    -0.893
    -1.293
    -1.476
     0.314
     1.336
     3.007
     3.428
     2.388
     2.434
     1.459
     0.756
     2.057
     1.271
     3.695
     4.038
     5.002
     5.604
     5.000
     7.057
     7.788
     9.121
     8.446
     9.021
    11.088
    11.862
    12.380
    11.647
    11.819
    11.673
    10.583
     9.649
     9.369
     6.962
     4.537
     4.221
     2.703
     2.181
     0.226
    -1.812
    -1.860
    -3.928
    -4.569
    -2.404
    -0.743
    -0.251
     1.064
     0.051
     1.110
     1.323
     2.242
     1.744
     2.445
     1.580
     2.896
     1.556
     1.061
     0.319
     0.141
     0.099
    -0.637
    -2.778
    -3.390
    -3.469
    -4.398
    -3.786
    -3.386
    -3.814
    -3.838
    -4.392
    -1.678
    -2.970
    -4.136
    -4.574
    -6.564
    -6.571
    -8.507
   -10.786
    -8.160
    -5.723
    -8.563
   -10.147
   -10.309
   -10.053
    -7.142
    -6.933
    -5.995
    -6.379
    -6.381
    -6.113
    -3.307
    -3.352
    -0.722
    -1.352
     0.026
    -0.944
    -1.536
     1.878
     3.328
     3.594
     3.014
     2.413
     2.392
    -1.325
    -4.219
    -4.427
    -2.764
    -0.593
     1.271
     2.122
     1.671
     0.124
     0.594
     0.539
    -0.063
    -0.571
    -1.744
    -1.201
    -1.196
    -0.953
    -1.384
     0.134
    -0.442
    -0.731
     0.583
    -0.266
    -0.621
    -0.817
    -0.169
     0.076
    -0.142
     0.502
     1.303
     4.041
     3.155
     0.164
     1.336
     0.091
     3.325
     3.908
     4.453
     5.274
     5.361
     4.573
     3.992
     4.567
     4.479
     4.375
     2.589
     3.126
     2.203
     1.843
     2.726
     2.055
     2.695
     4.720
     5.001
     4.717
     4.739
     4.210
     5.112
     5.396
     5.479
     5.058
     5.746
     6.112
     5.780
     5.553
     4.900
     3.626
     3.259
     2.432
     3.666
     2.895
     2.945
     2.812
     2.468
     3.486
     2.771
     2.154
     1.463
     0.659
    -0.915
     0.356
    -0.651
    -1.303
    -3.272
    -3.404
    -3.148
    -3.449
    -2.740
    -4.227
    -5.641
    -4.452
    -3.955
    -3.854
    -5.075
    -4.388
    -4.758
    -4.174
    -4.001
    -3.948
    -3.816
    -4.860
    -4.992
    -4.492
    -4.788
    -4.528
    -6.899
    -6.172
    -6.218
    -5.643
    -3.963
    -2.572
    -2.016
    -2.892
    -3.586
    -3.717
    -2.668
    -1.620
    -1.899
    -0.699
     0.453
     0.706
     2.317
    -0.151
    -1.061
     0.109
     1.340
     1.581
     1.226
    -1.045
    -2.087
    -2.161
    -1.698
     1.542
     1.782
     0.354
    -0.250
    -0.138
     0.520
     0.433
     0.885
     0.685
    -0.085
     0.559
    -0.138
    -0.839
    -0.692
    -0.553
    -0.799
    -0.976
    -0.050
    -1.267
    -1.380
    -0.520
     1.547
     0.811
    -0.396
    -0.010
    -0.186
     0.279
     0.228
     1.200
     0.597
     1.438
     0.994
     1.188
     1.287
     2.234
     3.491
     2.433
     2.166
     3.065
     3.190
     3.341
     3.403
     2.394
     2.602
     2.526
     1.590
     1.497
     1.594
     1.542
     1.601
     1.639
     1.865
     0.884
     1.482
     2.068
     3.567
     3.806
     3.319
     2.659
     2.872
     1.907
     0.600
     0.495
    -0.048
     1.052
     0.057
     0.248
     0.104
     0.182
     1.002
     0.810
     0.303
    -0.009
    -0.302
    -1.102
    -0.035
    -0.589
     0.060
    -0.748
    -0.884
    -0.694
    -0.667
    -1.409
    -1.344
    -0.906
    -2.329
    -2.054
    -1.597
    -2.034
    -1.249
    -2.530
    -1.573
    -2.064
    -1.298
    -1.156
    -1.376
    -1.482
    -1.178
    -1.008
    -1.991
    -1.663
    -1.428
    -1.250
    -1.694
    -0.517
    -0.975
    -0.067
     0.276
    -0.555
     0.255
    -0.039
    -0.683
    -0.798
    -1.162
    -0.862
    -1.603
    -2.658
    -1.328
    -0.932
    -1.663
    -2.230
    -1.246
    -2.027
    -1.151
    -1.162
    -1.229
    -1.444
    -0.989
    -1.590
    -1.572
    -1.891
    -2.609
    -1.108
    -2.139
    -1.699
    -2.392
    -2.571
    -1.741
    -0.421
    -0.555
    -0.022
     1.422
     0.259
     1.571
     2.028
     2.624
     3.499
     5.718
     6.119
     6.687
     6.532
     6.571
     6.274
     6.086
     5.443
     4.243
     3.691
     2.597
     1.959
     1.762
     1.226
     1.609
     1.745
     1.573
     1.932
     1.642
     2.736
     1.226
     1.789
     1.790
     1.603
     2.362
     1.168
     1.671
     1.563
     0.661
    -0.622
     0.243
    -0.070
    -0.610
    -0.931
    -0.735
    -1.718
    -1.886
    -2.949
    -3.020
    -2.966
    -2.960
    -2.974
    -1.926
    -2.281
    -1.949
    -2.432
    -2.374
    -2.787
    -2.912
    -1.973
    -3.110
    -2.549
    -3.346
    -2.369
    -2.364
    -2.711
    -3.072
    -2.235
    -2.812
    -2.728
    -3.011
    -2.842
    -2.661
    -2.126
    -2.487
    -1.926
    -1.421
    -1.791
    -1.286
    -0.695
    -0.150
    -0.373
    -0.660
    -0.523
    -0.180
    -0.008
     0.154
     0.624
    -0.656
     0.073
    -0.395
     0.179
     0.711
     0.043
    -0.339
     0.644
     0.286
     1.073
     0.211
     0.617
     0.745
    -0.921
    -1.764
    -0.526
    -0.514
    -0.725
    -1.164
     0.316
     0.165
     0.054
    -0.166
    -0.699
    -0.030
    -0.052
     1.490
     1.341
     2.051
     1.615
     3.490
     4.675
     5.075
     4.140
     4.477
     4.911
     4.175
     4.297
     2.902
     2.478
     2.066
     2.036
     0.907
     1.492
     1.586
     1.136
     1.205
     1.888
     1.575
     0.950
     1.169
     1.328
     1.251
     1.868
     2.850
     1.763
     0.871
     0.841
     0.764
     0.365
     0.231
     0.140
     0.132
    -0.569
    -0.450
    -0.646
    -1.391
    -2.541
    -1.113
    -1.457
    -1.665
    -1.454
    -0.814
    -1.078
    -1.764
    -0.558
    -0.761
     0.456
     0.772
     1.127
     0.185
    -0.328
    -0.657
    -0.378
    -0.794
    -1.375
    -0.002
    -0.865
    -0.500
     0.132
    -0.915
    -0.682
    -1.133
    -0.313
    -1.301
    -0.726
    -1.123
    -1.126
    -1.427
    -0.466
    -0.497
    -0.496
    -0.426
    -0.811
    -0.823
    -1.267
    -0.482
    -1.157
    -1.079
    -0.618
    -0.200
     0.209
    -0.716
    -1.771
    -1.860
    -1.327
    -2.125
    -2.164
    -2.167
    -1.938
    -1.564
    -2.091
    -2.394
    -2.434
    -2.446
    -2.405
    -1.546
    -1.191
    -1.182
    -1.354
    -2.104
    -0.860
     0.642
     0.027
    -0.458
     0.330
     0.593
     0.487
     0.347
    -0.472
    -1.691
    -1.620
    -1.240
    -2.258
    -1.459
    -0.298
    -0.731
    -1.038
    -0.608
    -0.123
     0.287
     1.172
     1.833
     2.038
     2.200
     1.370
     1.400
     2.924
     2.001
     2.711
     2.893
     3.053
     3.420
     3.056
     2.797
     3.080
     4.049
     4.019
     4.195
     4.448
     5.300
     4.234
     4.682
     4.733
     3.794
     4.168
     3.172
     2.408
     1.477
     0.928
     1.215
     0.707
    -0.549
    -0.863
    -1.512
    -1.775
    -2.325
    -2.210
    -2.714
    -1.636
    -0.979
    -0.734
    -0.232
    -0.291
    -0.434
     0.126
     0.029
     0.410
    -0.068
    -0.163
    -0.721
    -0.522
    -0.345
    -0.655
    -0.609
    -1.000
    -1.199
    -0.835
    -1.826
    -2.153
    -2.915
    -2.919
    -3.817
    -3.199
    -3.675
    -4.087
    -3.243
    -3.419
    -4.035
    -3.122
    -2.856
    -2.447
    -2.034
    -2.480
    -2.019
    -1.543
    -1.619
    -1.576
    -0.807
    -0.604
     0.079
     0.473
    -0.633
    -0.399
    -0.347
    -0.072
    -0.495
    -0.177
    -0.705
     0.446
     0.487
     0.034
     0.390
    -0.075
     0.147
     0.473
     0.358
     0.808
     1.152
     0.942
     1.319
     0.858
     1.619
     1.546
     1.176
     1.168
     2.481
     2.139
     1.985
     1.724
     2.099
     1.466
     0.443
     0.786
     0.400
     0.892
     0.440
     1.023
     0.757
     0.693
     0.356
     0.591
     0.302
     0.654
     0.417
     0.865
     1.107
     1.780
     1.961
     1.957
     1.810
     0.636
     0.920
     1.110
     1.080
     0.839
     1.422
     1.561
     1.157
     0.956
    -0.567
     0.606
     0.895
     1.144
     0.962
     0.646
     0.691
     1.883
     1.832
     1.135
     1.192
     0.785
     0.990
     0.684
     0.678
     0.965
     0.631
    -0.698
    -0.761
     0.995
     0.687
    -0.083
     0.240
     0.374
    -0.284
    -0.715
     0.575
     0.956
     1.918
     1.015
     0.657
     1.125
     0.844
    -0.294
    -0.713
    -0.492
    -1.452
    -3.323
    -3.837
    -5.859
    -4.074
    -4.708
    -4.504
    -2.752
    -0.795
     0.580
    -0.194
    -0.292
     0.378
    -0.348
     0.371
    -0.227
     0.886
     1.145
     1.133
     0.806
    -0.676
    -1.381
    -2.408
    -2.023
    -0.854
    -1.278
    -2.586
    -1.044
    -1.107
     0.069
     1.043
    -0.226
    -1.978
    -2.507
    -3.114
    -3.262
    -2.817
    -1.847
    -2.569
    -4.156
    -5.494
    -5.052
    -4.601
    -4.695
    -3.286
    -2.619
    -4.237
    -4.827
    -3.573
    -4.514
    -3.906
    -2.632
    -3.797
    -6.887
    -7.679
    -6.416
    -7.773
    -6.233
    -4.667
    -1.966
    -1.164
     5.281
     5.483
     2.572
     2.937
     5.935
     9.941
    11.744
    10.340
    10.310
     8.935
     9.167
     7.956
     6.094
     3.780
    -0.961
    -0.875
    -0.689
    -1.966
    -2.108
    -3.502
    -2.731
    -2.095
    -0.403
     0.703
     4.943
     8.597
     8.507
     8.179
     7.265
     5.916
     5.994
     6.977
     3.043
     1.145
    -4.311
    -5.518
    -6.583
    -6.675
    -3.706
    -0.320
     1.152
     1.981
     1.871
     2.311
     4.522
     5.361
     6.500
     6.251
     7.475
     8.212
     8.742
     9.162
    11.356
    14.351
    15.680
    15.845
    15.923
    16.503
    15.316
    16.738
    16.365
    13.293
     3.884
     0.161
     2.541
     7.865
     4.314
    -5.146
    -2.271
     1.919
     1.307
    -2.504
    -6.849
   -10.597
   -11.598
   -16.614
   -21.793
   -23.536
   -20.440
   -18.167
   -16.618
   -15.962
   -18.033
   -16.680
   -13.995
   -13.089
   -14.342
   -14.070
   -11.377
    -9.009
    -7.887
    -7.969
    -8.040
    -7.965
    -9.320
    -9.719
   -10.565
   -11.200
    -9.746
    -8.254
    -6.827
    -7.109
    -6.851
    -5.283
    -3.325
    -1.430
     0.924
     3.170
     2.782
     1.358
     1.960
     2.774
     3.544
     3.913
     4.217
     4.769
     4.710
     4.432
     4.354
     3.777
     3.572
     2.606
     1.893
     1.129
     0.142
    -0.021
    -0.102
     0.199
     1.055
     1.611
     1.832
     2.362
     2.308
     2.448
     2.876
     3.287
     3.568
     3.847
     3.961
     4.132
     4.262
     4.491
     4.887
     5.292
     5.545
     5.373
     5.015
     5.202
     5.318
     5.396
     5.284
     5.293
     5.372
     5.357
     5.365
     5.374
     5.381
     5.397
     5.392
     5.387
     5.376
     5.376
     5.353
     5.337
     5.298
