     4.837
     5.121
     5.437
     5.702
     6.003
     6.245
     6.532
     6.768
     7.031
     7.247
     7.493
     7.643
     7.849
     8.000
     8.187
     8.245
     8.303
     8.299
     8.407
     8.380
     8.378
     8.318
     8.265
     8.271
     8.309
     8.073
     8.059
     7.950
     7.670
     7.587
     7.513
     7.186
     6.884
     6.291
     6.095
     5.507
     4.991
     4.888
     4.572
     4.053
     3.724
     3.104
     2.615
     2.030
     1.319
     0.450
     0.357
    -0.109
    -0.924
    -1.978
    -2.469
    -3.003
    -3.406
    -4.321
    -5.283
    -6.442
    -7.031
    -7.469
    -7.862
    -7.967
    -8.296
    -8.545
    -8.485
    -7.247
    -7.751
    -7.783
    -6.668
    -4.789
    -3.476
    -2.790
    -1.482
    -0.575
    -0.799
    -0.043
    -0.412
    -0.871
     0.203
     0.167
     0.978
     0.533
     0.894
     0.817
     0.871
     1.930
     4.333
     5.308
     4.925
     3.094
     1.086
    -0.783
    -1.842
    -4.001
    -4.451
    -7.078
    -7.749
   -10.007
   -11.273
   -11.394
    -9.842
    -7.380
    -6.624
    -4.908
    -3.899
    -2.781
    -3.101
    -4.192
    -4.539
    -3.783
    -2.766
    -2.481
    -1.477
    -3.674
    -4.617
    -5.050
    -4.187
    -4.111
    -4.681
    -5.617
    -5.687
    -5.254
    -3.072
    -3.703
    -4.760
    -4.145
    -5.538
    -4.655
    -3.390
    -2.416
    -0.702
    -0.651
    -0.505
    -0.110
    -1.867
    -1.322
    -1.979
    -0.684
    -0.117
     1.608
     1.136
     1.567
     2.028
     1.848
     2.403
     2.812
     4.448
     2.288
     2.297
     2.115
     0.102
     0.813
     0.197
     1.825
     2.700
     2.629
     2.536
     4.167
     2.942
     4.211
     7.834
     6.961
     4.643
     4.264
     8.222
     8.499
     8.119
     9.094
     9.346
     8.086
     8.761
     8.542
     6.553
     6.358
     5.020
     6.554
     3.824
     2.266
     3.434
     2.874
     2.574
     2.422
     3.097
     2.420
    -0.316
    -0.188
     0.713
     2.338
     1.471
     1.613
     3.832
     4.247
     1.931
     0.033
    -1.961
    -3.825
    -4.585
    -2.491
     0.039
     3.036
     6.263
     5.985
     6.986
     5.104
     4.620
     0.680
    -1.596
    -0.667
     3.887
     7.122
     8.088
     7.274
     8.314
     9.895
    11.906
     9.160
     9.623
    13.602
    12.310
    10.857
    12.007
    10.681
    11.061
    12.404
     8.579
     4.647
     3.049
     3.245
    -1.273
    -0.283
    -4.016
    -4.789
    -6.531
    -5.689
    -7.259
    -6.375
    -5.208
    -5.817
    -6.182
    -7.410
   -12.176
   -12.219
   -15.094
   -14.325
   -16.541
   -16.761
   -16.747
   -19.068
   -17.368
   -18.135
   -17.096
   -20.249
   -15.303
   -12.761
   -10.985
   -11.015
   -16.499
   -20.897
   -20.633
   -15.785
   -15.595
   -16.209
   -17.484
   -13.677
   -14.710
   -14.054
   -12.121
   -10.182
   -10.277
    -6.943
    -6.832
    -5.617
    -4.147
    -4.102
    -3.714
    -4.268
    -2.567
     0.464
    -0.774
    -0.439
    -1.249
     0.360
     1.270
     2.378
     3.375
     3.408
     4.076
     5.147
     4.979
     6.976
     7.719
     7.902
     7.346
     8.086
     8.636
     7.976
     8.337
     8.278
     8.172
     7.983
     9.250
     8.903
     9.494
    11.682
    12.733
    12.661
    14.148
    14.305
    14.299
    13.616
    13.332
    11.817
    10.937
     9.011
    10.849
     6.684
     6.260
     9.821
     8.105
     6.793
     7.122
     8.266
     8.236
     8.338
     6.657
     5.258
     5.254
     6.343
     8.021
     9.645
     8.307
     7.198
     6.751
     5.900
     5.690
     4.474
     3.259
     3.226
     5.266
     5.947
     5.517
     4.742
     3.366
     4.133
     3.542
     4.089
     5.644
     6.337
     8.263
     4.889
     2.065
     1.400
     3.496
     5.297
     3.104
     2.165
     0.855
    -0.920
     2.120
     1.213
    -2.051
    -3.225
    -4.056
    -4.445
    -4.578
    -6.603
    -1.233
    -3.187
    -4.009
    -8.153
    -9.703
    -9.488
    -9.112
    -9.358
    -9.875
    -9.252
    -9.039
   -10.401
   -11.726
   -12.836
   -13.448
   -13.632
   -14.579
   -13.554
   -13.173
   -12.416
   -11.386
   -12.736
   -12.805
   -13.984
   -13.738
   -12.807
   -11.321
   -10.198
    -9.704
    -8.693
    -8.780
    -7.843
    -7.410
    -7.392
    -6.060
    -6.694
    -5.012
    -5.017
    -4.797
    -5.601
    -6.044
    -5.952
    -3.887
    -2.325
    -1.461
    -1.660
    -2.625
    -3.185
    -2.057
    -0.276
     1.285
    -0.897
     0.087
     0.891
    -0.458
    -1.964
    -3.493
    -2.769
    -2.245
    -1.971
    -0.130
     2.365
     5.131
     8.769
     9.316
     7.835
     4.757
     2.935
     2.246
     2.180
     3.097
     3.252
     4.851
     4.272
     1.086
    -0.542
    -0.655
    -0.028
    -1.095
    -2.675
    -3.934
    -2.437
     0.696
     3.931
     5.515
     8.076
     9.451
    10.321
     8.667
     3.981
     5.699
    10.607
    14.324
    19.553
    20.739
    21.460
    18.537
    17.240
    23.029
    23.129
    19.902
    18.865
    19.946
    17.040
    13.973
    14.595
    13.818
    12.377
    10.168
    10.078
    10.979
    11.440
     9.417
     7.864
     6.752
     4.306
     2.564
     1.775
    -0.695
    -1.840
    -2.632
    -1.598
    -5.182
    -6.458
    -8.759
   -10.245
   -10.015
   -11.012
   -11.506
    -9.919
    -8.246
    -6.514
    -7.688
    -8.324
    -9.727
    -9.120
    -8.623
    -8.787
    -8.212
    -7.348
    -8.083
    -8.489
   -10.067
    -9.731
    -9.179
    -9.855
   -10.770
    -9.862
   -13.357
   -14.837
   -10.089
    -7.416
    -5.947
    -5.755
    -7.585
    -6.427
    -5.861
    -6.173
    -6.674
    -6.878
    -8.228
    -6.876
    -5.237
    -4.515
    -5.609
    -7.055
    -7.941
    -6.578
    -4.804
    -3.605
    -1.397
    -2.824
    -3.472
    -4.985
    -6.912
    -6.629
    -4.392
    -2.532
    -2.209
    -2.336
    -1.360
    -0.312
    -1.360
    -0.523
    -0.380
     1.037
     1.418
     2.351
     4.998
     6.075
     7.518
     5.373
     2.760
     4.319
     3.350
     5.284
     6.078
     9.458
     8.091
     6.950
     7.766
     8.965
     9.797
    10.127
     9.972
    10.140
    10.370
     8.008
     7.419
     7.760
     7.212
     7.285
     5.378
     6.659
     6.179
     5.945
     6.331
     6.247
     7.834
     7.462
     7.213
     5.042
     3.133
     1.302
    -1.383
    -1.447
    -2.910
    -3.558
    -3.849
    -4.365
    -3.306
    -3.806
    -3.776
    -2.986
    -2.003
    -0.489
     0.579
     0.547
     1.180
     0.557
     1.505
     0.374
     1.374
     2.398
     2.337
     1.276
     2.197
     1.269
     2.137
     2.191
     0.254
     0.755
    -0.756
    -1.607
    -2.217
    -1.529
    -1.856
    -3.829
    -4.171
    -4.716
    -4.421
    -4.841
    -5.483
    -5.585
    -7.298
    -5.729
    -7.786
    -6.738
    -8.117
    -6.971
    -8.101
    -7.644
    -7.244
    -6.718
    -4.380
    -6.187
    -5.886
    -5.220
    -5.765
    -6.202
    -5.493
    -3.669
    -2.210
    -3.117
    -2.091
    -2.688
    -1.925
    -0.614
    -0.959
    -0.852
    -0.284
    -0.197
     0.647
     0.703
     0.579
     1.735
     0.324
     2.438
     1.527
     2.604
     0.904
     0.139
    -0.574
     0.130
     1.475
     2.245
     2.333
     2.696
     1.734
     3.369
     5.951
     3.965
     5.026
     6.235
     7.764
     7.057
     7.590
     6.771
     7.004
     5.824
     7.552
     7.918
     6.798
     6.784
     8.000
     7.659
     6.937
     6.802
     5.074
     3.502
     2.389
     1.925
     2.932
     3.776
     2.370
     1.631
     2.167
     4.846
     4.300
     5.197
     5.954
     7.638
     6.391
     5.850
     4.430
     6.141
     7.946
     6.647
     5.268
     6.096
     5.434
     5.279
     3.690
     2.625
     2.530
     2.542
     1.300
     1.630
     0.307
    -1.428
    -2.547
    -3.080
    -5.103
    -6.855
    -8.393
    -9.027
    -9.256
    -8.646
    -8.334
   -10.398
   -11.095
   -12.406
   -12.432
   -12.864
   -12.042
   -12.069
   -12.621
   -13.006
   -12.860
   -13.199
   -13.620
   -12.419
   -12.413
   -11.750
    -8.800
    -8.179
    -6.634
    -4.717
    -4.684
    -5.175
    -5.284
    -5.306
    -4.253
    -1.806
    -3.045
    -3.442
    -4.150
    -3.757
    -5.352
    -7.856
    -9.255
    -6.874
    -5.449
    -5.530
    -5.093
    -3.288
    -3.656
    -3.549
    -1.939
    -0.444
     1.035
     3.002
     4.417
     3.984
     3.889
     4.846
     6.327
     5.688
     7.662
     7.352
     8.040
     8.719
     8.508
     8.644
     6.257
     6.260
     8.263
     9.349
    10.636
    10.863
    10.616
     9.948
     9.641
     8.189
     7.587
     6.290
     6.169
     6.189
     5.179
     6.083
     7.449
     5.930
     3.265
     0.744
    -0.428
    -0.310
     0.245
    -1.642
    -3.153
    -1.000
     1.015
     3.374
     4.961
     4.107
     3.413
     3.855
     3.435
     3.574
     2.548
     2.764
     3.977
     3.622
     3.654
     3.358
     4.069
     4.185
     3.610
     4.253
     3.192
     3.296
     3.386
     2.135
    -1.060
    -0.737
     0.115
     0.345
     0.217
     0.831
    -1.724
    -0.532
     0.053
     0.195
     0.221
     0.746
     2.315
     3.049
     4.530
     1.672
     0.889
     0.892
    -0.807
    -0.311
    -0.328
    -0.809
    -0.858
     0.911
     0.471
     1.716
     2.186
     2.043
     3.448
     2.284
     2.670
     4.721
     4.557
     0.877
     1.621
     1.153
    -0.800
    -2.370
    -1.608
    -1.896
    -1.536
    -1.304
    -3.056
    -3.528
    -3.657
    -5.215
    -6.582
    -6.372
    -6.452
    -8.166
    -8.356
    -7.923
    -7.556
    -6.999
    -7.296
    -6.670
    -5.833
    -8.407
    -8.078
    -8.005
    -8.748
    -7.603
    -8.703
   -10.098
   -11.653
   -12.151
   -12.716
   -11.458
   -11.982
   -11.166
   -11.675
   -10.738
    -9.689
   -11.184
   -10.917
   -12.484
   -12.343
    -8.540
    -6.335
    -4.505
    -5.577
    -5.329
    -6.538
    -6.866
    -4.581
    -3.059
    -4.328
    -6.681
    -5.907
    -8.380
    -7.753
    -9.794
    -8.832
    -8.144
    -7.270
    -7.447
    -5.999
    -3.800
    -1.709
     0.187
     4.195
     3.902
     7.150
     7.716
     9.779
     9.478
     8.656
    10.700
    11.359
    13.283
    15.563
    17.602
    19.389
    20.167
    20.160
    19.933
    19.058
    18.248
    18.615
    18.615
    16.528
    16.416
    14.906
    14.754
    16.171
    19.041
    18.394
    16.259
    13.946
    15.212
    16.382
    19.151
    17.183
    17.918
    16.663
    16.084
    14.266
    10.894
     9.374
     6.376
     4.465
     2.475
     1.857
     2.153
     2.686
     0.340
    -0.044
    -0.278
    -1.653
    -3.591
    -3.535
    -3.823
    -6.645
    -5.511
    -2.294
    -1.165
    -0.025
    -0.944
    -1.840
    -3.749
    -5.908
    -5.481
    -5.961
    -4.688
    -3.191
    -2.131
    -1.781
    -2.682
    -3.822
    -2.534
    -2.295
    -1.994
    -3.934
    -4.311
    -6.890
    -7.786
    -8.521
    -9.934
   -11.661
   -10.299
    -8.855
    -7.443
    -8.030
    -7.667
    -6.847
    -7.234
    -7.090
    -6.733
    -6.429
    -6.262
    -8.123
    -8.689
   -12.117
   -16.784
   -17.230
   -15.164
   -13.206
   -10.949
    -9.350
    -9.085
    -9.271
    -8.545
   -10.060
   -12.300
   -12.678
   -15.123
   -17.480
   -19.446
   -19.369
   -18.152
   -16.779
   -16.160
   -14.798
   -14.755
   -13.093
   -10.923
   -11.710
   -13.072
   -16.127
   -15.058
   -16.641
   -17.615
   -19.383
   -20.848
   -25.154
   -25.899
   -24.328
   -20.449
   -21.406
   -23.109
   -22.401
   -20.854
   -18.072
    -8.776
    56.216
    85.790
    60.434
    49.586
    47.694
    44.143
    45.708
    41.121
    45.633
    47.685
    46.207
    40.054
    39.830
    32.380
    29.365
    29.583
    27.995
    32.319
    28.434
    23.851
    12.070
     4.324
     7.953
    10.288
    19.940
    14.676
    11.353
     6.444
     5.719
     6.672
     2.372
    -2.691
    -8.556
   -11.105
    -7.077
   -10.491
   -17.190
   -20.749
   -24.934
   -24.605
   -25.795
   -18.402
   -14.072
   -11.947
    -8.371
    -6.660
   -10.693
   -11.116
    -7.096
    -1.440
    -3.322
    -6.546
   -11.288
   -11.056
    -8.420
    -3.314
     2.330
     4.337
     7.836
     7.050
     2.773
    -1.585
     0.774
     2.360
     0.332
     0.270
     3.799
    11.055
     9.083
     3.465
     2.979
     0.222
    -2.444
    -3.313
    -1.455
     0.268
    -1.815
    -9.507
    -4.858
    -0.530
     0.464
     0.329
     2.848
     3.264
     1.043
     1.315
     4.015
    -0.137
    -3.990
    -1.131
    -1.523
    -3.109
    -0.989
    -1.467
    -2.278
    -4.160
    -7.671
   -11.202
   -16.075
   -14.617
    -6.346
    -2.498
    -4.206
    -5.272
    -6.869
   -11.804
   -17.492
   -19.140
   -22.468
   -23.210
   -25.365
   -25.951
   -27.781
   -25.955
   -24.021
   -25.763
   -26.139
   -23.876
   -21.842
   -21.149
   -17.154
   -16.999
    -8.904
     1.966
     2.930
    -0.984
     3.806
    17.546
    14.678
    18.207
    30.585
    28.238
    27.319
    34.107
    47.407
    52.268
    28.726
    19.724
    19.982
    23.729
    22.100
    12.150
    11.691
    12.517
    10.162
     8.415
     8.070
     9.162
     7.745
     5.829
     1.427
     1.927
     7.925
     8.829
     4.209
     4.604
    10.461
     2.225
    -1.646
    -2.515
    -0.977
     0.481
     0.908
     0.510
     0.281
     6.938
     9.260
    20.509
    23.152
    -1.832
   -18.261
   -10.424
    -1.525
    -2.837
    -7.267
    -9.473
    -5.045
    -3.580
    -3.411
    -3.665
    -0.668
   -17.898
   -24.552
   -13.682
   -11.086
   -14.796
   -11.097
    -7.600
    -9.811
    -8.547
    -8.417
    -8.236
   -12.076
    -8.837
    -4.713
    -6.340
    -5.021
     0.049
    -0.428
     4.676
     3.358
     3.934
     4.485
     5.333
     3.006
     0.210
    -0.900
     6.301
     5.169
     0.814
     2.115
     0.491
    -0.791
    -2.525
    -2.117
    -1.376
    -2.660
    -5.070
    -3.957
    -7.337
    -5.659
    -9.463
    -7.904
    -6.832
    -2.505
    -3.850
    -4.912
    -6.183
    -5.498
    -4.199
     0.065
    -1.030
     0.043
     0.452
     2.915
     3.149
     5.258
     7.158
     2.915
     2.047
     2.807
     6.944
     5.573
     5.476
     4.736
     4.986
     5.990
     8.019
     7.227
     4.193
     4.116
     3.898
     5.176
     5.453
     3.963
     9.725
     9.708
    15.239
    13.909
     8.696
     7.189
     8.319
     7.228
     5.070
     2.044
     6.116
    15.663
    14.277
     2.569
    -2.079
    -4.257
    -0.353
     6.870
     1.148
    -6.739
    -8.890
    -7.195
    -9.203
    -9.752
    -7.309
    -2.525
    -0.857
     1.423
     1.847
     0.672
     1.906
    -0.546
     2.548
     1.713
    -2.090
    -3.323
    -2.415
    -4.389
    -8.285
    -9.304
    -8.785
   -10.421
   -10.398
    -6.452
   -10.817
   -12.574
   -10.296
    -3.850
    -6.254
   -10.015
   -13.794
   -14.944
   -11.623
   -12.280
    -7.672
    -5.366
    -2.464
    -9.499
   -11.102
    -5.813
    -6.861
    -6.840
    -4.168
    -1.588
    -0.010
     2.492
     3.806
     5.563
     7.668
    10.460
    10.304
    10.106
     6.864
     4.309
    10.441
     8.532
     9.376
     3.503
    -2.245
    -2.185
    -3.066
     1.358
     3.042
     4.702
     2.100
    -1.801
     0.218
     4.758
     5.106
     3.229
     2.679
     3.041
    10.223
    12.177
     7.403
     6.222
     5.506
     2.312
    -1.713
    -2.607
    -2.960
    -0.127
     0.665
     0.603
    -2.606
    -3.969
     1.094
     5.938
     4.088
    -1.734
    -3.499
     5.867
     8.698
     9.125
    -2.506
     0.720
     4.266
    -2.924
    -1.516
     0.052
    -4.257
    -4.971
    -1.019
    -1.264
     2.872
     3.595
    -0.415
     3.600
     3.561
     5.487
     4.548
     1.810
    -2.052
    -3.701
    -4.159
    -2.939
    -1.457
    -3.243
    -4.531
    -2.438
     0.271
    -0.165
    -0.652
     1.465
     2.697
    -1.133
    -3.758
    -0.436
     1.767
     0.867
    -3.226
    -0.072
    -2.871
    -3.422
    -3.143
    -4.982
    -1.315
     3.073
     5.698
     1.884
    -0.302
     2.862
    -0.361
    -1.982
     0.662
     1.941
     2.373
     3.150
     1.559
    -1.145
     1.216
     2.037
    -0.208
     0.291
    -1.594
    -1.178
    -0.002
     1.295
     3.642
    -0.290
    -1.602
     2.392
     2.124
     0.552
     2.255
    -2.304
    -2.466
     3.165
     3.079
     3.551
     1.830
    -1.955
    -6.598
    -2.028
     4.039
    -1.081
    -4.384
    -5.840
    -3.007
     0.245
    -0.328
    -0.691
    -2.203
    -2.776
    -1.935
    -1.043
    -1.433
    -1.675
    -1.953
    -3.107
    -1.848
     2.183
    -0.446
    -3.993
    -3.531
    -4.388
    -2.303
    -3.786
    -3.539
    -2.324
    -1.069
     0.219
     0.072
     0.285
     1.465
     3.624
     0.916
     1.311
     1.102
    -0.265
    -0.994
    -1.800
    -0.951
    -0.685
    -0.104
    -0.523
     0.627
    -0.089
     2.413
     3.380
     5.027
     5.089
     4.496
     3.148
     3.292
     2.359
     1.969
     1.383
    -0.518
    -1.459
    -2.518
    -2.282
    -4.003
    -1.822
    -2.233
    -4.002
    -3.890
    -5.400
    -3.039
    -3.459
    -4.709
    -6.821
    -8.127
    -7.747
    -6.628
    -6.601
    -6.959
    -7.043
    -5.468
    -3.905
    -4.417
    -4.055
    -4.466
    -5.144
    -4.237
    -4.639
    -5.404
    -5.911
    -5.282
    -3.430
    -1.016
     0.083
    -1.085
    -0.268
     1.765
     3.054
     4.616
     5.444
     4.527
     6.560
     8.006
     9.384
    11.324
     9.267
    13.259
    12.628
    12.345
     9.903
     8.637
     7.059
     6.522
     3.565
     2.127
     2.595
     1.374
    -0.333
     0.916
     1.362
     3.385
     3.238
     5.149
     6.807
     8.389
     8.826
     8.956
     9.745
    10.487
     9.061
     7.643
     8.111
     6.572
     9.046
     8.398
     8.640
    11.087
    15.607
    18.610
    14.934
    12.411
    14.888
     4.738
    -2.392
    -3.414
    -7.045
   -10.131
    -9.998
   -11.753
   -12.965
   -11.303
   -12.093
   -11.088
   -10.453
   -10.429
    -8.561
    -8.156
    -7.228
    -4.129
    -3.354
    -2.782
    -2.042
     1.195
     3.374
     7.442
     6.533
     4.389
     4.465
     3.574
     4.201
     5.314
     3.204
     0.997
    -0.954
    -2.945
    -2.483
    -1.068
    -2.600
    -3.155
    -5.055
    -7.465
    -8.775
    -8.338
    -8.596
    -8.531
    -7.202
    -8.785
    -6.373
    -5.585
    -4.051
    -2.575
    -5.826
    -6.488
    -9.398
    -9.473
    -9.848
   -11.460
   -13.934
   -15.065
   -18.504
   -20.112
   -19.534
   -19.539
   -19.818
   -17.485
   -16.602
   -15.507
   -16.181
   -16.164
   -15.102
   -15.235
   -13.533
   -12.622
   -12.816
   -11.842
   -12.814
   -12.115
   -12.643
   -11.703
    -8.442
    -6.170
    -4.234
    -1.162
     2.607
     5.541
     6.583
     8.554
     9.725
     9.601
     6.746
     5.745
     5.834
     7.116
    13.104
    20.106
    21.602
    19.760
    20.301
    27.852
    29.987
    29.720
    29.543
    30.942
    30.452
    28.595
    26.913
    22.938
    19.112
    14.151
    11.961
     9.219
     8.100
     8.389
     6.664
     5.163
    11.137
    12.349
    15.136
    15.836
    13.008
     9.479
     8.506
     7.991
     8.522
     8.642
    10.185
    11.289
    14.344
    14.392
    13.313
     9.772
     8.655
     5.808
     3.269
     4.785
     2.439
     3.869
     5.632
     3.865
     2.390
     0.300
    -1.173
    -0.690
    -0.486
    -0.769
    -1.672
    -3.156
    -4.720
    -4.777
    -3.926
    -2.555
    -4.814
    -8.689
   -13.037
   -14.183
   -17.314
   -18.889
   -22.363
   -22.949
   -21.402
   -21.232
   -25.446
   -26.902
   -26.153
   -24.370
   -21.219
   -20.794
   -21.141
   -21.282
   -21.899
   -19.145
   -16.902
   -13.527
   -11.379
   -12.587
   -11.093
   -10.025
   -10.317
   -10.354
   -11.755
   -10.516
   -12.096
   -15.658
   -12.211
    -9.589
    -5.746
    -4.086
    -1.149
     5.464
     4.305
     2.861
     1.305
    -0.522
    -4.490
    -3.982
     0.850
     4.118
     8.509
    14.027
    12.558
    10.576
     9.890
     8.033
     5.392
     9.208
    12.051
    12.710
    13.342
    13.633
    12.118
    13.263
    18.892
    13.957
    11.106
     4.322
     5.457
     8.228
     8.218
     3.115
     4.480
     4.916
     8.530
     9.348
     5.064
    -2.373
    -4.948
    -7.360
   -12.598
   -12.188
    -7.838
    -8.375
    -6.607
    -2.766
    -5.854
    -4.831
    -3.119
    -3.328
    -3.380
    -5.958
    -7.512
    -1.781
    -6.121
    -0.941
    -0.332
     0.653
     4.858
     4.227
     2.540
     2.080
     1.890
     1.071
     1.428
     2.191
     3.551
     8.225
    11.843
     8.605
    11.611
    14.159
    16.220
    17.555
    18.505
    17.450
    13.283
    15.332
    13.712
     7.862
     5.475
     3.615
     2.727
     2.567
    -0.413
     1.746
     1.932
     4.766
     3.389
     2.451
    -0.110
    -0.265
     0.338
    -0.137
     2.977
     5.534
     7.265
     7.962
     4.479
     4.523
     4.055
     0.887
     0.312
    -5.712
    -8.434
   -13.378
   -20.301
    -9.204
    -0.354
    -0.309
     1.833
     1.292
    -3.283
    -5.515
    -6.546
    -8.408
    -8.778
    -6.682
    -0.995
     3.189
     7.575
    13.581
    13.061
     7.283
    -3.416
   -15.041
   -16.917
   -18.088
   -18.498
   -13.626
    -2.635
     2.509
     2.467
     1.573
    -0.360
    -3.400
    -4.336
    -4.717
    -7.061
    -8.313
    -8.487
    -8.636
    -7.203
    -6.604
    -6.981
    -5.977
    -7.300
    -7.670
    -8.436
    -7.583
    -6.645
    -6.210
    -6.416
    -6.292
    -5.391
    -7.450
    -6.410
    -7.690
    -8.142
    -8.236
    -7.092
    -3.654
     4.217
     4.361
     7.948
     7.274
     8.939
     8.748
     6.908
     5.264
     2.407
     1.079
    -0.447
    -1.961
    -1.935
    -2.014
    -2.876
    -2.021
    -1.572
     0.463
     1.473
     0.301
     0.140
     0.380
     1.211
     1.831
     1.781
    -0.035
     0.273
     1.554
     2.315
     2.202
     1.441
     1.617
     1.588
     1.169
     1.875
     3.743
     0.717
    -0.864
    -0.457
     1.929
     2.128
     1.248
     0.689
     1.271
     2.755
     3.134
     2.330
     2.241
     2.972
     4.344
     5.444
     4.969
     2.416
     2.198
     3.465
     4.657
     4.844
     5.294
     5.711
     4.653
     5.703
     5.584
     3.886
     3.535
     2.346
     0.765
     1.640
     1.283
     1.839
     1.654
     1.493
     0.467
     0.262
     1.226
     2.217
     1.888
     3.954
     4.968
     5.073
     7.890
    10.969
    10.758
    10.979
     9.560
     9.654
     8.817
     8.411
     6.365
     8.675
     9.275
     6.844
     6.045
     7.531
     7.039
     6.367
     4.673
     2.146
     0.079
    -4.192
    -6.518
    -7.421
    -7.668
    -8.274
    -8.189
    -7.778
    -8.482
    -6.214
    -7.457
    -7.718
    -9.000
    -9.085
    -8.589
    -8.808
    -7.861
    -9.213
    -8.317
    -7.507
    -6.732
    -6.275
    -4.057
    -3.240
    -3.349
    -2.905
    -2.075
    -3.092
    -3.322
    -4.020
    -3.315
    -3.349
    -4.273
    -3.555
    -3.564
    -3.523
    -2.234
    -2.920
    -2.890
    -2.092
    -1.944
    -3.026
    -3.102
    -3.735
    -3.311
    -4.768
    -4.750
    -4.093
    -3.486
    -5.219
    -4.874
    -3.258
    -2.595
    -1.792
    -1.563
    -1.947
    -2.064
    -2.426
    -2.324
    -2.350
    -2.612
    -1.844
    -2.399
    -1.051
    -1.443
     0.215
    -1.013
     0.083
     0.987
     0.999
     2.055
     3.164
     3.315
     3.423
     3.247
     3.975
     3.930
     3.240
     2.998
     2.985
     3.417
     3.462
     3.772
     4.728
     4.456
     3.417
     4.782
     4.044
     3.965
     3.052
     2.460
     1.578
     1.039
     2.325
     1.313
     0.591
     0.873
     0.648
     0.762
     0.961
     0.390
     1.507
     1.779
     1.931
     1.907
     2.088
     1.723
     1.834
     1.099
     1.824
     0.976
     1.112
     0.335
    -0.278
     0.249
     0.161
     1.156
     0.718
     1.975
     2.108
     3.453
     3.919
     4.314
     4.469
     3.508
     1.910
     2.400
     1.951
     1.775
     1.657
     0.786
     0.193
    -0.373
    -0.609
    -2.764
    -2.564
    -2.202
    -2.563
    -2.725
    -2.413
     0.378
     0.877
     0.812
     0.211
     1.024
     1.202
     1.494
     0.749
     2.293
     2.621
     1.324
    -0.022
     0.440
     0.588
     1.406
     1.672
     1.612
     2.721
     1.986
     3.457
     1.917
     2.342
     1.904
     0.450
     1.012
     1.118
     0.724
     0.591
     0.365
     0.616
     0.324
     0.765
     1.060
     0.552
     0.315
    -0.064
    -0.935
    -1.326
    -1.613
    -1.299
    -1.871
    -2.096
    -1.958
    -1.186
    -1.016
    -2.277
    -2.047
    -1.840
    -1.398
    -1.936
    -1.643
    -0.862
    -2.272
    -1.557
    -1.351
    -2.393
    -1.176
    -0.909
    -2.342
    -0.925
    -2.828
    -1.561
    -2.293
    -1.809
    -2.044
    -2.407
    -2.908
    -2.087
    -1.963
    -2.660
    -1.752
    -1.186
    -1.619
    -1.491
    -1.801
    -2.586
    -1.834
    -1.720
    -2.313
    -2.465
    -1.821
    -2.436
    -2.826
    -3.183
    -2.675
    -3.623
    -4.006
    -2.759
    -3.922
    -4.971
    -4.202
    -4.980
    -4.565
    -5.067
    -5.800
    -5.453
    -4.924
    -5.540
    -5.874
    -5.025
    -5.152
    -6.124
    -5.977
    -5.447
    -5.935
    -6.748
    -6.300
    -5.606
    -4.620
    -2.240
    -2.553
    -1.090
     0.919
     2.709
     4.353
     5.156
     7.951
    10.397
    12.120
    12.081
    11.710
    12.872
    12.739
    10.622
     8.992
     8.819
     7.136
     6.567
     6.327
     5.716
     4.678
     5.160
     5.939
     6.428
     6.268
     6.859
     4.505
     5.686
     5.002
     4.581
     4.543
     4.575
     6.107
     5.106
     3.938
     3.588
     2.676
     3.191
     2.611
     2.968
     1.855
     2.346
     2.472
     1.265
     0.323
    -1.623
    -1.251
    -1.479
    -0.973
    -0.468
    -0.206
     1.529
    -0.414
     0.257
     0.240
     1.400
     2.670
     1.381
    -0.623
    -0.649
     0.600
    -0.288
    -2.770
    -3.634
    -2.872
    -0.940
     0.697
     2.046
    -2.019
    -6.190
    -6.861
    -5.963
    -4.775
    -3.598
    -1.650
    -1.051
    -1.695
    -3.237
    -3.587
    -4.522
    -5.699
    -5.294
    -4.552
    -2.991
    -3.457
    -2.202
    -3.453
    -3.833
    -4.127
    -4.431
    -3.926
    -4.257
    -2.162
    -0.812
    -0.454
    -0.663
    -0.665
    -0.681
    -2.061
    -0.817
    -1.432
    -0.622
    -1.272
    -2.051
    -1.760
    -0.295
    -0.128
     0.747
    -0.511
    -0.755
    -0.383
    -1.542
    -4.106
    -2.859
    -2.869
    -1.000
    -1.655
    -0.939
    -2.149
    -1.507
    -1.646
    -1.374
    -0.987
    -1.011
     0.612
     0.403
     0.599
     0.359
    -0.721
    -0.655
    -0.765
    -0.892
    -0.163
    -0.039
    -1.061
    -0.814
     0.244
     0.331
     0.862
     0.544
    -0.070
     1.122
     1.332
     1.140
     2.020
     2.418
     2.113
     0.353
    -2.517
    -2.023
    -1.905
    -1.111
     1.251
     2.537
     3.108
     4.170
     3.229
     2.527
     3.068
     3.901
     5.445
     1.922
     0.798
     0.852
     0.090
     1.491
     1.573
     0.347
     0.322
     2.143
     2.408
     2.287
     2.364
     2.326
     3.783
     4.335
     2.714
     1.508
     0.557
     1.342
     3.203
     2.726
     2.079
     2.196
     2.065
     1.849
     2.617
     2.058
     0.413
     0.683
     0.399
     1.582
     1.225
     2.464
     1.895
    -0.132
    -0.030
    -0.579
    -1.079
    -0.432
    -0.493
    -0.837
    -1.050
     0.118
     0.002
    -0.349
    -0.031
    -0.253
    -1.071
    -1.113
    -1.527
    -2.937
    -2.333
    -2.927
    -2.166
    -1.025
    -0.510
     1.054
     0.545
     1.094
     0.342
    -0.825
    -0.269
     1.025
     1.816
     1.469
    -0.346
     0.363
     0.293
    -0.356
    -0.524
    -0.052
     0.640
     0.445
     1.552
     0.183
     0.219
    -0.118
    -1.538
    -2.373
    -3.181
    -2.665
    -1.034
    -1.655
    -1.215
    -0.985
    -2.165
    -1.562
    -0.827
    -1.486
    -1.744
    -1.294
    -1.798
    -2.130
    -2.801
    -1.939
    -1.929
    -1.218
    -0.421
    -1.900
    -2.083
    -1.815
    -1.503
    -0.797
    -1.745
    -2.533
    -1.965
    -1.669
    -2.152
    -1.917
    -1.825
    -2.040
    -1.749
    -2.714
    -2.507
    -2.791
    -3.013
    -2.258
    -1.585
    -1.053
    -1.851
    -1.251
    -0.535
    -1.371
    -2.215
    -0.695
    -1.279
    -0.506
    -0.643
     1.092
     0.253
     1.436
     0.990
     1.362
     1.142
     2.852
     2.288
     2.196
     2.338
     1.443
     1.372
     1.545
     2.140
     2.961
     2.670
     3.024
     3.502
     2.726
     3.131
     3.489
     1.902
     1.843
     2.357
     2.877
     3.054
     2.385
     2.820
     3.431
     3.853
     4.388
     4.667
     4.076
     3.521
     4.655
     4.065
     3.740
     3.965
     4.696
     4.782
     4.574
     4.255
     5.628
     5.274
     2.780
     2.982
     3.244
     2.371
     1.490
     2.141
    -0.196
    -0.693
    -0.955
     0.350
    -0.833
    -1.415
    -1.903
    -0.246
    -0.299
    -2.266
    -1.456
    -0.427
    -0.698
    -0.887
    -0.593
    -2.703
    -3.203
    -5.254
    -5.870
    -6.286
    -6.987
    -7.822
    -6.895
    -6.647
    -7.866
    -7.059
    -8.304
    -9.208
    -5.228
    -7.689
    -6.241
    -5.365
    -1.878
    -3.278
    -2.579
    -2.870
    -2.217
    -2.364
    -2.405
    -3.248
    -2.438
    -2.318
    -3.498
    -1.934
    -2.409
    -2.738
    -4.520
    -4.312
    -4.281
    -2.466
    -3.496
    -4.720
    -3.033
    -1.816
    -3.592
    -2.071
    -3.375
    -1.351
    -2.709
     0.403
    -2.222
    -3.444
    -1.423
    -4.916
    -4.446
    -4.726
    -3.659
     0.630
     1.588
     1.192
     1.830
     3.383
     3.524
     6.369
     6.221
     7.371
     5.831
     6.745
     7.923
    10.185
    11.581
    12.520
    11.605
    11.618
    10.652
    10.710
    10.638
    16.270
    17.271
    13.175
     8.919
     7.915
     8.227
    19.403
     8.997
     6.227
    11.626
     8.909
     8.132
     9.153
     5.314
     4.267
     3.227
     0.852
     0.000
    -0.289
     1.377
     2.644
    -0.432
    -1.151
    -1.268
    -1.607
    -1.244
    -1.043
    -1.355
    -1.405
    -1.040
    -1.336
    -1.513
    -2.220
    -2.092
    -3.260
    -2.778
    -3.896
    -3.591
    -4.169
    -4.360
    -4.498
    -4.776
    -6.825
    -7.818
    -6.658
    -7.801
    -8.154
    -6.600
    -5.062
    -7.026
    -8.263
    -9.387
    -8.582
    -9.068
    -8.532
    -7.502
    -8.075
    -8.817
    -8.676
    -8.837
    -7.559
    -8.218
    -7.881
    -8.227
    -8.318
    -7.844
    -7.308
    -7.261
    -6.276
    -6.056
    -5.772
    -5.565
    -5.447
    -5.270
    -4.694
    -4.287
    -3.950
    -3.745
    -3.777
    -3.470
    -3.312
    -3.356
    -3.064
    -2.584
    -2.098
    -1.867
    -1.714
    -1.231
    -0.708
    -0.374
    -0.094
     0.260
     0.598
     0.964
     1.272
     1.646
     1.945
     2.295
     2.606
     2.939
     3.241
     3.580
     3.879
     4.215
     4.506
