     4.293
     4.478
     4.829
     4.997
     5.329
     5.482
     5.804
     5.934
     6.243
     6.369
     6.644
     6.728
     6.950
     7.014
     7.240
     7.222
     7.350
     7.316
     7.420
     7.414
     7.438
     7.264
     7.294
     7.183
     7.302
     7.060
     7.176
     6.875
     6.768
     6.714
     6.782
     6.414
     5.870
     5.460
     5.392
     4.756
     4.534
     4.103
     3.531
     3.234
     3.109
     2.489
     2.009
     1.489
     0.946
     0.549
     0.571
    -0.599
    -1.009
    -1.963
    -2.057
    -3.242
    -3.612
    -4.266
    -4.727
    -5.646
    -6.116
    -6.262
    -6.987
    -7.836
    -7.508
    -8.255
    -8.685
    -8.331
    -7.778
    -7.175
    -6.194
    -4.261
    -4.558
    -4.476
    -3.711
    -3.154
    -3.056
    -3.100
    -3.443
    -2.184
    -2.313
    -2.814
    -1.920
     1.609
     1.466
     2.266
     2.043
     3.538
     5.883
     5.600
     5.563
     3.664
     1.575
     1.157
    -1.236
    -2.322
    -3.294
    -4.338
    -4.920
    -7.670
    -8.624
    -6.832
    -5.536
    -4.498
    -3.075
    -3.115
    -1.150
    -2.029
    -2.655
    -3.519
    -3.364
    -2.882
    -1.355
    -1.944
    -2.730
    -2.720
    -4.161
    -3.717
    -3.546
    -2.407
    -4.672
    -3.683
    -3.877
    -2.720
    -2.327
    -2.085
    -3.289
    -3.233
    -3.894
    -2.177
    -1.670
    -1.568
    -0.877
    -1.694
    -0.750
    -1.748
    -0.524
    -1.115
    -1.783
    -0.800
     0.528
     1.439
     1.207
     1.718
     1.748
     2.631
     2.572
     3.240
     3.158
     3.412
     3.104
     1.575
     1.987
     0.641
     1.166
     2.333
     2.689
     2.373
     2.393
     2.409
     1.018
     3.730
     6.304
     3.468
     3.177
     3.605
     5.521
     5.522
     6.879
     6.419
     6.542
     6.040
     5.869
     4.652
     4.592
     3.886
     2.842
     2.666
     2.523
     3.204
     1.999
     0.813
     2.780
     2.746
     1.461
     0.829
    -0.227
     0.071
     0.472
     1.812
     2.658
     1.465
     3.039
     4.201
     2.507
     1.288
    -0.647
    -3.224
    -3.856
    -2.105
     0.153
     2.668
     5.352
     5.418
     5.992
     5.016
     3.618
     0.107
    -2.698
     0.734
     5.195
     4.885
     5.190
     5.357
     7.574
     8.908
     7.491
     6.586
     8.931
    10.642
     9.126
     8.578
     9.864
     9.118
     9.874
     9.380
     6.551
     1.585
     1.882
     0.653
    -1.057
    -2.735
    -5.231
    -5.017
    -4.961
    -5.813
    -7.908
    -4.180
    -6.095
    -5.796
    -3.902
    -6.360
   -10.300
   -11.595
   -10.450
   -12.049
   -14.300
   -12.780
   -14.020
   -14.720
   -13.565
   -15.046
   -16.014
   -14.418
   -10.805
   -11.644
    -6.991
    -9.094
   -16.233
   -17.927
   -15.306
   -12.375
   -13.685
   -15.293
   -13.276
   -12.304
   -12.067
   -10.901
    -8.480
    -9.692
    -7.965
    -5.651
    -4.263
    -3.055
    -2.255
    -2.135
    -2.477
    -1.621
    -0.252
     0.896
     0.442
    -0.207
     0.961
    -0.065
     1.208
     2.179
     2.631
     3.286
     2.388
     5.909
     4.895
     5.919
     6.787
     8.400
     8.521
     9.679
     8.863
     8.794
     7.747
     6.761
     8.157
     6.995
     6.490
     9.210
     9.643
    11.655
    10.019
    11.629
    12.677
    10.964
     9.928
     8.930
     8.622
     7.572
     5.677
     7.000
     8.408
     5.560
     7.673
     9.296
     7.052
     7.683
     7.008
     7.694
     7.493
     7.614
     5.196
     5.197
     4.279
     6.334
     8.009
     7.319
     6.386
     5.117
     4.390
     5.088
     4.161
     2.716
     2.091
     1.485
     3.613
     4.531
     3.614
     3.408
     3.298
     3.399
     3.497
     5.897
     6.328
     6.721
     7.398
     1.599
     0.456
     1.196
     3.327
     2.620
    -0.464
    -0.786
    -0.695
    -1.644
     1.062
    -1.890
    -2.869
    -4.158
    -5.484
    -4.969
    -6.348
    -4.367
    -2.314
    -4.809
    -5.957
    -8.072
   -10.167
    -9.097
    -9.814
   -10.169
    -9.480
    -9.734
    -9.440
   -10.776
   -11.543
   -11.711
   -11.432
   -13.476
   -12.616
   -11.087
   -11.316
   -11.184
   -10.958
   -10.563
    -9.736
   -11.095
   -11.058
    -9.831
    -8.329
    -8.130
    -6.870
    -7.073
    -6.907
    -6.576
    -6.337
    -5.078
    -5.161
    -2.976
    -1.532
    -2.136
    -2.837
    -2.978
    -3.116
    -2.414
    -2.260
    -0.554
    -1.298
    -0.997
    -2.759
    -3.665
    -0.369
     0.742
     0.570
    -0.129
     1.109
    -0.377
    -1.313
    -1.043
    -2.967
    -0.347
     0.955
    -0.022
     3.012
     5.713
     9.975
    10.749
     9.938
     8.155
     4.605
     3.259
     1.473
     3.477
     4.285
     4.072
     4.805
     3.429
     0.523
     0.180
     0.423
     2.209
    -1.009
    -1.952
    -2.672
    -0.717
     1.840
     4.110
     5.862
     6.865
     7.708
     6.393
     3.951
     2.445
     5.427
     9.058
    14.117
    15.347
    16.881
    15.534
    14.510
    15.853
    19.524
    19.028
    16.753
    17.140
    17.433
    14.317
    12.351
    11.328
     9.456
     8.550
     6.288
     7.642
     8.438
     7.714
     6.266
     4.507
     2.827
     0.704
    -0.387
    -0.123
    -2.263
    -2.629
    -2.015
    -3.096
    -6.715
    -6.690
    -9.505
    -9.182
    -9.418
    -8.284
    -8.097
    -7.349
    -5.099
    -6.286
    -5.482
    -7.997
    -8.180
    -6.232
    -7.971
    -7.289
    -6.068
    -5.445
    -5.625
    -7.570
   -10.559
    -8.841
    -9.111
    -8.272
    -9.390
    -9.918
   -12.287
   -12.520
    -7.671
    -6.761
    -6.812
    -6.974
    -7.522
    -6.148
    -6.138
    -4.499
    -5.297
    -7.618
    -6.348
    -5.525
    -4.772
    -5.028
    -6.265
    -6.090
    -6.890
    -5.444
    -4.053
    -1.829
    -0.911
    -1.804
    -3.681
    -4.833
    -6.496
    -4.048
    -3.276
    -0.873
    -2.807
    -2.802
    -2.122
    -0.882
    -0.706
     1.770
     2.208
     1.824
     3.425
     4.390
     6.465
     7.979
     6.748
     6.494
     3.669
     4.162
     6.016
     5.728
     8.218
     7.258
     6.606
     7.188
     7.267
     8.289
     8.442
     8.052
     7.955
     9.022
     8.575
     6.763
     6.855
     7.093
     7.185
     5.335
     4.542
     5.045
     3.370
     4.736
     4.885
     4.431
     5.835
     6.060
     4.239
     3.823
     1.289
     0.881
    -0.474
    -0.740
    -3.085
    -2.802
    -2.840
    -3.046
    -2.854
    -3.188
    -3.684
    -3.511
    -1.314
    -0.864
     1.390
     0.926
     0.081
     0.995
    -0.119
     1.845
     1.524
     0.608
     1.912
     1.946
     1.050
     2.394
     2.664
     2.144
     1.231
     0.280
    -0.910
    -0.908
    -0.082
    -0.483
    -0.935
    -3.331
    -4.297
    -3.716
    -4.830
    -5.398
    -4.337
    -5.581
    -5.876
    -6.491
    -6.997
    -7.091
    -6.446
    -6.689
    -7.234
    -6.739
    -7.529
    -5.417
    -4.654
    -4.350
    -4.602
    -5.070
    -3.385
    -4.715
    -3.790
    -1.406
    -1.676
    -2.600
    -2.115
    -1.788
    -1.562
     0.614
     0.275
    -0.826
     0.267
     0.723
     0.895
    -0.348
    -0.283
     1.756
     0.943
     1.730
     1.190
    -0.114
     0.671
     0.776
     0.241
     0.134
     2.448
     0.532
     2.431
     2.609
     2.216
     4.728
     2.238
     3.719
     5.253
     4.370
     5.808
     6.724
     5.849
     4.228
     3.214
     4.123
     4.518
     5.158
     5.174
     5.601
     4.859
     5.124
     4.029
     3.865
     2.954
     3.516
     1.023
     3.277
     2.928
     2.941
     1.317
     2.408
     2.714
     4.468
     3.275
     4.154
     6.167
     4.375
     4.545
     3.179
     2.595
     6.880
     7.406
     7.229
     6.716
     5.800
     6.146
     4.632
     3.465
     3.550
     4.612
     1.907
    -0.043
    -0.558
    -0.603
    -0.599
    -1.881
    -2.743
    -3.277
    -6.742
    -6.416
    -6.409
    -6.565
    -6.532
    -8.600
    -7.569
   -10.277
   -11.936
   -10.326
   -10.432
    -9.989
   -10.138
   -10.328
   -10.252
   -12.065
   -11.992
   -10.887
   -11.024
    -9.690
   -10.183
    -8.054
    -7.508
    -5.842
    -5.977
    -6.073
    -6.183
    -6.270
    -6.027
    -2.544
    -2.508
    -2.165
    -4.391
    -2.475
    -3.780
    -4.768
    -6.641
    -7.350
    -6.778
    -6.434
    -3.351
    -3.397
    -1.770
    -3.218
    -2.058
    -0.644
     0.510
     1.714
     3.909
     4.763
     3.285
     4.761
     4.750
     7.228
     6.405
     7.865
     6.807
     7.847
     8.472
     8.599
     7.766
     5.698
     6.364
     7.575
     9.198
    11.198
    11.341
    11.213
    11.154
    10.163
     7.947
     6.038
     5.644
     4.758
     6.037
     5.735
     5.168
     6.080
     3.961
     1.624
     1.206
    -0.275
     0.889
    -0.187
    -2.039
     0.062
     0.519
     2.620
     2.737
     2.405
     3.291
     1.950
     2.976
     3.243
     1.831
     2.136
     2.210
     2.610
     2.357
     3.121
     3.037
     3.123
     2.894
     2.710
     3.903
     2.236
     1.269
     1.640
     1.243
    -0.866
     0.880
    -0.219
     2.193
     0.022
    -1.594
    -2.344
    -1.292
    -1.411
    -2.089
    -0.561
    -0.875
    -0.404
     0.586
    -0.009
    -1.643
    -2.077
    -4.038
    -3.731
    -4.855
    -2.296
    -4.381
    -3.066
    -0.906
    -0.060
    -0.753
     0.354
     0.947
     1.881
     2.330
     3.099
     4.568
     3.656
     2.240
     2.119
     1.573
    -0.588
    -0.071
     0.314
     1.061
     0.957
    -1.073
    -0.750
    -1.703
    -1.884
    -2.310
    -5.194
    -4.625
    -5.851
    -6.422
    -7.838
    -7.006
    -6.462
    -5.815
    -5.769
    -3.636
    -5.544
    -7.525
    -6.457
    -5.742
    -6.208
    -5.501
    -8.226
    -8.747
    -8.640
   -10.142
    -8.896
    -9.593
   -11.016
   -12.012
   -11.492
   -11.728
    -9.467
    -9.216
    -9.252
    -9.850
    -9.971
    -6.614
    -6.681
    -4.334
    -4.150
    -5.848
    -6.384
    -4.789
    -2.595
    -1.458
    -3.406
    -2.220
    -3.290
    -3.582
    -4.350
    -5.368
    -5.495
    -3.222
    -2.968
    -3.448
    -2.449
    -0.005
     0.851
     1.198
     4.343
     3.072
     4.868
     5.427
     6.463
     6.463
     7.245
     7.507
     8.530
    11.044
    11.942
    14.443
    14.763
    13.245
    14.561
    13.877
    15.324
    15.457
    15.294
    14.255
    14.757
    12.868
    13.556
    13.453
    15.758
    15.957
    14.783
    13.286
    13.623
    12.863
    15.625
    15.470
    16.436
    15.964
    15.813
    15.225
    11.759
    11.238
     8.407
     6.617
     6.391
     4.929
     3.924
     5.033
     3.480
     0.833
     0.725
     0.347
    -1.946
    -2.261
    -2.988
    -2.157
    -5.013
    -2.351
    -0.631
    -0.470
    -2.062
    -2.020
    -3.752
    -4.488
    -3.860
    -5.217
    -4.328
    -3.530
    -2.423
    -2.445
    -2.254
    -2.489
    -1.859
    -1.590
    -1.802
    -2.640
    -3.083
    -3.830
    -4.225
    -5.955
    -6.816
    -8.615
    -9.260
    -8.926
    -7.356
    -6.372
    -6.746
    -6.345
    -5.834
    -8.415
    -7.128
    -6.744
    -6.355
    -7.467
    -7.351
    -9.190
   -12.521
   -16.847
   -15.585
   -15.291
   -13.587
   -12.659
   -12.497
   -11.667
   -11.360
   -10.697
   -11.392
   -13.145
   -15.039
   -18.373
   -19.198
   -18.763
   -19.239
   -18.498
   -18.603
   -17.038
   -17.831
   -15.153
   -14.174
   -14.093
   -15.072
   -18.354
   -18.759
   -18.467
   -20.275
   -20.419
   -22.215
   -25.085
   -29.035
   -27.000
   -27.756
   -24.812
   -26.351
   -26.931
   -23.960
   -22.904
   -20.677
     0.924
    63.386
    68.651
    52.088
    48.437
    45.639
    48.094
    43.777
    44.587
    49.027
    51.087
    47.761
    44.033
    40.155
    36.101
    33.710
    33.718
    36.755
    37.120
    31.438
    26.076
    19.067
    14.248
    20.087
    21.683
    22.529
    20.648
    18.937
    13.373
    13.924
    14.015
     7.581
     5.370
    -0.044
    -0.418
     0.648
    -3.520
   -10.831
   -16.172
   -16.107
   -18.878
   -17.872
   -12.400
    -9.064
    -6.493
    -5.828
    -6.296
    -8.393
    -8.803
    -4.786
    -3.157
    -4.649
   -10.423
   -12.873
   -11.158
   -10.696
    -4.256
    -5.629
     4.660
     2.083
     0.320
    -6.622
    -6.259
    -4.942
    -7.184
    -5.825
    -6.463
    -3.384
     2.782
     0.091
    -1.299
    -3.287
    -6.716
    -8.510
    -8.290
    -7.673
    -7.860
   -10.959
   -13.207
    -9.740
    -5.512
    -8.635
    -5.196
    -3.064
    -4.267
    -4.341
    -3.371
    -4.583
    -6.796
   -10.114
    -7.137
    -8.220
    -8.108
    -6.492
    -8.187
    -9.047
   -12.469
   -16.757
   -19.695
   -21.166
   -17.378
   -11.322
    -4.217
    -8.539
    -7.691
    -9.040
   -13.430
   -14.748
   -15.815
   -20.705
   -20.051
   -20.315
   -23.060
   -23.790
   -20.330
   -20.745
   -18.718
   -18.473
   -18.472
   -15.030
   -11.714
    -7.520
    -5.934
     2.417
    10.829
     8.702
     9.657
    19.154
    28.976
    22.561
    28.271
    34.826
    36.281
    37.286
    40.932
    51.740
    45.001
    31.775
    25.671
    22.795
    26.807
    18.805
    12.380
    12.412
    13.848
     8.936
     6.628
     9.314
     7.868
     8.359
     8.823
     4.757
     4.304
     5.060
     7.463
     3.612
     6.985
     5.041
     1.130
    -0.718
     0.132
     0.754
    -0.057
     3.802
    -0.798
     3.461
     9.212
    13.685
    24.035
    17.318
    -7.836
   -12.055
    -2.961
    -1.924
    -0.770
    -4.631
    -5.627
    -3.028
    -3.057
    -4.482
    -5.913
    -7.954
   -23.042
   -22.196
   -13.758
   -14.324
   -16.870
   -13.990
   -14.963
   -13.495
   -11.259
   -11.663
   -13.183
   -13.142
    -8.427
   -12.041
   -12.488
    -9.785
    -8.712
    -3.341
     1.840
     0.117
     1.144
     3.377
     2.717
     1.080
    -2.282
    -1.401
     2.690
     2.521
     1.266
     2.488
     0.397
    -1.850
    -2.234
    -4.089
    -3.303
    -4.157
    -3.596
    -6.234
    -5.366
    -6.471
    -7.876
    -6.762
    -7.068
    -4.575
    -5.553
    -5.803
    -4.853
    -5.326
    -3.090
     0.870
    -0.308
    -1.946
     3.110
     3.648
     4.545
     7.426
     5.786
     4.143
     2.735
     4.521
     7.212
     5.208
     5.575
     6.296
     6.104
     6.206
     6.948
     6.600
     3.201
     4.812
     2.893
     6.125
     4.332
     3.910
    10.886
    14.061
    12.571
     8.933
     6.588
     5.598
     7.655
     7.983
     3.397
     0.943
     9.249
    17.971
     9.992
     4.592
    -1.620
    -1.563
     5.557
     6.140
    -1.872
    -7.424
    -5.159
    -6.492
    -7.757
    -7.305
    -4.657
    -2.062
    -3.072
    -0.039
    -0.145
    -0.671
    -0.931
    -2.383
     1.568
    -1.678
    -3.908
    -3.277
    -3.875
    -4.939
    -7.634
    -8.385
    -8.777
   -10.947
   -10.948
    -9.338
   -11.048
   -12.427
    -8.841
    -4.687
    -6.685
   -10.122
   -12.125
   -12.907
    -9.639
    -7.865
    -7.111
    -5.995
    -2.094
    -8.455
    -3.611
    -3.598
    -4.804
    -3.562
    -0.587
     1.156
     3.106
     5.664
     5.792
     7.346
    10.478
    11.594
    10.644
     9.888
     5.775
     7.669
    12.883
    13.772
    10.432
     5.111
     0.295
     2.699
     0.547
     3.845
     5.109
     3.254
     1.900
    -0.923
     1.445
     4.532
     4.470
     3.163
     2.066
     5.337
    11.088
    11.338
     6.734
     5.108
     3.717
     1.131
    -0.246
    -2.702
    -3.915
    -0.892
     0.934
    -0.997
    -4.065
    -1.735
     0.471
     5.183
     4.233
    -5.714
    -5.231
     3.524
    11.421
     1.071
    -3.769
     1.141
     1.879
    -5.479
    -1.148
    -1.156
    -5.316
    -4.120
    -2.170
    -2.159
    -0.683
     1.386
     1.290
    -0.874
    -0.460
     3.222
     0.909
    -0.421
    -3.891
    -4.643
    -4.870
    -4.928
    -3.305
    -5.363
    -6.545
    -5.228
    -2.890
    -1.815
    -0.402
    -0.241
     0.417
    -2.561
    -4.335
     0.157
    -0.293
    -0.663
    -3.298
    -0.541
    -3.936
    -2.202
    -4.766
    -4.739
    -0.056
     2.705
     3.459
    -2.348
     2.770
    -0.098
    -2.411
    -2.527
    -1.061
     0.992
     3.974
     3.674
     0.918
    -0.774
     1.147
     1.586
    -0.499
     0.718
     0.589
     0.856
     0.153
     2.332
     2.955
    -0.326
    -0.384
     1.690
     0.673
     1.383
     1.103
    -2.202
     0.074
     3.040
     4.487
     1.719
     1.492
    -3.854
    -5.682
     2.589
     3.145
     0.379
    -4.849
    -5.865
    -1.572
    -0.587
    -0.481
     0.196
    -0.981
    -2.144
    -1.207
    -1.761
    -1.282
    -0.419
    -0.265
    -0.895
     0.214
     2.982
     2.119
    -1.458
    -1.095
    -0.876
     0.594
    -1.016
    -2.873
     0.733
     1.981
     2.970
     1.937
     3.140
     4.859
     3.585
     3.292
     4.657
     2.415
     3.701
     2.062
     3.403
     3.363
     3.185
     2.122
     3.872
     2.211
     1.520
     2.910
     2.963
     5.143
     5.192
     3.725
     3.694
     3.611
     4.095
     3.171
     0.979
     0.385
     0.432
    -0.533
    -1.312
    -3.689
    -2.858
    -1.706
    -3.834
    -5.030
    -7.780
    -5.163
    -4.836
    -5.885
    -6.006
    -7.536
    -5.323
    -5.042
    -5.585
    -7.029
    -6.931
    -4.342
    -5.672
    -6.274
    -5.495
    -5.562
    -7.001
    -5.822
    -4.360
    -6.749
    -6.348
    -6.105
    -4.733
    -2.785
    -4.508
    -4.447
    -4.831
    -2.301
    -3.348
    -2.008
    -2.144
     1.963
     2.785
     2.824
     3.041
     5.091
     8.198
     9.078
     9.141
     7.964
     5.344
     4.439
     3.577
     4.507
     1.780
     0.538
    -0.446
     0.151
    -2.296
     1.392
     1.669
     1.733
     1.434
     5.420
     6.365
     4.794
     7.917
     7.660
     9.626
     8.213
     7.879
     8.158
     7.302
     7.771
     8.564
     7.787
    10.712
    12.271
    14.331
    16.626
    13.765
    13.349
    13.124
     4.036
    -1.222
    -2.381
    -6.720
    -5.395
    -6.097
    -9.684
    -8.122
    -7.859
    -7.770
    -6.170
    -7.806
    -7.958
    -5.196
    -4.871
    -4.814
    -4.177
    -1.412
    -2.717
    -0.375
     1.495
     3.517
     6.458
     5.593
     3.916
     4.765
     4.877
     5.311
     5.573
     5.161
     2.967
    -0.242
     0.234
     0.933
    -0.852
    -0.857
    -1.590
    -2.476
    -4.057
    -5.777
    -6.864
    -5.175
    -5.279
    -4.965
    -5.927
    -3.650
    -1.469
    -1.167
    -0.954
    -3.801
    -5.111
    -7.014
    -7.112
    -8.212
    -9.449
   -12.275
   -13.682
   -15.561
   -18.153
   -19.070
   -18.458
   -15.499
   -15.716
   -14.322
   -14.649
   -14.638
   -14.166
   -14.194
   -13.827
   -11.195
   -11.521
   -14.244
   -11.550
   -11.788
   -13.338
   -11.783
    -9.310
    -7.403
    -7.515
    -4.096
    -1.325
     3.289
     2.980
     4.967
     5.673
     6.263
     4.773
     3.277
     2.388
     1.832
     6.538
    11.330
    16.362
    16.315
    16.273
    18.690
    25.396
    24.578
    26.996
    26.241
    27.895
    25.101
    25.007
    22.011
    18.709
    15.986
    12.556
    10.015
     8.310
     9.089
     7.286
     4.823
     8.816
    12.334
    13.769
    14.704
    11.455
     9.371
     7.746
     8.954
     6.291
     7.817
     8.335
     9.722
    12.153
    12.005
    11.517
     9.675
     7.995
     6.715
     4.709
     4.807
     2.572
     2.140
     3.559
     4.085
     2.410
     1.075
    -2.086
    -0.887
    -1.987
    -2.486
    -2.919
    -3.961
    -3.463
    -2.793
    -5.583
    -4.894
    -4.466
    -7.513
   -10.791
   -13.657
   -13.888
   -16.540
   -20.023
   -20.087
   -20.901
   -19.616
   -22.104
   -24.036
   -25.809
   -23.661
   -22.127
   -18.828
   -19.676
   -19.832
   -21.006
   -19.805
   -14.848
   -13.817
   -12.535
   -12.403
   -11.062
    -9.329
   -10.029
    -8.779
    -9.437
    -9.276
    -9.941
   -11.915
   -12.515
    -7.604
    -7.413
    -0.839
    -2.959
     2.858
     4.871
     4.954
     1.812
     1.220
    -3.699
    -1.030
     0.856
     4.268
     6.593
    12.201
    14.344
    12.983
    11.321
    11.436
    10.243
     9.058
    10.762
    13.550
    12.965
    15.386
    14.771
    12.744
    14.749
    18.292
    14.316
     9.611
     7.788
     7.411
    11.196
     9.738
     7.854
     8.058
     6.727
     8.584
     6.302
     2.705
    -3.489
    -3.732
   -10.088
   -11.215
    -8.492
    -4.808
    -5.927
    -2.861
    -2.991
    -7.240
    -3.041
    -4.003
    -3.879
    -4.286
    -6.627
    -4.426
    -0.438
    -4.022
    -1.526
    -2.142
     2.875
     4.005
     5.382
     2.508
     4.088
     0.292
     1.787
     2.960
     2.225
     3.655
     8.930
     6.734
     6.854
     8.977
    10.825
    10.647
    13.531
    13.964
    10.391
    10.011
    11.392
     8.156
     3.454
     2.947
     1.123
     0.789
     1.904
     1.057
    -0.992
    -0.111
     1.513
     0.448
    -1.036
    -3.440
    -1.465
    -2.962
    -0.968
     0.009
     2.328
     2.947
     2.111
     2.884
    -0.013
    -2.156
    -2.807
    -5.370
    -9.458
   -13.860
   -20.361
   -19.914
    -5.923
    -5.964
    -4.564
    -2.050
    -0.853
    -3.743
    -5.069
    -4.839
    -6.402
    -6.116
    -2.774
     2.041
     5.988
    12.885
    13.109
    10.631
     5.504
    -5.440
   -10.479
   -10.906
   -12.777
   -12.221
    -5.082
     2.448
     1.588
     1.239
     0.042
    -2.017
    -3.930
    -3.406
    -2.079
    -3.696
    -5.072
    -5.380
    -4.720
    -4.532
    -4.418
    -5.314
    -6.350
    -6.404
    -7.030
    -6.647
    -4.968
    -4.353
    -4.843
    -3.824
    -4.087
    -4.482
    -4.994
    -4.704
    -4.976
    -8.446
    -7.193
    -7.101
     3.237
     4.495
     6.914
     9.451
     8.845
    10.498
    10.753
     6.485
     7.172
     5.271
     3.593
     0.343
     1.240
     0.406
     1.165
     0.820
     1.681
     0.736
     2.609
     3.212
     2.811
     2.134
     4.585
     5.511
     5.415
     4.928
     3.670
     3.456
    -1.513
    -0.569
    -1.233
    -0.602
    -0.284
    -0.034
    -0.022
    -1.440
     0.558
    -0.724
    -1.906
    -1.888
     0.622
    -0.055
    -2.086
    -2.285
    -0.309
     0.501
     0.844
     1.396
     1.172
     0.072
     3.185
     3.682
     3.630
     0.413
     3.005
     3.116
     3.257
     3.105
     3.181
     4.350
     4.607
     3.509
     4.052
     3.889
     1.499
     0.403
    -0.861
     0.387
    -0.424
     0.333
    -0.111
    -1.768
    -2.195
    -0.277
    -0.556
    -0.603
     0.525
     0.320
     3.142
     4.078
     5.113
     7.723
     8.737
     8.097
     6.649
     7.404
     5.515
     6.151
     5.085
     7.463
     6.178
     5.274
     5.155
     5.055
     5.794
     3.569
     2.839
     1.684
     0.020
    -5.113
    -5.732
    -8.517
    -9.449
    -8.703
    -7.701
    -5.038
    -6.356
    -6.540
    -6.086
    -5.983
    -6.334
    -7.267
    -7.233
    -6.076
    -5.607
    -7.266
    -5.722
    -6.075
    -3.725
    -2.265
    -1.897
    -3.026
    -1.146
    -1.074
    -1.072
    -1.653
    -1.924
    -1.196
    -2.074
    -1.064
    -2.284
    -2.061
    -1.720
    -2.529
    -3.283
    -2.506
    -1.834
    -1.351
    -0.863
    -1.319
    -2.663
    -1.318
    -3.291
    -3.708
    -2.510
    -3.463
    -4.179
    -4.868
    -3.172
    -1.841
    -0.525
    -0.375
    -0.521
    -1.899
    -2.664
    -1.011
    -1.977
    -2.005
    -2.212
    -1.170
    -2.219
    -1.135
    -2.174
    -0.406
    -0.926
     1.149
     1.535
     3.825
     3.668
     3.212
     3.455
     3.640
     4.228
     4.874
     2.654
     4.752
     5.404
     2.022
     5.194
     3.495
     3.969
     5.459
     5.270
     4.924
     3.315
     3.078
     2.053
     2.920
     2.023
     1.914
     0.389
     1.619
     1.015
     1.392
     1.338
     2.269
     0.322
     0.629
     1.148
     0.674
    -0.439
    -1.420
    -1.470
    -0.444
     0.512
     0.275
    -0.905
    -0.300
     1.568
    -0.599
    -1.242
     0.251
    -0.058
     1.007
     0.114
    -1.323
     0.876
     2.988
     3.277
     3.074
     3.034
     1.554
     1.287
     0.932
     2.763
     0.764
     1.803
     3.237
     0.896
    -0.374
    -1.364
    -1.041
    -1.599
    -1.707
    -1.077
    -1.112
    -1.944
    -0.453
     2.144
     0.791
    -0.659
    -0.491
     0.823
     0.818
     0.949
     0.530
     1.433
     0.523
    -0.933
    -0.911
     1.204
     0.833
     2.115
     1.005
     2.196
     0.937
     1.832
     2.710
     1.606
    -0.275
     0.230
     1.521
     0.393
    -0.394
     0.320
    -0.611
    -0.460
    -0.874
    -0.102
    -0.489
     0.671
     0.706
    -0.653
    -1.816
    -1.023
    -0.910
    -2.332
    -1.673
    -2.437
    -2.371
    -1.529
    -1.199
    -1.285
    -1.354
    -2.956
    -2.992
    -1.674
    -1.095
    -0.277
    -0.550
    -2.128
    -1.985
    -1.150
    -1.240
    -1.794
    -0.907
    -2.447
    -2.519
    -1.870
    -1.668
    -1.708
    -1.936
    -1.134
    -1.156
    -1.316
    -1.113
    -0.815
    -1.154
    -1.363
    -0.491
    -0.070
    -1.670
    -1.532
    -2.287
    -1.912
    -2.218
    -0.674
     0.105
     0.433
    -0.865
    -1.306
    -2.531
    -2.444
    -1.729
    -3.314
    -3.021
    -2.465
    -2.181
    -3.299
    -2.578
    -4.965
    -3.657
    -3.424
    -2.167
    -2.598
    -3.762
    -2.932
    -3.618
    -3.982
    -4.274
    -5.246
    -5.081
    -5.640
    -5.721
    -4.867
    -3.523
    -1.403
    -1.768
    -1.930
     0.804
     1.785
     1.499
     4.431
     4.762
     6.892
    10.340
    10.649
    10.050
    12.193
    12.744
    10.166
    10.763
     8.092
     7.425
     5.746
     5.551
     5.239
     4.614
     4.742
     6.219
     5.653
     6.269
     5.193
     5.360
     4.484
     5.703
     4.529
     5.143
     5.518
     3.804
     4.984
     4.742
     4.373
     1.400
     1.706
     0.877
     1.878
     1.788
     1.158
     0.157
    -1.047
    -1.900
    -1.249
    -2.709
    -3.570
    -2.446
    -1.865
    -1.046
    -2.569
    -1.869
    -2.158
    -2.406
    -1.450
    -1.357
    -0.380
    -0.004
    -1.734
    -0.672
    -1.784
    -3.436
    -3.313
    -5.459
    -3.555
    -0.253
     1.999
    -0.679
    -4.207
    -7.306
    -7.738
    -5.119
    -3.376
    -2.813
    -0.673
    -1.747
    -2.755
    -1.915
    -4.074
    -3.184
    -4.994
    -4.276
    -2.869
    -2.499
    -2.409
    -2.605
    -3.063
    -2.881
    -1.920
    -4.780
    -2.815
    -1.634
     0.588
     2.983
    -0.096
     0.108
     1.017
     0.029
     0.077
    -1.832
    -0.844
     0.660
    -1.354
     0.143
    -0.991
    -1.386
     0.788
    -0.066
    -0.317
    -0.009
    -0.520
    -1.404
    -2.345
    -2.319
    -0.564
    -1.047
    -1.611
    -0.834
    -0.381
    -3.508
    -1.820
    -1.890
    -1.419
     0.486
     0.381
     1.404
     1.097
     1.162
     0.866
     0.156
    -0.835
     1.284
     1.835
     1.451
    -0.216
     0.112
     0.482
    -0.299
     1.818
     0.877
     2.929
     3.091
     1.039
     1.825
     3.235
     4.598
     2.486
     0.903
    -1.684
    -1.666
    -3.165
    -1.190
     0.848
     2.021
     4.136
     2.457
     2.640
     2.191
     3.000
     4.450
     2.856
     0.725
     1.754
     2.220
     0.949
     0.140
     1.168
     1.067
     2.158
     0.598
     1.618
     1.486
     2.115
     2.549
     3.166
     3.201
     3.184
    -0.871
    -0.049
     2.555
     2.180
     1.159
    -0.043
     1.132
     0.524
     2.169
     2.002
     0.105
    -1.684
    -0.304
     0.362
     0.537
     2.059
     0.361
    -1.532
     0.191
    -0.660
     0.188
    -0.122
    -0.128
    -2.332
    -2.026
    -0.223
    -1.192
    -1.247
    -1.555
    -0.432
     0.397
    -2.024
    -1.906
    -3.452
    -1.423
    -3.697
    -1.809
    -2.614
    -1.633
     0.156
     2.124
    -0.346
     1.187
    -0.949
    -0.792
     0.254
     2.463
     1.363
     0.287
    -0.486
     0.807
     0.668
    -1.280
    -0.365
     1.461
     0.156
     1.237
     0.873
     0.512
     0.309
    -0.023
     0.213
    -1.271
    -1.479
    -0.347
    -2.248
    -0.341
    -1.270
    -2.866
    -1.931
    -0.923
    -0.955
    -1.703
    -1.533
    -1.650
    -2.474
    -2.469
    -3.548
    -2.206
    -1.433
    -0.822
     0.279
    -1.172
    -1.612
    -1.110
    -0.710
    -0.370
    -0.922
    -1.439
    -0.990
    -0.509
    -0.810
    -1.777
    -1.838
    -2.657
    -2.523
    -2.160
    -3.080
    -3.211
    -2.340
    -1.449
    -2.187
    -0.339
     0.094
    -0.726
    -1.069
     0.471
    -3.123
    -1.070
    -3.618
    -3.500
    -0.276
     0.454
    -0.034
    -0.590
     2.298
     0.324
     0.359
     0.546
     0.504
    -0.297
    -0.816
     3.487
     0.878
     1.352
     2.289
     4.405
     4.267
     4.184
     3.746
     4.530
     2.215
     3.312
     2.458
     3.084
     2.788
     1.668
     2.998
     4.866
     4.290
     4.943
     3.614
     3.737
     3.498
     4.347
     4.487
     3.603
     5.281
     4.058
     4.895
     4.128
     4.987
     4.123
     5.486
     4.460
     4.129
     3.028
     3.569
     4.003
     3.202
     1.867
     1.127
    -1.038
    -0.528
    -1.386
     0.770
    -0.782
    -1.199
    -0.335
     1.156
    -1.484
    -0.804
    -0.034
    -1.239
     0.860
     0.827
    -0.632
    -2.526
    -2.142
    -2.261
    -3.295
    -3.258
    -3.755
    -4.502
    -5.276
    -6.120
    -6.032
    -7.008
    -8.797
    -4.229
    -4.476
    -5.233
    -5.255
    -4.935
    -4.105
    -4.666
    -3.470
    -3.579
    -3.976
    -2.377
    -3.625
    -4.248
    -4.419
    -5.148
    -5.909
    -5.641
    -6.538
    -7.424
    -6.797
    -7.308
    -6.751
    -4.766
    -7.269
    -6.253
    -4.913
    -4.945
    -3.061
    -2.637
    -3.692
    -4.572
    -3.174
    -1.054
    -3.564
    -3.450
    -2.324
    -5.034
    -4.037
    -2.140
    -1.386
     1.710
     1.893
     1.468
     3.502
     2.370
     4.963
     6.916
     6.849
     5.495
     5.055
     7.403
     8.089
     9.274
    11.325
    11.076
    12.451
    10.128
    10.009
    10.046
    11.294
    17.507
    16.536
    11.038
     6.683
     8.034
    17.708
    14.407
    10.025
     7.746
    11.864
     8.605
    10.402
     5.379
     4.654
     3.992
     2.761
    -0.354
    -1.788
     0.187
     1.311
     0.696
    -0.561
    -2.205
    -1.362
    -0.892
     0.151
    -0.772
    -0.799
    -1.727
    -0.620
    -1.687
    -1.895
    -1.485
    -1.135
    -1.436
    -1.111
    -2.606
    -3.393
    -3.229
    -2.332
    -3.480
    -4.032
    -6.007
    -6.060
    -6.289
    -6.549
    -6.848
    -4.096
    -5.295
    -6.269
    -7.683
    -7.987
    -7.662
    -8.007
    -7.657
    -6.784
    -7.532
    -7.461
    -8.033
    -7.185
    -6.762
    -6.918
    -7.039
    -7.295
    -7.002
    -6.977
    -6.939
    -6.636
    -5.612
    -5.312
    -5.387
    -4.940
    -5.107
    -4.765
    -4.526
    -3.861
    -3.800
    -3.666
    -3.605
    -3.263
    -3.323
    -3.220
    -2.926
    -2.406
    -1.921
    -1.774
    -1.756
    -1.124
    -0.797
    -0.430
    -0.223
     0.103
     0.385
     0.802
     1.003
     1.392
     1.600
     2.001
     2.208
     2.582
     2.777
     3.159
     3.361
     3.733
     3.928
