     6.459
     6.267
     6.181
     5.963
     5.852
     5.607
     5.478
     5.237
     5.082
     4.806
     4.656
     4.345
     4.089
     3.715
     3.512
     3.087
     2.806
     2.329
     1.964
     1.503
     1.042
     0.604
     0.258
    -0.067
    -0.291
    -0.937
    -1.084
    -1.505
    -2.086
    -2.561
    -2.711
    -3.167
    -3.883
    -4.706
    -5.287
    -6.162
    -6.530
    -7.087
    -7.219
    -7.582
    -7.915
    -8.073
    -8.577
    -9.455
    -9.418
   -10.239
   -10.655
   -10.207
   -10.916
   -12.329
   -12.578
   -13.335
   -12.806
   -13.571
   -13.952
   -14.470
   -14.676
   -13.793
   -15.935
   -16.104
   -14.672
   -14.807
   -15.857
   -15.530
   -13.960
   -12.951
   -12.028
   -10.907
    -7.116
    -5.242
    -4.030
    -1.929
    -1.274
     1.392
     2.308
     2.160
     2.453
     4.175
     5.859
     5.860
     7.460
     7.455
     7.132
     9.151
    10.545
     9.410
    11.089
    10.986
    10.511
     9.591
    10.740
    10.613
    13.072
    12.940
    13.309
    12.658
    12.150
    11.826
    10.724
     9.889
     9.007
     8.099
     7.175
     6.303
     5.414
     4.375
     5.059
     4.914
     4.818
     2.788
     3.860
     4.200
     3.608
     4.738
     3.958
     2.505
     2.513
     1.728
     2.330
    -0.223
     1.353
     0.597
     0.965
     0.304
    -1.930
    -0.822
    -1.938
    -0.742
    -1.698
    -1.152
    -1.048
    -1.785
    -2.847
    -3.596
    -3.862
    -4.800
    -2.888
    -2.292
    -3.151
    -4.120
    -4.472
    -4.292
    -5.325
    -3.963
    -2.712
    -2.970
    -3.315
    -5.336
    -3.604
    -4.362
    -3.835
    -2.155
    -3.116
    -4.023
    -2.339
    -2.221
    -2.486
    -1.446
    -1.816
    -3.257
    -4.556
    -4.796
    -1.692
    -0.351
     0.869
     2.073
     2.022
     1.026
     1.870
     2.588
     2.287
     2.543
     1.308
     2.873
     1.661
     3.574
     3.017
     2.791
     4.713
     4.309
     5.501
     5.356
     3.315
     2.344
     3.073
     2.692
     5.451
     3.423
     4.878
     4.309
     3.467
     1.695
    -0.511
    -3.789
    -0.908
     0.559
     2.104
     1.688
     3.391
     2.028
     2.400
    -0.497
    -1.021
    -2.918
    -4.396
    -6.652
    -3.675
     0.260
    -0.843
    -2.513
    -2.579
    -4.012
    -4.720
    -9.612
    -9.207
    -7.819
    -8.496
    -8.055
    -8.957
   -10.547
    -9.763
    -7.354
    -6.986
    -7.564
    -8.138
    -6.950
    -5.905
    -3.468
    -3.732
    -1.830
     0.803
     1.038
     2.928
     4.343
     7.735
     8.972
     9.929
    11.024
    10.982
    10.246
    10.228
     9.117
     8.460
     7.490
     5.862
     1.949
     3.324
     2.510
     2.058
     2.496
     4.483
     3.438
     7.025
     3.266
    -1.787
    -0.119
     1.246
     1.357
     0.735
     0.340
    -0.991
    -1.061
    -2.501
    -2.722
    -2.518
    -2.542
    -2.277
    -1.882
    -1.849
    -1.684
    -1.334
    -1.751
    -0.332
    -0.091
    -1.220
    -1.520
    -3.532
    -3.698
    -3.270
    -4.491
    -2.890
    -3.583
    -2.988
    -4.471
    -6.122
    -4.279
    -3.950
    -3.018
    -3.250
    -4.277
    -5.167
    -3.848
    -3.407
    -3.498
    -3.709
    -3.684
    -3.943
    -5.060
    -2.950
    -3.297
    -3.068
    -2.874
    -3.039
    -1.121
    -0.461
     0.545
     0.848
    -0.867
     0.604
     0.416
    -0.459
     0.570
     4.239
     3.348
     1.808
     2.678
     4.263
     3.788
     3.741
     4.962
     4.254
     7.766
     5.049
     6.202
     7.119
     6.397
     6.579
     7.277
     6.922
     6.178
     5.303
     5.261
     5.406
     5.468
     3.819
     4.230
     4.021
     2.675
     3.995
     4.015
     4.798
     5.424
     6.656
     5.303
     4.640
     4.121
     3.647
     1.422
     3.558
     0.222
    -0.309
    -2.162
    -3.723
    -3.244
    -3.077
    -3.892
    -3.374
    -4.456
    -3.178
    -4.094
    -3.974
    -3.535
    -3.404
    -1.607
    -2.546
    -3.002
    -2.763
    -2.476
     0.064
     0.298
    -0.352
     0.964
     1.428
     1.752
     1.267
     2.660
     1.467
     1.709
     1.930
     2.072
     0.647
     1.852
     1.053
     1.209
     2.243
     0.856
     0.235
     0.116
     0.110
    -0.677
    -0.735
    -2.271
    -2.665
    -2.634
    -3.674
    -4.164
    -4.574
    -4.164
    -3.962
    -3.262
    -5.055
    -4.916
    -5.535
    -5.470
    -5.322
    -6.099
    -5.704
    -6.928
    -8.208
    -8.346
   -10.866
    -9.853
    -8.043
    -7.283
    -5.303
    -5.286
    -5.028
    -5.790
    -5.113
    -2.611
    -3.342
    -3.640
    -2.968
    -0.727
     2.257
     5.728
     7.493
     6.906
     3.942
     1.640
     1.386
     2.147
     4.460
     3.973
     5.147
     2.903
     0.751
     0.672
     1.484
    -0.281
     2.097
     0.738
     1.599
     0.030
     0.197
     2.229
     3.194
     2.398
     2.812
     1.174
     1.830
     1.268
     0.566
    -2.228
    -0.240
     0.685
     0.648
     0.932
    -0.357
     0.218
    -0.149
     0.482
     1.821
     2.189
     2.180
     2.311
     3.283
     2.820
     1.379
     0.787
     0.041
     0.448
    -0.004
     0.670
     3.221
     1.436
     2.344
     2.621
     1.932
     1.851
     1.295
     3.059
     2.866
     2.354
     3.290
     2.862
     0.973
     1.201
     2.874
     2.784
     3.002
     1.350
     2.754
     1.833
    -0.045
     1.149
     2.969
     3.395
     1.507
     2.860
     1.637
     1.709
     0.214
     0.709
    -0.237
    -1.054
    -1.696
    -1.093
    -0.899
    -1.541
    -1.232
    -1.445
    -0.607
    -0.594
    -0.165
     0.624
    -0.894
     1.335
     1.676
     2.790
     3.064
     2.646
     2.923
     2.981
     3.109
     3.364
     3.791
     2.967
     2.872
     1.943
     1.471
     3.214
     5.162
     3.683
     2.141
     0.992
     1.308
     1.280
     1.799
     2.303
     0.820
     0.973
     0.721
    -0.394
    -0.713
    -0.543
    -0.291
    -0.580
    -0.119
    -0.442
     0.185
     1.265
     0.702
     1.518
     0.612
    -0.760
    -2.014
    -0.441
    -2.648
    -2.580
    -3.828
    -5.395
    -5.390
    -5.044
    -6.282
    -6.307
    -7.129
    -8.459
    -8.792
    -8.809
    -8.135
    -8.479
    -7.599
    -6.493
    -8.236
    -7.774
    -8.144
    -7.732
    -7.323
    -7.762
    -7.060
    -6.569
    -5.763
    -6.200
    -4.956
    -5.535
    -5.053
    -3.952
    -4.138
    -3.232
    -3.669
    -3.198
    -1.858
    -2.540
    -3.370
    -1.887
    -1.571
    -2.682
    -1.867
    -3.767
    -3.857
    -4.796
    -3.975
    -2.746
    -2.333
    -3.950
    -2.071
    -1.360
    -0.508
    -1.807
     0.852
    -0.077
     1.964
     2.875
     2.974
     4.229
     5.928
     5.745
     4.075
     3.701
     3.561
     0.701
     4.184
     3.947
     5.372
     5.352
     4.512
     5.198
     5.908
     6.106
     5.916
     6.565
     6.298
     6.125
     5.798
     5.753
     5.694
     6.341
     6.128
     4.573
     5.390
     5.831
     6.111
     6.235
     5.999
     7.015
     7.995
     5.951
     7.437
     6.752
     6.230
     7.233
     6.641
     6.650
     8.113
     8.680
     6.838
     6.629
     6.270
     7.755
     5.810
     8.189
     7.688
     7.466
     7.655
     7.607
     7.572
     8.461
     8.617
     7.683
     8.919
     7.602
     6.745
     3.520
    -0.823
    -2.029
    -2.861
    -4.877
    -7.546
    -6.487
    -8.356
    -9.749
    -9.260
    -8.520
    -7.303
    -6.485
    -5.759
    -7.282
    -6.071
    -5.442
    -5.616
    -4.280
    -3.973
    -1.412
    -0.969
     0.117
    -1.432
    -0.698
    -0.523
    -1.046
    -0.209
     0.926
    -0.826
    -0.660
    -1.436
    -2.239
    -1.149
    -2.247
    -2.408
    -3.423
    -2.649
    -4.483
    -4.288
    -5.044
    -4.544
    -5.867
    -5.953
    -6.829
    -7.461
    -4.995
    -5.715
    -5.261
    -4.776
    -5.150
    -5.812
    -5.347
    -4.372
    -3.465
    -3.204
    -4.807
    -3.654
    -4.361
    -3.622
    -6.168
    -6.023
    -7.805
    -8.942
    -8.293
    -8.776
    -8.094
    -8.665
    -8.540
    -8.735
    -9.326
   -10.604
    -9.218
    -9.479
    -8.303
    -9.624
    -9.606
   -10.833
   -10.356
   -11.371
    -8.311
    -6.330
    -5.996
    -5.540
    -4.287
    -2.810
    -3.456
    -2.773
    -2.082
    -1.157
    -1.180
    -2.193
    -1.447
     0.632
     0.595
    -0.235
     0.414
    -0.188
    -0.106
     0.795
     1.110
     2.156
     3.248
     5.074
     5.514
     6.973
     6.559
     7.877
     7.324
     7.236
     9.130
     9.184
    12.172
    12.503
    13.718
    12.781
    11.794
    13.835
    15.472
    14.990
    14.481
    15.607
    15.649
    14.108
    12.026
    13.681
    13.274
    13.226
    12.022
    12.565
    11.618
    11.929
    12.080
    13.140
    12.155
    12.506
    11.935
    11.852
    12.620
    13.762
    12.814
    12.780
    12.582
    13.405
    12.818
    12.710
    13.943
    13.115
    13.948
    13.755
    14.214
    15.038
    14.624
    14.682
    14.202
    13.692
    14.436
    13.936
    12.758
    10.525
    11.805
    13.195
    11.604
     7.128
     6.767
     1.038
    -3.914
    -8.103
   -10.680
   -14.426
   -18.876
   -24.775
   -27.549
   -29.398
   -29.481
   -32.002
   -33.436
   -34.091
   -35.415
   -37.807
   -38.205
   -38.030
   -36.557
   -33.979
   -33.039
   -32.376
   -30.476
   -29.697
   -26.139
   -26.230
   -24.641
   -20.252
   -17.256
   -14.786
   -11.093
    -9.333
    -6.706
    -5.062
    -0.638
     0.099
     0.711
     2.222
     1.291
     3.453
     2.472
     2.264
     1.903
     2.295
     1.926
     1.976
     0.239
     0.355
    -0.162
    -0.409
    -2.529
    -2.010
    -1.717
    -1.410
    -0.843
     1.525
     1.914
     1.263
     1.564
     1.399
     1.328
     1.371
     2.260
     1.630
     1.982
     2.230
     2.284
     2.629
     2.983
     3.633
     3.336
     4.549
     5.192
     6.458
     6.242
     4.001
     4.821
     0.837
    -0.113
     0.026
    -0.858
     0.278
     3.536
     8.113
    13.517
    20.135
    21.315
    20.796
    20.633
    20.274
    21.323
    19.354
    20.869
    19.627
    19.360
    19.337
    13.795
    10.670
     7.138
     7.118
     7.568
     4.458
     1.763
     3.116
     0.825
    -1.448
    -3.140
    -3.174
    -1.598
    -2.439
    -3.158
    -2.005
    -1.741
     0.733
     1.027
     0.993
    -0.398
    -0.035
     0.157
     0.797
     3.164
     2.827
     1.762
     1.179
     1.785
     3.933
     4.721
     4.417
     4.571
     6.499
     8.370
     7.237
     6.828
     7.531
     7.435
     6.648
     5.224
     5.816
     6.131
     5.939
     7.605
     6.248
     5.692
     6.673
     5.545
     3.566
     3.381
     0.601
    -2.276
    -3.519
    -2.968
    -3.967
    -7.944
    -7.953
   -10.565
    -9.223
   -10.377
   -10.353
    -9.304
    -9.309
    -8.205
    -7.038
    -9.224
   -10.027
    -7.454
    -5.431
    -4.676
    -4.467
    -4.173
    -4.059
    -4.846
    -4.196
    -3.963
    -1.979
    -3.140
    -2.586
    -1.539
    -0.424
    -1.155
    -1.047
    -0.768
    -1.287
    -0.429
     0.255
     1.185
     0.785
    -0.014
     0.712
     1.969
     0.345
     1.605
     2.837
    -0.180
    -2.554
    -4.088
    -6.704
    -8.692
    -9.259
    -8.882
    -7.516
    -7.729
    -9.960
   -11.951
   -12.868
   -10.905
   -11.639
   -11.060
   -13.328
   -13.848
   -15.337
   -16.320
   -17.800
   -18.760
   -20.489
   -21.496
   -21.337
   -19.507
   -17.615
   -19.322
   -21.473
   -24.124
   -26.982
   -26.430
   -30.661
   -32.961
   -37.073
   -34.682
   -33.042
   -32.678
   -33.058
   -32.869
   -33.341
   -30.745
    -7.467
    32.803
    26.843
    16.771
    16.817
    17.258
    17.571
    16.868
    18.776
    21.469
    24.184
    22.417
    20.630
    20.114
    20.227
    22.623
    24.195
    23.257
    25.906
    31.248
    32.537
    27.866
    23.122
    30.058
    38.744
    42.813
    45.456
    47.060
    45.906
    48.469
    49.647
    50.545
    50.674
    48.687
    49.652
    47.988
    44.614
    38.631
    36.594
    34.376
    34.728
    33.316
    35.426
    33.919
    29.971
    29.741
    28.735
    26.150
    21.564
    20.730
    18.790
    16.600
    11.933
     9.018
     1.192
    -5.398
   -11.043
   -16.748
   -28.110
   -32.934
   -33.233
   -37.778
   -40.835
   -40.121
   -40.921
   -42.038
   -40.381
   -36.359
   -32.337
   -35.507
   -35.717
   -36.648
   -38.665
   -40.832
   -42.438
   -40.574
   -37.563
   -37.368
   -37.207
   -31.071
   -31.002
   -33.609
   -32.005
   -28.047
   -28.476
   -30.661
   -27.975
   -27.538
   -29.552
   -29.218
   -26.435
   -26.496
   -24.608
   -26.619
   -29.063
   -31.936
   -32.849
   -32.183
   -33.908
   -31.571
   -26.331
   -21.052
   -19.795
   -15.837
   -14.603
   -10.192
   -10.049
    -9.474
    -8.142
    -6.540
    -4.686
    -4.704
    -5.397
     0.382
     7.120
    11.981
    17.005
    18.832
    22.214
    29.169
    35.754
    33.747
    35.989
    46.512
    56.759
    57.456
    56.463
    68.756
    57.211
    51.164
    67.554
    75.841
    51.717
    31.578
    29.648
    49.693
    37.622
    17.364
     4.080
     5.873
     3.633
    -8.787
   -11.731
    -7.125
   -15.453
   -16.404
    -8.847
    -6.448
    -4.925
    -2.337
   -10.600
   -18.442
   -10.313
     0.578
    -3.044
    -3.548
    -1.459
     5.841
     7.432
     4.484
     4.275
     5.894
     6.199
     8.573
     0.609
     7.016
     6.276
     8.869
     4.264
    -2.076
   -14.669
   -24.706
   -14.630
     3.863
     0.463
   -10.030
   -12.574
    -5.663
     0.686
    -5.858
     1.440
     3.516
   -14.480
   -22.998
   -23.858
   -31.688
   -28.617
   -25.414
   -16.802
   -11.831
   -11.192
    -3.264
    -6.080
   -13.065
   -15.968
   -18.052
   -13.248
    -6.788
     1.300
    -0.105
     1.718
     5.662
     5.832
     9.486
     9.729
     8.833
     7.424
    17.041
    22.020
    26.574
    25.186
    19.217
    17.260
    12.383
    15.767
    16.269
    10.369
     7.163
     7.563
     3.525
     2.259
    -1.166
    -3.498
     0.171
     5.874
     1.314
     0.038
    -0.232
    -0.247
    -1.010
     1.793
     0.125
     1.703
     2.453
     3.875
     1.370
     2.288
     2.266
    -4.252
    -4.850
    -7.911
    -4.835
    -3.692
     0.169
     2.007
     3.045
    -1.746
    -3.068
    -1.634
    -4.913
    -4.467
    -3.898
    -6.548
   -10.926
    -8.675
    -2.179
    -8.406
   -14.635
   -14.313
   -13.059
    -6.619
    -8.320
    -9.425
    -9.149
    -8.545
     2.328
    12.638
     1.302
    -6.573
   -10.896
    -9.221
    -4.889
    -2.833
   -11.857
   -21.515
   -15.743
   -19.616
   -20.210
   -22.609
   -22.097
   -19.855
   -16.666
   -12.666
   -12.445
   -11.152
   -11.006
    -6.870
    -5.735
    -7.631
    -8.228
    -7.449
    -1.734
    -2.953
    -4.975
    -5.176
    -5.546
    -3.942
    -1.671
     1.092
    -0.166
    -0.739
     3.820
    12.310
    10.299
    11.271
     6.583
     2.079
     6.381
     7.700
     6.759
    12.478
    16.051
    13.942
     7.347
    10.131
     4.411
     7.050
    12.834
    14.021
    17.943
    16.066
    24.052
    23.318
    22.254
    23.875
    23.939
    26.119
    24.642
    23.610
    32.013
    28.848
    26.229
    18.670
    16.012
    16.532
    15.778
    13.873
    15.634
    17.137
    15.533
    12.452
     6.199
     9.457
     8.930
     3.864
     3.277
     5.560
     6.716
    10.175
     1.015
    -1.490
     0.490
    -2.334
    -7.146
    -6.761
   -11.650
   -11.339
    -6.492
    -8.026
   -10.307
   -13.621
   -14.161
    -5.737
    -7.531
   -23.284
   -19.018
   -13.541
    -4.135
    -1.277
   -17.347
   -11.677
    -3.901
   -14.596
   -15.964
   -16.596
   -28.422
   -24.576
   -21.571
   -26.033
   -17.548
   -12.786
   -13.859
    -8.687
    -4.565
    -3.556
    -4.363
    -4.262
    -5.918
   -10.253
    -9.129
    -8.642
    -9.381
    -9.022
    -9.492
    -5.689
    -3.695
    -2.522
    -3.352
    -3.301
     1.434
    -1.608
    -2.848
     1.870
     4.411
     3.312
     0.312
     0.640
    -2.124
    -0.539
    -2.547
    -5.488
     0.398
     6.313
     7.978
     0.774
     0.568
     7.788
     4.735
     0.869
     4.336
     8.531
    12.079
     7.750
     4.952
     3.996
     5.224
     8.421
     6.173
     6.714
     5.527
     3.122
     1.625
    -0.712
     1.717
     1.727
    -1.753
    -1.091
     1.379
     2.840
     3.190
    -1.297
     1.399
     5.037
     8.179
     6.185
     3.260
    -4.257
    -2.546
     0.323
     9.210
    -3.129
   -13.398
   -13.482
    -8.405
    -7.012
    -8.737
   -10.525
   -10.360
    -9.665
    -7.614
    -7.531
    -8.438
    -5.972
    -5.613
    -2.738
    -0.806
     3.964
     1.035
    -3.161
    -2.115
    -0.913
     1.478
    -1.764
    -2.425
    -0.355
     1.044
     0.090
     2.132
     3.494
     4.351
     6.795
     4.740
     6.473
     8.805
     8.707
     7.631
     7.534
     7.224
     8.531
     8.741
    10.477
    11.601
    12.572
    13.251
    13.439
    14.083
    15.219
    15.941
    17.831
    19.361
    18.617
    17.273
    17.620
    15.903
    16.209
    14.652
    14.442
    13.998
    13.622
    12.637
    10.001
     7.556
     7.655
     7.285
     9.277
     6.611
     4.433
     3.825
     2.424
     2.411
     2.492
    -0.284
    -2.448
    -3.354
    -3.006
    -3.640
    -5.536
    -7.719
    -6.398
    -7.401
    -9.132
   -10.558
   -13.747
   -12.794
   -15.306
   -14.361
   -16.089
   -19.978
   -19.174
   -20.426
   -19.666
   -20.911
   -20.939
   -19.626
   -21.084
   -20.168
   -21.740
   -22.350
   -21.288
   -18.633
   -18.014
   -16.763
   -16.504
   -14.034
   -12.984
    -9.109
   -11.070
   -11.908
   -11.852
    -8.031
    -7.174
    -6.010
    -5.631
    -6.031
    -8.738
    -4.960
    -6.732
    -6.020
    -6.297
    -4.826
    -4.431
    -2.458
    -0.107
     1.852
     2.797
     1.338
     2.044
     2.476
     3.575
     4.624
     8.516
     8.937
     8.804
     9.187
    12.197
     9.915
     7.437
    10.462
    12.888
    10.004
     9.374
     9.219
    10.771
     8.370
     8.263
     7.651
     8.724
     8.998
     8.687
     7.633
     9.373
    11.038
     9.423
     8.784
     8.450
     8.880
    11.691
    11.170
    10.028
    11.751
    11.804
    10.900
    11.719
    10.928
    12.317
    10.372
     8.485
     7.702
     8.179
     8.230
     8.019
     6.598
     5.825
     5.361
     2.437
     5.245
     5.256
     5.212
     6.958
     6.021
     4.674
     4.912
     5.109
     3.425
     1.303
     0.284
    -2.574
    -3.706
    -4.069
    -5.579
    -5.667
    -5.543
    -7.916
    -8.700
    -9.212
    -8.159
    -8.094
    -6.978
    -8.344
    -6.828
    -6.665
    -7.480
    -7.334
    -6.284
    -7.040
    -7.135
    -5.656
    -7.729
    -8.487
    -7.255
    -8.106
    -8.623
   -10.076
   -11.115
   -10.676
    -9.961
    -9.575
    -9.583
    -8.863
    -7.936
    -7.412
    -5.989
    -6.021
    -7.885
    -7.025
    -5.858
    -5.084
    -0.581
     0.299
    -0.627
     0.587
     2.762
     4.493
     5.712
     4.978
     3.529
     3.410
     3.067
     2.078
     0.284
    -0.713
    -2.103
    -2.520
    -2.698
    -1.288
    -2.148
    -3.319
    -3.550
    -1.442
     1.566
     0.320
     2.608
     2.653
     1.334
     2.608
     4.147
     4.031
     3.471
     2.981
     5.407
     5.356
     5.726
     5.370
     3.540
     5.547
     2.312
     3.234
     5.045
     4.460
     4.357
     6.238
     5.520
     6.381
     4.859
     5.681
     7.236
     7.466
     7.010
     7.842
     7.368
     6.980
     5.694
     7.305
     7.714
     6.525
     6.069
     3.183
     3.340
     2.211
     0.763
    -0.592
     0.579
    -0.668
    -2.060
    -3.177
    -4.933
    -3.146
    -3.943
    -4.470
    -7.194
    -7.626
    -7.790
    -5.479
    -4.856
    -6.066
    -3.496
    -3.362
    -2.554
    -2.746
    -3.296
    -4.818
    -4.814
    -5.947
    -4.609
    -6.344
    -5.032
    -6.172
    -5.731
    -3.518
    -2.372
    -0.722
     1.650
     0.321
    -1.554
    -0.734
    -1.887
    -4.384
    -4.545
    -3.201
    -1.000
    -1.759
     0.475
    -0.704
    -1.375
    -1.814
    -0.753
    -3.970
    -9.482
    -9.584
    -6.405
    -6.204
    -6.953
    -5.653
    -6.091
    -4.489
    -4.854
    -4.802
    -5.631
    -3.736
    -3.184
    -2.005
    -0.686
    -0.724
     1.513
     3.226
     5.015
     4.138
     4.073
     2.451
     1.381
     4.775
     3.084
     6.890
     7.142
     7.876
     8.473
     9.328
     9.865
    11.448
    12.593
    11.235
    12.909
    14.822
    13.772
    16.644
    14.684
    14.115
    13.919
    10.621
    11.866
    12.432
     8.910
     5.748
     3.633
     1.557
     0.183
    -1.215
    -4.920
    -3.808
    -8.502
    -9.676
    -6.948
    -6.370
    -4.748
    -4.704
    -3.953
    -3.290
    -0.997
     1.083
     1.522
     1.597
     2.303
     2.952
     1.855
     0.687
     0.388
     0.521
     1.232
    -0.698
    -1.204
    -3.318
    -4.066
    -3.318
    -4.120
    -3.575
    -2.678
    -2.801
    -2.212
    -1.226
    -2.023
    -3.854
    -4.463
    -6.032
    -7.017
    -8.712
   -10.174
    -8.685
    -4.386
    -9.186
   -10.492
    -9.449
    -7.447
    -6.346
    -4.088
    -3.827
    -5.839
    -6.431
    -5.825
    -2.132
    -3.194
    -1.660
    -1.343
     0.633
     0.739
     0.059
     2.210
     4.571
     3.161
     1.262
     1.268
     2.038
    -3.331
    -5.450
    -5.061
    -1.403
    -0.266
     1.930
     2.921
     1.678
    -0.311
    -0.927
    -2.051
    -0.755
    -1.930
    -2.303
    -1.864
    -1.083
    -1.231
    -1.661
    -1.431
    -1.623
    -0.800
    -0.497
    -0.874
    -0.154
    -0.502
     0.336
     0.014
    -0.012
     0.658
     1.596
     5.896
     2.569
    -1.217
    -0.788
     0.604
     3.758
     5.492
     5.867
     6.390
     5.674
     4.959
     5.920
     5.501
     4.807
     3.779
     2.706
     1.763
     1.378
     1.484
     3.596
     2.009
     2.796
     3.381
     5.381
     6.049
     5.109
     4.308
     5.447
     6.233
     6.213
     5.665
     6.524
     6.416
     6.389
     5.079
     3.966
     2.628
     1.767
     2.439
     3.835
     2.767
     1.101
     1.625
     2.510
     2.941
     2.991
     1.713
     2.202
     0.856
    -0.638
    -0.269
    -0.806
    -2.280
    -4.542
    -4.739
    -3.993
    -4.549
    -4.849
    -6.525
    -4.338
    -5.598
    -4.011
    -4.871
    -5.312
    -4.325
    -4.269
    -5.008
    -4.055
    -3.132
    -3.606
    -5.842
    -4.937
    -4.842
    -5.490
    -6.145
    -7.035
    -7.116
    -5.674
    -6.457
    -4.189
    -3.302
    -0.221
    -1.268
    -3.131
    -4.644
    -2.398
    -0.550
    -0.270
    -0.151
     1.553
     3.575
     3.449
    -0.846
    -1.616
     1.808
     2.787
     3.870
     1.857
    -0.211
    -1.742
    -0.512
     0.954
     4.636
     3.367
     3.058
     1.731
     2.898
     2.936
     2.519
     2.993
     1.703
     1.652
     0.594
     0.049
    -0.495
    -0.045
    -0.659
    -1.039
    -0.894
    -0.662
    -2.815
    -2.382
    -1.250
    -0.056
    -0.484
    -1.248
    -2.283
    -0.651
    -0.038
     0.861
    -0.101
     0.372
     0.258
     0.113
     0.650
     0.674
     1.533
     1.715
     1.976
     2.229
     2.561
     3.307
     4.263
     2.285
     2.395
     2.721
     1.964
     0.843
     0.701
     1.016
     1.237
     1.372
     1.298
     0.877
     1.202
     1.881
     2.846
     3.592
     2.388
     3.626
     2.334
     1.657
     0.805
     0.322
    -2.516
    -0.808
    -1.559
    -0.802
    -1.627
    -0.519
    -0.296
    -0.192
     0.052
    -0.763
    -0.284
    -1.089
    -2.768
    -1.614
    -1.222
    -2.019
    -2.384
    -1.364
    -0.654
    -1.719
    -1.414
    -2.572
    -1.961
    -3.124
    -1.903
    -1.498
    -2.269
    -1.332
    -2.591
    -1.515
    -1.755
    -1.310
    -1.943
    -0.821
    -1.639
    -0.332
    -0.791
    -0.669
    -1.231
    -0.942
    -0.547
    -0.462
    -0.527
     0.265
     0.186
     1.552
     0.211
     0.861
     0.368
     0.877
     0.512
    -0.508
    -1.048
    -0.896
    -1.376
    -0.769
    -0.086
     0.172
    -1.968
    -0.334
    -1.002
    -0.626
     0.201
    -0.113
    -0.125
     0.221
    -1.088
    -0.436
    -1.669
    -2.308
    -0.034
     0.031
    -1.175
    -2.164
    -1.058
    -0.425
    -0.673
    -0.920
     1.028
     1.163
     0.865
     2.158
     3.522
     3.508
     4.371
     6.526
     7.272
     8.193
     7.753
     7.725
     6.953
     6.574
     5.761
     5.202
     4.189
     3.015
     2.761
     2.532
     1.528
     1.447
     0.940
     1.858
     1.950
     1.117
     2.492
     2.326
     1.428
     1.719
     1.148
     1.295
     1.086
     0.644
     0.734
     0.743
     0.643
    -0.831
    -1.722
    -0.307
    -0.491
    -2.396
    -2.819
    -2.636
    -3.191
    -4.146
    -4.493
    -3.280
    -3.697
    -2.286
    -2.041
    -2.679
    -3.091
    -2.906
    -4.002
    -2.966
    -4.711
    -4.266
    -3.670
    -4.754
    -4.819
    -4.121
    -4.339
    -5.015
    -4.623
    -4.940
    -4.477
    -5.395
    -4.537
    -4.175
    -3.762
    -4.964
    -3.410
    -3.098
    -2.057
    -1.815
    -1.432
    -1.504
    -1.961
    -1.183
    -0.589
    -0.496
    -0.704
    -0.631
     0.399
    -0.197
     0.327
     0.107
    -0.015
    -0.108
    -0.204
    -0.623
     0.180
    -0.893
    -1.283
     0.070
     0.693
     1.078
     0.466
     0.800
     1.048
     1.728
     0.301
     0.560
     1.671
     2.847
     1.888
     0.378
     0.231
     0.501
     0.978
     2.854
     2.897
     3.397
     4.093
     5.832
     6.984
     7.538
     6.387
     6.476
     6.162
     6.750
     4.974
     3.813
     3.837
     3.078
     1.735
     1.436
     1.584
     1.040
     1.635
     2.140
     1.027
     1.268
     1.361
     1.534
     1.756
     2.318
     2.049
     3.536
     3.566
     1.397
     1.469
     1.012
     0.237
     0.904
    -0.263
     0.031
    -0.268
    -0.078
    -1.111
    -1.866
    -1.956
    -3.044
    -2.272
    -2.212
    -2.147
    -1.700
    -3.220
    -1.892
    -1.434
    -0.374
     1.693
     1.103
     0.911
    -0.769
     0.490
    -0.048
     0.245
    -1.936
    -2.404
    -0.269
    -1.237
    -0.423
     0.223
    -1.204
    -1.511
    -1.157
    -1.656
    -1.556
    -0.749
    -1.496
    -1.648
    -1.239
    -0.155
    -0.713
    -1.561
    -1.634
    -1.530
    -1.876
    -1.385
    -1.283
    -2.011
    -1.351
    -1.828
    -1.310
    -0.726
    -1.329
    -2.573
    -2.174
    -2.118
    -2.805
    -1.824
    -1.854
    -1.182
    -1.164
    -2.025
    -2.352
    -3.036
    -2.532
    -2.247
    -1.850
    -2.292
    -0.795
    -1.214
    -2.548
    -0.677
    -0.492
    -1.556
     0.027
    -0.190
     0.479
    -0.546
     0.400
    -0.370
    -1.051
    -1.195
    -1.375
    -1.310
    -2.041
     0.539
     0.277
    -0.237
     0.438
    -0.009
     0.395
     1.578
     1.294
     2.791
     2.696
     1.367
     1.464
     2.211
     2.909
     2.883
     3.371
     3.101
     3.936
     3.766
     3.020
     2.943
     3.908
     4.355
     4.553
     5.267
     7.116
     6.542
     4.889
     4.693
     3.161
     4.185
     3.471
     3.642
     1.444
    -0.501
    -0.221
     0.432
    -0.804
    -2.101
    -2.292
    -2.361
    -2.800
    -3.134
    -2.657
    -3.225
    -2.726
    -1.620
    -1.502
    -0.402
    -0.270
     0.317
     0.371
     0.671
    -0.407
    -0.990
    -1.062
     0.545
     0.520
    -0.332
    -0.401
    -1.778
    -1.645
    -0.892
    -2.161
    -2.633
    -3.118
    -3.517
    -3.600
    -2.713
    -3.257
    -4.011
    -3.657
    -3.796
    -4.204
    -4.030
    -3.740
    -2.703
    -2.043
    -1.515
    -1.978
    -1.092
    -1.467
    -0.668
    -0.365
    -0.230
     0.345
     0.997
    -0.677
    -0.874
    -0.064
    -0.560
    -0.561
     0.267
     0.213
     0.666
     1.249
     1.319
    -0.510
    -1.035
    -0.134
     1.145
     2.207
     2.659
     3.256
     3.039
     3.520
     2.076
     2.104
     1.837
     2.307
     2.745
     3.673
     2.960
     2.728
     2.190
     2.078
     1.033
     1.585
     1.735
     0.279
     1.547
     1.124
     1.219
     0.518
     0.961
     0.331
     0.123
    -0.074
     0.726
     1.538
     0.419
     2.128
     2.142
     2.272
     2.339
     2.904
     0.289
     0.403
     0.846
     0.898
     0.534
     0.595
     1.784
     1.010
     1.213
    -0.665
    -0.778
     0.398
     1.191
     0.879
    -0.336
     0.018
     1.618
     0.683
     0.491
     0.087
    -0.481
     0.200
    -0.435
    -1.229
    -1.389
    -1.045
    -1.622
    -1.000
    -0.196
    -1.139
    -0.176
     0.391
     0.198
    -0.873
     0.724
     1.706
     1.192
     1.494
     1.208
     0.590
     1.030
     0.842
    -1.270
    -0.959
    -1.507
    -2.380
    -4.269
    -6.506
    -6.304
    -4.139
    -6.075
    -5.370
    -1.635
    -1.337
    -0.094
     0.233
    -0.758
     0.418
    -1.196
    -0.600
    -0.672
    -0.208
     0.552
    -0.935
    -1.536
    -1.846
    -3.431
    -2.893
    -3.136
    -1.914
    -2.019
    -2.646
    -1.807
    -0.816
     0.083
     1.236
    -1.546
    -2.574
    -3.899
    -3.932
    -3.728
    -3.007
    -3.244
    -5.017
    -5.310
    -6.838
    -4.927
    -4.593
    -3.973
    -2.837
    -3.465
    -3.831
    -4.288
    -2.603
    -3.850
    -1.901
    -2.334
    -2.303
    -4.073
    -6.805
    -4.331
    -5.096
    -2.202
    -1.138
     0.587
     3.331
     7.959
     7.331
     4.109
     3.537
     9.537
    14.702
    14.366
    12.543
    10.846
    10.213
     9.560
     8.278
     6.108
     1.644
    -0.487
    -1.278
    -1.268
    -2.644
    -1.264
    -1.910
    -1.402
    -0.262
     1.697
     5.395
     9.533
    11.116
    12.010
     9.324
     9.201
     6.883
     8.503
     9.254
     2.871
     2.003
    -5.947
    -4.906
    -6.131
    -4.802
    -1.295
     0.100
     2.846
     4.436
     3.114
     3.954
     5.539
     7.423
     8.095
     6.150
     8.848
     7.079
     5.962
     8.242
    10.661
    14.333
    15.906
    15.071
    15.603
    15.420
    13.679
    15.694
    13.511
    10.248
    -1.775
    -4.783
    -1.095
     1.152
     6.306
   -11.490
    -5.761
    -1.062
    -1.879
    -8.335
    -9.867
   -16.827
   -17.674
   -23.844
   -29.516
   -31.573
   -27.741
   -23.382
   -19.238
   -19.415
   -21.427
   -18.670
   -16.012
   -15.210
   -16.500
   -15.394
   -12.099
    -7.868
    -7.020
    -7.172
    -8.999
    -7.887
    -8.608
   -10.141
   -11.542
   -12.183
    -8.745
    -7.257
    -5.904
    -6.511
    -6.213
    -4.742
    -0.894
    -0.005
     3.887
     4.689
     6.154
     2.820
     3.984
     5.368
     6.228
     5.875
     5.889
     6.811
     6.914
     6.242
     5.817
     4.892
     5.549
     3.494
     2.792
     1.700
     0.530
     0.606
     0.836
     1.109
     2.818
     3.357
     3.335
     4.132
     3.826
     4.098
     4.831
     5.336
     5.494
     5.844
     5.815
     6.305
     6.466
     6.611
     7.010
     7.621
     7.834
     7.646
     6.847
     7.290
     7.389
     7.507
     7.224
     7.282
     7.317
     7.313
     7.204
     7.248
     7.169
     7.174
     7.059
     7.042
     6.919
     6.899
     6.748
     6.702
     6.523
