     4.240
     4.251
     4.175
     4.162
     4.066
     4.032
     3.922
     3.887
     3.748
     3.690
     3.549
     3.452
     3.245
     3.136
     2.893
     2.757
     2.476
     2.272
     1.936
     1.737
     1.346
     1.023
     0.762
     0.649
     0.451
     0.209
    -0.026
    -0.219
    -0.730
    -0.909
    -1.141
    -1.529
    -2.173
    -2.493
    -3.043
    -3.566
    -3.976
    -4.173
    -4.636
    -4.627
    -5.036
    -4.863
    -5.653
    -6.201
    -6.465
    -6.564
    -7.206
    -7.130
    -7.550
    -8.218
    -8.383
    -9.367
    -9.228
    -9.648
    -9.810
   -10.807
   -10.913
   -11.302
   -11.905
   -12.252
   -11.928
   -11.517
   -12.386
   -11.969
   -11.049
    -9.925
    -9.751
    -8.128
    -6.442
    -5.087
    -2.260
    -1.758
    -0.909
     0.710
     1.930
     2.426
     2.352
     3.610
     4.659
     4.800
     4.889
     6.110
     6.170
     6.909
     7.626
     8.251
     9.439
     8.901
     8.238
     9.034
     9.005
     9.227
     9.224
    10.896
    10.104
     9.241
     7.763
     7.847
     7.659
     7.481
     6.621
     6.326
     4.519
     4.378
     3.364
     3.167
     2.987
     2.835
     1.806
     2.348
     2.129
     2.935
     2.709
     2.779
     2.385
     1.251
     0.820
     0.765
     0.539
    -0.708
    -0.144
    -0.365
    -0.710
    -0.974
    -1.296
    -1.502
    -0.953
    -1.183
    -2.452
    -1.749
    -1.275
    -2.566
    -1.968
    -3.247
    -2.668
    -3.983
    -3.261
    -2.645
    -4.048
    -4.498
    -4.970
    -4.187
    -4.651
    -2.939
    -3.430
    -2.675
    -3.061
    -3.689
    -3.160
    -3.515
    -2.984
    -3.399
    -2.919
    -2.555
    -0.938
    -2.579
    -1.094
    -0.474
    -1.207
    -1.942
    -2.464
    -1.003
    -0.514
     0.028
     1.617
     2.842
     3.137
     2.611
     3.714
     3.101
     2.586
     3.911
     4.018
     2.497
     3.635
     3.164
     2.457
     3.736
     3.068
     3.500
     3.683
     2.748
     3.102
     2.370
     2.643
     2.829
     2.221
     1.365
     1.774
     2.932
     2.119
     0.228
     0.220
    -1.671
    -1.142
    -1.691
    -0.392
    -0.139
     0.078
    -0.776
     1.278
    -0.496
    -1.496
    -3.321
    -4.133
    -4.729
    -2.351
    -1.008
    -1.884
    -1.606
    -1.224
    -1.134
    -3.251
    -6.179
    -4.691
    -5.485
    -5.103
    -5.532
    -6.301
    -6.135
    -5.638
    -4.244
    -3.752
    -5.451
    -2.951
    -2.582
    -1.728
    -1.431
     0.447
     1.875
     3.597
     3.052
     5.721
     8.663
     7.122
     6.702
     9.440
     8.055
     8.675
     7.130
     6.927
     6.538
     6.024
     5.551
     2.970
     2.428
     2.815
     1.654
     2.164
     3.292
     2.826
     0.381
     3.236
    -0.381
    -3.841
    -0.827
    -1.025
    -1.187
    -1.723
    -2.926
    -2.976
    -3.542
    -3.760
    -3.986
    -3.299
    -3.574
    -3.703
    -3.808
    -2.982
    -2.900
    -3.183
    -2.272
    -2.390
    -1.440
    -1.466
    -2.903
    -3.044
    -3.050
    -2.089
    -3.184
    -3.281
    -3.278
    -4.472
    -4.529
    -4.730
    -4.578
    -4.449
    -3.440
    -3.592
    -3.509
    -2.669
    -2.528
    -2.760
    -3.574
    -3.492
    -2.491
    -2.478
    -2.568
    -3.352
    -3.196
    -2.352
    -2.227
    -2.294
    -0.898
     0.031
     1.256
     0.062
     0.176
     0.420
     0.267
    -0.615
     1.682
     0.819
     2.826
     3.046
     4.900
     3.890
     5.032
     5.115
     5.396
     6.164
     6.547
     5.575
     6.636
     5.810
     5.857
     7.836
     6.947
     6.659
     5.994
     4.928
     5.091
     5.097
     5.206
     4.164
     3.384
     3.355
     3.266
     3.276
     3.379
     4.462
     4.783
     4.805
     6.064
     3.966
     3.033
     2.807
     0.666
     0.999
     1.717
     0.872
    -0.181
    -0.426
    -0.233
    -0.239
    -0.074
    -0.021
    -1.164
    -2.048
    -2.930
    -2.925
    -2.817
    -2.826
    -1.091
    -3.566
    -4.473
    -4.509
    -3.163
    -1.850
    -0.648
    -1.704
    -1.555
    -1.384
    -0.375
    -0.335
    -0.153
    -0.126
     0.115
     1.142
     0.360
    -0.575
    -0.494
    -0.418
    -0.226
    -0.223
    -1.035
    -0.988
    -0.796
    -0.790
    -1.606
    -2.456
    -2.545
    -2.410
    -3.344
    -3.306
    -3.225
    -3.127
    -2.819
    -2.764
    -2.401
    -3.276
    -2.125
    -3.071
    -3.865
    -3.676
    -4.470
    -3.357
    -5.150
    -5.121
    -5.024
    -8.004
    -7.604
    -6.158
    -4.810
    -5.524
    -4.227
    -3.996
    -4.857
    -3.537
    -3.013
    -2.692
    -3.306
    -2.252
    -1.672
     0.763
     2.382
     4.863
     5.105
     2.963
     0.929
     2.065
     2.595
     3.086
     3.460
     3.790
     4.024
     3.034
     2.321
     2.467
     2.850
     3.448
     1.750
     0.953
     1.180
     1.489
     1.124
     2.500
     1.648
     2.010
     1.252
     1.483
     0.679
    -0.225
     0.222
     0.830
     1.077
     0.531
     0.540
     0.798
    -1.098
    -0.390
     1.172
     2.237
     1.532
     1.970
     3.299
     2.626
     1.877
     1.262
     0.476
    -1.440
    -0.823
     0.303
     0.799
     0.104
     0.327
     0.643
     0.878
     1.068
     0.424
     0.688
     2.029
     0.324
     0.739
     1.880
     1.097
     0.407
     0.498
     1.629
     1.168
     1.442
     1.511
     2.818
     2.065
     1.248
     0.343
     1.778
     2.870
     2.027
     3.268
     0.308
     0.517
     0.549
    -0.289
    -0.147
    -1.047
    -0.789
    -1.530
    -1.402
    -1.165
    -1.009
    -2.123
    -0.880
    -1.397
     0.564
     0.574
     0.556
     0.726
     1.920
     3.122
     1.203
     3.451
     2.466
     2.585
     2.595
     2.825
     2.874
     1.986
     1.935
     1.970
     2.052
     4.207
     3.519
     3.444
     1.356
     1.273
     0.281
     2.350
     2.577
     2.636
     1.688
     1.760
     0.734
    -0.328
    -1.308
     0.530
     0.699
     0.926
     0.956
     0.918
     1.069
     2.170
     2.104
     2.325
     0.122
    -0.825
     0.106
     0.127
    -0.809
    -1.663
    -2.802
    -3.973
    -4.930
    -4.887
    -5.931
    -5.923
    -6.933
    -7.935
    -8.056
    -7.912
    -7.960
    -5.843
    -6.698
    -6.648
    -6.762
    -6.638
    -6.589
    -7.489
    -7.584
    -7.333
    -6.397
    -6.144
    -6.192
    -5.162
    -4.223
    -3.088
    -3.192
    -3.838
    -2.860
    -2.841
    -1.796
    -1.476
    -1.473
    -1.421
    -2.509
    -2.428
    -1.212
    -1.251
    -1.157
    -3.128
    -3.172
    -3.124
    -3.082
    -1.825
    -1.816
    -1.638
    -0.632
    -0.580
    -0.541
     0.570
    -0.325
     0.925
     1.949
     1.946
     2.045
     3.152
     3.443
     3.548
     3.525
     1.568
     1.695
     1.523
     0.588
     2.857
     2.921
     4.021
     3.140
     4.174
     4.268
     5.228
     5.507
     5.445
     5.445
     4.286
     4.727
     4.646
     4.666
     4.916
     4.732
     3.847
     4.963
     3.964
     4.281
     4.261
     4.348
     5.380
     5.304
     5.560
     5.494
     5.465
     5.516
     5.721
     5.576
     5.766
     6.856
     7.117
     5.003
     4.890
     4.811
     4.923
     6.017
     6.038
     5.080
     5.214
     5.244
     5.214
     6.272
     6.501
     6.439
     6.537
     5.570
     5.497
     4.483
     2.366
    -0.227
    -1.027
    -1.209
    -4.557
    -4.498
    -5.426
    -5.529
    -6.496
    -6.431
    -5.273
    -5.293
    -4.965
    -3.965
    -4.778
    -4.994
    -3.751
    -2.657
    -2.546
    -1.497
    -1.096
    -1.010
     1.247
     0.139
     0.167
     0.287
     0.494
     0.617
     0.539
    -0.514
    -1.329
    -0.350
    -2.179
    -1.206
    -2.244
    -0.991
    -2.880
    -1.775
    -2.745
    -2.635
    -4.488
    -4.537
    -5.469
    -5.221
    -6.039
    -5.968
    -5.876
    -5.780
    -5.756
    -5.482
    -6.283
    -5.295
    -5.086
    -3.796
    -3.625
    -3.396
    -3.468
    -3.325
    -3.181
    -4.148
    -4.982
    -4.951
    -4.919
    -6.833
    -5.625
    -6.488
    -6.234
    -6.229
    -6.972
    -6.892
    -7.705
    -7.508
    -7.256
    -6.310
    -6.780
    -6.732
    -8.542
    -9.467
    -9.304
    -8.038
    -6.612
    -5.216
    -3.966
    -2.831
    -4.422
    -3.297
    -2.002
    -1.784
    -1.613
    -2.202
    -0.786
    -0.801
    -0.454
     0.756
     0.151
     0.342
     0.470
    -0.369
     0.913
     0.093
     1.448
     1.676
     2.997
     4.089
     5.696
     6.844
     7.050
     6.259
     5.505
     5.582
     6.943
     7.931
     8.452
    10.627
    10.917
     9.921
    10.118
    10.421
    11.557
    11.858
    10.984
    12.157
    11.473
    10.371
    11.432
    11.520
    11.712
    10.841
     8.940
     9.016
     9.952
     9.094
     9.107
     9.368
     9.531
     9.357
    10.717
     9.538
    10.729
    10.785
     9.879
     9.924
     9.814
     9.707
     8.930
     9.773
     8.998
     8.963
    11.031
    11.004
    11.043
    10.960
     9.899
     9.923
     9.877
     9.666
     9.705
     9.520
     8.384
     7.211
     9.142
     9.052
     8.960
     5.869
     3.367
     0.732
    -3.600
    -5.415
    -6.717
   -10.110
   -14.382
   -16.435
   -19.607
   -22.020
   -23.257
   -24.643
   -25.993
   -28.363
   -28.433
   -30.595
   -29.889
   -29.098
   -28.043
   -27.001
   -25.932
   -25.148
   -25.087
   -24.169
   -23.313
   -20.319
   -19.134
   -17.169
   -13.862
   -11.000
    -9.706
    -7.970
    -5.596
    -3.648
    -1.677
     0.270
     0.338
     1.271
     3.179
     3.068
     1.976
     2.692
     1.576
     1.502
     2.387
     2.233
     1.117
     0.904
     0.634
     0.401
    -0.688
    -0.011
    -0.110
     0.838
     0.947
     1.693
     2.588
     3.576
     3.561
     2.340
     2.192
     3.001
     4.169
     3.085
     3.814
     3.843
     3.720
     3.686
     3.678
     3.585
     4.611
     5.744
     5.791
     7.826
     6.813
     5.469
     3.303
     1.017
    -1.946
    -1.107
     0.060
    -0.068
     2.237
     5.619
     9.164
    12.277
    13.595
    13.723
    13.976
    13.744
    15.001
    14.000
    13.123
    13.180
    12.124
    11.047
     7.868
     6.499
     3.439
     2.381
     2.541
     1.148
     0.239
     0.039
    -0.987
    -2.042
    -2.115
    -2.040
    -1.920
    -2.033
    -1.846
    -1.931
    -0.938
    -0.790
     0.476
     0.481
     0.356
    -0.505
     0.510
     0.677
     1.752
     0.905
     1.797
     0.793
     0.878
     2.854
     3.958
     4.112
     4.117
     6.098
     5.158
     5.227
     5.119
     6.058
     6.098
     4.868
     4.929
     4.797
     4.714
     5.738
     6.741
     6.676
     6.678
     5.659
     5.372
     3.973
     1.858
     1.530
    -1.598
    -3.721
    -2.855
    -3.124
    -4.273
    -6.689
    -8.071
    -7.450
    -7.535
    -7.586
    -6.636
    -5.670
    -4.710
    -5.779
    -5.411
    -5.718
    -5.607
    -3.760
    -2.942
    -3.151
    -2.449
    -3.616
    -2.881
    -2.008
    -2.342
    -0.561
    -1.736
    -0.951
    -0.151
     1.690
     1.263
     0.815
     0.542
     0.326
     0.876
    -0.283
     1.409
     1.179
     1.005
     0.697
     1.381
     1.096
     1.863
     1.416
     1.065
    -1.276
    -2.875
    -4.341
    -6.871
    -7.304
    -7.656
    -6.880
    -8.163
    -8.656
   -10.893
   -10.475
    -9.474
    -9.831
    -9.088
   -10.386
    -9.997
   -12.465
   -13.732
   -15.337
   -15.482
   -16.974
   -17.451
   -17.578
   -14.752
   -14.975
   -17.243
   -17.666
   -20.217
   -21.531
   -22.013
   -25.237
   -27.667
   -30.178
   -30.182
   -28.385
   -27.600
   -28.706
   -28.851
   -28.138
   -41.264
     8.834
    16.438
    14.346
    13.086
    17.994
    17.097
    16.481
    16.888
    18.233
    17.177
    19.363
    18.348
    16.597
    18.740
    18.841
    19.788
    21.038
    21.885
    24.031
    28.489
    29.728
    24.909
    25.735
    26.655
    29.870
    33.579
    33.850
    34.030
    34.136
    35.441
    36.268
    35.648
    37.580
    35.838
    37.739
    36.732
    33.510
    31.108
    27.418
    28.324
    25.735
    26.697
    25.068
    26.023
    21.927
    21.947
    21.133
    19.220
    19.104
    15.774
    14.707
    12.430
    12.354
     9.487
     3.140
    -2.808
    -9.460
   -13.385
   -22.378
   -24.635
   -25.406
   -30.405
   -31.542
   -32.476
   -33.281
   -32.995
   -33.659
   -30.189
   -28.018
   -29.777
   -28.789
   -29.603
   -30.737
   -31.515
   -34.475
   -31.239
   -30.231
   -29.660
   -28.367
   -25.651
   -26.674
   -25.406
   -25.146
   -22.961
   -22.656
   -23.547
   -22.393
   -22.251
   -24.959
   -22.636
   -21.396
   -22.196
   -20.925
   -20.862
   -23.054
   -24.147
   -24.153
   -22.033
   -23.910
   -21.461
   -17.853
   -16.576
   -14.566
   -11.123
    -9.041
    -4.740
    -5.470
    -3.357
    -2.428
    -1.227
     0.939
     1.929
     0.985
     5.495
    10.982
    12.482
    14.851
    18.311
    22.521
    26.481
    28.679
    27.157
    27.614
    36.667
    40.005
    39.638
    40.295
    44.651
    41.050
    37.304
    48.322
    43.647
    30.307
    17.802
    19.474
    28.522
    20.826
     7.537
     1.813
     2.889
    -2.023
    -7.660
    -9.806
    -5.803
   -12.626
   -10.435
    -4.979
    -4.090
     0.146
    -1.755
    -4.369
    -8.327
    -3.917
     1.353
     3.277
     3.594
     6.531
     7.440
     9.381
     8.613
     7.707
     9.737
    11.390
    11.046
     9.530
     9.601
     9.265
     9.022
     4.450
    -3.948
    -8.821
   -14.236
    -8.448
     4.908
     0.821
    -4.345
    -7.227
    -6.497
    -6.860
    -4.978
    -0.480
    -8.932
   -18.140
   -24.582
   -27.580
   -35.253
   -33.744
   -28.242
   -20.215
   -16.789
   -11.034
    -8.487
    -7.760
   -14.852
   -17.930
   -21.474
   -16.454
   -10.888
    -3.726
    -1.295
    -0.761
     3.141
     0.789
     7.569
     8.012
     8.410
    10.297
    16.321
    21.216
    27.102
    24.433
    20.502
    20.498
    15.771
    17.424
    18.074
    13.454
    12.223
    10.476
     8.325
     4.799
     1.618
     1.919
     1.120
     2.670
     2.425
     0.969
     2.974
    -0.305
     0.378
    -0.009
    -0.221
     2.541
     4.717
     3.138
     2.940
     2.943
     2.195
    -0.054
    -2.707
    -3.906
    -3.913
    -3.321
     0.791
     1.448
     3.222
    -0.222
     0.239
    -2.058
    -4.496
    -3.837
    -4.949
    -7.717
   -11.293
    -5.396
    -1.350
    -3.437
   -12.773
   -12.590
   -14.147
    -7.274
    -7.870
    -8.090
    -7.858
    -6.049
     6.065
    13.414
     0.802
    -2.778
    -9.342
    -7.552
    -3.378
    -3.707
   -10.761
   -17.313
   -13.518
   -15.292
   -19.069
   -20.566
   -20.055
   -18.726
   -16.077
   -12.405
   -10.102
   -10.561
   -11.210
    -7.525
    -5.275
    -8.274
    -8.015
    -6.344
    -2.876
    -1.686
    -3.779
    -2.310
    -5.160
    -2.282
    -3.293
    -1.318
    -2.139
    -0.992
     2.936
     9.177
     7.176
     7.176
     4.209
     3.345
     6.438
     4.448
     7.701
     8.926
    11.407
     5.959
     5.793
     2.225
     3.143
     4.594
     6.453
    11.967
    12.877
    16.842
    18.343
    18.233
    18.235
    19.146
    18.191
    20.309
    20.709
    20.261
    27.435
    22.238
    20.453
    14.300
     9.131
    12.713
    12.501
    12.070
    15.130
    12.907
    12.688
    11.325
     9.186
     8.968
     8.583
     5.287
     5.073
     5.015
     9.411
     9.765
     4.059
     3.899
     3.890
     0.664
    -1.720
    -3.235
    -6.512
    -4.489
    -5.437
    -5.626
    -6.860
   -10.214
   -11.957
    -3.358
    -6.268
   -18.194
   -16.952
    -6.524
    -1.628
    -3.346
    -9.537
    -5.045
    -4.178
    -9.644
   -10.762
   -15.382
   -23.716
   -20.235
   -17.522
   -20.457
   -15.138
   -10.329
    -8.837
    -9.106
    -3.617
    -1.664
    -2.762
    -2.964
    -5.976
    -7.368
    -9.181
   -10.303
   -11.484
   -10.504
   -10.472
   -10.522
    -5.280
    -4.196
    -5.196
    -3.318
    -1.057
    -2.581
    -3.318
    -0.087
    -0.104
     1.797
    -0.225
     0.593
    -1.403
    -1.488
    -2.974
    -3.874
     2.555
     3.723
     1.583
    -1.975
     0.604
     3.336
     2.204
     1.968
     4.195
     4.399
     7.644
     5.191
     3.777
     3.755
     3.587
     5.590
     2.453
     5.261
     4.002
     1.758
     2.408
     1.290
     0.053
     0.690
    -1.412
    -0.575
     1.209
     3.350
     2.990
    -0.380
     2.661
     3.509
     4.582
     2.875
     1.311
    -2.463
     0.675
     5.340
     5.736
    -2.452
   -10.403
    -9.631
    -5.609
    -6.001
    -6.472
    -7.948
    -7.176
    -6.568
    -5.930
    -6.260
    -6.591
    -4.780
    -4.230
    -0.470
     0.444
     3.071
     0.181
    -1.334
     1.225
     0.995
     2.674
     0.872
     1.255
     2.808
     3.441
     2.642
     3.291
     5.763
     5.432
     5.578
     7.227
     6.775
     9.271
     8.733
     8.109
     7.486
     7.817
     8.254
     8.600
    10.102
     8.402
     9.748
    10.098
    10.400
    12.872
    12.090
    12.417
    13.995
    15.418
    14.789
    14.175
    14.331
    13.572
    12.845
    12.109
    12.248
    11.643
    12.021
     9.092
     7.087
     6.362
     5.755
     5.043
     4.337
     2.569
     1.715
     2.252
     1.475
     0.774
    -0.979
    -2.901
    -4.778
    -3.434
    -6.204
    -5.978
    -7.695
    -8.362
    -8.092
    -8.656
    -9.359
   -10.133
   -12.094
   -12.514
   -14.392
   -14.992
   -14.883
   -16.710
   -17.309
   -18.934
   -17.475
   -18.174
   -17.718
   -17.174
   -16.725
   -17.314
   -17.026
   -17.495
   -14.825
   -14.309
   -14.657
   -14.204
   -12.561
    -9.787
   -10.003
    -8.475
    -9.845
    -8.242
    -7.571
    -6.714
    -6.914
    -6.158
    -5.583
    -5.299
    -7.528
    -3.748
    -6.149
    -5.635
    -3.938
    -4.104
    -3.516
    -0.633
     0.231
     2.159
     0.979
     2.758
     3.298
     3.073
     3.797
     7.767
     7.677
     8.336
     8.855
     8.282
    10.587
     6.521
     7.451
     8.520
    10.392
     9.322
     8.727
     8.490
     8.503
     8.095
     6.838
     6.781
     6.369
     7.487
     7.320
     6.013
     6.749
     8.747
     8.361
     7.268
     8.024
     7.841
     9.664
    10.441
    11.090
    10.943
    10.802
    11.771
    13.430
    11.322
    11.298
    11.113
     8.664
     8.643
     8.415
     8.005
     7.872
     6.634
     5.419
     5.274
     5.985
     5.866
     6.671
     7.507
     7.274
     8.203
     5.761
     6.524
     6.217
     2.847
     2.566
     2.170
    -0.025
    -1.306
    -1.754
    -3.075
    -4.529
    -6.691
    -7.172
    -7.191
    -8.604
    -8.783
    -8.895
    -9.159
    -9.533
    -8.709
    -9.112
    -9.310
    -9.700
    -8.931
    -9.356
   -10.709
    -9.048
   -10.294
   -10.762
   -10.996
   -10.458
   -10.813
   -12.421
   -13.846
   -12.352
   -12.568
   -11.985
   -11.336
   -10.731
   -10.198
    -9.648
    -9.008
    -7.340
    -8.867
    -8.219
    -6.306
    -4.785
    -2.155
    -1.653
    -2.022
     0.094
     2.435
     4.198
     4.859
     5.389
     5.036
     4.425
     4.133
     3.621
     3.067
     1.512
     1.276
     0.053
    -0.385
     1.443
    -0.161
    -1.540
     0.390
     0.766
     1.526
     2.114
     3.756
     2.395
     3.251
     4.046
     3.870
     4.384
     5.323
     4.848
     6.761
     6.421
     7.042
     5.594
     5.536
     5.345
     4.881
     5.806
     5.524
     7.308
     8.083
     7.796
     7.857
     6.581
     6.499
     6.408
     6.283
     6.011
     6.926
     7.725
     6.693
     5.726
     4.528
     6.443
     6.478
     5.265
     4.178
     3.094
     3.130
     2.091
     1.050
     0.171
     0.423
    -0.852
    -1.806
    -2.909
    -3.810
    -3.679
    -3.499
    -4.470
    -5.556
    -5.451
    -6.251
    -5.889
    -5.560
    -6.472
    -5.355
    -5.196
    -3.743
    -4.589
    -5.374
    -4.995
    -4.709
    -5.574
    -4.344
    -6.210
    -6.563
    -6.161
    -4.772
    -3.366
    -2.934
    -1.205
    -1.024
    -0.840
    -1.482
    -1.974
    -2.649
    -5.167
    -4.532
    -2.408
    -2.671
    -1.168
    -0.729
    -1.402
    -1.021
    -0.378
    -1.793
    -4.747
    -6.459
    -5.949
    -5.378
    -5.719
    -6.317
    -5.782
    -4.056
    -3.614
    -2.963
    -4.724
    -3.605
    -2.812
    -1.218
    -1.636
    -2.686
    -0.198
     1.560
     3.088
     2.769
     2.212
     2.057
     1.537
     1.018
     1.954
     2.798
     3.329
     4.033
     4.768
     6.073
     5.697
     7.611
     8.067
    10.670
    10.037
     8.885
    11.779
    11.294
    11.759
    13.081
    12.604
    12.218
    11.534
     9.976
     8.474
     7.607
     6.688
     4.281
     3.388
     1.793
     1.038
    -0.802
    -0.614
    -3.253
    -1.885
    -2.224
    -1.509
     0.083
     0.679
     0.028
     0.947
     0.579
     2.015
     1.627
     1.261
     2.554
     3.180
     0.436
     1.801
     0.123
     0.379
     0.764
    -2.057
    -3.005
    -2.686
    -3.154
    -4.909
    -3.605
    -4.339
    -4.994
    -3.873
    -3.924
    -2.188
    -3.060
    -4.920
    -4.579
    -6.690
    -7.481
    -8.483
   -10.559
    -7.425
    -4.933
    -9.958
    -9.697
    -9.676
    -9.589
    -6.121
    -5.721
    -5.663
    -5.742
    -5.776
    -5.377
    -2.343
    -3.354
    -1.047
    -0.568
    -0.448
     0.493
     0.375
     3.329
     4.431
     4.280
     3.251
     2.476
     1.976
    -1.652
    -4.000
    -4.812
    -2.961
     0.294
     1.496
     2.482
     2.317
     0.154
     0.884
    -0.078
    -1.312
    -0.536
    -0.827
    -0.862
    -1.821
    -1.978
    -1.284
     0.646
    -0.599
     0.255
     0.214
    -0.086
     0.507
    -0.409
    -0.620
     0.225
     0.955
     0.938
     0.782
     4.217
     2.373
    -0.933
    -1.126
    -0.331
     1.834
     3.577
     3.372
     4.300
     5.001
     3.854
     3.671
     3.534
     4.242
     2.981
     1.649
     2.415
     0.133
     0.934
     1.789
     1.520
     1.515
     4.457
     4.275
     5.161
     3.899
     4.639
     4.586
     5.191
     5.076
     4.835
     7.553
     5.564
     6.232
     6.155
     4.716
     2.630
     3.184
     3.163
     5.038
     3.854
     2.691
     2.613
     2.357
     3.458
     3.142
     2.975
     1.866
    -0.268
    -0.560
     0.451
    -0.803
    -2.010
    -3.208
    -4.117
    -3.311
    -4.335
    -4.391
    -3.616
    -5.727
    -3.661
    -4.752
    -3.781
    -3.954
    -4.826
    -3.965
    -4.800
    -3.873
    -2.946
    -3.064
    -4.047
    -5.075
    -3.969
    -3.950
    -3.942
    -5.262
    -7.056
    -5.084
    -4.967
    -3.731
    -2.537
    -0.686
    -1.596
    -3.672
    -2.518
    -2.295
    -1.131
    -1.220
    -0.742
     0.409
     1.401
     2.655
    -0.384
    -2.343
    -0.205
     2.025
     1.259
     1.185
    -0.819
    -1.743
    -1.201
    -0.121
     2.343
     2.381
     0.448
    -0.403
    -0.327
     0.628
     1.004
     1.124
     1.215
     0.415
    -0.343
    -0.372
    -1.250
    -1.017
    -0.903
    -0.827
    -1.593
    -1.341
    -1.308
    -1.240
    -0.847
    -0.542
    -0.479
     0.454
    -0.323
    -0.097
     0.132
     0.207
     0.549
     0.611
     1.892
     1.053
     1.162
     1.467
     1.787
     2.896
     2.044
     3.184
     2.502
     2.639
     2.780
     1.948
     2.070
     2.231
     1.360
     2.493
     1.623
     1.819
     1.935
     1.130
     1.269
     1.289
     1.337
     1.542
     1.858
     3.061
     4.137
     2.310
     2.374
     2.297
     1.273
     0.291
     0.397
     0.462
    -0.312
    -0.267
    -0.179
    -0.186
     1.941
     1.104
     0.206
     0.101
    -0.779
    -0.719
    -1.702
     0.328
    -1.478
     0.416
    -0.451
    -1.426
    -0.434
     0.585
    -1.409
    -0.365
    -1.421
    -1.475
    -1.417
    -0.437
    -1.400
    -1.310
    -1.514
    -1.371
    -1.371
    -1.290
    -0.394
    -0.480
    -0.458
    -0.611
    -0.596
    -0.750
    -1.717
    -2.682
    -0.762
    -0.796
    -0.719
    -0.892
     0.214
     0.138
     1.058
     0.115
    -0.057
    -1.114
    -1.227
    -1.362
    -1.372
    -1.480
    -1.726
    -0.662
    -0.651
    -1.786
    -1.955
    -1.888
    -1.998
    -1.042
    -1.077
    -1.189
    -0.258
    -0.267
    -1.364
    -3.564
    -1.636
    -2.695
    -1.640
    -1.831
    -0.805
    -1.971
    -1.196
    -1.167
    -0.994
    -1.147
    -0.123
     0.840
    -0.339
     0.873
     1.699
     2.642
     3.715
     4.903
     5.905
     6.914
     6.789
     6.707
     5.657
     4.561
     4.479
     2.405
     3.270
     1.930
     1.089
     1.133
     0.967
     0.881
     0.982
     0.952
     1.002
     1.049
     2.189
     0.923
     1.066
     2.014
     1.124
     1.108
     1.976
     1.012
     1.117
    -0.001
    -0.998
    -0.917
    -0.910
     0.000
    -1.823
    -0.952
    -1.880
    -1.856
    -2.892
    -2.870
    -3.719
    -3.697
    -2.577
    -1.527
    -2.450
    -1.414
    -2.364
    -2.233
    -2.200
    -3.153
    -2.021
    -2.087
    -1.910
    -1.944
    -1.757
    -1.647
    -2.579
    -1.542
    -1.355
    -3.242
    -3.069
    -3.126
    -2.010
    -2.979
    -1.775
    -1.581
    -1.560
    -0.429
    -1.312
    -0.141
     0.034
     1.008
     1.126
     1.112
     0.319
     0.456
     0.550
     0.585
     0.847
     0.773
     0.846
     1.012
     1.071
     1.165
     2.234
     1.314
     1.480
     1.478
     2.530
     1.588
     1.682
     1.842
    -0.165
    -1.280
    -0.978
    -0.879
     0.168
    -0.026
     0.381
     1.257
     0.314
    -0.677
    -1.568
    -0.553
    -0.419
    -0.256
     0.790
     0.841
     0.841
     2.059
     3.238
     3.280
     3.134
     3.098
     3.225
     3.926
     3.964
     0.777
     1.751
     1.602
     0.645
     0.613
     1.575
     0.504
     0.432
     0.309
    -0.506
     0.280
     1.104
     0.221
     0.184
     0.124
     1.082
     1.147
     0.980
    -0.302
     0.718
    -0.399
    -0.542
    -1.617
    -0.610
    -0.663
    -0.972
    -1.037
    -1.915
    -2.056
    -2.303
    -2.219
    -2.242
    -1.557
    -1.538
    -1.697
    -1.708
    -1.724
    -1.727
     0.039
     1.115
     1.906
     0.945
    -0.234
    -0.263
     0.452
    -0.462
    -1.702
    -1.697
    -1.642
    -1.750
     0.001
    -0.875
    -1.009
     0.854
    -0.247
     0.651
     2.385
     0.456
     0.354
     0.166
    -0.713
    -0.678
     1.086
     2.007
    -0.093
     0.881
    -0.165
     0.729
     0.620
    -0.371
     0.593
    -0.400
    -0.511
    -0.415
     0.383
    -0.644
    -1.687
    -0.756
    -0.835
    -0.804
    -0.901
     0.137
    -0.861
    -0.920
    -1.027
    -1.991
    -0.977
    -1.979
    -0.982
    -0.862
    -0.925
    -0.878
    -1.043
     0.105
     0.238
    -0.566
     0.275
     1.296
     0.365
     1.413
     0.281
    -0.645
    -0.853
    -1.744
    -1.653
    -1.747
    -1.595
    -0.423
    -1.418
    -1.268
    -1.382
    -0.239
    -0.350
    -0.142
     1.901
     1.930
     1.005
     0.880
     1.044
     1.186
     1.171
     2.185
     3.354
     2.505
     3.540
     3.568
     3.509
     2.619
     2.851
     4.970
     4.736
     3.022
     4.045
     4.101
     3.133
     3.104
     1.121
     2.263
     2.150
     1.157
     1.078
    -0.800
    -0.760
    -0.764
    -0.909
    -2.710
    -2.785
    -2.667
    -2.779
    -2.637
    -2.597
    -1.503
    -2.481
    -1.328
    -1.320
    -1.264
    -0.213
    -0.155
    -0.076
    -0.029
    -0.126
     0.066
     0.018
    -1.003
     0.038
    -0.899
    -1.006
    -1.847
    -1.990
    -1.910
    -2.931
    -2.839
    -2.891
    -1.897
    -2.070
    -2.963
    -3.023
    -3.189
    -2.942
    -3.023
    -3.009
    -1.817
    -1.882
    -0.852
    -1.837
    -1.689
    -1.753
    -1.671
    -0.674
    -0.688
     0.270
     0.334
    -0.631
    -0.506
     0.318
    -0.672
    -0.574
    -0.646
    -0.745
    -0.535
     0.418
     1.543
     0.444
     1.393
     0.415
     0.466
     0.433
     0.497
     0.579
     2.592
     2.627
     2.476
     2.497
     1.518
     2.557
     1.642
     2.701
     1.757
     3.867
     2.889
     2.904
     2.904
     2.882
     2.961
     1.718
     0.901
     0.850
     1.077
     0.135
     0.279
     1.229
     1.195
     0.335
     1.387
     1.338
     0.505
     0.453
     0.808
     1.935
     0.957
     1.104
     1.287
     2.357
     1.243
     0.300
     0.544
     1.502
     1.648
     0.811
     1.056
     0.198
     1.389
     0.304
     1.574
     0.746
     1.909
     1.038
     1.156
     0.319
     0.662
     0.905
    -0.057
     0.142
     0.396
    -0.465
    -0.298
    -0.178
     0.100
    -0.792
    -0.643
    -1.442
    -1.015
    -0.897
    -0.570
    -0.468
    -0.154
    -2.079
    -1.681
    -1.440
    -1.093
    -0.746
    -0.648
    -1.273
    -2.038
    -0.853
    -1.645
    -2.334
    -2.012
    -1.980
    -2.947
    -4.682
    -5.616
    -5.188
    -3.891
    -3.555
    -1.067
    -0.716
     0.705
     0.967
     1.271
     0.555
     1.631
    -1.011
     0.338
    -0.268
     1.068
     1.154
    -0.438
    -0.322
    -2.017
    -2.879
    -2.512
    -2.067
    -1.820
    -1.702
    -1.305
    -0.075
     1.387
     2.583
    -1.148
    -2.121
    -1.762
    -1.656
    -2.199
     0.005
    -1.658
    -3.523
    -3.348
    -5.055
    -4.808
    -3.567
    -3.240
    -1.924
    -2.634
    -3.466
    -3.221
    -3.879
    -2.652
    -1.391
    -1.942
    -3.710
    -5.690
    -4.660
    -5.240
    -5.169
    -4.750
    -4.436
     0.021
     2.190
     8.930
     7.658
     2.987
     4.241
     9.688
    12.008
    14.311
    11.291
    11.420
    10.399
     9.607
     8.645
     6.695
     3.644
    -1.417
    -3.166
    -3.158
    -5.136
    -4.795
    -5.829
    -5.433
    -3.319
    -1.212
    -0.074
     4.581
     7.721
     7.708
     7.774
     4.837
     4.670
     7.887
     3.051
     1.639
    -3.182
    -7.313
    -8.130
    -8.045
    -5.855
    -2.637
    -0.354
     0.753
     2.541
     3.611
     2.833
     4.838
     5.866
     7.824
     6.786
     7.683
     8.810
     9.843
     9.091
    11.884
    14.710
    16.404
    15.604
    17.254
    17.305
    15.501
    14.871
    14.307
     9.103
    -1.151
    -1.799
     1.755
     4.716
    -1.606
    -8.548
    -4.801
     2.267
    -0.935
    -5.273
    -9.223
   -11.107
   -14.476
   -19.429
   -24.118
   -23.637
   -20.800
   -18.230
   -15.946
   -17.315
   -17.543
   -15.250
   -12.815
   -13.591
   -14.490
   -13.507
   -10.063
    -6.899
    -6.558
    -6.776
    -7.539
    -7.799
    -8.477
    -8.162
    -9.323
    -9.491
    -8.993
    -5.269
    -5.211
    -5.039
    -4.265
    -2.703
     0.239
     3.793
     2.717
     4.864
     4.768
     3.508
     4.532
     5.002
     6.446
     5.018
     6.383
     6.569
     6.542
     5.998
     5.740
     4.347
     4.958
     3.032
     2.299
     1.338
     0.038
     0.055
     0.123
     0.332
     1.401
     1.701
     1.918
     2.548
     2.339
     2.469
     2.968
     3.053
     3.411
     3.525
     3.736
     3.790
     3.913
     4.054
     4.627
     4.791
     5.103
     4.580
     4.304
     4.448
     4.563
     4.514
     4.394
     4.391
     4.475
     4.376
     4.406
     4.370
     4.397
     4.385
     4.387
     4.336
     4.367
     4.326
     4.348
     4.289
     4.301
