     3.472
     3.864
     4.175
     4.555
     4.854
     5.221
     5.507
     5.861
     6.141
     6.483
     6.719
     7.004
     7.231
     7.561
     7.728
     7.943
     8.048
     8.243
     8.337
     8.521
     8.565
     8.650
     8.624
     8.686
     8.765
     8.828
     8.707
     8.777
     8.565
     8.577
     8.417
     8.345
     8.041
     7.869
     7.743
     7.204
     6.882
     6.810
     6.320
     6.021
     5.827
     5.119
     4.762
     4.370
     3.171
     2.959
     2.835
     1.733
     1.298
     0.721
     0.163
    -0.200
    -1.036
    -1.820
    -2.819
    -3.403
    -4.041
    -5.335
    -5.247
    -4.943
    -6.469
    -6.587
    -5.797
    -5.287
    -5.683
    -5.863
    -5.336
    -3.956
    -4.330
    -3.486
    -1.701
    -1.643
    -1.849
    -2.530
    -1.728
    -1.940
    -0.917
    -1.744
    -1.454
    -1.664
    -1.192
    -1.263
    -0.705
     0.488
     3.002
     3.465
     2.252
     0.356
    -0.855
    -1.412
    -3.646
    -3.890
    -7.460
    -8.790
    -9.807
   -11.214
   -13.652
   -11.298
   -11.008
    -9.406
    -7.003
    -5.803
    -4.622
    -3.944
    -4.127
    -4.200
    -4.547
    -4.622
    -3.721
    -1.787
    -2.474
    -3.721
    -4.856
    -4.371
    -5.106
    -5.069
    -5.208
    -6.214
    -5.077
    -3.157
    -3.373
    -4.133
    -4.976
    -4.202
    -5.077
    -4.483
    -3.228
    -2.729
    -0.545
    -0.961
    -0.764
    -1.102
    -1.355
    -0.665
    -0.781
    -0.607
    -0.199
     0.728
    -0.386
     0.663
     1.575
     1.161
     2.434
     3.394
     3.745
     2.909
     4.323
     4.479
     1.701
     2.873
     2.181
     3.557
     4.441
     3.699
     4.269
     4.996
     3.739
     3.334
     7.760
     5.029
     4.288
     4.957
     7.708
     8.176
     8.075
     8.530
     6.740
     7.041
     7.543
     7.460
     6.878
     6.752
     5.917
     6.107
     4.545
     1.450
     2.955
     2.643
     1.739
     2.464
     2.942
     1.447
    -0.292
     0.201
     0.987
     2.132
     1.069
     0.293
     2.606
     3.377
     2.123
    -0.454
    -1.184
    -2.357
    -2.356
    -2.118
    -0.414
     3.664
     4.969
     4.901
     6.343
     5.911
     4.059
     0.060
    -0.548
     3.669
     6.545
     7.031
     7.573
     8.455
     9.608
    11.247
    11.906
    10.301
    13.156
    14.289
    12.965
    12.995
    13.964
    13.229
    12.937
    13.488
     8.890
     3.720
     3.761
     3.437
     0.795
    -2.342
    -2.934
    -4.888
    -6.162
    -6.128
    -8.467
    -4.275
    -8.500
    -9.727
    -8.913
   -10.950
   -14.405
   -15.887
   -16.729
   -16.042
   -17.859
   -18.325
   -18.194
   -19.165
   -19.114
   -18.941
   -17.674
   -19.211
   -14.883
   -14.905
   -12.400
   -13.683
   -17.365
   -19.229
   -19.309
   -15.890
   -15.503
   -16.715
   -15.181
   -14.259
   -13.082
   -14.041
   -10.628
    -8.720
    -8.883
    -6.455
    -6.415
    -4.906
    -2.531
    -4.044
    -4.414
    -5.099
    -1.556
    -0.436
    -0.734
     0.242
     1.955
     2.636
     1.818
     3.806
     3.827
     5.183
     5.080
     5.096
     6.810
     6.878
     8.129
     8.454
     7.917
     9.169
     8.805
     8.596
     8.267
     9.074
     9.882
     9.812
     9.552
     8.860
     9.019
    12.026
    13.295
    13.429
    14.916
    12.021
    12.924
    13.666
    12.335
    10.444
    10.201
     9.410
     8.508
     4.863
     6.564
     9.527
     4.835
     3.885
     6.364
     8.260
     8.949
     6.359
     5.269
     3.835
     2.553
     5.218
     7.134
     7.970
     5.364
     5.464
     5.197
     5.098
     3.709
     2.386
     2.285
     3.060
     4.946
     7.517
     4.746
     4.301
     3.511
     3.815
     2.060
     4.426
     5.779
     6.667
     7.319
     4.799
     2.084
     2.492
     5.470
     6.116
     4.755
     3.316
     1.942
     2.120
     3.068
     1.231
     0.079
    -1.257
    -2.099
    -3.035
    -3.638
    -4.005
    -0.349
    -1.719
    -2.893
    -6.374
    -9.783
    -9.197
    -9.423
    -9.921
    -9.624
   -10.154
    -9.434
   -11.488
   -12.940
   -13.029
   -13.913
   -14.545
   -13.395
   -14.084
   -12.597
   -12.979
   -12.826
   -13.339
   -12.391
   -13.766
   -14.077
   -11.983
   -11.982
   -10.965
   -10.762
   -10.533
    -9.205
    -8.066
    -7.258
    -7.726
    -6.653
    -7.098
    -3.618
    -3.160
    -3.715
    -3.346
    -4.265
    -5.000
    -3.403
    -0.262
     0.155
     0.591
    -0.442
    -1.582
    -0.403
     2.024
     2.169
    -1.197
     1.088
     1.690
    -0.526
    -2.797
    -3.558
    -2.322
    -2.347
    -3.730
    -2.665
     0.250
     2.152
     6.769
     6.881
     6.832
     3.006
     1.467
    -0.033
     0.354
     1.089
     3.719
     4.304
     2.697
    -0.423
     0.731
    -0.420
     0.847
    -1.845
    -2.589
    -3.280
    -1.188
     1.680
     4.844
     4.276
     8.696
     7.557
     9.390
     7.230
     7.095
     8.208
    11.008
    17.346
    19.440
    22.515
    20.662
    20.296
    18.179
    23.848
    22.287
    20.986
    19.704
    19.678
    17.673
    14.788
    15.738
    13.886
    13.144
     9.974
    10.938
     9.839
    11.159
     9.284
     7.857
     5.721
     4.193
     3.031
     1.672
    -0.851
    -1.873
    -2.456
    -2.555
    -4.239
    -7.092
   -10.171
   -11.596
    -8.736
   -11.465
   -11.774
    -9.920
    -6.408
    -6.774
    -8.417
    -9.727
    -9.593
    -9.237
    -8.945
    -9.348
    -8.006
    -8.615
    -8.062
    -9.571
   -10.462
    -9.229
   -10.657
   -10.040
    -9.327
   -10.781
   -14.159
   -13.667
   -10.564
    -8.489
    -6.033
    -7.315
    -8.750
    -9.310
    -8.293
    -7.585
    -7.465
    -8.287
    -9.590
    -7.641
    -6.815
    -5.420
    -6.933
    -7.963
    -8.742
    -7.356
    -5.845
    -5.388
    -2.918
    -3.294
    -4.598
    -6.835
    -7.699
    -7.305
    -4.616
    -2.512
    -3.085
    -3.290
    -2.191
    -2.192
    -1.751
     0.564
     0.253
     1.670
     2.686
     3.338
     4.944
     6.423
     7.888
     5.946
     4.639
     4.581
     6.620
     7.176
     8.020
    10.625
     9.073
     8.940
     9.336
    10.916
    11.609
    11.950
    12.204
    12.328
    12.263
    10.640
    10.368
    10.709
    11.014
     8.524
     8.282
     8.290
     8.042
     8.054
     6.480
     8.371
     9.441
     9.674
     8.118
     5.597
     4.327
     1.912
     0.611
    -0.225
    -1.628
    -2.729
    -3.764
    -2.854
    -1.555
    -3.124
    -4.059
    -2.902
    -1.116
     0.528
     1.410
     2.445
     0.870
     0.783
     1.686
     1.667
     1.936
     1.641
     1.188
     0.453
     0.184
     1.618
     1.086
    -1.008
    -2.062
    -2.721
    -3.630
    -4.186
    -4.140
    -3.246
    -3.083
    -4.477
    -7.172
    -7.750
    -6.339
    -7.244
    -6.972
    -8.040
    -7.595
    -6.734
    -8.108
    -7.551
    -9.147
    -9.802
    -8.458
    -9.045
    -8.573
    -6.913
    -6.446
    -7.328
    -6.484
    -6.894
    -7.463
    -7.586
    -5.996
    -3.736
    -3.922
    -3.383
    -3.263
    -3.474
    -2.695
    -1.414
    -1.908
    -2.188
    -1.312
    -1.649
     0.035
    -0.942
    -0.237
     0.939
     0.782
     0.422
    -0.436
     2.153
     0.748
    -0.615
    -1.190
    -1.083
    -1.085
     0.583
     0.611
     1.252
    -0.165
     4.006
     5.239
     4.248
     6.970
     5.935
     9.329
     8.852
     9.861
     9.770
     9.178
     8.923
    10.237
     8.702
     8.608
    10.573
     8.803
     9.253
     7.976
     8.504
     6.661
     5.578
     4.900
     4.015
     5.073
     3.791
     3.667
     4.039
     3.650
     4.714
     5.038
     3.858
     4.488
     7.104
     5.781
     4.138
     4.028
     6.038
     6.962
     7.120
     6.124
     7.230
     6.281
     6.682
     4.558
     3.478
     3.738
     2.826
     1.225
     1.168
    -0.502
    -1.587
    -1.257
    -2.926
    -4.287
    -5.930
    -7.495
    -8.942
    -8.385
    -7.784
    -8.567
    -9.091
   -10.949
   -11.918
   -10.590
   -11.957
   -11.153
   -11.510
   -11.146
   -11.787
   -11.429
   -12.507
   -12.735
   -11.428
   -11.132
    -9.763
    -6.836
    -7.455
    -5.623
    -3.583
    -3.076
    -5.321
    -5.228
    -3.365
    -2.010
    -0.411
    -3.063
    -1.560
    -3.171
    -3.647
    -4.929
    -7.072
    -6.858
    -5.295
    -5.320
    -5.394
    -3.797
    -2.196
    -3.388
    -2.126
    -1.313
    -0.182
     1.878
     2.347
     3.297
     3.037
     3.208
     4.282
     4.529
     3.593
     4.753
     5.894
     4.593
     4.560
     4.141
     5.092
     2.822
     3.624
     5.381
     5.702
     6.949
     7.519
     6.459
     7.264
     6.791
     5.264
     4.448
     4.253
     2.750
     3.404
     2.726
     4.921
     4.773
     2.788
     1.656
    -0.411
    -1.721
    -0.182
    -1.280
    -4.109
    -3.707
    -1.505
     0.425
     2.245
     2.505
     3.200
     2.125
     1.832
     1.887
     0.969
     1.780
     0.594
     1.530
     0.283
     2.089
     1.852
     1.627
     1.157
     1.827
     2.275
     2.181
     1.984
     0.127
    -1.642
     0.005
    -0.828
    -1.123
     1.925
     1.825
     1.993
     1.590
     4.751
     4.672
     7.065
     6.502
     6.594
     8.047
     8.874
     9.552
     8.093
     7.324
     7.450
     5.498
     5.442
     5.329
     4.951
     4.777
     5.798
     5.884
     4.510
     6.870
     6.276
     5.609
     4.729
     5.639
     5.804
     4.275
     2.074
     2.119
    -1.141
    -2.288
    -4.035
    -3.454
    -2.012
    -3.072
    -3.035
    -3.931
    -4.581
    -5.120
    -5.960
    -6.901
    -6.830
    -6.747
    -8.107
    -7.753
    -6.292
    -5.991
    -7.201
    -6.496
    -4.623
    -6.934
    -8.432
    -7.902
    -8.033
    -8.422
    -7.054
    -8.830
   -10.161
   -11.797
   -12.609
   -12.200
   -11.355
   -11.841
   -11.640
   -11.689
   -10.980
   -10.067
   -11.767
   -11.447
   -12.149
   -11.567
    -9.079
    -4.223
    -4.018
    -5.396
    -4.318
    -5.819
    -6.136
    -6.419
    -6.249
    -9.829
   -11.816
   -11.217
   -12.546
   -13.473
   -15.000
   -13.959
   -13.282
   -12.586
   -13.400
   -11.355
    -7.089
    -3.852
    -1.199
     1.649
     1.851
     5.305
     7.193
     8.351
     9.906
    10.689
    12.140
    13.216
    15.892
    17.732
    19.919
    19.873
    20.846
    21.368
    20.968
    19.782
    19.415
    18.652
    19.063
    17.956
    14.774
    13.823
    15.621
    16.662
    19.437
    17.101
    14.287
    13.421
    13.834
    15.236
    16.414
    15.213
    14.629
    13.972
    13.208
    10.851
    10.382
     7.033
     5.035
     3.646
     1.432
     1.950
     1.641
     1.607
    -0.674
    -0.894
    -2.164
    -1.591
    -1.645
    -2.942
    -3.553
    -4.799
    -0.912
     0.413
     1.844
     0.477
    -0.191
     0.130
    -1.629
    -2.646
    -3.042
    -2.905
    -1.969
    -0.837
    -0.625
    -1.406
    -2.569
    -2.997
    -2.354
    -1.550
    -0.431
    -2.576
    -4.530
    -6.565
    -5.838
    -7.456
    -9.428
   -10.289
    -9.668
    -8.883
    -8.544
    -7.183
    -7.707
    -7.876
    -8.752
    -7.092
    -7.657
    -7.207
    -7.204
    -8.789
    -9.922
   -13.898
   -16.151
   -15.116
   -12.998
   -10.985
    -7.750
    -7.445
    -7.797
    -8.843
    -7.932
    -8.934
    -9.801
   -10.365
   -13.148
   -14.773
   -16.866
   -14.464
   -13.553
   -13.507
   -11.664
   -10.806
    -9.865
    -7.658
    -6.270
    -6.884
    -9.540
   -13.132
   -11.185
   -11.403
   -12.364
   -12.373
   -16.315
   -18.085
   -18.209
   -15.718
   -13.783
   -16.102
   -17.764
   -15.876
   -14.942
   -12.257
    -4.132
    63.265
    59.027
    39.494
    39.560
    38.857
    38.153
    35.639
    36.975
    40.974
    40.672
    36.096
    33.387
    30.840
    26.111
    26.234
    21.153
    23.627
    27.237
    20.175
    15.387
     5.386
     1.841
     8.805
    10.080
    11.744
     8.738
     2.829
    -0.715
    -0.554
    -2.113
    -8.366
   -13.230
   -17.974
   -17.386
   -14.401
   -16.669
   -22.446
   -25.285
   -27.534
   -26.080
   -25.402
   -18.998
   -15.415
   -14.176
   -10.451
   -10.624
   -14.138
   -13.238
    -5.526
    -3.405
    -5.104
    -9.885
    -9.369
    -6.791
    -2.834
     2.324
     6.846
    13.253
    14.653
    14.023
    10.524
     8.388
    10.014
     8.829
     8.503
     9.151
    11.609
    17.802
    11.636
     8.999
     7.494
     5.562
     3.189
     3.724
     6.140
     8.053
     2.372
    -2.577
     3.447
     4.250
     3.979
     6.378
     7.595
     6.253
     6.643
     7.332
     6.151
     2.995
     0.841
     4.721
     1.963
    -0.243
     2.227
     3.970
     2.999
     1.440
    -0.890
    -4.463
    -7.668
    -4.755
    -0.225
    -0.505
    -4.292
    -5.463
    -7.479
   -13.721
   -17.545
   -19.938
   -23.622
   -21.949
   -25.437
   -25.280
   -27.101
   -28.205
   -27.341
   -31.591
   -34.276
   -30.695
   -30.657
   -29.973
   -32.225
   -28.953
   -19.557
   -10.827
   -16.654
   -18.468
    -7.463
    -6.805
    -3.259
     8.238
    10.867
     5.873
    13.247
    24.964
    42.034
    33.002
    17.070
    14.490
    19.765
    24.172
    18.212
    16.127
    16.783
    15.973
    15.696
    15.880
    14.776
    15.112
    14.654
    11.234
     7.859
    12.727
    16.301
    12.798
    11.316
    13.347
    15.057
     6.589
     2.862
     4.814
     4.893
     7.415
    11.162
     3.713
    11.283
    12.306
    15.901
    26.444
    22.475
    -3.387
    -6.738
     6.699
     6.225
     3.571
     1.202
     2.684
     5.320
     1.304
    -0.947
    -2.736
    -8.166
   -30.193
   -23.197
   -11.845
   -14.332
   -16.175
   -11.423
    -9.075
   -10.682
   -11.462
    -8.526
   -10.445
   -12.017
    -6.029
    -9.381
    -6.920
    -7.729
    -4.472
    -4.270
     3.789
    -0.150
    -1.170
     1.412
     1.393
    -0.526
    -3.474
    -0.720
     2.220
     0.869
    -4.591
    -0.355
    -2.603
    -2.913
    -1.248
    -5.439
    -3.695
    -2.116
    -2.647
    -5.314
    -5.674
    -6.570
    -9.052
    -8.272
    -6.524
    -6.628
    -4.902
    -7.194
    -6.269
    -8.180
    -5.432
    -3.340
    -4.542
    -3.757
    -0.065
     0.848
    -0.053
     4.099
     2.029
     3.106
     0.992
     1.974
     4.456
     3.396
     2.737
     2.360
     1.049
     5.082
     5.352
     2.330
     1.365
     1.539
     0.802
     2.628
     2.425
     1.514
     5.204
     8.630
    19.286
    17.064
    12.964
    11.544
    12.093
    11.171
     8.858
     6.977
    11.856
    17.499
    15.054
     6.606
     3.605
     0.348
     7.008
     9.448
     2.912
    -1.786
    -3.939
    -0.614
    -4.819
    -4.273
    -1.810
     0.746
     1.766
     5.202
     4.791
     4.426
     3.671
     3.010
     7.112
     3.356
    -0.675
    -1.002
    -0.390
    -0.862
    -5.869
    -4.708
    -6.131
    -8.516
    -8.544
    -4.304
    -9.726
   -11.889
    -8.649
    -4.855
    -7.183
   -13.114
   -14.506
   -11.790
   -10.285
   -13.001
    -7.574
    -7.469
    -5.039
   -15.340
   -10.772
   -12.513
    -9.257
    -7.332
    -6.429
    -2.864
    -4.289
     0.603
    -0.601
     2.596
     4.259
     6.118
     5.437
     4.491
     1.406
     3.593
     5.214
     5.295
     1.786
    -0.225
    -4.120
    -3.408
    -5.687
    -1.117
     0.274
     0.715
    -3.331
    -5.507
     1.473
     3.940
     4.330
     2.811
     1.601
     1.084
    10.393
     8.046
     5.402
     6.555
     6.602
     2.996
     0.357
    -1.203
    -1.934
     1.122
     0.819
    -0.171
    -2.793
    -0.922
     2.981
     4.279
     4.129
     1.016
    -0.853
     9.757
    15.127
     2.217
     1.720
     3.602
     2.583
    -0.079
     3.136
    -1.182
    -1.196
    -0.454
     2.098
     2.565
     3.968
     2.587
     2.484
     2.781
     2.073
     4.655
     2.417
     0.278
    -3.451
    -4.321
    -3.192
    -3.228
    -2.354
    -3.727
    -3.835
    -4.411
    -0.013
     0.311
    -1.014
     0.853
     0.384
    -2.571
    -3.465
    -0.706
    -0.566
    -0.983
    -2.221
    -0.162
    -2.399
    -4.005
    -3.902
    -3.533
     0.441
     2.142
     3.346
    -1.186
     2.633
     0.100
    -0.107
     0.074
     3.621
     0.826
     0.515
     3.291
     1.010
     1.615
     1.506
     1.467
    -0.473
    -0.539
    -1.426
     0.386
     0.493
     4.342
     3.346
    -2.013
     0.851
     3.992
     3.182
     3.248
     1.282
    -1.662
     0.134
     4.882
     1.128
     0.244
    -0.957
    -1.010
    -4.252
     3.047
     3.905
     1.390
     1.239
    -1.669
     1.258
     3.178
     2.994
     2.076
     2.333
     0.700
    -0.184
     0.728
     0.898
     0.907
     0.678
    -1.936
     1.248
     1.213
    -1.261
    -1.733
    -2.050
    -3.558
    -1.696
    -2.047
    -1.927
    -0.360
    -0.222
     1.176
     0.079
     1.157
     1.611
     0.284
     0.632
    -0.590
     0.103
    -1.350
    -1.510
    -2.498
    -1.898
    -2.260
    -1.032
    -2.216
    -3.417
    -3.756
    -2.231
     0.262
     1.612
     0.003
    -1.826
    -1.715
    -2.512
    -0.595
    -1.489
    -2.936
    -3.959
    -4.509
    -4.816
    -6.442
    -6.808
    -5.098
    -5.079
    -6.613
    -6.511
    -7.611
    -5.976
    -6.523
    -7.332
   -10.457
    -9.426
    -9.604
    -8.929
    -9.546
    -8.023
    -8.127
    -6.797
    -6.799
    -6.931
    -5.373
    -5.302
    -5.188
    -4.805
    -4.855
    -4.572
    -5.485
    -4.470
    -0.929
     0.648
     0.188
     0.512
     0.860
     3.596
     4.280
     6.862
     7.811
     6.485
    10.227
    11.853
    13.721
    14.175
    15.293
    15.703
    16.353
    14.288
    12.326
    11.153
     9.876
     7.742
     4.112
     3.718
     5.972
     4.336
     1.275
     3.404
     2.443
     2.834
     4.111
     5.132
     9.360
     8.910
    10.790
     9.597
    10.062
    10.970
     9.732
     7.294
     7.334
     7.632
     9.848
     9.459
     8.952
    13.895
    16.719
    18.963
    14.406
    14.846
    13.173
     2.819
     0.416
    -2.771
    -7.238
    -8.260
    -9.166
   -12.959
   -11.945
    -9.731
   -10.783
    -9.826
   -11.077
   -10.234
    -8.055
    -7.468
    -8.189
    -5.552
    -3.376
    -4.036
    -1.357
     2.294
     3.153
     7.831
     7.439
     3.397
     3.614
     4.903
     4.962
     5.795
     3.468
     2.642
    -1.275
    -1.347
    -0.770
    -1.582
    -1.819
    -2.220
    -5.703
    -7.853
    -8.243
    -9.448
    -7.841
    -8.122
    -9.088
    -7.720
    -6.811
    -5.485
    -4.673
    -3.509
    -6.992
    -8.001
    -9.151
    -9.856
    -9.661
   -11.190
   -14.022
   -15.537
   -19.205
   -19.497
   -19.522
   -20.395
   -19.853
   -19.398
   -19.333
   -18.616
   -19.710
   -19.127
   -17.722
   -19.669
   -16.760
   -17.352
   -16.910
   -15.016
   -15.552
   -15.212
   -14.153
   -14.644
   -10.480
    -9.154
    -5.180
    -2.759
     0.191
     3.287
     5.248
     5.452
     7.581
     5.783
     4.805
     5.260
     4.044
     8.876
    14.611
    17.341
    19.183
    18.129
    22.043
    26.542
    27.938
    27.539
    28.438
    30.504
    29.753
    29.225
    28.442
    24.406
    19.887
    18.543
    16.142
    12.181
     9.996
    10.508
     8.713
     9.663
    12.900
    13.648
    16.490
    15.635
    14.248
    11.656
    11.092
    10.741
    10.214
    11.047
    14.077
    13.546
    15.414
    15.459
    13.292
    11.970
    10.582
     9.008
     7.623
     5.976
     5.412
     6.153
     6.837
     5.889
     4.049
     2.477
     0.932
    -0.759
    -1.721
    -0.416
    -2.281
    -3.863
    -5.466
    -4.814
    -4.712
    -2.804
    -6.005
    -8.980
   -11.701
   -13.943
   -16.134
   -17.933
   -20.552
   -20.671
   -21.018
   -20.493
   -25.584
   -24.961
   -25.638
   -24.422
   -20.975
   -20.378
   -20.862
   -20.397
   -20.576
   -18.358
   -15.601
   -15.339
   -12.516
   -13.645
   -12.841
   -11.697
   -10.252
   -11.004
   -11.666
   -12.576
   -13.908
   -17.785
   -11.205
   -11.250
    -5.412
    -5.224
    -1.343
     2.744
     2.074
     1.108
    -0.007
    -3.242
    -5.630
    -3.081
     1.729
     2.712
     9.123
    12.245
    10.258
     9.883
    10.444
     8.153
     3.978
    11.776
    14.404
    12.505
    14.137
    14.528
    10.708
    15.286
    20.811
    15.338
     9.672
     6.208
     6.525
     8.922
     7.914
     3.686
     5.482
     6.142
     8.310
     8.006
     3.107
    -3.154
    -4.401
    -8.260
   -13.248
   -11.089
   -11.078
   -10.179
    -7.387
    -6.473
    -8.977
    -6.080
    -5.748
    -6.922
    -6.253
    -9.129
    -9.411
    -2.456
    -9.942
    -4.452
    -3.506
    -1.797
     3.551
     1.296
    -2.203
     0.723
    -0.258
     1.645
     0.504
     1.453
     3.996
     8.841
     9.852
    10.565
    15.971
    16.793
    20.513
    21.755
    21.162
    19.802
    16.031
    19.023
    14.310
     8.399
     6.939
     4.972
     2.960
     2.627
     0.946
     2.736
     1.861
     5.788
     3.538
     1.450
     0.054
     0.938
     0.132
     1.101
     3.005
     5.580
     7.505
     6.636
     4.050
     4.381
     3.593
     1.217
     0.668
    -5.294
    -7.030
   -13.226
   -16.720
    -4.486
     0.431
     0.294
     1.956
     0.209
    -4.008
    -5.115
    -5.664
    -7.288
    -7.390
    -6.075
    -1.134
     3.622
     8.940
    13.373
     9.810
     5.614
    -5.949
   -12.372
   -14.982
   -17.387
   -16.279
   -10.345
    -1.260
     1.425
     1.912
     0.990
    -1.218
    -3.736
    -3.718
    -4.166
    -5.820
    -6.690
    -7.626
    -7.012
    -5.478
    -5.467
    -6.121
    -5.627
    -6.392
    -7.532
    -7.719
    -6.957
    -6.144
    -5.285
    -4.567
    -4.758
    -5.407
    -6.948
    -6.645
    -7.177
    -8.497
    -7.999
    -7.793
    -3.124
     2.492
     4.289
     7.186
     6.911
     7.696
     6.352
     5.457
     3.739
     1.988
     0.885
    -1.242
    -2.659
    -2.881
    -2.983
    -2.721
    -1.790
    -1.776
    -0.400
     1.052
    -0.107
    -0.425
     1.016
     1.035
     1.297
     1.334
    -1.120
    -0.889
    -2.404
    -1.579
    -0.562
    -1.297
    -1.374
    -1.628
     0.244
     0.831
     3.237
    -0.835
    -1.336
    -2.372
     1.038
     1.219
     0.551
    -0.482
     0.736
     1.237
     1.857
     0.652
     1.655
     2.773
     4.183
     4.551
     4.727
     4.000
     3.697
     4.083
     4.737
     6.299
     6.207
     5.693
     6.486
     6.057
     6.909
     4.547
     4.187
     3.585
     2.923
     3.601
     2.977
     0.940
     3.179
     2.194
     1.854
     0.928
     2.943
     2.069
     2.572
     3.927
     5.372
     5.753
     9.228
     8.553
    10.156
    10.392
    10.552
     9.446
     9.294
     7.026
     7.040
     8.991
     7.657
     5.791
     6.959
     8.621
     5.629
     5.293
     3.120
     3.225
    -0.928
    -3.798
    -4.704
    -6.209
    -8.247
    -7.988
    -8.541
    -6.608
    -8.294
    -7.432
    -7.235
    -8.090
    -8.194
    -8.350
    -6.771
    -7.956
    -6.719
    -8.137
    -7.262
    -6.788
    -6.134
    -4.575
    -2.283
    -2.155
    -2.155
    -1.658
    -0.345
    -2.164
    -2.703
    -2.374
    -3.658
    -3.785
    -3.743
    -3.432
    -3.749
    -2.623
    -3.278
    -2.712
    -2.222
    -1.255
    -1.779
    -3.908
    -3.441
    -3.879
    -4.834
    -4.490
    -4.383
    -4.429
    -4.907
    -5.357
    -4.103
    -3.060
    -3.017
    -2.284
    -1.474
    -1.271
    -1.916
    -2.706
    -3.435
    -3.248
    -1.851
    -2.641
    -2.582
    -1.613
    -1.630
    -0.702
    -0.009
     0.878
     0.867
     1.667
     2.048
     2.597
     3.493
     2.790
     3.235
     2.987
     2.652
     2.755
     2.696
     2.994
     2.953
     3.557
     4.435
     4.302
     3.849
     3.675
     3.151
     3.699
     3.322
     2.738
     1.177
     0.977
     0.506
     1.326
     1.067
     0.461
     1.121
     0.037
     0.584
     0.963
     0.423
     0.604
     1.808
     1.537
     1.362
     1.407
     1.121
     1.647
     1.500
     0.816
     1.745
     0.410
     0.573
    -0.362
     0.103
    -0.866
     0.605
     0.090
     2.249
     2.714
     2.848
     3.349
     3.621
     3.844
     2.690
     2.414
     1.724
     1.473
     1.476
     0.788
     0.369
     0.102
     0.669
    -0.319
    -1.914
    -1.792
    -2.444
    -2.278
    -2.358
    -0.961
     0.013
     0.937
     2.059
     1.257
     0.891
     0.985
     0.805
     1.793
     0.930
     1.345
    -0.470
    -0.319
    -1.036
    -0.274
     1.602
     0.424
     0.715
     1.959
     1.810
     2.854
     2.537
     1.264
     1.600
     1.917
     1.222
     0.890
     1.484
     0.230
     1.053
     1.840
     1.064
     1.515
     1.345
     0.175
     1.352
     0.805
    -0.571
     0.096
    -0.994
    -0.500
    -2.430
     0.235
    -0.830
    -0.526
    -0.910
    -1.237
    -0.244
    -0.780
    -1.105
    -1.297
    -0.446
    -0.778
    -0.452
    -1.525
    -1.173
    -2.019
    -0.974
    -0.623
    -1.079
    -1.564
    -2.216
    -1.452
    -1.867
    -0.950
    -1.008
    -1.629
    -2.192
    -0.454
    -1.003
    -0.860
    -0.668
    -0.367
    -0.234
    -1.452
    -1.585
    -0.803
    -1.067
    -1.136
    -2.434
    -2.091
    -1.566
    -1.737
    -2.477
    -3.388
    -2.735
    -3.466
    -3.264
    -2.889
    -3.268
    -5.480
    -6.246
    -5.700
    -5.100
    -4.901
    -5.217
    -4.833
    -5.061
    -4.452
    -5.454
    -4.472
    -5.616
    -5.313
    -6.914
    -7.468
    -7.140
    -7.223
    -7.292
    -8.084
    -5.859
    -5.536
    -4.764
    -1.752
    -0.163
     1.236
     3.511
     4.280
     7.241
     9.593
     9.122
     9.064
     8.342
     9.307
     9.548
     7.115
     6.303
     6.401
     5.451
     5.473
     4.794
     4.847
     4.354
     5.743
     5.801
     6.304
     6.330
     6.515
     5.500
     6.397
     4.447
     4.210
     3.985
     4.967
     5.612
     3.835
     3.819
     3.658
     3.323
     2.242
     2.740
     2.598
     3.302
     3.361
     1.950
     1.679
     1.138
    -0.487
    -0.979
     0.810
     1.417
     1.062
     1.578
     2.037
     1.358
     1.275
     1.569
     1.606
     2.802
     0.976
     0.358
     1.412
     1.340
    -0.411
    -2.201
    -1.506
    -0.382
     0.309
     2.411
     2.864
    -1.975
    -5.118
    -6.639
    -5.488
    -4.330
    -3.317
    -1.840
    -1.311
    -2.639
    -3.046
    -3.844
    -5.035
    -5.981
    -5.455
    -4.038
    -2.114
    -2.448
    -1.806
    -2.460
    -2.171
    -3.940
    -3.448
    -3.587
    -3.763
    -1.078
    -0.110
     0.107
     0.430
    -0.080
    -0.224
    -0.743
    -0.409
    -0.932
    -0.229
    -0.147
    -2.113
    -1.753
     0.208
     0.227
     1.329
     0.318
     0.370
    -1.007
    -2.404
    -2.195
    -2.880
    -2.970
    -2.688
    -1.579
    -2.759
    -2.395
    -1.922
    -1.596
    -1.328
    -1.277
     0.026
     0.197
     0.829
     1.784
     0.473
    -0.219
    -1.023
    -1.561
    -0.881
    -1.719
    -1.915
    -2.576
    -2.331
    -1.946
    -1.382
    -1.630
    -0.712
    -0.889
    -0.204
    -0.450
    -0.179
    -0.347
     0.333
    -0.105
    -1.292
    -4.060
    -3.557
    -3.727
    -1.534
    -0.220
     1.738
     2.783
     3.611
     1.296
     2.215
     2.981
     3.906
     4.370
     2.068
     1.450
     1.720
     1.943
     2.453
     1.622
     1.907
     2.014
     2.806
     3.069
     3.371
     2.693
     3.134
     3.191
     4.097
     2.460
     2.895
     2.199
     3.131
     2.281
     1.717
     2.083
     1.759
     2.550
     1.890
     2.183
     2.172
     1.464
     1.373
     1.894
     2.015
     1.910
     1.087
     1.509
     0.953
     1.325
     1.264
     0.488
     0.706
    -0.100
    -0.374
    -0.412
     0.357
     0.043
    -0.009
     0.822
    -0.582
    -1.337
    -1.363
    -1.845
    -2.686
    -2.397
    -2.955
    -1.258
    -0.236
    -0.414
     0.962
     0.772
     0.496
     0.054
     0.430
     0.939
     1.722
     0.747
     1.519
    -0.730
    -0.714
    -2.076
    -2.130
    -0.560
    -0.961
    -0.345
     0.323
     0.555
    -0.544
     0.335
    -0.369
    -1.043
    -1.730
    -2.400
    -3.115
    -0.975
    -1.392
    -0.965
    -0.920
    -0.779
     0.064
    -1.290
    -0.865
    -0.798
    -0.555
    -1.149
    -1.875
    -1.891
    -2.177
    -2.634
    -1.308
    -1.709
    -1.294
    -1.781
    -1.406
    -0.469
    -1.618
    -2.760
    -3.334
    -2.915
    -1.983
    -1.522
    -2.079
    -1.852
    -2.210
    -2.585
    -3.335
    -2.594
    -2.788
    -3.022
    -2.032
    -2.220
    -1.070
     0.288
    -0.166
    -0.296
    -1.239
    -0.427
    -0.994
    -0.027
     0.556
    -0.575
    -0.343
     0.045
     1.384
     1.110
     0.205
    -0.458
     1.544
     0.768
     0.873
     0.911
     1.316
     0.754
     0.568
     1.233
     2.882
     1.956
     2.105
     1.768
     2.467
     2.603
     2.616
     2.136
     1.940
     2.086
     3.257
     2.561
     2.370
     2.876
     3.301
     3.678
     4.246
     3.663
     3.307
     3.487
     4.187
     4.999
     4.863
     5.493
     5.089
     5.484
     5.075
     5.499
     5.231
     5.384
     2.258
     3.861
     3.549
     3.701
     2.550
     2.489
     0.894
     0.892
     0.825
     2.631
     0.876
     1.274
    -0.115
    -0.053
     0.350
    -2.154
    -0.328
     0.627
     0.050
     0.275
    -1.378
    -2.111
    -3.296
    -4.190
    -5.431
    -6.549
    -6.753
    -7.114
    -7.514
    -8.067
    -9.068
    -7.357
    -9.849
    -7.089
    -4.702
    -7.962
    -5.343
    -4.648
    -3.084
    -3.677
    -2.990
    -2.070
    -1.375
    -0.783
    -1.345
    -1.572
     0.226
    -1.214
    -2.949
    -2.657
    -3.540
    -4.520
    -5.632
    -5.846
    -5.263
    -5.970
    -7.638
    -8.192
    -4.681
    -5.589
    -5.843
    -3.466
    -3.811
    -4.398
    -4.696
    -1.118
    -6.030
    -4.560
    -4.134
    -6.206
    -6.426
    -6.396
    -4.284
    -1.010
    -0.753
    -0.117
     1.070
     1.777
     2.011
     5.793
     5.588
     5.419
     7.232
     7.941
     8.806
    10.596
    12.091
    11.279
    11.833
    11.552
    11.474
    11.418
    12.892
    16.746
    14.192
    13.661
    10.304
     8.789
    14.501
    13.555
    10.957
     8.386
    14.363
     8.931
    12.039
     8.218
     9.433
     6.783
     6.349
     3.941
     5.112
     5.490
     5.246
     2.575
     0.262
     0.577
     0.079
    -0.149
    -0.495
    -0.984
    -1.061
    -1.465
    -1.155
    -2.469
    -1.822
    -1.545
    -2.262
    -2.900
    -0.751
    -1.770
    -0.876
    -3.378
    -3.836
    -4.449
    -4.729
    -5.745
    -5.885
    -6.378
    -7.128
    -7.513
    -5.458
    -7.064
    -6.321
    -7.925
    -9.206
    -8.480
    -8.988
    -8.526
    -7.828
    -8.516
    -8.766
    -8.890
    -8.304
    -7.833
    -8.011
    -7.783
    -8.283
    -8.173
    -7.968
    -7.538
    -7.285
    -6.995
    -6.853
    -6.516
    -6.373
    -6.135
    -6.031
    -5.793
    -5.702
    -5.237
    -5.048
    -4.955
    -4.949
    -4.808
    -4.742
    -4.361
    -4.177
    -3.710
    -3.642
    -3.212
    -2.783
    -2.259
    -2.065
    -1.684
    -1.404
    -0.998
    -0.696
    -0.323
    -0.022
     0.354
     0.672
     1.052
     1.353
     1.737
     2.057
     2.445
     2.760
     3.153
