        4.72819         5.73892
        5.02428         5.59736
        5.28831         5.53096
        5.56895         5.36651
        5.82128         5.27678
        6.08216         5.09264
        6.31442         4.98187
        6.57421         4.79175
        6.79318         4.67272
        7.02822         4.44272
        7.24258         4.34446
        7.43467         4.12762
        7.58334         3.92602
        7.79553         3.65291
        7.91083         3.47456
        8.00083         3.14876
        8.12542         2.91679
        8.12743         2.58276
        8.17609         2.24234
        8.22859         1.86659
        8.18888         1.60622
        8.14212         1.14791
        8.09504         0.86072
        8.11023         0.54056
        8.02056         0.44307
        8.07555        -0.15053
        7.86890        -0.22933
        7.90193        -0.53436
        7.45654        -1.10923
        7.45486        -1.42691
        7.42740        -1.65158
        7.09283        -1.95465
        6.80917        -2.39714
        6.39683        -3.06899
        6.04789        -3.55714
        5.55439        -4.15117
        4.99107        -4.67905
        4.86849        -5.00459
        4.39746        -5.39486
        4.08958        -5.87529
        3.56345        -6.09461
        3.02952        -6.19950
        2.63476        -6.57842
        1.84011        -7.04595
        1.39746        -7.42953
        0.96394        -7.90118
        0.25980        -8.05686
       -0.45336        -8.52231
       -1.22414        -8.65249
       -1.48490        -9.36989
       -2.30362        -9.48223
       -3.13162       -10.49861
       -3.72856       -10.31266
       -4.31501       -10.47181
       -5.24799       -10.52422
       -6.19019       -11.91758
       -6.86083       -11.96818
       -7.52000       -11.74374
       -8.21584       -12.78972
       -8.53928       -13.60156
       -9.24852       -12.86325
       -9.56355       -13.28986
       -9.89261       -14.02005
       -9.38137       -13.64719
       -9.25368       -11.90246
       -9.06849       -11.83008
       -8.00374       -11.21179
       -7.28289       -10.18716
       -6.52967        -8.55105
       -5.22756        -6.91040
       -3.39189        -5.57112
       -2.89850        -4.73804
       -2.89317        -3.27100
       -3.35989        -0.79837
       -1.76918         0.30705
       -1.13948         1.37367
       -1.58447         0.94201
        0.20763         2.07019
       -0.20588         3.33128
       -0.60086         2.82364
        0.14871         2.97081
       -0.23555         3.63267
        0.56789         3.79634
        1.43318         4.49567
        3.57116         5.30476
        5.17252         5.41077
        4.20490         6.90628
        3.89705         7.03691
        2.21783         7.25520
        1.19924         7.38867
        0.82390         8.30106
        0.46916         8.44659
       -2.04809         9.39050
       -3.16039        10.98978
       -4.31903        10.52063
       -6.21580         9.94571
       -6.67612        10.18773
       -6.35396         8.82359
       -6.03870         9.81457
       -4.90389         8.40255
       -3.75823         7.82656
       -1.75785         7.14554
       -2.14440         6.53196
       -0.88134         5.81376
       -2.07482         5.16344
       -3.26162         4.40896
       -2.81334         3.72285
       -3.17119         3.77916
       -1.84574         3.06615
       -1.32697         3.11139
       -1.68649         3.24092
       -2.02178         3.28224
       -2.38107         3.40745
       -2.71570         3.44406
       -3.07389         3.56414
       -3.40696         2.69176
       -3.76317         1.88975
       -5.00981         0.98625
       -3.52524         1.99781
       -3.84686         1.07632
       -3.25769         0.22645
       -3.57022         0.21495
       -3.90501         0.28623
       -4.21338        -0.68081
       -3.59024         0.33188
       -4.84699        -0.65193
       -2.28546        -0.60006
       -2.57092        -0.63829
       -0.93807         0.37550
       -2.18472        -0.64114
       -1.50591        -1.58306
       -1.77388        -0.66167
       -2.06329        -0.63585
       -1.33972        -1.68679
       -2.60882        -2.66149
       -1.87409        -0.76019
       -1.15613        -1.74696
       -0.40700        -1.83448
       -0.67150        -1.84106
       -0.90854        -2.93617
       -0.16826        -0.95824
        0.60142        -3.06428
        0.35194        -3.09325
        1.12993        -3.21379
        2.88740        -3.25371
        2.67473        -1.38835
        1.44546        -2.44793
        2.24816        -1.60480
        0.03452        -1.68671
        0.85309        -1.86599
        0.65554        -1.97038
        1.49042        -1.17217
        3.30939        -1.29909
        2.16099        -1.52344
        2.99684        -0.67291
        1.86550        -1.91978
        1.71856        -3.09173
        1.60457        -1.36102
        4.47512        -0.55532
        2.37872        -2.84685
        1.26697        -3.06330
        1.18836        -2.37685
        5.09447        -1.61517
        5.03378        -0.95043
        6.95786         0.78972
        7.91518         1.43311
        6.85728         2.15213
        6.83263         2.77462
        6.79276         2.47298
        6.78611         2.07506
        6.76420         3.75328
        5.77547         3.33552
        3.77142         2.99420
        5.80047         2.55720
        3.81411         4.19698
        2.86074         3.74144
        2.89185         3.36302
        2.95582         3.88965
        3.00412         3.49380
        3.08513         3.00339
        4.15029         4.59090
        2.24798         5.08428
        0.32963         3.65601
        0.44359         3.13404
        1.54129         2.69088
        1.67107         3.15448
        1.78435         3.69736
        1.92944         4.14749
        3.05775         2.67739
        4.21760         2.11502
        3.36038         4.63293
        2.53439         3.05909
       -0.30898         0.56605
       -1.12146        -0.01823
       -1.95166         0.47882
       -1.75130         0.88517
        0.43098         2.37339
        2.64344         2.77145
        4.83745         2.25192
        5.06126         2.64279
        5.26622         2.11661
        6.50058         0.50138
        3.71567         0.96966
        0.95975        -0.65055
        0.18413        -4.18670
        1.43707        -5.81079
        3.66988        -4.35026
        4.93079        -1.97712
        5.17112        -2.51881
        6.43910        -3.14734
        7.68603        -3.69016
        7.96014        -4.31928
        9.21274        -5.86215
        8.49204        -8.49078
        8.74935       -10.03264
       10.03288        -9.65974
        9.29392        -9.19955
        8.58070        -9.82408
        8.84451       -10.36082
       10.13356        -9.98180
       10.39914       -10.51448
        8.68948        -8.13092
        7.95585        -8.65860
        3.24648        -9.26956
        3.51266        -9.79131
        3.80260        -7.39591
        2.06760        -7.91085
       -0.64412        -6.50822
       -1.38128        -5.01551
       -2.09565        -3.60483
       -2.83593        -2.10368
       -2.55390        -0.68417
       -4.29825        -0.17383
       -0.02076         2.25523
       -2.77013         4.77547
       -2.49811         5.21476
       -2.25340         6.74555
       -3.98776         7.19569
       -6.74987         8.73763
       -8.49149         8.19920
       -8.26128         8.75284
       -9.01100         7.22637
       -9.78932         8.79219
      -11.54797         7.27814
      -13.33561         5.85660
      -14.10397         4.35538
      -13.90171         3.94685
      -15.68054         2.45882
      -14.48910         3.06364
      -16.27911         1.58910
      -11.09919         4.20754
      -13.90105         1.74674
      -10.73330         5.37902
       -9.54764         3.93214
      -16.39267        -1.42157
      -16.22006         1.14562
      -15.07842         1.80601
      -14.91941         1.38735
      -14.79161         1.06192
      -14.64668         0.65744
      -14.53318         0.34618
      -13.40276        -0.04413
      -14.30397        -0.34126
      -14.18843        -1.71748
      -14.10471        -1.00056
      -12.00439        -2.36281
      -11.93603        -1.63199
       -9.85121        -2.98042
       -9.79844        -1.23588
       -7.72933        -0.57069
       -5.69236        -0.81266
       -5.63911        -0.13411
       -7.61807        -0.36283
       -6.58079         0.32880
       -3.57574        -0.88699
       -3.55447        -0.18259
       -4.56544        -0.38579
       -3.56017        -1.66896
       -2.58711        -1.85993
       -3.59777        -3.13106
       -1.64059        -2.31018
        0.33294        -1.56968
        0.27441        -3.73738
       -0.76768        -3.98568
       -2.84173        -4.14239
       -0.89920        -3.37992
        1.01151        -3.52611
        1.93894        -3.75335
        3.83473        -2.88948
        4.74742        -3.10691
        4.62865        -1.23346
        6.52700        -2.44156
        5.39410        -3.55903
        5.27854        -2.75829
        5.13199        -2.86718
        6.00304        -2.05810
        4.84335        -3.15891
        5.70153        -2.34199
        5.52928        -3.43520
        5.37520        -3.61093
        7.19098        -1.69704
        7.02526        -2.86592
        7.82974        -2.94540
       10.65306        -1.10790
       11.44692        -0.18124
       10.25997        -0.33782
       11.04395        -0.40548
       10.84749        -0.55660
        9.62233        -1.61900
       10.41714        -0.76509
        8.18364         0.17733
        8.97051         1.03586
        9.72949         2.98270
        8.50926         3.84546
       11.26156         2.79635
       11.03508         2.66298
       11.78157         4.61755
        9.54971         4.48771
        9.29127         4.44566
       11.05493         4.31904
       10.79245         4.28006
       10.55253         5.15638
        9.28693         4.12021
        9.04434         6.99922
        7.77653         5.96564
        8.53219         5.84713
       11.26309         5.81594
       11.01793         5.69973
        9.74848         6.67075
        8.50341         5.55670
        9.23452         6.52981
        8.99048         6.41780
        7.72306         5.39292
        5.48095         4.28288
        5.21591         4.25994
        6.97664         3.15182
        6.71489         4.13080
        6.47934         4.02460
        6.22176         4.00552
        5.99081         3.90127
        5.73826         3.88417
        5.51276         4.78194
        5.26608         3.76689
        5.04687         3.66678
        8.80688         4.65390
        8.59476         5.55603
        9.36225         4.54548
        5.15801         2.45001
        2.93374         1.44195
        3.73811         2.34907
        6.52283         1.34371
        5.33653        -0.74636
        4.13092         0.25121
        3.95463         0.16420
        2.75935         0.16496
        2.59371        -0.91873
        3.40939        -1.91451
        2.25499        -0.99459
       -0.91779        -1.98660
       -1.06038        -2.06275
       -2.22109        -3.05067
       -2.35136        -3.12257
       -4.49951        -3.10607
       -3.61698        -2.17338
       -1.75212        -2.15211
       -2.85637        -4.21446
       -4.97810        -4.18806
       -6.06876        -3.24509
       -9.17672        -3.21319
       -7.25346        -1.26453
       -8.34736        -0.22674
       -8.40990        -2.27202
      -10.48948        -1.22798
       -7.53759        -1.26680
       -7.60264        -1.21613
      -10.63614        -1.24813
      -10.68652        -0.19043
      -11.70528        -1.21523
      -12.74087        -0.15015
      -12.74482        -0.16738
      -13.76558        -0.09455
      -13.75468        -0.10384
      -12.76060        -0.02291
      -12.73488        -1.02392
      -12.72601        -1.93454
      -12.68553        -0.92694
      -12.66196        -0.82879
      -13.60685        -1.81226
      -13.56871        -2.70502
      -12.49913        -1.67927
      -13.44661        -2.56266
      -14.36277        -2.52740
      -13.29612        -2.40116
      -11.19826        -2.35615
      -11.11774        -3.22003
      -10.00618        -4.16503
       -9.91211        -4.01882
       -9.78717        -3.95363
       -9.67991        -4.79715
       -9.54197        -4.72160
       -7.42192        -3.55469
       -7.27139        -3.46865
       -6.13898        -3.29117
       -6.97632        -5.19453
       -7.83200        -4.00641
       -7.65769        -3.89908
       -6.50197        -4.70025
       -3.31652        -5.58220
       -4.14993        -6.37264
       -2.95387        -7.24386
       -4.77696        -8.02358
       -4.57087        -7.88410
       -4.38421        -6.65315
       -0.16867        -5.50304
        0.02713        -5.26150
       -1.74849        -5.10086
       -0.54416        -5.84886
       -1.31156        -6.67782
       -1.09934        -5.41550
       -1.85917        -3.23424
       -2.63969        -3.96181
       -1.39260        -2.77054
       -2.16653        -3.48822
       -1.91319        -1.28718
       -1.68119        -0.99523
       -0.42225         2.21529
        3.81501         5.51658
        7.07887         4.73627
        8.32071         3.04656
        6.58882         2.27508
        5.83458         1.59402
        2.10628         1.83100
        2.35528         2.15819
        1.62989         4.40321
        3.88148         5.73824
        5.15835         3.99088
        6.41187         4.33330
        2.69035         2.59310
        0.94516         1.94244
        2.22461         3.20892
        1.48009         3.56469
        1.75989         2.83734
       -0.98459         2.19903
        0.29497         2.47733
       -0.45006         2.84440
       -0.17135         1.12781
        1.08250         2.49972
        3.35981         2.78769
        4.61199         3.16387
        7.88735         1.45583
       10.13732         2.83571
        8.41022         1.13109
        7.65747         1.51409
        6.92741         0.81230
        8.17147         1.19783
        8.43799         1.49828
       14.67841         0.88576
       15.94107         1.18785
       19.17742         1.57669
       18.43582         0.87984
       17.66772         1.26945
       19.92148         2.57307
       22.14855         2.96285
       21.39733         3.26637
       20.61926         3.65576
       20.86273         3.95859
       19.07922         4.34702
       18.31711         4.64861
       15.52789         3.03551
       15.75996         1.33531
       13.96480         0.72016
       12.19082         0.01763
       11.38952         0.39989
       10.60931         1.69453
       10.80171         2.07370
       11.01512         1.36500
       11.20107         1.74059
        7.40799         1.02808
        6.58740         1.39964
        4.78773         0.68287
        3.96052         1.04996
        3.15420         1.32851
        0.32033         1.69070
        0.50734         1.96418
       -1.33321         1.32111
       -3.15287         0.58913
       -4.00009         0.94044
       -5.82639         2.20268
       -7.68023         1.54805
       -8.51312         1.80419
       -7.37352         1.14332
      -10.21293         1.39309
      -11.07980         1.72573
       -7.92562         0.96889
       -5.79884         1.29480
       -6.65096         1.53113
       -7.53041         0.85013
       -8.38868         2.07946
       -9.27420         2.39138
       -7.13846         2.61357
       -9.02988         0.91828
       -8.89996         0.13322
       -7.79711         0.43064
       -7.67282        -0.36176
       -8.57550        -0.07170
       -8.45663         0.12853
       -9.36463        -0.58879
       -9.25098        -1.39595
      -10.16409        -1.12065
       -9.05544        -0.93517
       -9.97342        -0.66722
       -9.86954        -1.48906
      -12.79219        -1.22838
      -11.69285        -2.05745
       -9.61992        -0.80396
       -7.52489         0.35985
       -6.45615        -0.39372
       -7.36520        -1.23690
       -7.30043         1.00262
       -7.21333         2.15261
       -6.15230         1.38540
       -5.06882         2.52875
       -7.01130         2.75499
       -7.93123         1.89191
       -7.87701         2.11183
       -6.80013         2.24254
       -6.74900         3.45638
       -4.67512         1.58113
       -6.62688         0.78914
       -7.55579         0.90819
       -7.51027         2.11064
       -7.44180         2.22428
       -4.39881         2.42144
       -5.33280         2.52995
       -2.29219         1.72213
       -3.22848         0.82580
       -5.19011         0.01330
       -6.12857         1.11244
       -6.09230         0.29557
       -7.03282         1.39049
       -4.99856         0.56955
       -3.94103         0.66057
       -2.90868        -0.16411
       -3.85303        -1.07668
       -1.82252        -1.90479
       -1.76868        -0.82065
       -2.73996        -0.65188
        0.31210        -0.57070
       -0.66095         0.59526
       -0.61064        -1.32622
        0.41456        -0.16279
        1.46312        -0.08663
        2.48655         1.07458
        4.53333         2.14865
        4.55497        -0.69208
        4.59993        -0.61981
        3.61973        -0.46221
        2.66281        -1.39150
        4.68069        -1.23532
        4.72180        -2.16590
        6.73768        -2.01090
        8.77673        -3.94255
        5.79049        -3.78852
        6.82737        -4.72102
        7.83888        -5.56775
        7.87344        -5.50092
        8.88257        -5.34822
        8.91467        -7.28188
        8.92124        -8.12959
        9.95071        -7.06360
        9.95456        -6.91158
        7.98121        -6.84580
        7.98216        -6.69394
        9.00580        -6.62826
        8.00364        -6.47645
        8.02407        -6.41079
        7.01859        -7.25898
        7.03560        -7.19328
        6.02658        -7.04140
        6.03995        -6.97562
        6.02717        -5.82365
        7.03666        -6.75778
        8.01989        -5.60572
        8.02528        -4.53977
        8.00429        -5.38764
        5.00533        -4.32163
        2.97989        -4.16947
        1.97636        -4.10346
       -0.05378        -3.95133
       -0.06211        -3.88539
       -0.09717        -3.73339
       -2.11053        -2.66762
       -3.15073        -2.51583
       -2.16936        -2.45034
       -3.21492        -2.29890
       -3.23902        -2.23382
       -3.29016        -2.08286
       -3.31993        -1.01833
       -1.37685        -0.86801
       -1.41249        -1.80421
       -0.47537        -2.65470
        1.48294        -2.59179
        1.41393        -2.44326
        1.36602        -1.38144
        0.29072        -2.23409
        1.23645        -1.17355
        2.15472        -1.02758
        2.09397        -0.96852
        2.00569        -0.82415
        0.93834         0.23322
       -0.15657         1.37580
        0.76939         1.43125
        1.66777         1.57181
        0.58699         3.62515
        0.47861         3.76348
       -0.60894         2.81447
       -0.72412         3.95035
       -1.81845         4.99880
       -1.94041         5.13202
       -2.04151         4.17771
       -2.17021         4.30807
       -1.27803         2.35080
       -4.41342         3.47811
       -5.52788         4.51768
       -4.66986         3.64174
       -3.79087         3.67798
       -3.93932         3.79863
       -5.06673         4.83137
       -5.22151         4.94844
       -5.35515         3.97752
       -5.51606         6.09087
       -5.65574         6.11617
       -4.82258         6.22567
       -5.96807         6.24707
       -6.14060         5.35261
       -7.29163         6.37001
       -7.46957         6.47151
       -5.62586         4.48484
       -4.80890         5.58224
       -4.97013         5.59144
       -5.15794         5.68470
       -5.32377         5.68975
       -3.51599         5.77886
       -4.68603         5.77976
       -3.88227         6.86473
       -3.05613         6.86150
       -2.25597         6.94238
       -2.43321         4.93508
       -1.63621         6.01192
       -2.81639         7.00064
       -2.02209         6.07355
       -1.20473         6.05840
       -0.41264         6.12750
       -0.59724         6.10861
       -0.80686         7.17406
        1.00710         7.15161
       -0.20370         5.21358
       -0.39067         5.18777
        0.39789         6.24649
        0.21056         6.21753
        0.99903         5.27324
        0.81189         6.24140
        0.60083         5.29437
        1.41445         4.25993
        1.20444         4.31044
        0.01940         5.27371
       -0.18898         5.32209
        0.62790         5.28340
        1.42173         6.33000
        2.24112         5.28971
        0.03775         5.33490
        1.86023         5.29339
        1.66024         5.33755
        3.48640         1.29522
        3.29037         0.33878
        2.12077         1.29605
        3.92928        -0.66057
        2.76450        -2.70326
        4.57811        -4.65962
        4.41870        -5.70181
        5.23796        -6.65745
        5.08447        -6.69869
        5.90991        -7.65313
        4.76287        -6.69293
        5.59501        -6.64570
        6.45491        -5.68358
        5.29425        -6.63419
        6.16159        -6.66967
        6.00860        -7.61762
        5.88384        -5.65021
        4.73896        -5.59502
        4.62253        -5.62422
        4.48619        -3.56540
        3.37849        -3.59072
        3.25108        -2.52778
        3.15248        -1.54874
        4.03435        -2.48121
        3.94520        -2.49734
        2.83666        -1.42474
        3.75726        -2.43558
        3.65860        -1.35747
        3.58921        -1.36257
        3.50069        -2.27850
        4.44153        -1.27743
        6.36334        -0.18698
        5.31460        -1.17933
        5.24690        -1.08211
        4.20873        -1.06750
        4.15164        -1.96312
        6.12412        -1.94119
        7.07773        -1.82932
        5.06092        -3.79972
        6.02525        -3.68004
        6.01916        -4.64249
        5.99419        -4.51471
        5.99879        -5.46892
        3.98446        -6.33280
        3.99965        -7.27855
        2.99587        -7.13385
        3.02152        -7.07095
        2.02812        -7.91751
        2.06406        -7.84579
        0.08084        -7.68347
        0.12685        -5.60282
       -0.84643        -6.43153
       -1.79062        -5.34187
       -1.75426        -5.16155
       -4.68897        -4.06285
       -5.64329        -3.87350
       -6.56887        -3.76578
       -6.51426        -3.56743
       -6.43111        -2.45074
       -7.36799        -4.24348
       -8.27655        -4.11794
      -10.20537        -3.90189
      -10.10612        -4.76765
      -10.02738        -3.54299
       -9.92083        -4.40025
      -10.83508        -5.16721
      -10.72179        -5.01621
      -10.62957        -4.77505
      -11.51013        -5.61608
      -10.41206        -4.36713
      -12.28707        -5.20054
      -12.18378        -4.94414
      -12.05389        -6.77031
      -10.94603        -4.50689
       -9.81191        -5.32624
       -7.70016        -5.05623
       -8.56250        -5.86925
       -7.44756        -6.59314
       -5.30707        -7.40033
       -5.18966        -7.11866
       -7.04707        -5.92056
       -6.92793        -5.63390
       -5.78396        -3.43111
       -4.66383        -2.14006
       -2.51925        -2.93320
       -5.39887        -2.63840
       -4.25443        -3.42812
       -4.13457        -3.13025
       -3.99102        -0.91723
       -4.87243        -0.61697
       -5.73053        -0.40193
       -6.61396        -1.10002
       -6.47446        -0.88369
       -6.36067        -0.58087
       -5.22431         0.63599
       -4.11403         0.93897
       -3.98154         1.15559
       -4.87548         1.45793
       -2.74758         1.67352
       -1.64647         0.97445
       -1.52385         2.18822
        0.57164         2.48691
        1.68830         2.69806
        2.77751         5.99372
        2.88756         6.20144
        2.96985         6.49327
        5.07268         7.69675
        5.14744         7.98395
        3.24246         6.18239
        5.30914         5.46415
        4.39579         5.65677
        5.45384         5.93232
        5.53162         7.11833
        6.58055         9.38689
        5.64898         9.56553
        5.68833         8.82635
        5.74698         9.99689
        5.77636         9.24924
        7.82485        11.41095
        8.84389        10.65413
        8.88187        10.80633
        8.89026        11.03966
        8.91746        11.18168
        8.91493        10.40452
        8.93110        11.53575
        7.91746        10.74750
        6.92242        10.86735
        5.89750        11.06744
        6.89113        10.17536
        5.85483        10.36327
        6.83705         8.45877
        6.78932         9.63402
        5.76011         9.71663
        2.70096         8.87880
        1.66036         9.94813
        1.58986         9.09682
        1.53796        10.15252
        1.45623         9.28742
        1.39318         9.32918
       -0.69960        10.45002
        1.22641         9.47760
        2.12280         9.58416
        3.03812         9.59738
        3.92399         9.68950
        2.82894         9.68822
        3.70461        10.76581
        2.59956         9.74997
        3.46543         9.81299
        3.35079         9.78258
        3.20730         9.83104
        3.08354         9.78611
        4.93118         9.82010
        4.79882         9.76077
        4.63813         9.78043
        4.49772         9.70686
        4.32928         8.71240
        4.18142         8.62483
        4.00585         8.61651
        3.85120         8.51523
        3.66916         6.49336
        3.50838         6.37871
        2.32058         7.34368
        3.15439         8.21608
        2.96154         5.16831
        0.79068         5.02822
        1.59355         2.96821
        1.41879        -2.18387
        2.21815        -2.25559
        1.04029        -5.41909
       -0.16305        -7.50193
       -0.34321       -11.67623
       -0.54843       -13.76956
       -0.73005       -17.95402
        1.06369       -18.05716
       -1.11856       -19.25107
       -0.32503       -22.36330
        0.49294       -23.56594
        1.28712       -24.68650
       -0.89384       -25.89708
       -1.09817       -28.02520
       -3.27721       -28.24293
       -2.47920       -27.37777
       -2.65548       -27.60181
       -1.85430       -26.74255
       -3.02698       -25.97205
       -2.22179       -25.11782
       -1.39007       -25.35191
       -0.58007       -24.50182
       -0.74313       -23.73960
        0.07247       -21.89277
        0.91540       -21.13335
        0.73737       -19.28887
       -0.41296       -17.53135
       -0.58389       -13.68831
        2.27324       -11.93179
        2.11012       -10.08928
        0.97539        -8.33285
        2.82075        -6.48999
        1.69481        -3.73275
       -0.45073        -1.88864
       -0.56726        -0.12972
       -0.70312         0.71652
        0.19031         1.47799
        1.06467         1.32720
       -0.03143         2.09208
       -1.14636         0.94509
       -2.23153         1.71418
       -3.33531         0.57181
       -3.40915         0.34590
       -3.50141         1.20891
       -3.56356         0.98875
       -3.64398         0.85788
       -5.69414        -0.35581
       -6.76246        -0.47987
       -5.80042        -0.68642
       -5.85644        -0.80301
       -5.88203        -1.00179
       -5.92561         0.88967
       -3.93872        -0.30076
       -6.96979         0.59933
       -6.97038         0.41777
       -6.98895         0.32697
       -4.97706         3.15475
       -5.98318         3.07351
       -6.95889        -0.08895
       -7.95269         1.83974
       -7.91616         1.68739
       -9.89784         2.62634
       -9.84931         2.48438
       -9.81912         3.43385
      -10.75889         2.30252
      -10.71716         2.26270
       -9.64557         3.14215
      -11.59269         3.11317
      -10.51018         5.00349
       -8.44661         4.98540
      -10.35365         5.88663
      -10.27991         5.87943
       -9.17705         6.79151
       -9.09371         4.79513
       -7.98156         2.71796
       -5.88924         1.73225
       -4.76847         0.66565
       -4.66787        -0.30960
       -7.53918        -0.36587
       -6.43104        -0.33095
       -5.29520         2.62280
       -5.18031         5.66757
       -4.03812         9.63096
       -4.91732        14.68516
       -4.76965        15.65776
       -5.64380        14.72091
       -5.49154        16.70222
       -6.36156        16.77382
       -8.20564        17.76327
       -7.07249        17.84272
       -5.91387        16.83972
       -4.77851        16.92637
       -4.61819        16.93024
       -4.48163        15.02342
       -3.32062        13.03345
       -1.18388        11.13241
        2.97679         7.14784
        3.11268         5.25180
        2.27197         6.27182
        2.40594         3.37997
        3.56280         2.40374
        3.69381         0.51521
        4.84718        -0.45814
        5.97418        -1.34424
        7.12301        -3.31561
        7.24494        -5.20020
        8.38818        -4.17052
       10.50401        -5.05453
       13.64063        -6.02475
       13.74932        -6.90914
       14.87831        -4.88022
       14.97887        -4.76596
       16.09922        -4.73887
       15.19067        -4.62693
       16.30143        -3.60265
       16.38282        -3.49401
       16.48305        -3.47352
       14.55346        -2.36914
       14.64227        -1.35341
       12.70083         0.74573
       12.77737        -1.24425
       14.82324        -0.15129
       14.88671        -0.14792
       16.91912         0.93791
       13.96876         2.93370
       13.98698         3.01151
       13.02209         2.99884
       15.02545         4.06775
       17.04539         5.04575
       17.03330         5.10492
       16.03749         6.07276
       16.00939         6.12138
       14.99734         7.07829
       13.95276         6.11560
       11.92401         6.06085
       10.86255         6.08613
        7.81676         7.01902
        6.73809         7.03163
        5.67495         7.95154
        4.57882         7.95087
        4.49813         7.85721
        4.38437         7.84272
        2.28599         6.73499
        2.15452         6.70620
        1.03840         5.58396
        0.88920         4.54046
       -1.24462         2.40333
       -2.41148         1.34478
       -2.56288         1.19246
       -3.74724         1.11859
       -1.91603        -2.04916
       -1.11764        -3.13854
       -0.30353        -4.32187
       -1.52206        -4.42688
       -1.72468        -5.62586
       -1.95974        -4.74654
       -4.17864        -4.96118
       -4.42971        -5.09748
       -3.66435        -3.32770
       -4.93088        -4.47951
       -4.18065        -3.72515
       -3.46196        -4.89226
       -2.72617        -4.15307
       -3.02155        -3.33522
       -3.29942        -2.61088
       -1.60804        -0.80769
       -2.89873        -1.09781
       -2.21972        -1.30884
       -2.52231        -1.61294
       -3.85472        -1.83768
       -4.16822         0.84480
       -5.51103         0.60693
       -6.83440         0.27662
       -8.18651         1.02630
       -8.51864         0.68389
       -8.87893         2.42186
       -7.21864        -0.93187
       -6.58591        -1.20481
       -4.93198        -0.56902
       -5.30499        -0.85200
       -5.65616        -1.22580
       -6.03362        -1.51788
       -5.38857        -1.90030
       -5.76914        -1.20050
       -5.12653        -0.59051
       -4.50885        -1.89779
       -4.86730         0.70567
       -6.24997        -1.60759
       -7.60807        -1.00954
       -9.98969        -0.32763
      -12.34601        -1.73384
      -12.72513        -2.05560
      -11.07822        -3.46486
      -11.45340        -6.78906
       -9.80183        -8.20015
       -8.17161        -8.52555
       -9.51391        -8.93722
       -8.87683        -8.26255
       -9.21156        -9.67351
       -9.56619       -10.99749
       -9.89189       -10.40646
      -12.23679       -12.72779
      -12.55205       -12.13345
      -15.88579       -10.45083
      -16.18921       -10.85188
      -16.51040       -12.16400
      -16.80059       -12.55914
      -17.10788       -13.86470
      -14.38350       -16.25263
      -14.67556       -16.55034
      -13.93530       -16.92978
      -14.21085       -18.21836
      -12.45344       -19.58805
      -12.71124       -19.86626
      -14.93549       -19.22496
      -16.17436       -18.49157
      -16.37911       -18.83808
      -16.59792       -20.09190
      -17.78207       -21.42505
      -17.97976       -22.66495
      -21.14228       -24.98360
      -22.31786       -26.20846
      -23.45781       -27.51155
      -22.61035       -30.72033
      -22.72683       -32.00683
      -22.85550       -31.19852
      -23.94771       -30.46746
      -24.05174       -30.64114
      -22.11895       -29.89161
      -20.19766       -31.04639
      -15.23924       -30.27756
       38.70797       -12.41265
       48.69256        11.37626
       38.66618        12.26160
       38.67741        10.07128
       38.67786         9.97771
       38.71608        13.80876
       36.74368        12.73686
       34.80917        13.58984
       39.86413        15.54009
       41.95705        18.41545
       40.03950        20.38828
       38.15993        19.28638
       36.26989        19.28211
       31.41780        20.20324
       30.55519        19.22211
       27.73047        20.16646
       30.89512        23.20861
       30.09753        24.17630
       26.28917        26.24180
       24.51840        30.23283
       16.73665        33.32164
       12.99228        29.33594
       17.23669        26.44796
       13.51820        28.48537
       16.78821        32.62038
       17.09500        37.68064
       14.38994        37.83834
       11.72131        38.92112
       11.04046        41.10114
       11.39562        41.20600
        7.73813        44.40787
        4.11622        43.53431
        0.48119        44.75747
       -0.11876        43.90491
        0.26767        44.14873
       -3.31134        43.31648
       -7.90453        41.58026
      -11.46371        36.76758
      -16.03764        34.05053
      -14.57818        32.25661
      -16.13407        29.55789
      -12.65720        27.78184
       -9.19633        28.10051
       -6.70334        28.34139
       -6.22704        23.67648
       -5.71931        23.93327
       -7.22895        23.28375
       -6.70787        21.55538
       -3.20489        18.92016
       -1.67192        19.20553
       -3.15778        16.58347
       -5.61440        16.88142
       -8.09062        13.27134
       -8.53835        10.58066
       -7.00645         3.98136
       -3.44684        -1.69917
       -0.90837        -8.28895
        5.65702        -9.96058
        3.20048       -17.54210
        2.77007       -23.20612
        0.31695       -24.78067
       -3.11084       -28.43837
       -2.56214       -31.00725
       -2.98888       -33.65992
       -2.43993       -34.22443
       -1.86722       -35.87339
        0.68042       -36.43484
        5.25103       -34.08139
        1.79579       -31.64108
        1.36276       -31.28650
       -0.09689       -31.84571
       -2.53507       -32.49129
       -4.00063       -33.05128
       -4.44546       -33.69828
       -2.91839       -36.26030
       -2.37132       -34.90994
       -6.85305       -32.47520
       -9.31547       -33.12867
       -5.80739       -33.69835
       -4.28066       -32.35681
       -2.78409       -31.93204
       -2.26951       -31.59660
       -0.78572       -31.17847
       -1.28454       -28.85019
       -0.81473       -27.43974
        0.67188       -27.11963
        1.12656       -28.71782
       -2.40250       -27.40683
       -3.96401       -29.01459
       -2.50978       -28.71360
       -2.08849       -27.33178
       -3.65191       -26.04161
       -1.24873       -26.67099
       -2.83068       -27.39238
       -3.44643       -28.03367
       -5.04771       -28.76729
       -7.68314       -31.42112
      -10.30443       -29.16758
      -13.96020       -27.83450
      -12.60212       -27.59429
       -9.27879       -25.27479
       -5.94186       -21.04835
       -7.63990       -18.74280
       -8.32455       -16.53048
      -10.04434       -12.23918
      -13.75089        -9.04124
      -16.49271        -5.76442
      -17.22139        -2.58103
      -19.98542        -1.31882
      -20.73637        -0.15006
      -22.52271         4.09750
      -24.29597         5.25161
      -25.10460         5.48457
      -24.90012        10.62413
      -23.73094        15.84262
      -23.54856        20.96780
      -26.40137        26.17202
      -24.24084        26.28308
      -24.11535        32.47335
      -20.97634        37.57063
      -17.87217        41.74731
      -15.75424        41.83124
       -9.67091        40.99480
        0.42645        43.06587
        1.48951        51.21686
        1.56690        52.27565
        7.61032        49.41467
       13.66843        53.46183
       15.69295        48.58957
       21.73254        41.62581
       25.73896        45.74303
       27.76087        54.76914
       30.75006        40.87664
       33.75521        27.89347
       42.72811        16.99213
       44.71747        28.00057
       30.67509        27.09132
       25.64971        17.09233
       24.59312         6.17613
       27.55408         4.17071
       23.48441         0.24860
       16.43286        -4.76222
       15.35128        -8.68919
       13.28842        -8.70432
       11.19614       -14.63506
        9.12320       -17.65340
       10.02148       -13.58679
        8.93973       -11.60722
        9.82985       -11.54211
        5.74060        -8.56347
        5.62386       -10.49872
        3.52843       -15.51985
        5.40618       -13.45429
        5.30590        -8.47403
        5.17948        -8.40649
        5.07571        -9.42366
        5.94648        -8.35297
        1.84057        -3.36642
       -1.29012        -2.29144
       -0.39680        -3.30001
        1.47240        -2.21959
        1.36629        -3.22216
        4.23674        -3.13517
        2.13253         0.86938
        4.00555        -3.03598
        7.90457        -1.02325
       10.78146         1.08011
       17.68500         3.10208
       18.56704         1.21518
       -0.52364        -0.75262
       -7.63519        -7.62880
       -0.71886       -14.58541
       -0.82280       -11.44994
        0.10173        -1.39445
       -0.99344        -1.24645
       -4.05956        -5.17801
       -2.14484        -9.01667
       -4.20053        -8.93450
       -3.27485        -4.75905
       -3.31908        -1.66242
       -3.38143         4.52783
      -15.41321         9.63958
      -17.46265        -1.15476
       -9.48107        -9.02731
      -10.51673       -10.80568
      -13.52095       -16.66202
      -11.54200       -19.42395
       -9.53123       -18.26365
      -10.53694       -15.00875
      -10.51050        -9.83145
       -9.50020        -8.55941
      -10.45745        -3.36485
      -10.43056        -4.07544
       -7.37095        -8.86342
       -9.32696       -14.55649
       -9.25003       -14.32692
       -8.18852       -12.00242
       -5.09388        -9.75528
       -7.01450        -3.41323
        0.09815        -2.14859
       -0.80434         0.21089
       -0.67346         1.49288
        1.44235         0.86960
        2.59158         6.16870
       -0.27421         7.56237
       -2.10657         5.87825
       -1.95397         6.28851
        3.23204        10.62076
        1.40296        15.04716
       -1.39278        21.39529
       -2.20370        19.83730
       -1.98140        18.20074
       -2.77441        15.65775
       -3.53435        14.03587
       -4.30977        13.50720
       -3.05231        15.89927
       -3.81054        12.38416
       -5.53613        10.78940
       -5.27765        11.28703
       -6.98680         7.70457
       -7.71217         6.21406
       -8.40547         2.64299
       -6.11532         3.16338
       -9.79342         2.60272
       -6.48843         7.13302
       -4.15206         2.58173
       -6.83299         4.12087
       -4.48294         4.57788
       -5.15060         3.12476
       -5.78771         1.58895
       -1.44297         3.14242
       -1.06815         3.61261
       -1.71193         2.17149
       -0.32612         5.64649
        1.04060         7.20957
        2.43642         5.68814
        4.81262         5.25418
        4.21740         4.73509
        3.60204         0.30283
        3.01472         0.78480
        3.40670        -3.64704
        5.82618        -1.16528
        5.22440        -0.59797
        5.64954         0.88229
        5.05286         2.44746
        6.48253         1.92494
        5.88979         0.48669
        8.32282        -0.03988
        6.73286         0.51718
        4.16807        -3.01471
        5.57971        -2.46359
        4.01594        -1.00205
        5.42799        -2.45811
        3.86405        -7.00435
        4.27536        -5.46880
        7.71008        -3.02402
       10.11946        -4.49803
       11.55168       -17.06339
       10.95799       -14.54810
        7.38656       -14.12471
        9.78866        -8.62122
       10.21246        -8.21016
        8.60923        -9.71951
        8.02716        -7.32181
        4.41752        -6.84501
        9.82850        -0.46162
       17.21139         8.00039
       13.61439         1.36854
        7.98880        -2.18511
        3.38282        -5.83305
       -1.25224        -6.40319
        5.13185        -6.06800
        7.48639        -4.65537
        2.85963        -8.33777
       -3.79712       -15.94306
       -3.43559       -12.64369
       -3.10445       -15.26751
       -5.75544       -17.98693
       -5.43720       -20.62981
       -5.10146       -21.36853
       -4.79685       -21.03092
       -1.47507       -18.78935
        1.81526       -16.47163
        1.12244       -14.25011
        2.39787       -13.95257
       -0.31011       -14.75136
       -0.05010       -12.47422
        2.22624        -9.29348
        1.47035       -11.03687
       -1.26942        -9.87670
       -3.04161       -10.64069
       -1.79786        -7.50110
       -2.58670        -7.28564
       -5.35973        -7.16656
       -7.16548        -7.97155
       -6.95553        -9.87284
       -9.77838        -5.69809
      -10.58561        -8.61952
       -6.42571        -6.46476
       -9.25022        -4.40603
      -12.10761        -4.27093
       -9.94942        -3.23165
       -4.82411         2.88421
       -7.68319         3.90448
       -8.57509         7.00157
      -10.45132         5.00336
      -12.36030         2.08225
      -10.25351         4.06613
      -10.17936         5.12743
       -7.08931         4.09405
       -7.03176         8.13844
       -3.95816        12.08851
       -8.91688        12.11672
       -6.85936         7.05100
       -6.83396         9.06382
       -5.79211         5.98312
       -5.78214         6.98139
       -4.75548         8.88656
       -1.76045         8.87115
       -2.74846        13.76311
        2.23218        14.73495
        2.23008        18.61462
        5.19693        18.57465
        6.18135        19.44300
        8.13505        20.39221
        7.10666        20.25024
        7.04789        20.18963
        6.00739        24.03835
        3.93688        19.96895
        9.88500        26.80940
        7.80349        24.73224
        7.74101        25.56546
        4.64928        18.48160
       -0.42302        16.30863
        1.47585        17.21910
       -2.60544        16.04100
        1.28485        13.94686
        2.19540        14.76466
        2.07795        15.66695
        0.98120        17.48169
       -1.14312        15.38142
        0.75369         8.19411
        4.62337         9.09229
        4.51461         8.90394
        2.37916         6.80156
        1.26570         5.61312
        1.12599         7.51113
        8.00872         6.32355
        8.86563        11.22287
        5.74541         6.03705
        3.59980         0.93857
        4.47749         2.75537
        2.33022         1.65993
       -0.79333        -2.51983
       -0.94142        -2.61143
       -3.06538        -3.78697
       -2.21347        -6.87399
       -2.33702        -4.04460
       -1.48431        -4.12634
       -4.60666        -5.29134
       -3.75236        -5.36717
       -0.87276       -10.52596
        2.98387        -4.59530
        2.86617        -2.74733
       -4.27415       -14.80966
       -4.38845       -14.95445
        5.47497       -10.00931
        7.36474        -6.14643
        2.23255         0.80655
       -2.87298        -9.32256
       -0.00016        -8.36140
        2.89960        -3.48221
       -3.22201        -9.51263
       -1.31640       -10.62492
       -3.43190       -11.64675
       -6.51993       -19.75037
       -4.62884       -19.76349
       -2.71005       -16.85837
       -2.81191       -18.86273
       -0.88588       -17.94887
        0.01969       -10.94452
       -0.04666       -13.02197
        0.86670       -10.00899
       -0.19171        -6.07790
        2.72974        -3.05647
        2.67956        -4.11703
        1.60935        -4.08738
       -0.43237        -5.13986
       -2.49402        -6.10229
       -1.52710        -7.14703
       -1.58004        -8.10190
       -2.60435        -9.13929
       -2.64846        -9.08703
       -4.66390        -8.11753
       -4.69911        -8.05862
        0.29436        -7.08274
       -0.73194        -5.01773
       -0.72956        -4.03603
        0.25304        -3.96551
        3.26428         0.02139
        0.25570        -1.90323
       -1.72428        -2.91180
        1.27585        -0.83224
        2.30452         1.16300
        3.31322         2.24602
        2.35036         2.24432
        3.36744         1.33001
        1.41285         0.33060
        0.43809         1.41816
        1.49153         0.42021
       -1.47534        -1.49119
        2.58586         0.51147
        5.62659         3.60025
        4.69525         2.60266
        1.74327        -0.30925
        0.81903        -3.30799
        1.87400         1.77850
        0.95652         1.77772
        0.01805         1.86171
        3.10695         2.85798
        3.17466         3.93856
        5.26954         5.93095
        4.34301         6.00721
        3.44344         3.99482
        2.52226         3.06584
        2.62781         4.04776
        2.71153         4.11264
        0.82176         4.08797
        1.90992         3.14581
        1.02437         5.11367
        1.11653         1.16360
        1.23474         1.12312
        2.33043         1.16429
        4.45195         0.11463
        0.55070         0.14621
        0.67505        -1.91344
        1.77642        -3.89225
        2.90314         0.03732
        2.00665         1.04736
        2.13530         2.96541
       -0.75949        -0.03644
       -0.62937        -0.13062
        2.47709         0.85497
        2.60825         3.74789
        1.71553         3.72027
        0.84730         2.59967
       -1.04501        -2.44175
       -4.91304        -1.57643
        0.19466        -1.63221
        3.32644         5.21851
        0.43375        -0.85210
       -3.43503       -11.01645
       -5.32845       -11.10235
       -3.19815        -7.28217
       -2.09266        -7.38373
        1.03640        -7.57937
       -2.85951       -10.69691
       -3.73200        -9.90868
       -3.62961       -10.04245
       -2.50394        -8.27057
       -1.40351        -7.42079
       -3.27992        -9.66542
       -3.18169        -6.83221
       -2.06042        -6.09347
       -2.96461        -4.27692
       -1.84585        -2.55485
        0.24735         0.24503
       -0.63657         1.95045
       -3.54612        -4.26628
       -3.43287        -1.57743
       -5.34531        -0.81068
       -2.23500        -1.13826
       -3.15043        -0.38784
       -5.04314        -1.73165
       -3.96162         0.00266
       -1.85741         0.64288
       -1.77899         0.36137
       -2.67788         0.98594
        0.39744         3.68896
       -0.50457         2.29825
       -0.43234         5.98620
       -0.33742         4.58064
       -0.26825         6.25396
       -1.17636         6.83403
       -1.11018         7.49324
       -1.02123         7.05946
       -0.95794         6.70510
       -0.87184         6.25804
       -1.81134         7.89071
        0.27204         8.43099
       -0.67012         9.05132
       -1.58932         9.57959
        0.46603        10.18825
        1.54441         9.70520
        2.59742        10.30289
        2.67357        10.80924
        2.72444        11.39671
        2.79854        11.89321
        1.84747        13.47121
        2.91973        15.95864
        1.96692        16.52796
        2.03756        16.00710
        2.08324        14.56855
        1.15248        15.04022
        0.19688        14.59461
        0.26495        16.05964
       -1.69170        16.60780
       -2.62457        13.06701
       -1.58204        13.60978
       -1.51559        14.06402
       -3.47364        11.60222
       -4.40767        11.05232
       -4.36606        10.58681
       -5.30031         9.03360
       -4.25883         9.56519
       -5.19309         9.00950
       -7.15149         8.53902
       -6.08554         6.98166
       -6.04363         6.50991
       -4.97725         5.95168
       -6.93483         4.47945
       -5.86783         3.92113
       -6.82470         1.44919
       -5.75691         0.89153
       -5.71289         0.42062
       -5.64414        -0.13565
       -4.59908        -1.60482
       -6.52922        -2.15900
       -4.48299        -2.62575
       -4.41190        -3.17717
       -4.36439        -4.64084
       -6.29196        -6.18889
       -5.24306        -6.64887
       -5.16922        -9.19294
       -4.11888        -9.64867
       -1.04356       -11.18821
       -0.99173       -11.63916
       -2.91492       -14.17367
       -1.86158       -15.61934
       -0.78327       -17.14836
        0.27156       -16.58833
        1.35134       -17.11144
        2.40762       -17.54531
        3.48882       -17.06214
        4.54646       -19.48957
        6.62899       -19.99981
        6.68791       -20.42051
        6.77165       -19.92390
        8.83171       -20.33763
        9.91651       -17.83393
       11.97754       -18.24050
       10.06323       -15.72958
        9.12504       -17.12885
        8.21139       -14.61057
        7.27377       -14.00246
        7.36055       -10.47677
        3.42322       -11.86124
        5.51017       -11.32814
        3.57285       -12.70520
        6.65966       -10.16472
        2.72205       -10.53445
        4.80839        -7.98669
        3.87013        -8.34919
        5.95565        -7.79428
        5.01638        -9.14972
        7.10069        -7.58784
        9.16002        -7.93643
       10.24272        -8.36782
       10.30022        -8.70980
        7.38088        -7.13473
        7.43612        -4.47040
        8.51428        -4.88918
        8.56679        -2.21888
        7.64199        -0.63186
        8.69129         1.04406
        7.76303        -0.36351
        8.80863         0.31762
        6.87641         0.91504
        8.91778         0.60094
       11.98109         3.20291
       13.01772         3.89312
       15.07601         6.49916
       14.10737         6.19319
       15.16011         5.80280
       13.18565        10.50015
        6.23230         8.11281
        2.25147         7.81295
        0.29148         8.42813
       -2.69626        10.13051
       -3.66344         9.74766
       -5.65865         8.45173
       -8.63357         9.07029
       -8.63679         9.77549
       -8.61998         8.39490
       -8.63175         9.10066
       -8.62376         7.72036
       -8.64461         7.42612
       -8.64596         7.04553
       -7.67641         6.75073
       -7.68761         6.36929
       -6.72816         7.07337
       -3.74972         7.69054
       -2.80086         8.39296
       -3.83325         7.00820
       -2.89545         6.70841
       -0.93913         5.32119
        0.98716         6.01870
        3.93177         8.62852
        3.84612         8.32282
        2.77860         9.92920
        2.68063         8.61982
        3.60059         8.22230
        4.48994         9.90880
        3.39704         9.50695
        2.27336         9.18892
        2.16728         8.78234
        0.03028         7.45940
       -1.08926         7.04773
       -0.23985         6.71953
       -1.37308         6.30245
       -1.53749         5.96868
       -1.68464         5.54589
       -3.86304         6.20629
       -5.02426         5.77754
       -7.21681         5.43188
       -7.39224         4.99697
       -7.59903         5.64507
       -6.78874         6.20385
       -6.00984         7.84556
       -5.21387         8.39790
       -5.44929         6.03314
       -4.66763         5.57899
       -4.91734         5.20771
       -3.14994         4.74703
       -6.41386         5.36925
       -6.66062         2.90208
       -7.93864         0.51784
       -9.19941        -0.95574
       -9.49135        -1.34633
      -10.76594        -1.82619
      -14.07158        -2.22298
      -15.35975        -3.70894
      -17.67883        -4.11172
      -19.98029        -5.60355
      -19.31251        -6.01208
      -20.62693        -6.50951
      -18.97192        -5.92348
      -18.29892        -5.42618
      -17.65629        -5.84524
      -17.99545        -6.35283
      -18.36475        -6.77658
      -17.71561        -5.28866
      -17.09636        -6.71666
      -16.45840        -6.23275
      -15.85006        -6.66452
      -14.22274        -6.18411
      -14.62476        -6.61912
      -14.00749        -7.14167
      -13.41924        -6.57934
      -13.81140        -7.10425
      -13.23225        -7.54398
      -12.63318        -8.07064
       -9.06245        -8.51179
       -8.47145       -10.03953
       -5.90844        -9.48141
       -4.32478       -11.00953
       -1.76874        -8.45144
        0.80832        -9.97923
        2.35815        -8.42042
        1.92940        -7.94712
        4.47381        -7.38684
        5.04005        -7.91167
        4.57986        -6.34914
        4.14191        -7.87131
        3.67795        -8.30570
        6.23665        -6.82439
       11.76977        -6.25490
       14.32598        -4.76928
       15.85704        -2.19506
       17.41162        -1.70430
       18.94150        -1.12450
       22.49534         2.37226
       25.02491         2.95849
       26.57889         5.46211
       28.10905         5.05562
       29.66405         4.56695
       29.19567         4.16860
       26.75259         2.68851
       26.28657         2.29916
       23.84628         2.82849
       20.38349         1.44899
       17.94687        -0.01141
       15.48818        -1.38023
       14.05610         0.17048
       12.60239        -0.18682
       12.17570        -0.62420
        9.72780        -0.96917
        9.30735        -1.39382
       12.86610        -0.72568
       14.45270         1.86318
       15.01890         1.54522
       15.61336         2.14835
       14.18781         1.84503
       11.79091         1.46316
       13.37437         3.17520
       11.98685         2.80904
       11.58006         4.53713
       11.20265         3.18735
       10.80632         2.93215
       12.43970         4.59940
       14.05450         5.36154
       15.69933         6.04643
       13.32590         4.82649
        9.98282         4.52958
        9.62176         4.32811
        8.29134         4.04994
        5.94323         4.86746
        6.62602         3.60851
        5.29137         4.44548
        6.98788         6.20621
        6.66718         6.06306
        6.37786         5.84386
        4.07156         6.72098
        2.79685         4.52221
        1.50534         5.41993
        1.24559         6.24191
       -0.03077         7.16051
       -0.27521         7.00351
       -1.53611         6.94324
       -2.76496         6.80747
       -3.01016         6.76852
       -4.22318         4.65416
       -4.45244         5.63669
       -2.64944         6.54385
       -4.86261         5.54795
       -7.04345         4.47672
      -10.24039         3.50245
      -12.40497         2.45285
      -14.58562         3.50020
      -16.73388         0.47222
      -19.89821         0.54116
      -19.03016        -0.46528
      -20.17819         0.62515
      -20.29385        -2.35986
      -23.42564        -3.24806
      -24.52512        -5.21180
      -24.64077        -4.07882
      -23.72418        -6.02148
      -21.82386        -4.86756
      -21.89138        -6.78940
      -21.97526        -6.61479
      -21.02710        -7.51609
      -22.09543        -6.32110
      -19.13185        -6.20219
      -18.18489        -5.98718
      -16.20617        -5.84844
      -14.24424        -5.61379
      -15.25072        -4.45562
      -14.27416        -4.20175
      -12.26620        -5.02460
      -12.27539        -6.75198
      -11.25338        -5.55632
      -11.24873        -5.26545
      -13.21310        -5.05178
      -13.19506        -5.74318
      -15.14627        -6.51206
      -12.11530        -6.18629
      -12.05383        -6.93828
       -5.01043        -3.59591
       -5.93677        -3.33161
       -1.88146        -1.97327
        1.20384         0.30670
        1.27053        -0.31960
        0.36693        -2.02461
        0.44445        -1.63622
       -2.44861        -2.32686
       -3.36085        -2.92445
       -2.24395        -3.60142
        0.85348        -3.18568
        1.97974        -1.84967
        7.08624        -1.42130
        9.22128        -0.07303
       10.33624        -0.63275
       10.47944         0.72706
        9.60226        -0.82149
        7.75302         0.54913
        5.88308        -1.98899
        8.04077        -3.60832
       10.17747        -6.13675
       10.34149        -4.74676
       10.48421        -4.26626
       11.65394        -4.86771
        9.80207        -3.37903
       10.97691        -4.97268
       16.12986        -1.47658
       13.30922        -3.06319
        9.46638        -3.56042
        6.64967        -5.14074
        5.81047        -5.63206
        8.99711        -3.20685
        7.16098        -3.69301
        5.35041        -2.26301
        6.51679        -1.74476
        6.70846        -0.31072
        7.87682         0.21120
        8.07020         0.64855
        6.24001         2.17341
       -0.56541         1.61333
       -0.39464         2.14041
       -4.19935        -0.41780
       -8.02811         0.11079
       -6.83258         1.55372
       -6.66133         3.08311
       -6.46600         3.52651
       -4.29517         5.05601
       -2.10047         4.49918
       -2.93047         6.02813
       -2.73679         5.47040
       -2.56800         6.99813
       -3.37572         8.43886
       -2.20851         8.96471
       -5.01797         8.40325
       -4.85265         9.92661
        1.33583        10.36234
       -3.50106        11.88258
       -0.31493        12.31489
       -1.15430        11.83142
        2.02922        11.25973
        5.18712        11.77196
        3.36780        12.19569
        2.52275        12.70306
        3.70037        11.12166
        2.85218         9.62362
        2.02657         9.03655
        2.17507         8.53258
        0.34608         5.93932
        2.49113         5.42891
        4.65864         3.82895
        7.80013         3.31160
        5.96404         0.70448
        8.10189         0.17972
        9.26212         0.56496
       11.39627         0.03234
       13.55278         1.40949
       14.68318         0.86858
       12.83595         0.23722
       10.96261        -0.31241
       14.11163         0.04731
       12.23455         3.48857
        8.37985         1.83898
        6.49907         1.27074
        4.64069         1.61148
        2.75626         2.03338
        1.89426         2.36408
        0.00625         1.77578
        3.14071         1.09611
        1.24921         0.49728
        4.38024        -0.19307
        2.48536        -0.80274
       -0.38694        -3.50408
       -0.28509        -3.12487
       -0.16058        -3.83747
       -1.06185        -4.46966
       -0.94041        -4.19379
        1.15534        -4.83763
        2.27388        -5.57353
        4.36679        -4.22927
        3.48259        -2.97716
        3.57284        -2.64500
        3.68606        -2.40511
        2.77382        -4.08525
        0.88464        -5.85775
       -0.02991        -4.55038
       -4.92133        -7.33546
       -6.83801        -9.04074
      -11.73147        -9.83855
      -16.65010       -11.55663
       -5.54541        -6.36730
       -3.46582        -9.09831
       -3.36281        -8.92196
       -0.28479        -8.66600
       -1.18328        -7.50274
       -1.10667        -7.25991
       -2.00646        -6.10982
       -1.93108        -5.88019
       -5.83201        -6.74332
       -5.75768        -5.52695
       -4.65959        -6.40336
       -0.58614        -5.20028
        1.51115        -4.08998
        8.58386        -1.90021
       10.68050        -0.80323
        8.75264        -1.62675
        6.84877         1.45694
       -3.07952         0.62013
       -8.98376        -0.30944
      -10.91236         1.84051
      -12.81684         0.89773
      -13.74563        -0.96549
       -9.65025         0.07859
       -0.57911         2.20228
        1.51624        -1.76668
        1.58739        -2.65598
        0.68280        -3.63787
       -0.24596        -2.54003
       -3.15041        -1.53471
       -3.07901        -0.44959
       -2.98328         0.54310
       -5.91166         0.61567
       -6.81569         0.59590
       -5.74382        -0.34389
       -5.64759        -0.37592
       -5.57545        -0.32786
       -5.47893        -0.37193
       -5.40650        -0.33579
       -5.30971        -1.39165
       -5.23701        -1.36717
       -5.13994        -1.43456
       -7.06699        -1.42146
       -4.96969        -0.50009
       -6.89651        -0.49808
       -4.79902        -0.58764
       -4.72568        -0.59641
       -4.62805        -0.69657
       -5.55461         0.28424
       -5.45691         0.17384
       -6.38345        -0.85541
       -7.28578         0.02431
       -8.21238        -1.01462
       -7.11482        -0.14437
       -8.04160        -1.19257
       -2.94427         1.66861
        2.12867         1.61157
        1.22564        -0.53587
        5.29817         0.39869
        5.39467         0.24308
        6.46664         2.16971
        6.56252         4.00641
        5.63380         4.92560
        5.72891         4.75510
        2.79934         5.66734
        1.89352         3.49017
       -0.03706         2.39599
       -0.94397         3.21266
       -0.87572         3.11260
       -1.78389         1.92366
       -0.71699         2.81826
       -0.62660         1.62428
       -0.56122         1.51412
        0.52756         1.31566
        0.59123         1.20133
        0.67822         0.99898
       -0.25999         1.88105
        1.82502         2.67542
        1.88475         4.55450
        2.96761         5.34619
        3.02509         4.22290
        1.10562         4.01252
        2.16067         3.88748
       -1.76131         4.67566
       -1.70885         5.54949
        0.36647         4.33686
       -1.58384         6.21019
       -1.51138         6.99738
       -1.46463         5.87085
       -0.39518         5.65849
        0.64846         5.53273
        0.71473         3.32145
       -2.24489         5.19710
       -3.18195         2.98755
       -3.14496         4.86523
       -0.08550         3.65802
       -0.05206         1.53836
        1.00380         2.33412
       -1.96642         3.21774
       -0.91430         3.01709
        0.11170         2.90459
        1.15998         2.70813
        1.18208         1.60012
        1.22643         1.40844
        0.24454        -0.69449
        2.28486         0.11920
        4.29890         0.02191
        3.33512        -1.15848
        1.34503        -2.24956
        2.37708        -3.42348
        1.38279        -2.50782
        4.41063        -2.67474
        4.41212        -3.75183
        4.43571        -4.91125
        3.43294        -2.98059
        5.45226        -3.13202
        5.44522        -3.19315
        5.46027        -3.33614
        3.44897        -2.38861
        3.45976        -3.52273
        3.44421        -3.56613
        2.45077        -2.69098
        2.43100        -2.72492
        1.43336        -2.84014
        2.40943        -2.86427
        2.40766        -2.96951
        1.37961        -3.98351
        0.37377        -3.07848
        1.34170        -3.08206
        1.33188        -4.16648
        2.29587        -6.15940
        3.28216        -5.23304
        4.24232        -5.21507
        3.22483        -4.27774
        5.18127        -3.24872
        7.16014        -2.30025
        9.11300        -2.26003
        9.08835        -1.30032
        9.03777        -2.24880
        9.00976        -2.27776
        8.95590        -2.21489
        7.92469        -0.23248
        7.86771        -0.15825
        7.83346        -0.16447
        9.77354         0.92111
        7.73645         1.92621
        7.67377         2.02308
        6.63401         1.03942
        8.56877        -0.85253
        6.52656         1.17492
        6.45896         1.29401
        5.41449         2.33241
        3.34474         2.46236
        3.29822         1.51150
       -2.77346        -0.34793
       -2.82180        -1.28828
       -4.89520         0.86265
       -4.94514         1.93252
       -4.02003         3.09352
       -5.07136         2.17328
       -5.14751         1.34401
       -7.19998         1.43331
       -6.27717        -0.38661
       -6.33056         0.71184
       -7.40856         0.90086
       -6.46264         1.00804
       -7.54121         0.20555
       -7.59576         1.32100
       -7.67468         1.52654
       -7.72945        -0.35024
       -6.80849        -1.13717
       -6.86328        -1.00668
       -6.94221        -1.78663
       -5.99678        -1.64942
       -5.07540        -1.42293
       -3.12954        -2.27957
       -3.20761        -3.04722
       -3.26111        -1.89831
       -2.33844        -1.66070
       -0.39109        -2.50683
       -3.46747        -1.26458
       -3.51907        -1.10639
       -3.59430        -0.86014
       -2.64467        -0.69826
       -3.71857        -0.44865
       -3.76752        -0.28375
       -3.83992        -0.03145
       -2.88727         0.13582
       -2.95799        -0.60984
       -4.00359         0.55912
       -2.07248         0.81481
       -1.11617        -0.01521
       -1.18308         0.24117
       -2.22472         1.41150
       -1.28952         0.66789
       -2.32899         1.83789
       -3.39156         2.09362
       -3.42873         1.26262
       -4.48895         1.51702
       -4.52373         1.68437
       -3.58151         0.93679
       -5.61380         1.10183
       -3.66905         1.35162
       -3.69878         0.51372
       -2.75143         0.76026
       -3.77853         1.91879
       -2.82852         1.16145
       -1.85294         0.31582
       -1.90024         0.55401
       -2.92194         0.70363
       -2.96651         0.93679
       -1.98547         1.08110
       -3.02729         2.30868
       -1.04350         2.44714
       -2.08257         1.66863
       -2.09604         1.80074
       -1.13238         2.01564
       -1.14312         2.14093
       -1.17674        -0.65121
       -1.18478        -0.53318
       -0.21572        -1.33280
       -0.22111        -1.22244
        1.75058        -1.02992
        0.74779        -0.92761
        1.72205        -0.74330
        2.72179        -1.64936
        2.69853        -1.47358
        2.70072        -1.38831
        1.67988        -1.22133
        2.68443        -2.14499
        1.66590        -0.98705
        1.67271        -0.91984
        3.65638        -0.77113
        3.66533        -0.71324
        4.65109        -1.57391
        4.66207        -1.52545
        3.64979        -0.39561
        4.66266        -0.35668
        3.65221        -0.23639
        1.66684        -0.20703
        2.65807        -1.09632
        1.67431        -0.07652
        1.66707        -0.97535
        1.68477        -0.96508
        0.67890        -0.87340
        1.69790        -0.87257
        0.69325        -1.79026
       -0.28662        -0.79873
       -0.29023        -0.72566
        0.73086        -0.74327
       -0.27187        -0.67923
        0.75001        -0.70576
       -0.25202         0.34947
        0.77046        -0.68574
       -0.23105         0.36095
       -0.20814         0.31735
        0.79069        -0.64418
        0.81385        -0.69584
        0.81284        -0.66527
       -0.16393        -0.72464
        0.83503        -0.70158
        0.85814        -0.76826
       -0.14311         0.24769
        0.87970         2.17412
        0.87806         1.18340
        0.90039         1.10339
       -0.10182         1.10646
       -0.08015         1.02048
       -0.08312         1.01785
        0.93771         0.92640
        0.93383         0.91856
        1.95364        -0.17783
        1.94865        -0.19034
        2.96729        -0.29113
        2.96103        -0.30777
        3.97831         0.58759
        2.97063        -0.43261
        1.98640         0.45948
        1.97713        -0.56372
        2.99123        -0.67432
        1.98021         0.30008
        0.99249         1.18736
        0.97958         1.15994
        0.98990         1.04570
        0.97496         1.01706
       -0.01682        -0.09812
       -1.03393        -0.12739
       -1.02794        -0.24291
       -1.04734        -0.27223
       -1.04371         0.61250
       -1.06553        -0.41630
       -2.06436        -1.53075
       -1.08871        -0.55844
        0.90988        -0.67150
        0.88290        -0.69752
       -0.12119        -1.80865
        0.84911        -0.83246
        0.84225         0.05889
        1.80974         0.03781
        1.80002         1.93215
        1.76461        -0.08568
        1.75197         1.81215
        1.71360         2.79804
        0.69796         3.69984
        0.65657         4.68992
        0.63787         4.59612
        2.59340         5.59081
        2.57161         5.50184
        2.52402         6.50156
        2.49908         6.41779
        1.44833         4.42290
        2.42022         4.34470
        3.36628         3.35554
        1.33497         3.28322
        1.27783         3.30009
        1.24331         1.23394
        2.18295         1.25711
        2.14521         1.19738
        2.08162         0.22707
        2.04067         0.17396
        1.97387         0.21037
        1.92970         0.16405
        2.85970         0.20732
        1.81234         0.16793
        1.73916         0.21817
        1.68863         0.18579
        0.61229         2.24307
        1.55862         0.21775
        1.47917         0.28211
        0.42240         1.26385
        0.33987        -0.66474
       -0.71996         0.32404
       -0.80552        -0.59755
       -0.86835        -1.60182
       -0.95690        -0.51650
       -1.02267        -1.51393
       -1.11413        -0.42184
       -1.18279        -0.41258
       -2.27710        -1.31390
       -0.34858        -2.29814
       -2.44566        -2.19308
       -2.51988        -3.17105
       -0.61967        -3.05986
       -2.69655        -3.03184
       -0.79896        -2.91479
       -0.87842        -2.88108
       -1.98337        -2.75850
       -1.06532        -2.71943
       -1.17271        -2.59168
       -1.25706        -2.54761
       -1.36680        -2.41506
       -2.45345        -2.36640
       -2.56545        -4.22946
       -2.65430        -3.17663
       -0.76845        -3.03573
       -2.85940        -2.97917
       -1.97559        -3.83479
       -2.06853        -3.77497
       -2.18666        -3.62758
       -2.28149        -3.56500
       -1.40145        -3.41509
       -1.49805        -3.35025
       -1.61972        -3.19834
       -1.71797        -3.13177
       -1.84124        -4.97839
       -0.94103        -3.91062
       -2.06578        -2.75632
       -2.16699        -1.68789
       -2.29310        -2.53320
       -1.39561        -3.46467
       -1.52295        -2.31015
       -2.62664        -1.24206
       -2.75510        -1.08826
       -2.85983        -1.02117
       -2.98928        -0.86864
       -3.09494        -0.80310
       -1.22525        -0.65240
       -3.33171        -0.58896
       -3.46274        -0.44062
       -3.56987        -0.37980
       -2.70151        -0.23436
       -3.80918        -0.17670
       -4.94129         0.96532
       -4.04936         1.01931
       -4.18182         0.15742
       -4.29016         0.20725
       -4.42283         1.34095
       -4.53131         0.38614
       -4.66405         0.51497
       -4.77255         0.55507
       -4.90522         0.67859
       -4.01359         0.71316
       -4.14608         0.83095
       -5.25418         1.85959
       -4.38634         0.97127
       -6.49405         1.99360
       -8.62573         2.09880
       -7.73291         2.11449
       -7.86400         1.21287
       -6.97050         2.22160
       -7.10085         3.31288
       -6.20654         2.31436
       -5.33601         3.39827
       -4.44077         2.39227
       -3.56922         1.46859
       -0.67289        -0.54510
       -0.80020        -0.47657
        2.09735        -1.49813
        3.97133        -0.43753
        5.87023        -0.46708
        8.74564        -0.41452
        8.64604        -0.45216
        8.52301         0.59227
        9.42504         2.54649
       11.30371         3.58277
        9.20750         3.52883
        9.08800         4.55696
        7.99370         4.49490
        7.87618         4.51493
        6.78391         3.44479
        5.66849         3.45681
        4.57840         2.37872
        5.46522         2.38284
        5.37743         2.29693
        5.26662         0.29332
        5.18127         0.19978
        6.07296         1.18864
        5.99017         1.08768
        4.88449         0.06925
        5.80440         0.96112
        5.70148         0.93566
        5.62421         0.82066
        5.52417         0.78849
        4.44985         1.66693
        5.35282         0.62837
        6.28156         2.50061
        6.18766         2.45603
        4.11959         1.32245
        3.02892         1.27225
        2.96415         1.13326
        2.87685         1.07785
        1.81549         0.93388
        1.73165         0.87372
        2.67381         0.72522
        3.59355         0.66077
        2.53934        -0.49179
        1.46275         0.43996
        1.41226         0.28385
        1.33944        -0.78770
       -0.70722        -0.94686
        0.22382        -2.02120
        1.18106        -1.18288
        0.11606        -1.25948
        1.07730        -1.42315
        2.01633        -1.50148
        0.98163        -0.66660
        0.92477        -1.74611
        0.89422        -0.91214
        1.84153        -0.99229
        1.81519        -1.15868
        0.76674         0.76108
        0.74467         0.59487
        0.70051         0.51508
        0.68275        -0.65042
        0.64294         0.27079
       -0.37047         0.10654
       -2.40590         0.02926
       -0.41491        -0.13320
       -0.44594        -0.20845
        0.54948        -0.36862
        1.52288         0.55867
       -0.47726        -0.59872
       -3.49942         0.33161
       -3.49512         0.17749
       -3.51282         0.11131
       -3.50407        -0.03908
       -4.51733         1.89869
       -1.50415         0.75246
       -0.51298        -0.30539
       -1.49538         0.55297
       -2.49981        -0.50010
       -2.47783        -0.63678
       -3.47789        -0.68469
       -4.45156         0.18396
       -4.44731         0.14155
       -4.41668         0.01587
       -3.40816        -0.02072
       -2.37330         0.85956
       -3.36058        -0.17093
       -3.32157        -0.28441
       -3.30473        -1.30855
       -3.26163        -1.41557
       -4.24077        -0.43313
       -3.19369        -0.53348
       -3.16889        -0.54429
       -3.11793        -0.63781
       -1.08931        -1.64172
       -1.03460        -1.72827
       -1.00228        -1.72517
       -0.94392        -1.80467
       -1.90804        -1.79448
       -0.84619        -0.86687
       -0.80687        -1.84956
       -0.74167        -1.91483
       -0.69908        -1.89039
       -0.63069        -1.94855
       -1.58499        -2.91702
       -0.51357        -1.96812
       -1.46494        -2.92958
       -0.39067        -0.97371
       -0.33928        -1.92826
       -0.26236        -1.96555
       -0.20841        -1.91333
       -1.12902        -1.94393
       -2.07270        -0.88512
       -2.99105        -0.90922
       -1.93258         0.15598
       -2.84889         0.13815
       -2.78848         0.20951
       -0.70296         0.19770
       -1.64084        -0.72506
       -1.55372        -1.73113
       -2.49012        -2.64829
       -2.40164        -2.64892
       -1.33680        -2.56082
       -1.24720        -1.55634
       -1.18136        -1.46330
       -0.09088        -2.45407
       -1.02429        -1.35646
        1.06681        -1.34285
        1.13390        -1.24106
        0.22537        -2.22346
       -0.70730        -1.11788
       -0.61571        -0.09670
       -2.54840        -0.98775
       -0.45697         1.03659
       -1.38995         1.14849
       -1.29893         1.17557
       -3.23244         0.28998
       -1.14210         1.31934
       -1.07643         1.43583
       -0.98703         1.46704
       -0.92243         2.58515
        0.16576         3.61776
        1.22902         3.73705
        1.31574         2.77061
        1.37740         2.89063
        0.46240         1.92471
        1.52220         3.04502
        1.60521         3.07917
        0.66290         4.19932
       -3.25633         3.23311
       -3.20101         4.35270
       -3.12273         4.38570
       -1.07002         4.50430
        0.00553         3.53611
        0.05539         2.65331
        1.12796         2.68354
        3.17474         2.79897
        2.24412         3.82723
        2.28758         0.94051
        2.35354        -0.03355
        3.39347         1.07724
        3.45579         1.10053
        1.49199         0.20851
        1.55047        -1.77118
        1.58273        -1.66632
        1.63718        -1.64926
        1.66531        -1.54778
        1.71554        -1.53424
        1.73937        -1.43640
        0.78522        -1.42660
        1.80458        -2.33261
        0.84588        -1.32676
        1.86062        -1.23682
        0.89723        -0.23509
        3.90720        -0.14933
        2.93898        -0.15186
        2.94407        -0.07042
        1.97090        -1.07731
        2.97099        -0.00027
        2.99277        -0.01160
        1.98775        -0.93902
        3.00439         0.04518
        2.99419         0.11327
        3.00560         0.09299
        1.99015        -0.84338
        1.99628        -0.86811
        1.97552        -0.80891
        0.97632        -0.83803
        0.95021        -0.78316
        1.94566        -1.81657
        0.91418        -0.76593
        0.90425        -1.80350
        1.86740        -2.75694
        1.85209        -2.79850
        1.80987        -2.75585
        0.78921        -3.80120
       -0.25835        -2.76224
       -0.28434        -2.81118
        0.66279        -1.77566
        0.63152        -1.82792
        0.57341        -1.79559
        0.53692        -1.85088
        0.47363        -1.82144
        0.43200        -1.87947
        0.36361        -1.85259
       -0.68305        -1.91301
        0.24356        -1.88836
        0.19195        -1.95082
        0.11369        -0.92803
       -0.94274         0.00785
       -1.02575         0.02917
       -2.08687        -1.03622
       -1.17450         0.98404
       -2.24015        -0.08221
       -1.33224         0.93740
       -3.40227        -0.12928
       -1.49865         0.89012
       -0.57288         0.82344
        0.32661         0.84307
        1.24835         0.77685
        0.14392         1.79716
       -0.93817         0.73184
       -0.04633         0.75328
        0.86795         0.68933
        0.75626         0.71237
        0.66712         0.65024
        0.55212         0.67534
       -0.54022         1.61549
        0.34169         1.64310
       -0.75362         2.58600
       -0.87457         2.61658
        0.02738         3.56267
       -0.09619         3.59666
        0.80326         1.54638
        0.67731         2.58422
        0.57449         2.53801
        0.44641         2.58013
        0.34158         2.53840
        0.21161         1.58520
       -0.89499         1.54835
       -0.02660         2.60024
       -0.13471         1.56866
       -1.26772         1.62599
       -0.37709        -0.39995
       -0.51123         1.66319
       -0.62162         1.64323
        0.24335         0.71251
       -0.86780         1.69883
       -0.00346         0.77456
       -0.11513         0.76747
       -1.25119        -0.15008
       -1.36312        -0.15031
       -0.49933         0.93911
       -1.61130         1.94596
       -1.74742         2.04258
       -1.85918         0.05673
       -0.99498         1.16073
       -1.10630         1.18235
       -1.24155         1.29390
       -1.35222         1.32313
       -1.48670         1.44234
       -1.59648         1.47929
       -1.72998         1.60627
       -1.83868         1.65101
       -2.97100         0.78581
       -2.07841         1.83839
       -2.20934         1.98102
       -2.31528         2.04144
       -1.44465         1.19191
       -0.54893         0.26013
       -1.67655         0.41838
       -1.77901         0.49435
       -1.90472         0.66030
       -2.00519        -0.25609
       -2.12884         0.91744
       -2.22718         0.00857
       -2.34863         1.18953
       -2.44469         1.28800
       -1.56381         0.47621
       -2.65748         1.58183
       -1.77415         0.77707
       -0.86532        -0.11040
       -1.97942         0.09163
       -0.06799         0.21081
       -2.17945         0.41935
       -2.26533         0.54489
       -1.37407        -1.24038
       -1.45718        -1.10880
        0.43687        -0.88819
       -0.64342        -0.75093
        1.25348        -1.52481
        1.17606        -1.38222
        1.07585        -1.15098
        0.00132        -2.00347
        0.90403        -1.76751
        1.83243        -0.61548
        0.73807        -1.37522
        1.66940        -1.21912
        0.57797        -0.97500
        1.51223        -0.81527
        1.42373        -1.56776
        1.36091        -0.40487
        2.27531        -1.15443
        2.21538        -1.98885
        3.13265        -2.73597
        1.07557        -1.56820
        0.99567        -1.31337
        1.94140        -3.14389
        0.86428        -3.88760
        1.81276        -4.71692
        0.73836        -4.45968
        1.68952        -4.28829
        1.61777        -4.03061
        0.57154        -3.85902
        1.50236        -3.60139
        1.45866        -1.43010
        1.39196        -1.17302
        2.35070        -2.00253
        2.28639        -0.74649
        3.24747        -1.57729
        3.18546        -2.32278
        2.14878        -2.15534
        3.08896        -0.90283
        3.05442        -1.73763
        3.99669        -2.48758
        2.96418        -1.32507
        3.90842        -2.07793
        3.87783        -2.91855
        3.82393        -3.67476
        3.79515        -3.51893
        3.74300        -3.27888
        4.71591        -3.12701
        4.66539        -2.89111
        3.63988        -2.74357
        2.59089        -1.51219
        2.56685        -1.36934
        1.51927        -1.14283
        2.49658        -1.00500
        1.45030        -1.78367
        0.42886        -3.65119
       -0.61622        -3.43534
       -0.63651        -3.30848
       -0.68050        -2.09838
       -0.69974        -2.97739
       -0.74273        -2.77329
        0.23898        -2.65840
       -0.80310        -3.46050
       -0.82052        -3.35191
       -0.86177        -3.16040
       -0.87841        -2.05828
        0.08109        -1.87330
        0.06517        -1.77779
        0.02536        -1.59948
        0.01010        -1.51068
       -2.02909        -2.33913
       -1.04375        -1.25712
       -3.08236        -0.09238
       -3.09646        -0.01722
       -4.13452        -0.85934
       -5.14809        -0.79103
       -5.18563        -1.64001
       -5.19869        -0.57855
       -5.23573        -0.43437
       -6.24828         0.62028
       -5.28481         1.75768
       -5.29686         1.80558
       -7.33287         3.93628
       -6.34439         6.97753
       -4.37986         7.10163
       -5.39082         5.13634
       -4.42571         5.25397
       -3.43606         8.28228
       -2.47032         9.39360
       -2.48001        11.41568
       -2.51357         9.52085
       -2.52251         8.53689
       -0.55529         8.63612
       -1.56342         6.64631
       -0.59532         5.73981
       -1.60252         5.74439
       -1.63344         1.83238
       -1.63959         0.83158
       -2.66940        -1.08569
       -1.67438        -0.09162
       -2.70295        -1.01388
       -2.70662        -0.02467
       -3.73380        -0.95166
       -2.73599        -1.96704
       -2.76352         0.10268
       -1.77063         2.08581
       -3.80336         4.15325
       -3.81582         7.12951
       -1.86133         8.19109
       -1.88232         8.16720
       -2.92516         7.23406
       -0.96606         6.21728
       -1.02319         6.28037
       -2.04775         7.24513
       -2.10915         7.30492
       -1.16626         1.37947
       -2.21673         3.41612
       -4.21676        -2.46111
       -1.36217        -1.39569
       -5.29734        -1.39168
       -4.39801        -0.33360
       -3.48442         0.63205
       -2.60560         1.67690
        0.19307         2.62808
        0.09108         4.60589
        0.01057         4.59151
        1.78034         3.72540
        2.61719         4.65106
        2.48819         6.58043
        4.22438         6.55759
        4.07779         6.62133
        3.95239         7.50924
        5.60682         6.66414
        6.35964         5.74633
        6.18157         5.81889
        7.79132         7.57268
       10.22179         9.38501
       10.02303        11.95146
        9.79665        11.97505
       11.29898        11.91213
       11.05079        11.08894
       10.82368        11.03332
       10.56939        10.23373
       14.44506         9.36445
       15.76986         7.78496
       12.25337        -1.08831
        8.77930        -4.11126
        7.75935        -1.63767
        9.84399        -4.57607
       11.12788         2.47105
        7.79088        -9.55240
        6.05240        -7.85465
       11.73510        -3.14236
        7.78237        -3.01597
        8.23051        -7.85162
        7.25978        -9.07564
        6.28464       -12.97800
        3.97073       -14.07688
        3.73849       -17.09073
       -0.49641       -22.09960
       -0.00358       -25.53241
       -0.80669       -23.71804
        0.94973       -20.57509
       -0.47900       -18.22874
       -0.64919       -17.71433
       -2.00968       -19.71782
       -2.15334       -16.76493
       -2.85696       -15.74335
       -1.25478       -14.07929
       -1.95212       -14.24002
       -2.64871       -14.29207
       -2.75199       -11.14470
       -1.80985        -8.55258
       -1.92743        -6.65581
       -2.06531        -6.27213
       -1.17434        -6.97563
       -1.81510        -7.06069
       -1.92699        -7.68946
       -1.12348        -8.65725
       -2.16132        -9.19064
       -2.28349       -10.48784
       -4.11644        -8.30666
       -4.18542        -6.55240
       -3.39831        -5.77828
       -4.28395        -5.74758
       -5.48933        -5.00056
       -5.50569        -4.57326
       -5.86339        -0.89821
       -5.49838        -0.21224
       -6.87399         1.76285
       -4.79055         3.03798
       -5.43474         4.49120
       -5.73760         2.43701
       -6.60805         4.14174
       -7.73575         4.63334
       -7.31002         5.59334
       -7.76035         5.18195
       -7.60388         5.25881
       -7.20715         5.67802
       -7.30073         6.23867
       -7.39486         5.88130
       -7.67296         5.70298
       -7.48941         5.18065
       -6.42395         5.68905
       -7.49420         3.78996
       -7.25622         3.14958
       -7.60010         2.65827
       -7.86535         1.60567
       -7.59056         1.25929
       -7.45116         1.37026
       -7.31748         1.26536
       -6.70201         2.28387
       -6.27819         2.74630
       -6.23714         2.57230
       -5.81638         3.38775
       -5.61786         3.34767
       -5.42782         3.41181
       -4.88830         3.92363
       -4.68846         4.27801
       -4.45015         4.43293
       -4.22254         4.74829
       -3.95791         4.87711
       -3.56027         5.22727
       -3.28341         5.25790
       -3.38992         5.62240
       -2.89150         5.97300
       -2.64521         6.29945
       -1.98229         6.54056
       -1.73875         6.56107
       -1.64525         5.96444
       -1.07837         6.18177
       -0.71775         6.18952
       -0.33040         6.40701
       -0.02734         6.21737
        0.28213         6.25020
        0.67020         6.30141
        0.99147         6.29241
        1.33420         6.25557
        1.64977         6.28540
        1.98645         6.22332
        2.30728         6.24099
        2.62988         6.16549
        2.92474         6.15954
        3.24647         6.07322
        3.54358         6.06177
        3.85818         5.95538
        4.14486         5.92003
        4.45083         5.78855
