     3.768
     4.153
     4.427
     4.801
     5.062
     5.426
     5.672
     6.029
     6.271
     6.608
     6.820
     7.114
     7.310
     7.626
     7.751
     7.984
     8.052
     8.235
     8.285
     8.469
     8.473
     8.559
     8.481
     8.611
     8.637
     8.776
     8.627
     8.710
     8.475
     8.521
     8.273
     8.265
     7.940
     7.778
     7.577
     7.056
     6.741
     6.653
     6.162
     5.910
     5.619
     4.959
     4.615
     4.081
     3.243
     2.896
     2.660
     1.808
     1.097
     0.559
    -0.053
    -0.235
    -1.208
    -1.862
    -2.827
    -4.131
    -5.126
    -5.881
    -5.807
    -5.472
    -6.749
    -7.231
    -6.320
    -5.698
    -6.078
    -6.161
    -5.753
    -4.526
    -4.135
    -3.570
    -2.013
    -1.263
    -1.137
    -1.638
    -1.645
    -1.326
    -0.357
    -1.480
    -0.762
    -1.454
    -0.942
    -1.064
    -0.321
     0.757
     3.000
     3.846
     2.916
     1.427
    -0.667
    -1.364
    -3.578
    -3.849
    -6.188
    -7.904
    -9.360
   -10.954
   -13.121
   -11.594
   -10.396
    -9.124
    -6.466
    -5.828
    -4.285
    -4.376
    -3.792
    -4.703
    -4.672
    -4.776
    -4.451
    -2.407
    -3.715
    -4.247
    -5.590
    -5.889
    -5.327
    -5.558
    -6.263
    -5.901
    -5.815
    -3.839
    -4.086
    -4.119
    -5.464
    -5.149
    -4.863
    -4.760
    -3.646
    -1.923
    -0.653
    -1.713
    -1.862
    -1.691
    -1.526
    -1.146
    -1.679
    -0.879
    -0.371
     0.672
     0.043
     1.441
     0.953
     1.349
     3.388
     3.238
     3.690
     2.838
     3.992
     4.239
     1.587
     2.369
     2.561
     3.102
     4.522
     4.186
     3.979
     4.863
     4.272
     3.674
     7.321
     5.208
     4.120
     5.239
     6.603
     7.650
     8.295
     9.296
     8.004
     7.723
     8.423
     8.162
     7.547
     6.884
     6.072
     5.562
     4.812
     2.612
     3.531
     3.875
     3.233
     3.159
     4.386
     1.930
     0.549
     0.841
     1.775
     3.287
     1.365
     1.401
     3.446
     4.615
     1.880
     0.563
    -0.795
    -1.138
    -3.297
    -2.052
    -0.448
     3.696
     5.348
     4.726
     6.279
     6.013
     3.762
     0.698
    -1.284
     3.180
     6.782
     7.022
     6.250
     6.777
     8.669
    10.196
    10.639
     9.960
    12.230
    13.956
    12.046
    11.151
    12.823
    12.283
    12.142
    12.270
     8.291
     3.470
     1.925
     2.616
     0.703
    -2.184
    -4.084
    -5.313
    -5.928
    -5.693
    -7.805
    -4.928
    -7.771
    -8.821
    -7.407
    -9.764
   -14.042
   -14.941
   -16.158
   -16.039
   -17.779
   -18.568
   -17.600
   -18.623
   -17.649
   -19.433
   -17.711
   -19.346
   -15.116
   -15.443
   -12.699
   -12.821
   -17.218
   -19.869
   -18.799
   -16.017
   -15.740
   -17.128
   -15.794
   -14.204
   -13.213
   -12.926
   -10.771
    -9.945
    -9.547
    -6.748
    -6.409
    -5.004
    -1.795
    -3.995
    -4.852
    -3.549
    -1.064
     0.154
    -0.068
     0.797
     2.451
     2.325
     1.993
     4.099
     3.774
     4.280
     4.290
     5.357
     5.547
     6.572
     8.022
     8.240
     7.898
     9.048
     9.031
     8.460
     8.128
     8.444
     9.344
     9.683
     8.171
     8.946
    10.239
    12.253
    13.382
    13.402
    14.391
    10.746
    12.803
    12.882
    11.570
    11.353
    10.439
     8.634
     8.712
     5.445
     6.095
     9.070
     5.864
     4.823
     7.397
     8.155
     9.765
     7.007
     5.560
     5.079
     3.085
     5.578
     7.563
     7.856
     6.334
     5.056
     5.443
     5.256
     3.405
     2.884
     2.533
     1.623
     4.986
     7.594
     5.084
     4.601
     3.173
     3.422
     1.582
     3.141
     5.032
     6.204
     6.923
     5.489
     0.171
     2.592
     5.415
     6.306
     5.733
     4.345
     1.970
     1.742
     4.595
     1.837
    -0.143
    -1.172
    -1.758
    -1.686
    -3.108
    -4.463
     1.515
    -1.468
    -2.790
    -7.334
    -9.902
    -8.966
    -9.216
    -9.935
    -9.870
    -9.160
    -9.608
   -10.954
   -12.164
   -12.759
   -14.648
   -15.716
   -14.570
   -14.586
   -13.044
   -13.550
   -13.422
   -14.068
   -13.587
   -14.732
   -14.914
   -13.210
   -12.804
   -11.662
   -11.032
   -10.556
    -8.762
    -7.639
    -7.169
    -6.637
    -6.387
    -5.826
    -3.201
    -3.386
    -3.263
    -3.614
    -4.563
    -5.168
    -3.170
    -0.736
     0.264
     1.654
     0.094
    -0.108
     0.218
     2.236
     1.926
    -1.260
     2.054
     2.364
     0.143
    -2.260
    -3.907
    -1.556
    -1.621
    -3.841
    -3.438
    -0.861
     1.866
     6.170
     6.533
     6.907
     3.112
     1.426
    -0.246
     0.297
     1.055
     3.068
     3.814
     2.669
     0.144
     0.600
    -1.948
     0.767
    -2.302
    -3.183
    -3.790
    -2.160
     0.543
     4.376
     4.242
     8.972
     8.580
     9.271
     7.820
     6.828
     7.048
    11.213
    16.802
    19.676
    21.979
    21.555
    20.344
    18.974
    24.188
    22.502
    20.515
    20.632
    21.074
    18.305
    15.670
    14.996
    13.805
    13.200
     9.945
    11.468
     9.973
    11.495
     9.213
     7.350
     4.500
     4.074
     3.206
     1.429
    -1.268
    -2.083
    -2.794
    -2.911
    -5.153
    -7.469
    -9.990
   -11.195
   -10.677
   -10.921
   -11.750
   -10.312
    -6.222
    -6.253
    -8.415
    -8.945
    -9.436
    -8.764
    -8.298
    -9.045
    -7.750
    -8.195
    -7.311
    -9.104
    -9.860
    -8.916
   -10.354
    -9.779
    -9.435
    -9.822
   -13.238
   -13.980
   -10.123
    -7.870
    -5.258
    -6.685
    -8.312
    -8.410
    -7.560
    -7.401
    -7.387
    -9.431
   -10.156
    -8.899
    -7.198
    -6.192
    -6.850
    -8.150
    -8.723
    -8.406
    -6.466
    -5.269
    -2.943
    -3.063
    -4.832
    -6.694
    -8.616
    -7.636
    -4.910
    -3.007
    -3.837
    -3.018
    -2.762
    -2.203
    -2.315
     0.297
     0.355
     1.869
     2.273
     3.568
     5.003
     6.220
     7.684
     5.412
     4.464
     3.720
     5.576
     6.657
     8.253
    11.283
     9.345
     9.439
    10.004
    10.433
    12.044
    11.859
    12.530
    12.363
    11.825
    10.752
    10.573
    10.565
    10.891
     8.615
     7.837
     7.761
     8.533
     8.070
     7.172
     8.258
     9.556
     9.822
     8.400
     5.638
     4.359
     1.803
     1.230
    -0.171
    -0.780
    -3.114
    -4.108
    -3.162
    -1.134
    -3.836
    -4.310
    -2.032
    -2.058
    -0.059
     0.870
     2.414
     1.171
     1.230
     2.224
     2.245
     2.999
     2.440
     1.580
     1.931
     1.054
     1.132
     1.096
    -0.359
    -1.032
    -2.180
    -3.495
    -3.611
    -2.886
    -2.821
    -2.880
    -3.393
    -6.643
    -7.266
    -6.348
    -7.592
    -7.609
    -7.769
    -8.254
    -6.782
    -8.756
    -8.322
    -9.221
    -8.366
    -8.945
   -10.324
    -8.748
    -7.311
    -6.993
    -6.363
    -6.656
    -7.614
    -7.338
    -7.553
    -7.244
    -4.288
    -4.401
    -4.237
    -4.403
    -3.375
    -3.540
    -2.244
    -0.930
    -2.015
    -1.204
    -1.880
     0.214
    -0.643
    -0.536
    -0.100
     1.005
    -1.014
    -0.446
     0.943
    -0.473
    -1.142
    -1.360
    -1.215
    -1.367
     0.250
    -0.110
     0.909
    -0.825
     3.236
     5.366
     4.067
     6.296
     5.943
     9.095
     7.752
     9.686
     9.406
     9.068
     8.631
    10.170
     8.368
     8.479
     9.618
     9.204
     9.076
     8.287
     7.918
     6.581
     5.276
     4.089
     4.285
     6.018
     4.210
     3.521
     3.536
     4.361
     5.506
     5.827
     5.373
     5.827
     7.054
     6.073
     4.808
     5.088
     6.310
     7.253
     7.492
     6.938
     7.150
     7.325
     7.318
     6.514
     5.012
     5.418
     3.767
     1.772
     2.364
     0.565
    -0.729
    -0.827
    -2.859
    -3.978
    -6.193
    -7.138
    -7.528
    -8.474
    -7.962
    -8.273
    -9.325
   -10.991
   -10.898
   -10.410
   -11.366
   -11.176
   -10.608
   -10.801
   -11.418
   -11.356
   -12.187
   -12.235
   -10.905
   -10.313
    -9.729
    -6.838
    -7.536
    -5.869
    -4.099
    -3.928
    -4.840
    -5.484
    -4.098
    -2.366
    -1.433
    -3.376
    -2.409
    -3.403
    -2.954
    -4.950
    -7.305
    -7.067
    -6.057
    -5.441
    -5.353
    -4.494
    -2.572
    -3.973
    -3.243
    -2.159
    -1.378
     0.535
     1.791
     2.680
     1.076
     2.064
     3.073
     3.245
     2.915
     3.668
     4.131
     4.535
     3.827
     3.572
     4.916
     3.001
     3.427
     4.731
     5.435
     6.638
     7.309
     6.894
     6.732
     6.919
     5.417
     3.972
     4.323
     2.835
     3.638
     2.826
     4.745
     4.824
     3.008
     0.515
    -0.963
    -1.417
    -0.996
    -0.877
    -4.184
    -4.025
    -1.054
    -0.594
     2.038
     2.815
     2.181
     1.977
     1.461
     1.426
     1.147
     0.726
     0.832
     1.677
     1.009
     2.395
     2.897
     2.473
     2.244
     2.550
     3.501
     3.255
     3.293
     1.205
     0.251
     1.317
     0.539
    -0.622
     2.060
     3.654
     3.029
     2.166
     5.014
     5.718
     7.001
     7.265
     6.169
     7.809
     8.534
     8.993
     7.633
     6.992
     6.663
     6.305
     4.749
     4.685
     4.004
     4.857
     5.864
     5.686
     4.671
     6.441
     5.496
     5.694
     3.883
     5.181
     5.237
     4.274
     1.946
     2.876
     0.146
    -1.301
    -3.588
    -2.641
    -0.840
    -2.158
    -2.759
    -3.844
    -4.294
    -4.853
    -5.079
    -6.631
    -6.629
    -6.374
    -7.626
    -7.541
    -6.764
    -6.196
    -6.844
    -6.193
    -4.725
    -6.739
    -7.943
    -7.921
    -7.036
    -8.329
    -7.072
    -8.915
    -9.969
   -11.032
   -12.152
   -11.586
   -10.725
   -11.610
   -10.895
   -11.567
   -10.214
    -9.860
    -9.952
   -11.437
   -11.052
   -11.063
    -8.952
    -5.321
    -4.255
    -5.571
    -5.147
    -6.465
    -7.291
    -7.192
    -6.981
   -10.904
   -12.866
   -12.446
   -13.910
   -13.984
   -16.212
   -14.733
   -13.738
   -14.043
   -14.216
   -12.782
    -8.306
    -5.204
    -2.942
    -0.235
     0.041
     4.973
     6.312
     8.586
    10.197
    10.239
    11.516
    13.168
    14.928
    17.763
    19.499
    19.926
    21.154
    20.794
    20.579
    19.685
    19.973
    20.387
    18.079
    17.609
    15.309
    13.436
    14.522
    16.335
    18.945
    16.278
    13.834
    12.881
    12.920
    14.727
    15.571
    14.654
    14.600
    14.263
    14.078
    10.587
    10.252
     8.401
     5.164
     4.657
     2.761
     2.261
     1.892
     2.286
     0.447
    -0.454
    -1.480
    -1.434
    -2.135
    -2.865
    -3.559
    -5.022
    -0.991
     0.141
     1.483
     0.962
     0.842
     0.149
    -1.398
    -1.802
    -2.707
    -3.842
    -1.132
     0.126
    -0.563
    -1.379
    -1.512
    -2.599
    -1.530
    -1.425
    -0.505
    -2.032
    -3.226
    -5.059
    -6.209
    -7.527
    -8.544
    -9.826
    -8.746
    -7.953
    -7.613
    -6.637
    -6.107
    -7.326
    -7.599
    -6.716
    -6.770
    -6.039
    -6.598
    -7.423
    -9.655
   -12.913
   -15.158
   -14.144
   -12.320
   -10.851
    -7.674
    -6.740
    -7.890
    -8.899
    -7.543
    -8.665
    -9.785
    -9.969
   -12.918
   -14.391
   -16.115
   -15.364
   -14.292
   -14.191
   -12.231
   -10.269
   -10.170
    -7.669
    -5.787
    -7.252
    -8.617
   -12.424
   -11.320
   -11.836
   -12.523
   -12.838
   -15.074
   -18.016
   -18.196
   -15.867
   -15.412
   -15.971
   -17.214
   -15.597
   -15.752
   -12.735
    -4.214
    57.651
    58.411
    39.933
    38.840
    38.970
    38.687
    35.627
    35.797
    39.279
    39.952
    35.304
    31.274
    30.026
    24.823
    24.986
    21.145
    22.090
    25.609
    19.763
    14.811
     6.208
     2.189
     8.934
     8.328
    11.040
     6.874
     1.127
    -2.648
    -1.961
    -3.162
    -9.300
   -15.058
   -19.648
   -19.202
   -16.954
   -18.839
   -22.828
   -25.600
   -27.606
   -26.933
   -25.690
   -19.556
   -15.749
   -13.436
   -10.336
   -10.434
   -13.589
   -13.657
    -6.385
    -3.727
    -4.991
    -8.800
    -9.420
    -6.917
    -2.004
     3.141
     7.404
    13.326
    15.645
    15.283
    10.432
     9.036
    10.937
    10.064
     9.564
     9.327
    11.705
    17.813
    12.185
     9.925
     8.552
     5.768
     4.523
     4.236
     7.483
     8.934
     3.306
    -1.934
     3.783
     3.931
     4.404
     6.528
     8.592
     6.803
     7.176
     8.444
     7.674
     4.147
     2.357
     5.080
     3.515
     2.438
     3.921
     5.379
     4.486
     2.425
     1.089
    -1.836
    -4.882
    -2.645
     0.931
     1.762
    -2.908
    -4.466
    -5.383
   -11.781
   -16.622
   -18.658
   -22.297
   -20.749
   -24.301
   -24.053
   -26.142
   -26.778
   -26.252
   -30.336
   -32.820
   -30.073
   -30.563
   -29.750
   -31.369
   -28.180
   -21.310
   -13.373
   -17.362
   -19.334
   -10.330
    -6.886
    -3.127
     6.977
     8.303
     5.447
    12.316
    23.817
    40.210
    30.977
    16.415
    13.875
    17.806
    21.014
    18.757
    13.931
    14.580
    12.559
    13.895
    13.657
    11.880
    13.043
    12.253
    10.018
     7.349
     9.919
    14.213
     8.849
     8.386
    11.839
    13.421
     4.212
     1.784
     3.800
     3.996
     5.364
     8.445
     3.550
     9.403
    10.376
    13.846
    22.765
    21.854
    -3.459
   -10.210
     2.782
     5.233
    -0.949
    -1.484
     0.753
     3.266
    -1.600
    -2.367
     1.496
    -1.672
   -24.775
   -19.724
    -7.884
   -10.390
   -12.719
    -9.721
    -7.762
    -9.557
    -8.269
    -5.999
    -8.325
   -10.487
    -4.015
    -7.126
    -5.699
    -6.215
    -5.347
    -4.067
     4.767
     1.158
    -0.683
     2.904
     1.944
     0.634
    -2.005
    -0.077
     3.273
     1.679
    -2.013
     0.460
    -0.896
    -2.442
    -0.066
    -4.361
    -4.106
    -2.089
    -2.318
    -4.218
    -4.106
    -5.999
    -8.920
    -8.128
    -7.902
    -7.163
    -5.333
    -7.182
    -6.321
    -7.844
    -6.279
    -4.170
    -3.855
    -3.926
     1.784
     3.283
     1.235
     5.978
     3.499
     3.640
     2.578
     4.339
     5.266
     4.346
     3.545
     4.227
     3.004
     7.787
     7.555
     4.775
     4.304
     3.236
     2.668
     4.925
     4.318
     2.967
     6.587
    10.425
    16.208
    13.948
     9.611
     7.871
     9.942
     8.217
     5.863
     4.564
     7.453
    15.971
    14.632
     5.053
     0.858
    -2.498
     4.092
     7.902
     0.101
    -4.495
    -6.673
    -3.278
    -7.505
    -7.612
    -5.179
    -2.117
    -0.471
     2.939
     3.932
     2.204
     1.589
     0.810
     6.114
     3.278
    -1.189
    -1.899
    -1.701
    -1.506
    -5.564
    -4.705
    -6.945
    -9.415
    -9.807
    -4.976
   -10.224
   -11.584
    -8.844
    -4.870
    -5.981
   -13.081
   -14.484
   -12.527
    -9.840
   -11.997
    -6.201
    -5.724
    -3.777
   -12.905
   -11.197
   -10.998
    -8.473
    -6.618
    -5.615
    -2.174
    -2.709
     2.677
     1.823
     5.712
     7.127
     8.925
     7.554
     7.364
     4.722
     6.809
     7.837
     7.825
     5.550
     3.143
    -2.126
    -2.696
    -5.548
    -1.872
     1.279
     0.705
    -3.594
    -5.616
     0.284
     3.894
     3.954
     2.379
     1.137
     1.275
    10.009
     7.877
     5.741
     6.517
     5.572
     1.875
     0.515
    -1.629
    -2.243
     0.045
    -0.544
    -0.920
    -4.350
    -2.165
     2.286
     2.728
     3.467
     1.304
    -2.145
     7.955
    14.762
     4.220
     2.117
     3.211
     2.545
     0.191
     2.388
    -1.567
    -1.198
    -0.505
     0.608
     2.682
     2.092
     2.993
     2.622
     1.939
     1.907
     4.525
     2.936
     0.592
    -2.420
    -3.642
    -4.318
    -4.988
    -3.130
    -4.852
    -4.561
    -6.164
    -1.754
    -1.190
    -1.532
     0.378
    -0.361
    -2.201
    -3.800
    -1.527
    -0.807
    -1.278
    -1.948
     0.044
    -1.466
    -3.679
    -3.621
    -3.555
     0.008
     2.094
     3.857
     0.572
     2.801
     1.383
     0.456
     1.039
     3.366
     1.975
     0.995
     5.006
     3.357
     1.184
     2.423
     1.350
     0.534
     1.087
    -0.288
     0.364
     1.555
     5.338
     4.024
    -0.639
     0.588
     4.379
     3.195
     3.804
     1.934
    -1.380
     0.244
     4.288
     0.683
     0.864
    -0.599
    -0.944
    -4.228
     3.943
     3.675
    -0.268
     0.716
    -2.580
    -0.577
     2.636
     2.459
     2.145
     0.838
     0.025
    -0.462
    -0.473
    -0.209
    -0.554
    -0.316
    -2.593
     0.435
     0.740
    -1.438
    -2.434
    -3.183
    -3.812
    -3.235
    -2.905
    -2.341
    -0.591
    -1.501
     0.450
    -0.660
     0.789
     2.343
     0.335
     0.459
     0.418
     0.539
    -0.482
    -1.437
    -2.005
    -1.101
    -2.448
    -0.826
    -2.791
    -3.299
    -3.106
    -0.924
     0.747
     0.730
     0.667
    -0.294
    -1.284
    -1.483
    -0.106
    -0.528
    -2.179
    -3.232
    -3.648
    -3.822
    -5.378
    -6.114
    -4.519
    -4.602
    -5.457
    -6.689
    -7.485
    -6.307
    -6.074
    -7.900
   -10.099
    -9.482
    -9.004
    -8.222
   -10.070
    -8.708
    -8.501
    -7.032
    -7.006
    -6.874
    -5.529
    -5.477
    -5.270
    -5.144
    -4.996
    -4.635
    -5.605
    -4.719
    -1.268
    -0.418
    -0.631
    -0.421
     0.656
     3.168
     3.942
     5.832
     6.505
     5.473
     9.582
    10.970
    12.855
    13.936
    15.051
    16.595
    16.170
    13.740
    12.192
    11.281
     9.741
     8.730
     5.067
     4.585
     6.409
     5.219
     1.956
     2.884
     1.963
     3.378
     4.667
     6.079
    10.083
     9.972
    11.281
     9.571
    10.684
    11.037
     9.661
     8.294
     6.953
     7.573
     9.395
     8.252
     8.653
    13.533
    16.207
    18.821
    15.796
    14.044
    13.929
     2.877
     0.967
    -2.329
    -7.100
    -7.814
    -8.494
   -11.495
   -11.847
    -9.912
    -9.859
    -9.882
   -10.537
    -9.662
    -7.713
    -7.037
    -7.945
    -5.460
    -3.050
    -4.249
    -1.580
     1.196
     2.924
     7.401
     6.914
     3.529
     2.970
     4.537
     5.093
     5.405
     2.906
     1.886
    -1.589
    -1.968
    -1.642
    -2.426
    -3.100
    -2.649
    -6.005
    -8.461
    -8.368
   -10.017
    -8.393
    -8.339
    -8.823
    -8.140
    -7.124
    -5.425
    -4.497
    -3.689
    -6.713
    -7.211
    -9.692
    -9.950
    -9.883
   -11.236
   -14.604
   -16.425
   -19.434
   -20.521
   -20.570
   -21.211
   -20.569
   -19.345
   -18.500
   -18.781
   -19.097
   -19.796
   -17.527
   -18.585
   -17.061
   -16.920
   -16.281
   -14.365
   -14.399
   -15.363
   -13.803
   -14.493
   -10.636
    -7.984
    -5.365
    -2.868
     0.342
     3.142
     4.789
     6.027
     7.545
     6.786
     5.107
     5.850
     5.550
     9.151
    14.941
    19.051
    19.229
    19.483
    21.567
    28.221
    28.964
    28.502
    29.212
    31.729
    30.353
    30.008
    28.633
    25.241
    20.912
    17.907
    15.467
    11.975
     9.961
    10.653
     8.595
     9.142
    12.514
    13.562
    15.733
    15.035
    12.632
    11.025
    10.555
     9.605
     8.987
    10.246
    12.094
    12.234
    14.124
    14.886
    13.736
    11.076
     9.396
     8.954
     7.462
     5.598
     5.939
     6.194
     7.891
     5.158
     3.504
     2.151
     1.051
    -0.529
    -1.311
    -0.184
    -1.872
    -3.391
    -5.161
    -3.455
    -4.691
    -3.708
    -5.404
    -8.734
   -11.266
   -13.641
   -15.428
   -17.907
   -21.214
   -20.891
   -20.355
   -21.120
   -25.510
   -25.278
   -25.963
   -24.258
   -21.255
   -20.402
   -20.860
   -20.145
   -20.779
   -18.449
   -16.009
   -13.886
   -12.017
   -14.127
   -12.330
   -11.480
   -10.206
   -10.888
   -11.434
   -12.461
   -13.926
   -17.437
   -11.679
   -11.327
    -5.705
    -5.970
    -1.882
     2.979
     2.470
     1.350
    -0.319
    -3.948
    -5.833
    -4.331
     1.603
     2.494
     8.901
    12.311
    11.098
    11.045
    10.583
     8.126
     4.661
    11.769
    14.456
    12.392
    12.905
    13.802
    10.556
    15.339
    20.644
    15.180
    10.409
     5.371
     6.130
     8.887
     8.452
     3.848
     6.161
     6.275
     8.840
     8.152
     3.791
    -3.320
    -4.069
    -7.673
   -13.024
   -10.905
   -10.153
    -9.579
    -6.522
    -5.025
    -8.027
    -5.201
    -5.246
    -5.987
    -5.774
    -8.998
    -8.868
    -2.219
    -9.151
    -2.992
    -3.882
    -1.219
     3.871
     1.556
    -3.005
     0.983
    -0.508
    -0.019
     1.440
     0.579
     2.830
     8.043
     8.958
    10.245
    14.277
    16.694
    18.661
    21.049
    20.960
    20.200
    17.054
    18.139
    14.676
     9.051
     7.149
     4.822
     2.633
     1.967
     1.423
     2.384
     2.417
     3.346
     2.756
     0.612
    -0.590
    -0.199
    -1.431
    -0.331
     1.824
     4.844
     6.098
     6.316
     3.708
     4.083
     2.028
     0.344
    -1.273
    -4.941
    -8.082
   -12.850
   -17.329
    -6.327
     0.462
    -0.071
     2.931
     1.253
    -2.986
    -4.700
    -5.787
    -6.879
    -6.904
    -5.516
    -0.626
     4.037
    10.088
    14.535
    11.320
     7.053
    -4.898
   -12.923
   -15.287
   -17.015
   -17.037
   -10.242
    -0.597
     2.840
     3.219
     1.152
    -0.523
    -3.240
    -3.678
    -3.930
    -4.613
    -5.719
    -6.343
    -5.401
    -5.110
    -5.511
    -5.105
    -5.335
    -6.791
    -6.618
    -7.559
    -6.641
    -5.789
    -4.979
    -4.132
    -3.720
    -4.645
    -6.091
    -6.562
    -6.810
    -7.814
    -8.180
    -7.139
    -3.786
     3.009
     5.339
     7.539
     6.865
     6.848
     6.312
     4.878
     4.280
     1.939
    -0.000
    -2.118
    -2.829
    -3.176
    -2.883
    -2.895
    -1.600
    -2.000
    -0.918
    -0.294
     0.501
    -1.152
     0.427
     0.403
     0.753
     0.543
    -0.807
    -1.051
    -2.433
    -1.967
    -0.938
    -1.975
    -2.496
    -2.079
    -0.999
     0.056
     2.052
    -0.898
    -1.712
    -2.237
     0.673
     0.911
     0.093
    -0.892
     0.984
     1.547
     1.965
     0.855
     2.233
     2.603
     4.011
     4.819
     3.902
     3.702
     3.549
     4.046
     4.507
     5.512
     5.820
     5.571
     6.161
     6.381
     6.688
     4.787
     3.793
     3.578
     2.295
     2.649
     3.118
     1.559
     2.484
     2.006
     1.963
     1.220
     2.261
     2.104
     2.300
     3.993
     5.235
     5.375
     9.087
     8.784
    10.112
    10.131
    10.439
     9.412
     8.500
     7.030
     6.570
     9.274
     7.720
     5.976
     7.169
     8.978
     6.707
     5.081
     3.865
     3.023
     0.249
    -3.143
    -4.809
    -6.051
    -7.968
    -8.642
    -7.869
    -6.137
    -7.533
    -6.620
    -6.403
    -7.653
    -7.299
    -7.480
    -6.554
    -7.353
    -6.331
    -7.951
    -6.725
    -6.525
    -4.826
    -4.364
    -2.390
    -2.114
    -2.180
    -2.041
    -0.646
    -1.765
    -2.359
    -2.512
    -3.303
    -3.447
    -3.015
    -4.004
    -3.295
    -2.622
    -3.390
    -2.682
    -2.486
    -2.219
    -1.731
    -3.067
    -4.145
    -3.751
    -4.360
    -4.505
    -4.727
    -4.895
    -4.784
    -4.959
    -4.087
    -2.877
    -3.045
    -2.609
    -1.742
    -1.817
    -2.603
    -3.033
    -3.324
    -3.921
    -2.820
    -2.953
    -3.418
    -1.737
    -1.081
    -0.504
     0.686
     0.895
     1.104
     2.351
     2.033
     2.979
     3.216
     2.670
     3.352
     3.789
     3.127
     2.889
     2.639
     2.819
     3.248
     3.973
     4.821
     3.534
     3.814
     3.400
     2.967
     4.056
     3.354
     3.008
     2.194
     1.138
     0.262
     0.838
     0.393
     0.156
     0.532
     0.258
     0.517
     0.509
     0.505
     0.621
     1.458
     0.822
     1.036
     1.684
     0.874
     1.196
     1.448
     1.014
     0.948
     0.314
    -0.290
    -0.388
    -0.333
    -0.652
     0.730
     0.096
     2.155
     1.714
     2.644
     2.412
     4.104
     3.152
     2.444
     1.724
     1.432
     0.858
     1.532
     0.862
     0.651
    -0.250
    -0.343
    -0.785
    -1.483
    -2.147
    -2.675
    -1.912
    -1.895
    -0.994
     0.057
     0.928
     1.450
     0.943
     0.356
     1.166
     1.409
     1.191
     0.669
     0.489
    -0.067
    -0.917
    -0.309
     0.727
     1.476
     0.914
     0.931
     0.958
     1.213
     2.132
     2.435
     1.287
     1.580
     1.931
     1.759
     2.298
     1.968
     0.682
     1.800
     2.527
     1.566
     1.778
     1.327
     0.729
     1.138
     1.028
     0.388
     0.805
    -0.622
    -0.682
    -1.122
    -0.146
    -0.461
     0.185
    -0.805
    -0.403
    -0.067
    -0.428
    -0.207
    -0.292
     0.141
    -0.878
    -0.643
    -0.753
    -1.162
    -1.259
    -0.531
    -0.606
    -1.253
    -1.212
    -1.512
    -1.148
    -1.331
    -1.187
    -0.923
    -0.958
    -1.630
    -0.528
    -1.093
    -0.542
    -0.415
    -0.928
    -0.432
    -1.681
    -1.631
    -1.424
    -1.411
    -2.217
    -3.092
    -2.600
    -2.275
    -2.744
    -2.033
    -2.748
    -2.807
    -3.400
    -3.292
    -2.655
    -3.531
    -5.414
    -5.810
    -5.655
    -5.044
    -5.344
    -5.160
    -4.935
    -5.289
    -4.545
    -5.048
    -4.901
    -5.349
    -5.465
    -7.539
    -7.084
    -7.704
    -7.467
    -7.448
    -7.275
    -6.516
    -6.549
    -5.773
    -2.633
    -0.419
     0.272
     3.628
     2.844
     6.687
     8.138
     9.477
     8.285
     8.817
     9.262
     9.154
     7.196
     6.125
     6.189
     5.080
     5.672
     5.118
     4.522
     4.629
     4.901
     5.911
     6.350
     5.779
     5.318
     5.052
     6.040
     5.104
     4.462
     4.646
     5.160
     5.879
     4.419
     3.765
     3.046
     3.085
     3.182
     2.803
     2.766
     2.790
     2.144
     2.552
     1.704
     0.996
     0.009
    -0.822
     0.143
     1.080
     1.253
     1.900
     2.088
     1.415
     1.759
     1.437
     1.894
     2.275
     1.226
     0.786
     1.287
     1.031
     0.381
    -1.214
    -1.409
    -0.509
     0.810
     2.456
     2.243
    -1.477
    -4.788
    -6.305
    -4.952
    -3.590
    -2.753
    -1.614
    -1.401
    -1.277
    -2.553
    -3.730
    -5.098
    -5.219
    -5.792
    -3.260
    -2.440
    -1.568
    -2.203
    -2.921
    -3.052
    -3.498
    -2.643
    -3.455
    -2.600
    -0.841
    -0.100
     0.413
     0.166
    -0.603
    -0.185
    -0.628
    -0.804
    -1.257
    -0.359
    -0.060
    -1.274
    -1.290
     0.072
    -0.234
     0.386
     0.393
     0.643
     0.291
    -2.698
    -3.089
    -3.170
    -2.259
    -2.559
    -2.068
    -2.388
    -1.872
    -2.140
    -1.895
    -1.761
    -1.121
     0.064
    -0.704
    -0.655
     0.696
     0.387
    -0.523
    -1.107
    -1.365
    -1.462
    -1.373
    -1.485
    -2.127
    -2.172
    -1.589
    -1.561
    -0.784
    -1.245
    -0.531
    -0.440
     0.148
     0.142
     0.416
     0.981
    -0.056
    -1.517
    -4.303
    -3.803
    -3.252
    -0.891
     0.527
     2.790
     2.870
     3.905
     2.613
     2.655
     2.576
     3.528
     3.185
     1.828
     0.804
     1.580
     1.622
     1.712
     1.174
     1.372
     1.348
     1.534
     2.392
     3.249
     2.722
     3.130
     3.082
     3.509
     2.493
     2.788
     1.371
     2.465
     2.956
     2.308
     2.448
     1.496
     1.616
     2.398
     1.899
     1.648
     1.737
     0.885
     1.253
     1.466
     1.988
     0.982
     1.427
     0.849
     1.232
     0.815
    -0.036
     0.269
     0.074
    -0.587
    -1.191
    -0.115
    -0.339
    -0.288
    -0.099
    -0.238
    -1.849
    -1.580
    -1.917
    -2.031
    -2.258
    -2.825
    -0.674
    -0.623
    -0.398
     0.661
     0.240
     0.815
     0.242
     0.463
     0.996
     1.593
     0.793
     1.072
    -0.567
    -0.513
    -0.757
    -1.118
    -0.321
    -0.459
     0.190
     0.891
     0.030
    -0.106
     0.101
    -0.209
    -0.501
    -1.252
    -1.795
    -2.017
    -1.316
    -0.467
    -0.794
    -0.499
    -1.030
     0.280
    -1.331
    -1.251
    -0.514
    -0.775
    -1.597
    -2.058
    -1.574
    -1.635
    -1.556
    -1.430
    -1.244
    -2.096
    -0.912
    -1.124
    -0.715
    -1.479
    -1.965
    -2.426
    -2.247
    -2.057
    -1.357
    -1.090
    -0.969
    -1.411
    -2.330
    -2.949
    -2.616
    -2.100
    -2.947
    -2.061
    -1.665
    -0.699
    -0.362
    -0.426
    -0.909
    -1.199
    -1.059
    -1.015
    -0.283
    -0.004
    -0.832
    -0.652
     0.793
     1.044
     0.970
     0.944
    -0.035
     0.829
     0.721
     0.839
     0.385
     0.955
     1.460
     1.650
     1.393
     2.340
     1.950
     1.746
     1.847
     2.801
     2.821
     1.976
     1.974
     1.626
     1.420
     1.974
     2.155
     2.009
     2.434
     3.561
     3.802
     4.131
     3.601
     3.070
     3.907
     5.086
     4.605
     5.187
     5.184
     4.566
     4.680
     4.753
     4.646
     4.826
     5.481
     3.266
     2.588
     3.210
     3.216
     3.412
     1.930
     0.721
     0.706
     0.077
     1.605
     0.631
     0.058
    -0.278
    -0.898
    -0.210
    -1.525
    -0.698
     0.436
    -0.356
    -0.590
    -1.861
    -2.668
    -4.061
    -5.026
    -6.347
    -7.073
    -6.207
    -7.978
    -7.806
    -8.487
    -8.939
    -8.550
   -10.528
    -8.775
    -4.719
    -6.668
    -5.842
    -5.352
    -3.876
    -3.655
    -2.964
    -2.306
    -1.525
    -0.402
    -0.965
    -1.735
    -0.229
    -0.525
    -2.583
    -1.461
    -2.916
    -3.982
    -5.399
    -5.431
    -5.216
    -4.784
    -6.684
    -7.702
    -4.487
    -4.608
    -4.189
    -2.243
    -2.353
    -2.453
    -4.178
    -1.293
    -4.542
    -3.833
    -3.732
    -6.002
    -5.939
    -5.733
    -3.439
    -1.195
    -0.403
     0.255
     0.927
     1.840
     3.074
     6.698
     6.893
     6.491
     7.415
     9.044
     9.445
    11.556
    12.384
    11.442
    12.996
    12.407
    12.102
    12.628
    13.306
    17.625
    16.777
    15.170
    10.793
     8.992
    14.241
    14.901
    10.289
     7.981
    13.294
     9.114
    11.142
     8.951
     8.934
     6.453
     6.055
     3.547
     3.894
     4.213
     4.260
     1.937
    -0.897
    -0.366
    -1.032
    -1.518
    -1.345
    -1.498
    -1.952
    -2.504
    -2.831
    -3.395
    -2.911
    -1.805
    -3.229
    -4.043
    -2.490
    -3.090
    -2.700
    -5.051
    -5.276
    -5.025
    -5.615
    -6.858
    -7.227
    -7.194
    -7.270
    -8.363
    -6.114
    -6.881
    -6.626
    -8.183
    -9.794
    -8.729
    -9.060
    -8.585
    -7.647
    -8.164
    -8.497
    -8.737
    -8.143
    -7.555
    -7.760
    -7.637
    -8.040
    -8.043
    -7.847
    -7.581
    -7.214
    -6.927
    -6.675
    -6.268
    -6.174
    -5.783
    -5.778
    -5.465
    -5.144
    -4.808
    -4.639
    -4.472
    -4.415
    -4.339
    -4.306
    -3.913
    -3.635
    -3.190
    -3.068
    -2.583
    -2.294
    -1.762
    -1.562
    -1.142
    -0.911
    -0.485
    -0.229
     0.187
     0.454
     0.817
     1.105
     1.495
     1.768
     2.149
     2.434
     2.820
     3.100
     3.487
