     5.585
     5.406
     5.324
     5.122
     5.018
     4.796
     4.671
     4.458
     4.325
     4.063
     3.926
     3.659
     3.441
     3.115
     2.938
     2.515
     2.243
     1.874
     1.510
     1.042
     0.741
     0.227
    -0.088
    -0.389
    -0.465
    -1.044
    -1.166
    -1.489
    -1.993
    -2.428
    -2.609
    -2.895
    -3.528
    -4.290
    -4.802
    -5.571
    -6.070
    -6.460
    -6.445
    -7.013
    -6.923
    -7.015
    -7.433
    -7.774
    -8.499
    -8.818
    -9.059
    -9.052
    -8.912
   -10.444
   -10.735
   -11.038
   -11.119
   -11.406
   -11.622
   -12.880
   -12.921
   -12.769
   -14.249
   -14.261
   -13.532
   -13.121
   -13.592
   -13.922
   -12.885
   -11.216
   -10.057
   -10.256
    -6.618
    -4.895
    -2.355
    -0.705
    -0.243
     1.978
     3.477
     3.004
     3.129
     3.683
     5.898
     5.519
     7.285
     7.400
     7.163
     8.648
    10.081
     8.669
    10.329
     9.567
     9.773
     8.826
     9.198
    11.125
    11.953
    12.334
    12.185
    12.371
    11.207
     9.980
     9.446
     8.470
     7.660
     6.457
     5.487
     5.215
     3.723
     3.108
     3.099
     2.867
     3.201
     1.540
     2.425
     2.692
     2.190
     2.614
     2.696
     1.338
     0.708
     0.224
     0.228
    -0.117
    -0.163
    -0.323
    -0.959
    -1.205
    -2.032
    -2.216
    -2.240
    -1.325
    -1.084
    -1.821
    -2.231
    -2.277
    -3.041
    -3.299
    -3.083
    -3.211
    -3.446
    -2.971
    -3.791
    -3.261
    -3.885
    -4.957
    -4.365
    -4.313
    -2.523
    -2.625
    -2.145
    -3.061
    -3.590
    -3.664
    -1.985
    -2.407
    -1.732
    -2.422
    -1.022
    -0.474
    -2.182
    -3.126
    -1.992
    -3.084
    -4.463
    -4.232
    -1.641
    -0.904
     1.003
     2.786
     2.370
     2.243
     3.028
     2.966
     3.648
     4.292
     3.116
     3.720
     3.658
     4.099
     4.028
     4.847
     6.401
     4.823
     6.407
     6.851
     3.781
     3.749
     3.756
     4.474
     4.035
     2.838
     3.793
     4.990
     3.892
     1.943
    -0.249
    -1.440
    -1.297
     0.896
     2.709
     2.720
     2.736
     1.691
     2.891
     0.823
    -0.478
    -3.242
    -6.099
    -5.830
    -4.383
    -0.563
    -0.876
    -2.704
    -2.027
    -4.616
    -5.710
   -10.597
   -10.651
    -9.258
    -9.186
    -8.546
   -10.028
   -10.540
   -11.042
    -8.184
    -7.706
    -8.179
    -9.356
    -8.245
    -6.617
    -4.133
    -3.358
    -2.199
     0.606
     1.039
     1.843
     4.910
     7.749
     7.547
     9.548
    11.223
    10.409
     9.516
    10.019
     9.322
     8.766
     7.083
     5.874
     2.731
     2.347
     1.195
     3.072
     3.222
     3.645
     1.659
     5.507
     3.406
    -2.986
    -0.845
     0.303
     0.354
    -0.659
    -0.758
    -0.399
    -1.542
    -2.219
    -4.055
    -3.146
    -2.625
    -3.410
    -2.598
    -2.373
    -2.489
    -1.019
    -2.022
    -0.782
    -0.160
    -1.526
    -1.264
    -2.678
    -2.935
    -2.637
    -1.395
    -2.174
    -2.177
    -2.440
    -3.393
    -4.585
    -3.508
    -2.764
    -2.625
    -2.772
    -3.646
    -3.158
    -2.037
    -2.062
    -1.802
    -1.744
    -3.210
    -2.386
    -2.982
    -1.828
    -2.788
    -1.468
    -0.511
    -0.688
     0.244
     1.061
     1.025
     1.124
     0.948
     1.987
     0.902
     0.683
     1.876
     3.223
     2.212
     1.193
     3.151
     3.068
     2.921
     3.814
     4.402
     5.659
     6.178
     4.428
     5.207
     6.110
     5.322
     5.958
     6.103
     4.895
     4.847
     4.394
     4.014
     3.808
     3.235
     3.169
     2.310
     2.478
     2.804
     2.347
     2.437
     2.426
     3.914
     3.947
     4.296
     3.529
     2.459
     2.789
     1.365
     1.413
    -0.308
    -1.114
    -1.156
    -1.276
    -1.120
    -1.293
    -2.212
    -1.660
    -3.399
    -2.873
    -4.150
    -4.385
    -5.218
    -3.512
    -2.883
    -2.686
    -4.864
    -3.749
    -3.272
    -1.489
    -0.040
    -0.307
     0.067
     1.969
     1.010
     0.857
     1.907
     1.914
     1.765
     2.473
     1.858
     1.599
     1.503
     1.145
     1.077
     1.194
     0.025
     0.460
    -1.144
     0.462
    -1.534
    -1.086
    -0.942
    -1.016
    -2.442
    -3.025
    -3.321
    -3.998
    -3.548
    -3.335
    -2.908
    -2.409
    -3.114
    -3.893
    -3.993
    -3.897
    -4.399
    -4.046
    -4.633
    -6.398
    -6.603
    -8.782
    -8.212
    -6.891
    -6.511
    -5.495
    -6.094
    -5.273
    -5.330
    -4.954
    -2.864
    -2.746
    -2.737
    -2.730
    -1.475
     1.097
     4.986
     7.591
     7.223
     5.260
     2.593
     2.050
     1.672
     3.210
     3.909
     4.487
     3.878
     1.951
     0.881
     0.751
     1.568
     2.184
     2.124
     1.388
    -0.625
    -0.511
     0.648
     2.270
     1.689
     1.689
     1.536
     0.018
     0.275
    -0.914
    -2.259
    -0.396
     0.049
     1.428
    -0.563
    -0.391
    -0.813
    -0.177
     0.360
     1.327
     1.502
     2.029
     1.668
     2.792
     2.814
     2.021
     0.223
    -1.220
    -1.397
    -1.525
     0.476
     1.979
     0.811
     0.990
     2.163
     1.344
     1.040
     1.208
     2.282
     2.113
     2.216
     2.632
     1.570
     2.010
     1.829
     1.486
     2.150
     2.724
     1.601
     2.235
     2.377
     1.710
     1.344
     2.563
     3.356
     3.168
     2.886
     3.117
     2.234
     1.013
     0.122
     0.316
    -0.811
    -0.752
    -0.320
    -1.527
    -0.831
    -0.432
    -2.386
    -0.794
    -1.056
     0.442
     1.099
     1.143
     1.554
     2.235
     2.912
     3.378
     3.774
     3.299
     3.015
     2.166
     3.309
     4.204
     2.981
     2.379
     2.241
     1.521
     3.906
     5.251
     4.214
     2.613
     1.130
     0.357
     0.586
     1.167
     1.938
     1.284
     1.458
     0.349
    -0.751
    -0.928
    -0.932
    -0.374
    -0.874
     0.481
    -0.589
     0.213
     1.114
     1.129
     1.837
     0.371
    -1.429
    -1.925
    -1.059
    -1.444
    -2.048
    -3.794
    -5.959
    -6.316
    -6.431
    -6.539
    -6.254
    -7.604
    -8.688
    -9.747
   -10.207
    -8.920
    -9.210
    -7.476
    -6.288
    -6.687
    -8.433
    -8.405
    -7.418
    -8.127
    -9.294
    -7.844
    -6.923
    -5.131
    -5.228
    -5.507
    -5.636
    -4.273
    -4.414
    -3.659
    -3.189
    -2.722
    -2.827
    -2.267
    -2.743
    -2.496
    -2.371
    -1.571
    -0.404
    -0.543
    -2.393
    -3.420
    -3.990
    -3.625
    -2.098
    -1.365
    -1.471
    -0.908
    -0.790
     0.736
     0.269
     2.195
     2.368
     2.771
     3.230
     4.102
     3.899
     4.931
     6.331
     5.044
     4.379
     4.825
     2.793
     3.995
     4.678
     5.262
     4.439
     5.032
     5.474
     6.501
     5.896
     6.646
     7.243
     6.163
     5.556
     6.127
     5.242
     5.736
     5.745
     5.275
     4.721
     3.871
     5.080
     4.791
     4.636
     5.380
     6.551
     6.476
     5.911
     6.222
     6.364
     5.240
     6.563
     5.716
     5.773
     7.770
     7.987
     7.473
     4.989
     6.417
     6.298
     5.939
     6.116
     6.232
     5.582
     5.239
     5.352
     5.172
     5.932
     7.209
     7.586
     7.875
     5.542
     5.771
     1.760
    -1.446
    -1.871
    -3.187
    -5.810
    -7.656
    -5.908
    -8.590
    -9.642
    -9.784
    -8.944
    -6.808
    -7.017
    -6.188
    -6.707
    -7.374
    -6.309
    -4.136
    -4.022
    -2.814
    -1.566
    -0.673
    -0.479
    -0.334
    -1.038
    -0.314
    -0.618
     0.736
     0.710
    -0.410
     0.325
    -1.390
    -0.893
    -0.486
    -2.334
    -2.308
    -2.307
    -2.345
    -3.325
    -4.606
    -4.971
    -5.352
    -5.607
    -6.016
    -6.782
    -6.586
    -6.767
    -6.030
    -6.090
    -5.884
    -6.010
    -5.723
    -4.549
    -4.549
    -2.632
    -3.325
    -3.016
    -2.418
    -2.960
    -3.284
    -4.307
    -5.039
    -6.965
    -6.878
    -6.974
    -6.090
    -6.072
    -6.839
    -7.435
    -7.244
    -7.035
    -8.601
    -8.700
    -7.687
    -6.510
    -7.219
    -7.520
    -8.383
    -9.528
    -9.320
    -7.298
    -5.345
    -3.306
    -2.876
    -3.018
    -2.731
    -2.916
    -2.696
    -1.837
    -0.952
    -0.439
    -0.878
    -0.840
     0.322
     0.610
     0.575
     1.807
     1.496
     0.522
     1.079
     1.518
     2.202
     3.619
     4.775
     6.492
     7.130
     7.621
     7.457
     7.148
     6.685
     8.020
     7.570
     9.275
    10.809
    12.657
    11.499
    10.688
    11.228
    13.066
    13.159
    12.751
    12.519
    12.641
    12.826
    10.843
    11.085
    12.019
    11.150
    11.197
    10.098
     9.704
     8.781
     9.748
    11.735
    10.848
    11.167
    11.414
    10.517
    10.172
    11.423
    12.110
    11.673
    10.954
    10.365
    11.257
    10.930
    11.531
    11.331
    11.285
    12.077
    12.078
    12.240
    12.348
    12.808
    11.618
    10.747
    11.789
    11.113
    10.078
     8.896
     8.205
    10.534
     9.281
     7.601
     5.912
     0.384
    -3.317
    -7.198
   -10.830
   -11.788
   -17.011
   -20.648
   -24.686
   -26.707
   -28.115
   -29.781
   -31.396
   -31.910
   -33.052
   -35.194
   -36.574
   -36.071
   -33.527
   -31.924
   -29.816
   -29.236
   -28.731
   -27.179
   -25.029
   -23.921
   -21.777
   -18.633
   -15.811
   -12.112
    -9.895
    -7.256
    -5.158
    -2.271
     0.067
     2.563
     2.980
     4.475
     4.809
     5.867
     4.573
     4.075
     3.796
     3.063
     3.257
     2.522
     2.237
     1.016
     1.237
     0.940
     0.799
    -0.170
    -0.404
     0.123
     1.417
     2.589
     3.068
     3.360
     3.976
     2.696
     1.644
     2.565
     2.953
     3.618
     2.053
     3.703
     4.291
     4.092
     3.908
     5.129
     4.978
     5.974
     7.834
     8.581
     7.769
     5.184
     3.335
     0.015
    -2.986
    -3.771
    -3.025
    -2.285
     1.000
     4.200
    10.265
    15.732
    16.956
    17.127
    18.016
    17.348
    18.338
    17.608
    17.317
    15.440
    15.291
    13.949
    10.882
     7.457
     4.174
     3.256
     5.424
     3.340
     1.391
     0.036
    -0.718
    -2.763
    -4.418
    -5.136
    -3.718
    -3.673
    -5.151
    -4.007
    -3.107
    -1.505
    -0.230
     0.057
    -1.280
    -1.921
    -1.073
     0.166
     0.761
     1.547
     1.628
     0.623
     0.774
     2.042
     4.720
     3.973
     3.593
     6.125
     7.026
     6.745
     5.768
     5.807
     7.562
     6.072
     5.614
     6.261
     5.584
     6.028
     6.753
     7.399
     6.258
     8.158
     7.650
     4.196
     3.159
     1.510
    -0.756
    -2.747
    -2.223
    -1.448
    -3.916
    -5.871
    -7.901
    -7.807
    -8.470
    -7.787
    -6.393
    -5.122
    -4.746
    -3.624
    -5.740
    -6.470
    -5.442
    -3.377
    -2.730
    -2.661
    -1.351
    -1.630
    -1.309
    -0.984
    -0.410
     0.400
    -0.072
    -0.354
     2.199
     2.752
    -0.139
    -0.628
     0.248
    -0.313
    -0.558
    -1.152
     0.059
     1.095
    -1.064
    -0.824
     0.754
     0.594
     0.131
     1.099
    -0.370
    -2.169
    -5.051
    -6.650
    -9.305
   -10.471
   -10.261
    -9.616
    -9.966
   -11.553
   -13.350
   -13.918
   -13.009
   -11.629
   -12.453
   -14.012
   -14.113
   -14.904
   -16.652
   -18.371
   -19.255
   -20.262
   -22.259
   -21.601
   -19.115
   -17.047
   -18.298
   -20.544
   -23.097
   -25.018
   -26.715
   -28.761
   -31.699
   -35.226
   -35.303
   -33.657
   -32.022
   -33.093
   -32.655
   -33.413
   -29.941
   -14.548
    31.203
    29.296
    18.861
    16.964
    19.753
    16.094
    19.181
    20.620
    22.461
    23.759
    24.141
    19.528
    19.892
    20.871
    21.333
    24.131
    24.958
    26.426
    30.372
    34.155
    30.840
    25.708
    29.561
    35.790
    42.032
    43.249
    44.145
    43.445
    45.495
    46.420
    46.037
    46.818
    46.600
    45.211
    45.811
    43.497
    36.464
    32.729
    30.926
    31.726
    29.086
    31.502
    30.396
    26.131
    25.303
    24.393
    23.926
    19.382
    19.247
    15.864
    13.695
    11.201
     8.616
     2.537
    -7.122
   -12.159
   -16.226
   -27.704
   -35.410
   -33.907
   -38.583
   -41.694
   -41.163
   -41.461
   -42.112
   -41.368
   -37.933
   -32.733
   -34.193
   -35.259
   -33.770
   -37.580
   -37.970
   -39.132
   -37.896
   -34.989
   -35.544
   -35.638
   -31.303
   -28.808
   -31.544
   -30.250
   -27.165
   -25.183
   -27.971
   -27.938
   -25.220
   -27.346
   -27.535
   -24.764
   -24.304
   -22.574
   -22.747
   -25.534
   -27.564
   -29.524
   -28.361
   -26.927
   -26.880
   -22.974
   -19.467
   -17.568
   -15.089
   -10.077
    -6.636
    -3.868
    -3.709
    -1.845
    -0.716
     1.770
     3.481
     3.705
     6.981
    13.102
    19.203
    22.799
    24.527
    28.860
    35.994
    40.050
    39.457
    40.353
    46.022
    56.165
    57.291
    55.080
    59.287
    54.787
    46.195
    54.944
    69.402
    48.486
    28.271
    16.082
    35.651
    33.071
    12.933
    -3.132
    -2.832
    -4.665
   -11.042
   -17.217
   -14.775
   -19.122
   -22.511
   -15.201
    -9.520
    -9.218
    -3.940
   -10.878
   -18.713
   -14.629
    -2.809
    -4.937
    -5.977
    -5.808
     2.554
     5.344
     3.815
     0.650
     1.977
     3.668
     7.125
    -0.118
     3.814
     2.676
     7.853
     0.149
    -5.397
   -16.420
   -24.731
   -22.747
    -3.752
     1.157
    -9.751
   -15.624
   -12.520
    -6.488
    -0.216
     3.496
     7.022
    -7.045
   -18.796
   -20.628
   -29.065
   -27.538
   -25.531
   -16.447
   -10.136
    -7.884
     1.656
    -0.321
    -4.645
   -14.200
   -13.765
   -14.168
    -6.736
     1.584
     5.688
     3.639
     7.025
     8.365
    10.994
    15.355
    13.112
     9.470
    16.829
    24.224
    29.247
    30.237
    24.949
    20.175
    19.627
    16.771
    20.165
    15.196
    11.656
    10.675
     6.550
     5.132
     2.219
    -2.759
     0.258
     5.543
     1.065
     2.276
     0.236
    -0.647
    -1.034
     1.322
    -0.015
    -0.761
     4.493
     7.309
     2.297
     3.323
     3.691
    -1.435
    -1.601
    -7.563
    -5.509
    -3.471
    -1.581
     2.948
     1.297
    -0.065
    -3.140
    -1.788
    -5.992
    -6.502
    -5.514
    -7.455
   -11.884
   -10.535
    -5.001
    -4.865
   -18.642
   -15.760
   -16.648
    -9.890
   -10.921
   -12.566
   -11.622
   -12.532
    -3.895
    11.100
     4.085
    -7.779
   -12.648
   -14.750
    -7.633
    -4.974
   -11.735
   -23.621
   -19.537
   -20.427
   -22.947
   -26.733
   -25.451
   -23.503
   -20.651
   -15.475
   -13.257
   -12.153
   -12.944
    -9.478
    -6.033
    -8.745
   -11.505
    -9.671
    -3.998
    -3.071
    -3.783
    -6.031
    -5.855
    -4.880
    -3.610
    -0.637
    -0.622
    -1.426
     1.956
    10.581
    12.652
    11.742
     7.516
     4.663
     6.200
     8.636
     6.101
    13.203
    17.094
    18.419
     9.419
    11.956
     6.748
    10.405
    15.266
    13.802
    20.520
    18.390
    26.795
    28.243
    26.354
    27.378
    26.723
    27.395
    28.659
    26.536
    33.628
    33.757
    28.814
    22.476
    18.988
    17.221
    15.544
    11.690
    12.361
    17.196
    14.080
    11.569
     6.375
     9.087
     9.475
     3.589
     1.981
     2.835
     4.351
    10.067
     1.854
    -3.020
     1.272
    -1.715
    -6.478
    -7.672
   -11.541
   -11.880
    -6.730
    -8.415
    -8.906
   -10.044
   -16.199
    -8.768
    -2.397
   -20.314
   -21.526
   -15.556
    -2.615
     1.360
   -13.847
   -13.865
    -4.463
   -12.519
   -12.883
   -16.511
   -27.111
   -27.151
   -20.565
   -23.694
   -19.505
   -12.350
   -11.895
    -8.342
    -5.427
    -0.965
    -3.973
    -4.413
    -5.151
    -9.460
    -9.797
   -11.148
   -11.369
   -12.538
   -11.490
    -9.131
    -7.818
    -3.943
    -3.662
    -4.645
    -0.473
    -1.352
    -4.310
    -1.569
     1.428
     1.687
     1.247
    -0.209
    -1.909
    -1.570
    -3.162
    -5.738
    -1.146
     4.444
     6.953
     0.575
    -0.522
     6.787
     4.373
     4.058
     4.284
     7.469
     9.661
     8.521
     5.051
     5.292
     4.436
     7.436
     6.111
     5.671
     6.322
     2.894
     1.639
     0.741
    -0.491
    -0.934
    -2.142
    -2.516
     0.712
     2.322
     3.227
    -1.003
     0.096
     4.626
     6.155
     4.820
     1.960
    -3.373
    -4.270
     0.460
    11.727
     0.218
   -12.044
   -14.647
    -8.246
    -5.148
    -8.083
    -9.940
    -9.834
    -9.492
    -7.787
    -6.598
    -8.017
    -5.979
    -4.068
    -2.176
     0.290
     4.211
     3.422
    -2.892
    -1.105
     1.421
     2.093
     2.702
     0.257
     1.767
     2.541
     2.534
     3.647
     4.972
     6.566
     9.161
     5.343
     7.757
     9.617
    10.966
     9.154
     9.190
     8.767
     8.994
    10.954
    10.641
    11.170
    11.638
    13.339
    12.893
    14.475
    14.688
    15.395
    16.685
    18.424
    19.232
    18.853
    16.744
    15.597
    16.177
    14.321
    14.768
    12.993
    13.108
    13.976
    10.083
     7.706
     6.962
     6.902
     7.744
     5.851
     3.072
     2.011
     1.713
     2.047
     0.406
    -1.560
    -4.134
    -4.351
    -4.909
    -6.121
    -7.858
    -8.681
    -8.066
    -8.415
    -9.791
   -11.708
   -13.915
   -13.872
   -14.237
   -15.497
   -16.287
   -20.188
   -20.473
   -21.309
   -21.282
   -20.795
   -21.686
   -20.160
   -21.242
   -20.839
   -22.190
   -22.208
   -21.934
   -19.051
   -18.043
   -16.076
   -17.243
   -14.461
   -13.480
   -10.373
   -12.194
   -11.789
   -12.218
    -8.397
    -7.564
    -5.971
    -5.433
    -6.704
    -8.102
    -6.057
    -6.019
    -6.972
    -6.445
    -5.689
    -5.450
    -2.345
    -0.431
     2.711
     3.226
     1.307
     3.116
     3.176
     3.451
     5.263
     9.853
     9.839
     9.537
     8.546
    10.743
     9.543
     9.249
     9.662
    12.566
    11.650
    10.262
     8.961
    11.002
    10.113
     9.601
     8.785
     8.913
     8.955
    10.420
     9.423
     9.558
    10.585
    10.890
     8.651
     8.385
     9.885
    10.211
    12.249
    11.892
    11.309
    11.126
    11.348
    11.432
    12.746
    11.897
    11.444
     9.499
     7.780
     9.142
     7.877
     8.040
     7.389
     5.996
     6.029
     4.328
     6.305
     7.788
     7.092
     7.762
     8.179
     5.368
     6.478
     6.509
     5.526
     3.497
     1.585
    -0.941
    -2.775
    -3.004
    -4.253
    -5.176
    -6.064
    -8.141
    -9.001
    -9.433
    -8.919
    -8.811
    -7.330
    -8.983
    -8.418
    -8.622
    -8.483
    -7.526
    -8.506
    -7.761
    -9.668
    -8.338
    -7.868
    -8.208
    -9.366
    -9.520
    -9.586
   -10.881
   -12.877
   -11.643
   -11.741
   -10.815
    -9.724
    -9.658
    -8.541
    -8.731
    -8.920
    -7.561
    -9.214
    -8.943
    -6.306
    -5.611
    -2.665
    -0.556
    -1.190
    -0.482
     1.794
     4.393
     5.987
     5.258
     3.887
     3.296
     2.833
     2.537
     1.743
    -0.315
    -1.744
    -1.421
    -2.730
    -1.196
    -0.950
    -2.480
    -2.093
    -1.966
     1.615
     1.060
     1.677
     1.715
     1.464
     2.973
     3.725
     3.104
     3.574
     3.870
     4.811
     4.914
     5.538
     5.834
     3.276
     5.611
     3.354
     3.925
     5.336
     5.464
     4.928
     6.856
     5.587
     6.679
     5.078
     5.678
     6.779
     6.928
     6.715
     7.127
     7.035
     6.548
     6.523
     6.808
     8.035
     6.852
     6.064
     3.708
     2.692
     2.485
     1.516
    -0.362
     0.999
     0.420
    -1.027
    -3.452
    -5.359
    -3.488
    -4.171
    -3.679
    -5.260
    -6.565
    -6.967
    -4.895
    -4.424
    -4.687
    -4.679
    -2.784
    -2.777
    -2.996
    -2.930
    -3.575
    -4.103
    -4.007
    -4.102
    -5.987
    -6.699
    -4.799
    -5.057
    -3.081
    -2.537
    -0.807
     2.863
     0.488
    -1.535
    -1.740
    -2.322
    -3.859
    -4.572
    -3.386
    -1.403
    -1.217
     0.918
    -1.035
    -1.530
    -2.249
    -0.945
    -4.248
    -7.523
    -7.950
    -7.234
    -5.125
    -6.753
    -6.741
    -5.742
    -2.871
    -5.174
    -5.542
    -6.003
    -4.260
    -3.109
    -3.276
    -1.527
    -1.009
     1.404
     2.847
     4.240
     4.077
     2.573
     2.224
     0.441
     2.213
     2.629
     5.980
     5.865
     7.232
     8.073
     7.757
     8.626
    10.877
    11.078
    11.445
    11.928
    13.492
    13.786
    15.495
    14.384
    13.864
    13.601
    11.388
    12.907
    12.634
     8.967
     5.622
     5.430
     3.683
     0.202
    -0.147
    -2.458
    -3.113
    -5.843
    -6.645
    -4.920
    -4.105
    -3.252
    -3.000
    -3.249
    -3.282
    -1.094
     0.935
     1.585
     1.556
     1.456
     2.146
     2.402
     0.582
     0.425
    -0.669
    -0.283
    -0.909
    -3.241
    -3.508
    -4.646
    -4.895
    -5.300
    -4.332
    -3.492
    -2.629
    -3.262
    -2.735
    -2.884
    -3.516
    -5.261
    -5.536
    -8.778
    -9.614
   -10.869
   -10.885
    -3.473
    -7.567
   -10.883
   -10.407
    -8.475
    -8.928
    -5.498
    -5.065
    -5.871
    -6.093
    -5.984
    -2.812
    -2.130
    -1.236
    -0.463
    -0.174
     0.506
    -0.318
     0.924
     4.832
     3.715
     3.194
     2.351
     4.236
    -1.637
    -4.741
    -6.236
    -3.296
    -1.459
     1.493
     2.311
     2.983
     1.882
    -0.565
    -1.329
    -0.071
    -1.116
    -1.319
    -1.870
    -0.271
    -0.646
    -1.263
    -0.766
    -0.488
    -0.651
     0.470
     0.062
     0.323
     0.168
     0.504
     0.332
     0.758
     1.578
     2.271
     5.147
     4.037
     0.796
     0.340
     0.113
     3.224
     4.056
     5.646
     5.960
     5.123
     5.268
     4.332
     3.825
     3.971
     3.619
     2.847
     1.088
     0.732
     0.098
     2.613
     1.927
     2.177
     3.655
     4.586
     5.090
     5.587
     4.468
     5.039
     7.067
     6.016
     6.095
     6.725
     7.443
     6.663
     6.569
     5.556
     4.532
     2.428
     3.040
     4.697
     4.247
     2.568
     1.549
     3.296
     3.640
     3.413
     3.447
     1.730
     0.356
    -0.646
    -0.458
    -0.620
    -2.549
    -4.478
    -5.306
    -4.094
    -3.906
    -4.857
    -7.467
    -6.009
    -5.151
    -4.199
    -4.642
    -4.319
    -4.782
    -5.519
    -4.412
    -4.472
    -4.538
    -4.419
    -5.191
    -4.593
    -4.838
    -4.897
    -5.136
    -7.469
    -8.376
    -7.324
    -5.872
    -4.485
    -3.146
    -1.406
    -1.320
    -3.647
    -5.346
    -2.797
    -1.644
     0.106
    -0.705
     0.963
     2.246
     2.523
     0.419
    -1.238
    -0.097
     0.533
     2.565
     2.815
    -2.840
    -3.196
    -2.146
     0.621
     1.917
     3.174
     1.916
     0.827
     2.432
     1.821
     1.880
     1.880
     1.882
     1.930
     1.993
     0.584
    -0.539
    -0.931
    -0.842
    -0.764
    -0.518
    -0.562
    -2.193
    -1.318
    -1.095
     0.151
     0.161
    -0.762
    -0.868
    -0.307
    -0.075
     0.323
     0.080
     0.071
     0.624
     1.514
     0.417
     2.080
     1.798
     1.403
     2.635
     2.320
     3.120
     3.894
     3.383
     2.685
     3.350
     1.912
     2.118
     1.367
     0.961
     0.894
     1.100
     1.956
     2.004
     1.209
     0.741
     0.935
     2.354
     3.261
     2.897
     3.904
     3.688
     3.269
     1.639
     1.678
    -0.066
     0.284
    -1.031
    -0.355
    -0.199
     0.040
     0.334
     0.402
     0.119
    -0.838
    -0.964
    -1.205
    -1.984
    -1.339
    -1.391
    -1.554
    -1.200
    -0.996
    -0.889
    -1.065
    -1.742
    -1.562
    -2.161
    -2.126
    -1.669
    -1.591
    -1.249
    -1.031
    -1.941
    -2.027
    -1.472
    -0.439
    -0.737
    -0.769
    -0.760
    -0.688
     0.086
    -0.730
    -0.794
    -1.035
    -0.855
     0.218
     0.024
     0.140
     1.085
     0.944
     0.320
     0.867
     0.054
     0.552
     0.892
    -0.683
    -0.756
    -1.558
    -1.746
    -1.678
    -0.539
    -0.513
    -2.110
    -1.307
    -2.260
    -1.199
     0.052
     0.125
    -0.055
    -0.207
    -1.175
    -1.361
    -2.364
    -2.333
    -2.067
    -2.158
    -2.683
    -2.505
    -2.072
    -1.378
    -0.581
    -1.010
    -0.827
     0.394
     0.287
     1.354
     1.538
     2.862
     4.015
     6.936
     6.118
     6.877
     7.463
     7.143
     6.928
     6.032
     4.284
     3.486
     2.938
     1.441
     0.839
     0.301
     0.229
     1.167
     0.574
     0.589
     1.147
     1.457
     1.237
     2.011
     1.302
     2.386
     1.359
     1.787
     0.980
     1.268
     0.741
     0.385
    -0.700
    -0.978
    -1.187
    -0.844
    -0.769
    -1.872
    -1.975
    -2.670
    -3.628
    -4.160
    -3.722
    -3.608
    -3.310
    -1.889
    -1.630
    -2.427
    -2.174
    -1.802
    -2.372
    -2.622
    -3.480
    -3.981
    -3.656
    -3.979
    -4.103
    -3.271
    -3.445
    -3.619
    -3.247
    -2.809
    -2.903
    -3.755
    -3.021
    -2.485
    -2.551
    -2.404
    -2.505
    -2.107
    -1.863
    -0.774
    -1.187
     0.355
    -0.280
    -0.524
     0.147
     1.420
     1.003
     1.677
     1.417
     1.247
     0.265
     0.641
     1.811
     1.523
     1.486
     1.114
     1.320
     1.781
     0.955
     2.884
     2.118
     2.095
     1.286
     1.712
     1.778
     1.959
     0.902
     0.386
     0.706
     1.963
     1.210
     0.849
    -0.297
    -1.780
     0.257
     0.497
     1.378
     1.283
     2.582
     3.607
     4.063
     5.121
     5.254
     4.644
     4.315
     4.842
     3.470
     3.121
     2.299
     2.381
     1.210
     0.787
     0.423
     0.069
     0.047
     0.470
    -0.177
     0.582
    -0.401
     0.042
     0.597
     1.155
     1.141
     2.461
     2.137
     0.465
     0.463
     0.319
    -0.115
    -0.708
    -1.389
    -0.929
    -1.322
    -0.716
    -1.781
    -2.777
    -3.794
    -3.041
    -2.159
    -2.328
    -2.409
    -1.622
    -2.280
    -1.804
    -2.143
    -1.279
     0.658
     1.147
     0.587
     0.316
     0.487
    -0.530
    -0.024
    -0.912
    -1.815
    -0.983
    -1.175
     0.002
    -0.128
    -0.995
    -0.603
    -0.655
    -1.456
    -0.590
     0.015
    -0.986
    -1.338
    -0.998
    -0.829
    -0.171
    -0.282
    -0.099
    -0.581
    -0.626
    -0.458
    -1.067
    -1.332
    -0.965
    -0.873
    -0.451
    -0.136
    -0.906
    -0.795
    -1.632
    -1.950
    -1.972
    -1.739
    -0.861
    -1.003
    -0.478
    -0.937
    -1.802
    -1.832
    -2.225
    -2.412
    -1.759
    -1.103
    -0.468
    -0.768
    -0.914
    -1.169
     0.405
     0.366
     0.340
     0.126
     1.022
     0.845
     1.169
    -0.560
    -1.029
    -1.380
    -1.351
    -1.468
    -0.761
    -0.611
     0.387
     0.065
     0.240
    -0.951
     0.197
     1.147
     2.178
     2.219
     2.392
     2.583
     2.371
     2.056
     3.566
     3.156
     3.672
     4.383
     4.553
     4.674
     4.186
     4.144
     4.444
     5.263
     5.313
     5.192
     6.677
     5.932
     5.024
     3.128
     3.496
     2.916
     2.954
     2.492
     1.102
    -0.755
    -1.044
    -1.600
    -1.778
    -3.280
    -3.086
    -3.058
    -2.764
    -3.514
    -2.604
    -2.462
    -3.681
    -1.965
    -1.008
    -0.601
    -0.334
    -1.150
    -0.901
    -0.724
    -1.252
    -0.960
    -0.984
    -0.539
     0.034
     0.233
    -0.649
    -2.264
    -2.136
    -1.642
    -2.106
    -2.276
    -3.349
    -2.819
    -4.321
    -3.819
    -4.465
    -4.542
    -3.206
    -3.436
    -3.413
    -3.225
    -3.196
    -2.712
    -3.019
    -2.947
    -2.873
    -1.856
    -2.446
    -1.297
    -1.382
    -1.497
    -0.719
    -0.323
    -0.672
    -0.931
    -1.054
    -0.701
    -0.265
    -0.621
    -0.566
     0.362
     0.327
     0.538
    -0.158
    -1.540
    -1.853
    -0.830
     0.497
     2.599
     3.554
     3.273
     3.433
     4.126
     2.820
     2.917
     3.240
     3.665
     4.279
     3.903
     3.858
     2.709
     2.590
     2.026
     1.412
     1.146
     0.329
     1.479
     1.817
     1.731
     1.384
     0.863
     1.216
     1.061
     0.689
     1.335
     1.310
     1.625
     2.219
     2.526
     1.977
     2.594
     3.158
     1.751
     1.594
     1.209
     1.920
     1.304
     0.451
     1.360
     1.280
     2.031
     0.950
     0.242
     1.104
     1.671
     0.371
     0.395
     0.485
     1.505
     1.438
     1.644
     1.192
     0.481
     1.366
     0.392
     0.506
     1.060
     0.033
    -1.120
    -0.121
     0.433
    -0.342
     0.176
     0.276
     0.239
     0.107
    -0.428
     1.014
     0.927
     1.965
     1.427
     1.085
     1.141
     0.751
    -1.477
    -1.518
    -1.867
    -3.370
    -5.458
    -6.105
    -8.236
    -6.856
    -6.223
    -6.354
    -3.528
    -1.423
    -0.523
    -0.471
    -1.169
     0.043
    -1.446
    -2.484
    -2.061
    -0.448
    -0.760
    -1.667
    -0.935
    -2.934
    -3.497
    -4.241
    -3.658
    -3.208
    -2.729
    -4.104
    -2.453
    -2.826
    -0.679
     1.369
     0.056
    -2.400
    -3.632
    -3.776
    -3.781
    -3.710
    -2.665
    -3.643
    -5.005
    -6.700
    -6.875
    -4.591
    -4.375
    -2.810
    -2.464
    -3.863
    -3.412
    -3.213
    -3.681
    -2.365
    -0.972
    -3.166
    -3.481
    -4.651
    -3.798
    -5.093
    -2.938
    -2.363
     0.085
     3.579
     8.446
     9.079
     5.623
     4.116
     8.766
    13.644
    15.131
    14.392
    11.348
    10.573
     9.678
     7.546
     5.582
     1.728
    -0.896
    -3.044
    -1.694
    -3.993
    -2.696
    -3.064
    -2.888
    -2.023
     0.372
     3.789
     7.557
    11.180
    11.924
    10.069
     8.761
     7.677
     7.066
    10.135
     4.120
     2.586
    -5.411
    -7.272
    -6.155
    -5.698
    -0.648
     1.124
     2.238
     4.943
     4.311
     4.805
     4.976
     7.696
     9.198
     9.026
     9.580
     8.420
     8.162
     9.771
    11.692
    14.879
    16.363
    16.359
    16.332
    16.542
    14.722
    16.739
    14.485
    10.549
    -1.059
    -7.331
    -2.412
     0.033
     6.929
   -11.612
    -9.065
    -3.194
    -0.257
    -7.446
   -11.130
   -16.124
   -16.237
   -22.710
   -29.049
   -33.013
   -27.299
   -24.064
   -19.982
   -19.595
   -20.747
   -18.480
   -15.229
   -13.978
   -15.534
   -15.598
   -11.884
    -7.679
    -5.761
    -6.099
    -7.015
    -7.114
    -8.380
   -10.927
   -11.176
   -12.588
    -9.766
    -8.470
    -6.615
    -7.256
    -6.512
    -4.782
    -1.060
    -0.810
     4.877
     5.431
     6.180
     3.876
     4.792
     5.796
     6.792
     6.565
     5.813
     6.907
     7.467
     6.837
     6.335
     5.701
     5.551
     4.064
     3.002
     2.197
     0.844
     0.220
     0.962
     1.084
     2.166
     3.066
     3.014
     3.951
     3.896
     3.971
     4.372
     4.900
     5.011
     5.669
     5.498
     5.846
     5.835
     6.302
     6.481
     7.069
     7.195
     7.243
     6.190
     6.590
     6.623
     6.784
     6.487
     6.497
     6.521
     6.507
     6.375
     6.393
     6.307
     6.305
     6.194
     6.163
     6.038
     6.015
     5.871
     5.819
     5.650
