     6.295
     6.053
     6.043
     5.772
     5.736
     5.440
     5.385
     5.082
     5.000
     4.673
     4.593
     4.226
     4.015
     3.617
     3.486
     2.998
     2.813
     2.334
     1.975
     1.459
     1.133
     0.593
     0.244
    -0.239
    -0.212
    -1.224
    -1.225
    -1.624
    -2.276
    -2.846
    -2.942
    -3.456
    -4.132
    -4.972
    -5.394
    -6.456
    -6.864
    -7.346
    -7.932
    -8.119
    -8.609
    -8.771
    -9.185
   -10.206
   -10.320
   -11.103
   -11.327
   -11.335
   -11.750
   -12.906
   -13.266
   -14.209
   -13.901
   -14.801
   -15.336
   -14.163
   -14.560
   -14.092
   -16.310
   -16.077
   -15.727
   -15.840
   -16.362
   -16.502
   -14.354
   -14.081
   -13.077
   -12.116
   -10.053
    -7.687
    -6.687
    -4.919
    -4.188
    -1.901
     0.636
     1.282
     1.525
     2.782
     4.750
     4.802
     6.096
     6.232
     5.552
     8.253
    11.055
     9.085
    10.742
    10.512
    11.053
    10.862
    11.578
    10.556
    11.659
    12.685
    12.915
    12.615
    12.127
    13.340
    11.673
    11.221
    10.558
    10.817
    10.036
     8.684
     7.597
     6.899
     6.823
     6.995
     6.812
     6.426
     6.202
     7.335
     6.500
     8.343
     5.704
     7.044
     5.043
     3.972
     6.026
     3.558
     5.406
     4.373
     4.190
     3.065
     0.508
     1.034
     0.574
    -0.068
    -0.045
     1.949
     2.080
     0.776
    -1.368
    -1.405
    -2.546
    -4.587
    -2.676
    -2.437
    -3.488
    -4.462
    -3.637
    -3.884
    -5.537
    -3.154
    -3.675
    -2.811
    -2.958
    -5.418
    -3.444
    -5.127
    -5.803
    -2.231
    -3.308
    -4.673
    -3.223
    -3.805
    -4.214
    -4.087
    -1.896
    -5.666
    -6.843
    -7.026
    -3.196
    -2.081
    -2.586
    -2.268
    -1.568
    -1.790
    -1.074
     0.748
    -0.164
     1.486
     0.170
     1.335
     0.005
     2.723
     2.033
     0.349
     1.714
     2.497
     2.677
     3.887
     1.647
     1.350
     0.940
     1.743
     4.556
     1.960
     3.672
     1.713
     4.557
     1.344
    -0.499
    -5.378
    -0.869
    -0.177
     0.812
     3.181
     3.570
     3.370
     1.961
    -0.384
    -1.493
    -3.342
    -4.916
    -6.402
    -4.090
     0.720
     0.253
    -1.291
    -1.017
    -0.286
    -1.761
    -7.232
    -7.512
    -6.381
    -8.253
    -6.489
    -5.968
    -9.107
    -8.809
    -7.514
    -8.128
    -9.888
    -8.575
    -9.106
    -7.810
    -7.213
    -4.508
    -3.368
    -1.965
    -1.583
     0.523
     4.208
     4.744
     4.995
     7.423
     8.405
     9.954
     7.488
     8.546
     8.073
     6.974
     7.587
     6.302
     1.053
     3.743
     2.301
     2.177
     2.289
     6.917
     3.315
     8.674
     5.369
    -0.363
     1.837
     2.495
     3.091
     4.687
     2.973
     1.834
     0.050
     1.765
     0.071
    -0.162
     0.306
     0.109
     0.156
     0.233
     0.806
     0.804
    -0.149
     1.049
     0.729
     0.329
    -0.087
    -2.186
    -2.266
    -1.138
    -1.749
    -1.181
    -1.261
    -0.224
    -3.322
    -4.800
    -4.400
    -2.755
    -1.891
    -3.431
    -1.945
    -3.281
    -3.024
    -2.671
    -3.083
    -3.146
    -1.889
    -2.657
    -4.142
    -0.255
    -2.612
    -4.528
    -2.964
    -1.726
    -1.341
     0.910
     1.195
     1.125
    -1.953
     1.596
     0.326
    -0.302
     0.650
     2.812
     2.481
     1.737
     2.810
     1.299
     1.971
     2.022
     3.911
     2.577
     5.690
     3.413
     4.496
     4.538
     4.690
     3.977
     5.666
     3.746
     5.178
     3.158
     3.932
     3.300
     3.667
     1.742
     3.839
     0.372
     0.983
     1.989
     0.962
     2.017
     3.303
     4.807
     4.882
     4.288
     3.209
     3.091
    -1.023
     3.204
     0.013
    -1.417
    -2.631
    -4.300
    -4.361
    -4.469
    -4.933
    -4.795
    -3.716
    -3.127
    -4.386
    -5.196
    -4.278
    -3.239
    -3.819
    -3.771
    -3.930
    -4.348
    -0.828
     0.438
    -0.962
    -1.584
     0.623
     0.680
    -0.047
     0.892
     1.945
     1.809
     0.264
     1.726
     1.273
    -0.021
     1.696
    -0.397
     0.840
     2.096
     1.237
     0.401
     1.360
    -0.235
     0.890
     1.590
    -0.391
    -2.322
    -1.493
    -2.023
    -3.119
    -2.858
    -2.842
    -2.709
    -2.654
    -4.060
    -3.516
    -3.299
    -3.310
    -2.943
    -4.561
    -4.737
    -4.489
    -6.349
    -6.427
    -8.888
    -8.795
    -6.442
    -6.583
    -2.942
    -5.665
    -3.696
    -4.732
    -5.763
    -1.485
    -2.269
    -2.105
    -2.577
    -1.091
     2.653
     5.805
     7.948
     8.936
     4.967
     2.049
     1.222
     1.905
     4.494
     5.124
     6.127
     5.736
     2.651
     1.401
     0.504
     0.594
     3.656
     1.776
     1.440
     0.833
     1.401
     4.790
     3.735
     4.362
     3.173
     1.559
     1.545
     1.604
     0.738
    -0.492
     0.541
     0.876
     2.557
     2.245
     1.749
    -0.897
     0.108
    -1.103
     3.921
     2.632
     3.754
     1.957
     3.194
     2.137
    -0.453
     0.982
    -0.520
    -0.123
     0.348
    -0.998
     2.072
     0.300
     1.682
     1.717
     0.931
     0.082
    -0.605
     1.282
     1.542
    -0.257
     1.445
     1.592
    -0.305
     0.005
     1.186
     0.163
     3.191
    -1.045
     1.306
     0.819
    -0.565
     0.126
     0.920
     1.124
    -0.262
     1.334
    -1.314
    -0.919
    -1.298
    -0.526
    -2.283
    -3.167
    -3.368
    -2.143
    -1.222
    -3.387
    -1.916
    -1.370
    -2.008
    -1.764
    -2.495
    -0.811
    -3.279
    -1.578
    -0.085
     0.988
     1.085
    -0.037
     2.197
     4.950
     3.747
     3.882
     3.867
     4.242
     3.400
     1.300
     2.702
     3.922
     5.797
     3.872
     3.051
     1.991
     2.099
     0.992
     2.610
     1.965
     0.472
     1.457
     0.653
    -0.593
    -1.358
    -0.122
     0.066
    -0.278
    -0.122
    -1.418
    -0.130
     0.931
     0.420
     3.188
     2.410
     1.227
    -0.245
     2.038
    -1.023
    -0.623
    -0.953
    -2.834
    -3.234
    -3.370
    -5.044
    -3.952
    -4.530
    -6.593
    -6.079
    -6.343
    -6.120
    -6.345
    -5.947
    -4.993
    -5.566
    -6.282
    -5.174
    -5.628
    -4.379
    -5.386
    -4.833
    -4.745
    -4.615
    -4.631
    -3.556
    -3.531
    -3.153
    -2.345
    -2.941
    -2.998
    -3.799
    -3.197
    -0.876
    -0.324
    -2.090
    -0.100
    -1.459
    -2.981
     0.098
    -1.081
    -2.354
    -3.025
    -3.851
    -2.907
    -2.526
    -4.488
    -2.148
    -2.557
    -2.736
    -4.688
    -1.404
    -1.131
    -0.253
    -0.523
    -1.014
     1.066
     3.071
     1.990
     1.364
     1.945
     1.458
    -1.639
     0.908
     1.069
     2.581
     3.027
     2.409
     2.210
     3.472
     4.882
     5.050
     4.707
     4.124
     3.176
     5.702
     5.852
     4.894
     4.848
     4.828
     3.075
     5.621
     5.332
     5.671
     5.919
     5.773
     6.064
     8.279
     5.625
     7.217
     6.401
     6.921
     6.572
     6.282
     6.071
     8.179
     8.823
     7.280
     7.151
     5.497
     8.338
     6.235
     8.646
     8.014
     8.085
     9.278
     9.254
     8.830
     9.585
     8.343
     7.664
     8.559
     7.788
     6.483
     4.233
    -0.803
    -1.248
    -0.071
    -4.371
    -6.781
    -4.838
    -6.352
    -7.369
    -7.160
    -7.424
    -7.724
    -6.652
    -5.404
    -5.937
    -6.972
    -5.188
    -7.428
    -4.913
    -4.622
    -2.293
    -1.660
    -0.448
    -1.806
    -1.501
     0.311
    -0.759
    -1.887
    -0.187
    -1.441
    -2.708
    -2.279
    -2.424
    -1.622
    -3.112
    -2.722
    -2.327
    -2.595
    -4.717
    -3.235
    -2.686
    -2.937
    -5.708
    -5.416
    -6.412
    -6.898
    -3.032
    -4.650
    -5.948
    -5.770
    -3.487
    -5.161
    -5.306
    -3.954
    -2.033
    -1.810
    -4.549
    -2.228
    -3.386
    -3.244
    -5.015
    -5.276
    -7.630
    -8.615
    -8.579
    -8.305
    -8.420
    -6.688
    -7.899
    -8.741
    -8.385
    -9.768
    -8.590
    -9.422
    -7.454
    -7.970
    -9.195
    -8.487
    -8.329
   -10.792
    -7.727
    -6.463
    -6.343
    -5.100
    -1.606
    -3.194
    -2.809
    -3.340
    -3.934
    -2.197
    -2.229
    -2.249
    -2.389
     0.558
     1.542
     0.643
     0.068
     0.423
    -0.660
     1.675
     1.560
     3.255
     2.051
     5.811
     5.738
     7.155
     7.360
     8.201
     6.498
     6.968
     8.564
     7.130
     9.950
     9.054
    11.513
     9.639
     9.165
    12.263
    13.280
    13.818
    12.883
    13.816
    15.166
    12.628
    10.531
    12.797
    12.115
    12.059
    11.217
    12.230
    10.862
    10.847
    10.826
    11.782
    12.312
    11.296
    12.369
    10.473
    10.992
    13.383
    11.595
    12.817
    12.810
    12.691
    12.835
    11.879
    12.416
    12.961
    12.751
    12.484
    12.616
    14.803
    13.500
    13.833
    12.662
    12.857
    12.145
    13.621
    12.600
    10.572
    11.523
    12.008
    13.561
     9.735
     8.912
     4.303
     0.099
    -5.060
    -7.205
   -10.109
   -13.468
   -20.863
   -22.026
   -25.539
   -26.557
   -29.346
   -30.173
   -30.571
   -33.141
   -35.081
   -35.205
   -36.576
   -35.819
   -33.042
   -31.243
   -31.549
   -30.250
   -29.049
   -26.707
   -25.661
   -24.743
   -21.255
   -18.935
   -16.521
   -11.926
   -11.301
    -8.995
    -7.952
    -3.528
    -3.594
    -1.993
    -1.246
    -0.724
     1.664
     0.904
     1.433
     2.231
     1.504
     1.255
     1.928
     0.925
     0.562
    -0.886
     0.095
    -2.282
    -1.342
    -1.520
     0.110
    -1.278
     0.250
     1.058
     0.301
     0.607
     1.457
     1.475
     2.125
     0.368
     0.481
     1.334
     1.244
     0.795
     0.661
     1.606
     2.612
     1.550
     2.030
     1.963
     4.715
     4.375
     3.115
     5.712
     3.032
     2.785
     1.688
     0.517
     1.607
     4.075
     6.820
    10.401
    17.971
    19.793
    19.140
    19.063
    18.529
    20.345
    17.406
    20.524
    19.803
    18.537
    21.128
    16.199
    13.181
    10.613
     9.552
     9.503
     5.793
     3.922
     4.862
     3.318
     2.644
    -0.905
    -0.824
     2.297
     1.773
    -0.193
    -0.003
     0.045
     2.910
     1.290
     1.550
     1.753
    -0.389
     1.663
     1.974
     3.328
     3.057
     1.906
     2.561
     2.140
     4.258
     3.672
     3.765
     3.897
     5.329
     7.849
     7.177
     5.603
     6.713
     5.206
     5.476
     4.828
     3.426
     5.203
     4.338
     5.791
     4.925
     3.578
     5.013
     2.095
     3.793
     2.563
     0.870
    -0.426
    -3.319
    -3.422
    -3.502
    -6.023
    -6.446
    -9.287
    -9.522
   -11.863
   -10.913
    -9.934
    -9.935
    -8.764
    -6.993
    -8.688
   -10.704
    -8.638
    -8.151
    -7.043
    -5.063
    -5.544
    -5.079
    -5.979
    -6.135
    -5.163
    -3.813
    -3.953
    -2.916
    -4.551
    -1.773
    -3.095
    -2.649
    -2.912
    -3.319
    -2.565
    -0.561
     0.156
     1.129
    -0.797
    -0.865
     1.607
    -0.370
     2.038
     1.206
    -0.436
    -1.057
    -1.516
    -4.965
    -6.344
    -7.268
    -6.656
    -6.256
    -5.265
    -8.899
    -9.163
   -11.280
    -9.827
   -11.400
    -9.405
   -10.475
   -11.831
   -11.943
   -12.681
   -15.509
   -16.092
   -17.415
   -18.699
   -19.978
   -18.171
   -18.353
   -18.482
   -18.924
   -21.650
   -24.390
   -25.360
   -27.882
   -29.274
   -35.271
   -31.587
   -31.965
   -32.227
   -30.007
   -31.457
   -31.293
   -31.765
    -5.512
    23.761
    17.977
    12.227
    10.375
    11.671
    13.066
    11.938
    15.892
    18.387
    19.200
    19.905
    18.136
    17.627
    17.700
    17.128
    20.725
    20.617
    20.813
    26.219
    27.556
    25.276
    20.637
    28.123
    37.986
    43.796
    43.223
    46.470
    47.393
    46.798
    49.361
    51.075
    50.818
    49.888
    52.199
    49.416
    45.804
    41.684
    38.731
    39.247
    37.944
    36.799
    39.093
    39.131
    33.175
    33.303
    32.376
    30.191
    25.949
    24.466
    20.808
    17.209
    14.626
     9.823
     5.072
    -0.844
    -6.142
    -7.664
   -21.588
   -28.950
   -27.870
   -33.907
   -36.534
   -37.933
   -37.625
   -39.334
   -39.626
   -34.901
   -32.403
   -34.448
   -37.292
   -36.559
   -39.593
   -41.058
   -44.605
   -42.429
   -39.511
   -34.543
   -35.381
   -30.543
   -29.635
   -31.768
   -30.081
   -27.309
   -27.424
   -30.248
   -29.324
   -27.407
   -30.634
   -29.264
   -25.869
   -27.012
   -25.652
   -26.705
   -28.125
   -32.263
   -33.875
   -33.149
   -34.611
   -34.624
   -27.153
   -23.987
   -24.544
   -22.039
   -22.828
   -18.238
   -17.240
   -17.387
   -16.452
   -13.882
   -13.063
   -12.881
   -14.073
   -10.661
    -4.264
     0.572
     3.822
     7.510
    11.108
    18.362
    23.064
    22.735
    25.378
    38.420
    48.421
    50.628
    49.836
    63.554
    56.853
    50.990
    63.046
    76.548
    59.786
    42.046
    35.301
    57.060
    47.782
    29.180
    14.146
    17.591
    14.148
     1.924
    -2.108
     3.381
    -4.107
    -8.626
    -0.869
    -0.461
    -0.289
     4.321
    -2.038
   -10.771
    -6.261
     4.653
     3.390
    -0.577
    -1.284
     6.276
     6.523
     7.380
     6.543
    10.501
    10.288
    12.905
     5.122
    12.707
    10.977
    14.236
    12.171
     4.437
    -7.579
   -10.308
    -9.456
     9.999
    11.199
    -0.696
    -4.886
    -0.117
     5.714
   -11.020
    -4.996
    -4.954
   -16.822
   -22.524
   -24.643
   -34.679
   -30.426
   -28.780
   -20.579
   -16.469
   -18.000
    -8.339
   -10.076
   -12.983
   -20.524
   -18.353
   -17.585
   -10.883
    -6.159
    -2.764
    -1.887
    -1.445
     1.816
     3.871
     3.542
     2.714
     2.312
    12.260
    16.397
    18.395
    19.500
    15.140
    12.400
    11.007
    10.916
    12.906
     8.934
     4.206
     7.450
     2.935
     1.534
    -2.094
    -2.178
    -0.929
     5.624
     2.057
     0.462
     2.340
     0.967
    -0.952
     4.001
     0.984
     1.592
     0.510
     0.179
    -2.475
     0.492
    -0.042
    -6.152
    -6.868
   -12.148
    -7.101
    -6.234
    -2.689
    -3.027
    -2.860
    -3.943
    -7.206
    -5.764
   -10.032
    -8.907
    -8.517
    -8.828
   -15.123
   -14.975
    -8.022
    -9.935
   -10.827
    -8.623
   -10.474
    -2.512
    -3.591
    -6.346
    -4.238
    -3.962
     3.910
    14.970
     5.437
    -1.308
    -3.410
    -6.733
    -0.334
     3.243
    -3.987
   -15.919
    -9.927
   -12.723
   -11.255
   -14.475
   -15.311
   -14.292
   -12.285
    -8.765
    -8.818
    -6.106
    -8.377
    -5.009
    -2.916
    -3.981
    -4.979
    -5.297
     0.692
    -2.232
    -5.401
    -3.647
    -3.519
    -3.062
    -3.339
     2.139
     2.164
     0.182
     1.578
    12.958
    10.114
    11.227
     6.937
     3.883
     7.659
     9.294
     7.806
    10.684
    14.216
    12.503
     5.994
     8.591
     4.205
     4.644
    10.775
    11.958
    14.299
    13.685
    17.894
    18.616
    18.118
    21.338
    20.985
    22.658
    21.965
    16.815
    27.273
    24.007
    21.760
    15.667
    11.941
    15.468
    14.265
    14.596
    16.049
    17.136
    13.865
    10.649
     6.567
     8.697
     9.891
     4.468
     3.201
     4.938
     5.706
    10.729
     1.262
    -2.164
    -0.054
    -0.839
    -6.178
    -4.682
   -11.004
   -10.808
    -6.004
    -6.511
   -11.344
   -12.818
   -15.244
    -6.273
    -4.111
   -22.404
   -20.030
   -12.623
    -3.486
    -3.979
   -16.610
   -14.405
    -3.270
   -14.709
   -15.506
   -15.328
   -25.654
   -25.425
   -19.508
   -26.498
   -20.753
   -14.770
   -17.324
   -11.998
    -9.074
    -5.895
    -6.525
    -6.498
    -7.952
   -11.954
    -5.422
    -6.069
    -7.388
    -7.882
    -9.878
    -7.764
    -2.675
    -2.687
    -3.918
    -4.901
     0.922
    -2.258
    -3.326
     0.023
     3.498
     3.512
     0.938
     4.771
     0.523
     1.223
     2.188
    -2.456
     4.079
     8.845
     9.365
     2.671
     1.014
     7.683
     6.235
     2.530
     7.233
     7.784
    12.553
     9.541
     5.145
     6.682
     4.764
     8.775
     5.589
     5.352
     6.676
     4.522
     2.702
     0.941
     3.117
     2.463
    -1.079
    -0.533
     3.104
     3.847
     4.177
    -0.764
     1.589
     5.191
     6.920
     4.068
     2.622
    -3.300
    -3.328
    -0.181
     8.843
     1.299
    -9.770
   -12.781
    -7.510
    -7.153
    -7.927
    -9.806
    -8.810
    -9.421
    -8.455
    -8.085
    -7.743
    -5.554
    -6.459
    -3.741
    -2.228
     1.218
     2.741
    -1.826
    -0.443
    -1.832
     2.192
    -0.478
    -2.717
    -0.444
     0.942
    -0.382
    -0.291
     3.122
     1.615
     4.065
     4.285
     4.894
     5.746
     6.714
     5.972
     5.974
     5.620
     7.761
     6.443
     8.862
     8.363
     8.988
     9.329
    10.177
    11.362
    12.761
    10.747
    14.883
    16.126
    17.649
    14.798
    15.273
    14.038
    14.432
    13.955
    12.403
    14.044
    12.661
    11.946
    10.437
     7.888
     7.179
     7.845
     8.416
     7.418
     5.262
     5.742
     3.708
     2.869
     5.331
     2.749
     0.497
    -1.016
    -0.931
    -1.369
    -3.036
    -4.051
    -3.736
    -4.404
    -6.051
    -7.781
   -10.610
    -9.791
   -13.194
   -10.789
   -12.585
   -15.942
   -17.703
   -18.308
   -17.805
   -18.288
   -18.712
   -17.791
   -19.001
   -17.530
   -20.263
   -22.135
   -20.981
   -18.920
   -18.484
   -17.311
   -17.134
   -15.276
   -12.752
   -10.344
   -12.687
   -14.216
   -12.904
    -9.722
    -8.844
    -5.934
    -6.724
    -6.181
   -10.290
    -5.334
    -6.874
    -6.465
    -8.209
    -4.547
    -4.937
    -4.612
    -0.673
    -0.100
     0.972
     0.677
     1.584
     1.719
     1.565
     3.329
     8.343
     8.707
     6.955
     8.763
    11.528
     8.561
     5.820
     8.727
    11.452
     8.375
     9.129
     7.800
    10.425
     7.931
     7.898
     7.624
     8.294
     9.105
     7.899
     7.332
     8.910
    11.065
     9.480
     8.939
     9.213
     9.329
    11.810
    12.458
    11.019
    11.159
    11.967
    11.776
    11.298
    10.878
    13.471
    11.685
     9.492
     8.974
    10.088
     7.862
     8.769
     6.526
     5.012
     7.192
     2.811
     4.364
     6.435
     4.766
     6.031
     6.665
     4.261
     4.001
     4.914
     4.120
     0.597
    -0.801
    -1.863
    -3.056
    -3.420
    -7.431
    -7.522
    -5.931
    -8.043
    -9.348
    -8.235
    -7.750
    -6.119
    -7.251
    -8.048
    -6.994
    -6.060
    -6.252
    -7.813
    -6.466
    -6.668
    -6.190
    -4.778
    -6.807
    -8.131
    -6.076
    -5.990
    -7.623
    -7.478
   -10.441
    -8.666
    -8.532
    -9.078
    -9.854
    -8.046
    -7.894
    -7.616
    -6.361
    -6.631
    -6.963
    -8.545
    -4.697
    -3.779
    -2.000
    -0.438
    -2.062
    -0.168
     1.050
     3.374
     4.805
     3.320
     2.908
     3.507
     1.669
     1.751
    -1.043
    -1.471
    -2.223
    -2.307
    -2.710
    -2.132
    -3.359
    -2.990
    -3.821
    -1.911
     1.481
     0.370
     2.646
     3.022
    -0.094
     1.135
     3.184
     2.964
     1.827
     3.287
     4.656
     5.680
     5.133
     4.076
     2.801
     5.073
     2.915
     2.478
     5.572
     4.921
     4.853
     6.605
     7.422
     7.182
     6.171
     6.567
     6.977
     6.819
     7.058
     8.574
     7.364
     8.077
     6.427
     8.555
     9.498
     5.216
     4.946
     3.580
     2.729
     1.769
     1.012
    -0.886
     1.584
    -0.217
    -1.215
    -1.905
    -2.330
    -1.271
    -4.136
    -3.925
    -6.369
    -7.112
    -7.294
    -4.350
    -4.088
    -3.370
    -1.049
    -2.439
    -1.149
    -1.544
    -3.518
    -4.691
    -4.892
    -6.500
    -5.566
    -6.201
    -6.504
    -5.011
    -6.481
    -3.248
    -3.437
    -1.126
    -0.125
    -0.079
    -2.578
    -0.493
    -2.990
    -4.285
    -3.530
    -2.524
    -0.290
    -1.295
    -0.421
    -2.344
    -0.409
    -0.627
    -0.040
    -3.904
    -8.839
    -8.725
    -7.152
    -6.085
    -6.682
    -7.334
    -8.284
    -3.587
    -5.830
    -7.855
    -7.783
    -5.854
    -3.847
    -3.952
    -1.897
    -1.981
     0.207
     1.875
     2.673
     3.023
     2.911
     2.113
    -0.174
     3.472
     2.837
     5.464
     6.286
     7.076
     6.864
     6.989
     9.989
     9.759
    11.208
     9.883
    11.324
    13.276
    13.662
    14.568
    13.558
    13.603
    13.205
    11.111
    11.327
    12.334
    10.568
     5.241
     5.977
     1.924
    -0.161
    -0.280
    -3.921
    -3.486
    -8.451
    -7.515
    -7.543
    -4.776
    -3.363
    -3.934
    -2.308
    -2.404
     1.301
     2.647
     0.586
     1.839
     3.127
     3.661
     3.764
     1.402
     1.826
     1.448
     5.991
     2.921
     1.247
    -1.051
    -0.689
    -0.849
    -1.540
    -0.593
    -0.425
    -0.547
     0.733
     1.008
    -0.211
    -1.866
    -2.648
    -2.273
    -6.563
    -6.699
    -8.763
    -8.485
     0.553
    -5.488
    -8.574
    -9.707
    -7.939
    -7.914
    -4.233
    -3.956
    -5.758
    -7.896
    -7.749
    -3.728
    -4.792
    -2.682
    -2.022
    -2.766
    -1.433
    -3.866
    -0.065
     3.009
     1.102
     0.482
     1.347
     4.457
    -3.392
    -5.243
    -5.939
    -3.735
    -3.042
     0.241
     0.590
    -1.081
    -2.431
    -4.380
    -5.520
    -2.154
    -3.619
    -4.292
    -3.725
    -2.800
    -2.807
    -3.979
    -3.405
    -2.000
    -1.349
    -1.609
    -2.557
    -1.940
    -3.489
    -1.240
    -1.626
    -2.180
    -1.754
    -0.334
     4.191
     3.298
    -3.063
    -1.584
     3.052
     4.207
     6.023
     5.884
     5.395
     6.264
     6.428
     7.456
     7.011
     6.187
     5.040
     4.895
     4.641
     2.222
     3.167
     4.801
     2.679
     3.370
     4.365
     6.181
     6.660
     5.719
     4.699
     5.227
     4.036
     5.933
     4.881
     5.305
     5.737
     5.115
     4.872
     3.670
     3.527
     1.238
     2.482
     1.788
     4.151
     1.252
     1.737
     1.467
     3.294
     2.110
     1.054
     2.125
     2.023
     1.122
     2.055
    -0.490
    -0.855
    -2.510
    -2.516
    -2.610
    -3.812
    -2.892
    -4.053
    -3.194
    -4.213
    -3.301
    -3.570
    -5.623
    -3.839
    -3.681
    -3.891
    -2.750
    -1.526
    -3.974
    -4.775
    -4.916
    -3.807
    -4.480
    -4.870
    -5.445
    -5.083
    -3.592
    -5.696
    -2.547
    -1.420
     0.416
     0.200
    -1.983
    -2.941
    -3.038
    -0.169
    -0.816
     0.244
     1.556
     2.804
     3.214
    -0.197
    -0.671
     0.831
     3.063
     3.819
     3.208
    -0.643
    -1.710
    -0.046
     0.361
     3.524
     3.996
     3.196
     1.442
     1.569
     1.767
     0.932
     2.339
    -0.952
     0.725
    -1.188
    -1.124
    -0.713
     0.456
    -1.810
    -2.380
    -1.034
    -1.247
    -3.649
    -3.616
    -2.759
    -0.500
    -0.264
    -1.840
    -3.996
    -1.333
    -1.581
    -0.677
    -1.271
     0.050
    -0.703
    -1.454
    -0.430
    -0.937
     1.308
     2.823
     1.604
     0.080
     1.056
     2.437
     3.266
     2.055
     2.241
     3.917
     1.980
     0.056
    -0.006
     1.859
     1.440
     1.819
     0.845
     1.236
     1.148
     1.833
     1.424
     3.041
     2.131
     1.937
     2.628
     0.628
    -0.187
    -0.710
    -3.643
    -1.511
    -2.473
    -2.147
    -3.030
    -2.053
    -1.935
    -1.492
    -0.828
    -2.851
    -1.784
    -1.331
    -1.569
    -1.779
    -0.952
    -1.259
    -2.526
    -0.137
    -0.464
    -1.212
    -1.061
    -1.675
    -1.003
    -2.296
    -3.049
    -0.807
    -1.558
    -0.576
    -1.551
     0.727
    -0.338
    -0.077
    -1.381
     0.525
    -1.412
     0.659
     0.632
     0.536
    -0.232
    -0.313
     0.688
    -0.508
     0.619
     0.611
     0.924
     2.143
     1.577
     1.339
     1.343
     1.090
     0.965
     0.350
     0.000
     1.186
     0.031
     1.344
    -0.274
     2.166
     0.121
     2.001
     0.815
     1.727
     0.625
     0.452
     0.369
     2.680
     0.435
     1.459
    -0.712
    -0.841
     1.970
     1.828
    -0.832
    -0.822
    -0.420
    -0.496
    -1.869
    -1.429
     1.141
     1.277
     0.068
     0.726
     2.402
     2.432
     2.584
     5.262
     5.201
     6.287
     6.952
     7.548
     5.992
     5.935
     5.557
     6.095
     5.152
     3.057
     2.778
     3.235
     1.102
     0.250
     0.253
     1.116
     0.884
     0.128
     2.095
     2.298
     0.980
     0.998
     1.112
     1.356
     1.062
    -1.468
    -1.316
     0.753
    -0.061
    -0.925
    -3.116
    -0.942
    -1.287
    -2.697
    -2.870
    -2.605
    -3.818
    -4.329
    -4.660
    -3.737
    -3.658
    -3.770
    -2.972
    -3.507
    -3.494
    -3.522
    -4.401
    -4.400
    -5.566
    -5.547
    -4.865
    -5.117
    -5.063
    -5.198
    -5.061
    -5.881
    -6.522
    -7.271
    -7.414
    -6.515
    -6.726
    -6.768
    -4.500
    -4.817
    -4.474
    -3.136
     0.056
    -0.964
    -0.022
    -0.939
    -1.705
    -1.505
    -0.923
    -0.923
    -0.743
    -1.796
     0.210
    -0.641
    -0.953
     0.610
    -0.387
    -0.288
    -0.169
    -0.202
    -0.412
    -0.989
    -2.056
     0.065
    -0.527
     2.299
     0.898
     0.011
     2.013
     3.428
     0.865
     0.064
     2.015
     3.192
     3.505
     1.699
     1.699
     3.122
     1.861
     4.451
     5.219
     7.363
     5.247
     7.304
     8.106
     9.956
     7.524
     6.025
     6.984
     6.734
     4.372
     3.557
     3.478
     2.849
     1.382
     1.374
     1.384
     1.411
     2.246
     3.081
     2.035
     2.400
     2.379
     0.853
     1.678
     3.017
     1.739
     3.940
     4.531
     2.496
     2.163
     0.444
     0.291
     2.326
     2.612
     1.267
    -0.931
     0.277
    -0.081
    -1.276
     0.333
    -0.152
     0.333
    -0.982
    -0.838
    -2.070
    -2.190
    -1.162
    -0.406
    -0.275
     2.136
     1.253
     0.980
     0.018
    -0.117
     0.020
    -0.289
    -2.505
    -2.359
    -0.291
    -0.335
    -0.387
     0.282
    -1.796
    -3.145
    -3.307
    -2.825
    -2.768
    -0.922
    -1.881
    -4.485
    -2.096
    -0.517
    -1.344
    -3.428
    -2.235
    -3.468
    -2.042
    -2.124
    -2.460
    -2.255
    -1.570
    -3.608
    -3.681
    -1.818
    -2.459
    -3.030
    -2.186
    -3.516
    -3.058
    -0.868
    -1.429
    -0.836
    -0.824
    -1.992
    -2.855
    -3.911
    -3.561
    -2.702
    -1.623
    -2.704
    -1.623
    -1.325
    -3.024
    -2.338
    -1.524
    -1.199
    -0.097
    -0.987
    -1.343
    -0.982
    -1.309
    -0.829
    -1.486
    -0.533
    -1.338
    -0.165
    -2.182
     0.423
     1.861
     0.793
     0.838
    -0.272
    -0.424
    -0.415
    -0.415
     0.336
     1.772
    -1.232
    -1.326
    -0.600
    -0.002
     1.099
     2.286
     2.370
     3.631
     2.415
     1.510
     1.667
     1.603
     2.453
     3.387
     4.574
     7.823
     6.621
     6.113
     5.022
     3.594
     6.007
     4.446
     3.888
     1.874
     0.973
     0.929
     3.085
     1.185
     0.293
    -0.592
    -0.853
    -1.654
    -1.921
    -1.455
    -2.655
    -0.931
    -0.847
    -0.521
     0.107
     0.154
     2.167
     2.190
     1.944
    -0.049
    -0.003
     0.345
     0.758
    -0.124
    -0.077
     0.970
    -0.024
    -1.439
     0.776
    -1.423
    -2.773
    -1.086
    -2.403
    -2.392
    -1.605
    -2.725
    -4.044
    -3.873
    -3.177
    -3.925
    -3.217
    -2.791
    -2.584
    -1.248
     1.904
    -0.097
     0.602
     0.567
     1.239
     1.135
     2.211
     3.105
     2.897
     1.059
     0.727
     1.930
     0.785
     0.658
     1.851
     1.859
     2.455
     2.214
     2.264
     0.159
    -1.185
     1.155
     1.872
     3.106
     2.378
     2.131
     0.770
     2.075
     0.757
     2.062
    -0.448
    -0.132
     1.946
     1.967
     2.066
     0.923
     0.825
     0.486
    -0.413
    -0.371
     2.125
    -1.875
    -0.051
    -0.704
    -0.042
    -0.482
    -0.254
    -0.779
    -0.673
    -0.383
    -0.182
    -0.103
    -2.735
    -0.193
    -0.117
     1.013
    -0.100
     2.346
    -1.593
    -1.634
    -0.281
    -1.276
    -1.261
    -0.875
    -0.362
    -0.647
    -0.617
    -2.885
    -2.718
    -1.865
    -0.658
    -0.607
    -2.503
    -1.776
     1.164
    -0.720
    -1.176
    -0.988
     0.281
    -0.407
    -1.661
    -1.940
    -1.833
    -1.601
    -1.197
    -2.144
    -1.079
    -2.785
    -1.052
    -0.851
     0.210
    -2.505
    -0.784
     1.042
     0.256
    -0.678
     0.546
     0.508
     0.469
    -0.178
    -0.844
    -1.537
    -0.987
    -0.925
    -2.534
    -5.037
    -4.576
    -2.787
    -5.378
    -3.886
     0.629
     1.055
     1.673
     3.660
     0.497
     1.875
    -0.476
     2.034
     0.153
     0.455
     1.577
    -0.061
     0.078
     1.151
     0.177
     0.590
    -0.366
    -0.384
     1.928
     0.090
    -0.066
    -1.038
     1.073
     1.401
     1.522
    -1.185
    -3.295
    -2.842
    -2.516
    -1.389
    -1.208
    -3.235
    -1.921
    -4.458
    -1.359
    -2.051
    -2.251
    -1.018
     0.136
    -1.994
    -3.808
    -2.153
    -1.452
    -0.537
    -0.792
    -0.405
    -0.842
    -5.768
    -2.344
    -3.893
    -1.268
    -1.240
    -0.248
     1.502
     7.635
     7.364
     1.986
     3.318
     8.867
    13.749
    12.361
    11.575
    10.518
     9.944
     9.842
     8.913
     8.050
     3.264
     1.760
     0.891
    -1.692
    -3.901
    -1.944
    -1.427
    -2.903
    -0.476
    -0.476
     2.006
     5.814
     7.821
     9.436
     5.637
     6.040
     4.470
     4.581
     5.936
     0.731
    -0.044
    -8.147
    -4.925
    -6.675
    -7.332
    -4.308
    -3.500
     0.293
     2.296
     0.095
     2.387
     3.094
     3.800
     4.382
     2.436
     4.611
     5.179
     1.631
     4.151
     7.218
    10.327
    12.331
    12.063
    11.861
    12.951
    10.205
    11.991
    11.167
     8.179
    -0.997
    -5.527
    -2.311
    -2.329
     4.475
   -10.415
    -8.083
    -0.931
     0.301
    -4.749
    -6.550
   -11.473
   -13.005
   -17.608
   -24.135
   -26.102
   -24.454
   -19.237
   -17.096
   -17.006
   -19.397
   -16.536
   -14.637
   -13.720
   -15.767
   -14.434
   -12.021
    -7.303
    -6.768
    -6.093
    -8.256
    -6.945
    -6.467
    -5.960
    -7.668
    -8.269
    -5.603
    -5.567
    -4.324
    -4.269
    -4.422
    -3.344
     0.355
     0.735
     3.778
     5.279
     6.382
     4.073
     4.452
     5.566
     6.689
     5.814
     5.716
     6.961
     6.869
     6.635
     6.041
     5.411
     6.599
     4.425
     3.864
     2.566
     1.617
     1.386
     1.416
     1.527
     2.938
     3.395
     3.073
     4.187
     3.682
     4.019
     4.674
     4.891
     4.896
     5.455
     5.309
     5.854
     6.001
     6.168
     6.538
     6.920
     7.353
     7.372
     6.328
     6.987
     6.899
     7.095
     6.791
     6.874
     6.901
     7.000
     6.800
     6.920
     6.821
     6.899
     6.735
     6.796
     6.623
     6.681
     6.480
     6.511
     6.284
