     6.197
     6.384
     6.646
     6.812
     7.053
     7.198
     7.415
     7.556
     7.762
     7.866
     8.057
     8.126
     8.266
     8.296
     8.398
     8.358
     8.361
     8.261
     8.209
     8.122
     8.022
     7.791
     7.704
     7.640
     7.623
     7.171
     7.246
     7.013
     6.646
     6.546
     6.431
     6.068
     5.598
     4.927
     4.336
     3.702
     3.248
     2.951
     2.386
     1.787
     1.324
     0.882
     0.391
    -0.245
    -0.983
    -1.687
    -1.930
    -2.601
    -3.284
    -4.564
    -5.066
    -6.000
    -6.262
    -7.092
    -7.871
    -9.474
   -10.036
   -10.247
   -11.191
   -11.941
   -11.367
   -11.687
   -12.227
   -11.613
   -10.822
   -10.269
    -8.595
    -7.247
    -5.474
    -3.464
    -1.700
    -0.625
    -0.876
     0.940
     0.604
     1.587
     1.867
     2.994
     3.523
     1.769
     2.353
     2.302
     2.183
     3.937
     7.350
     7.148
     6.956
     5.624
     2.970
     1.550
     1.137
     0.572
    -1.108
    -0.828
    -2.830
    -4.531
    -6.459
    -4.882
    -3.757
    -3.317
    -2.450
    -0.780
    -0.513
    -0.337
    -1.330
    -3.026
    -2.923
    -2.920
    -2.205
    -2.007
    -2.191
    -2.945
    -3.073
    -3.959
    -2.660
    -3.213
    -5.684
    -6.029
    -4.231
    -3.898
    -4.958
    -4.454
    -5.572
    -5.844
    -5.666
    -5.244
    -4.180
    -3.720
    -1.649
    -3.162
    -3.023
    -3.017
    -3.608
    -3.674
    -3.321
    -2.247
    -1.463
    -0.482
    -1.366
    -0.996
     0.127
     0.324
     0.601
     0.800
     0.769
     0.976
     0.426
    -0.144
    -0.487
    -1.258
    -0.443
     0.078
     2.180
     0.948
     0.760
     1.333
     1.283
     3.079
     5.966
     2.903
     2.782
     3.384
     6.694
     7.157
     8.517
     8.491
     9.228
     8.699
     8.313
     7.610
     6.880
     6.655
     4.544
     5.810
     4.641
     3.676
     5.269
     4.319
     3.204
     5.185
     4.503
     3.801
     1.790
     1.593
     2.415
     3.437
     3.001
     3.907
     6.176
     5.052
     4.438
     1.990
    -0.703
    -1.892
    -1.760
     0.100
     3.625
     7.567
     8.102
     8.135
     7.267
     6.200
     4.009
     0.678
    -1.683
     0.544
     5.068
     7.534
     7.025
     7.068
     7.868
     8.539
     8.373
     4.758
     6.636
     8.792
     7.313
     7.486
     7.311
     6.620
     7.861
     8.736
     5.318
    -0.165
     0.800
     0.156
    -0.742
    -2.158
    -2.876
    -4.194
    -3.275
    -4.133
    -4.633
    -1.612
    -1.651
    -2.651
    -0.903
    -5.109
    -7.757
    -9.014
    -9.443
   -11.452
   -10.425
   -13.223
   -13.881
   -15.753
   -15.712
   -17.699
   -16.148
   -16.750
   -12.320
   -14.922
    -7.945
   -10.030
   -19.738
   -19.580
   -16.968
   -15.533
   -15.653
   -16.207
   -16.269
   -14.162
   -15.312
   -15.550
   -12.162
   -12.813
   -11.307
    -9.967
    -7.942
    -6.695
    -5.361
    -5.699
    -6.847
    -5.080
    -3.298
    -1.905
    -3.702
    -2.588
    -2.363
    -1.735
    -0.363
     0.376
     0.230
    -0.087
    -0.913
     1.857
     2.590
     4.682
     4.811
     5.083
     6.236
     7.117
     6.072
     6.120
     7.170
     7.614
     6.429
     5.869
     6.384
     6.476
     9.498
     9.874
     9.885
    11.651
    12.142
    12.524
    13.035
    12.546
    11.959
    10.676
     9.428
     9.816
    10.600
     9.913
    10.481
    10.523
     9.743
     9.098
     9.721
    10.552
     9.820
    10.263
     8.766
     9.273
     8.961
     9.466
    11.127
    11.224
     9.956
     9.341
     9.482
     8.091
     7.428
     5.550
     4.935
     5.211
     8.234
     7.970
     7.076
     6.650
     4.882
     6.719
     5.190
     5.417
     7.645
     9.007
     8.363
     3.440
     1.927
     3.350
     4.758
     4.896
     3.311
     1.962
     0.473
     0.406
     2.015
    -0.059
    -2.662
    -3.430
    -3.605
    -5.336
    -6.480
    -2.484
    -1.982
    -3.623
    -6.636
    -8.679
    -9.647
    -8.762
    -8.314
    -9.523
   -10.000
    -8.737
    -9.584
   -10.753
   -11.514
   -12.164
   -13.442
   -14.506
   -13.609
   -13.568
   -11.830
   -13.468
   -12.964
   -14.325
   -13.429
   -15.141
   -14.459
   -13.173
   -11.338
   -11.410
    -9.466
    -8.730
    -9.658
    -9.688
    -9.400
    -8.529
    -8.458
    -7.978
    -5.902
    -6.519
    -5.108
    -7.172
    -6.556
    -6.801
    -4.616
    -3.481
    -3.584
    -4.285
    -5.419
    -5.427
    -3.819
    -0.305
     0.142
    -2.092
    -0.686
    -1.416
    -2.337
    -2.263
    -3.278
    -2.023
    -2.853
    -0.964
     0.728
     4.881
     9.196
    11.498
     9.457
     6.817
     3.996
     1.809
     2.192
     3.547
     6.266
     5.090
     5.755
     3.393
    -1.791
    -0.071
     1.005
     1.815
    -1.361
    -1.744
    -2.282
    -1.125
     2.606
     4.245
     6.398
     8.178
     9.868
     8.182
     4.972
     4.515
     7.804
    10.856
    15.715
    17.109
    18.949
    17.819
    17.175
    18.230
    22.422
    21.220
    20.363
    19.883
    18.909
    17.970
    15.274
    13.700
    11.765
    10.462
     9.371
    10.328
    10.472
    10.142
     9.246
     6.193
     4.660
     3.887
     2.150
     0.763
    -0.238
    -0.917
    -1.657
    -3.508
    -5.009
    -5.863
    -9.352
    -9.925
    -9.232
    -9.386
    -9.288
    -7.983
    -5.778
    -6.383
    -7.511
    -7.563
    -8.572
    -7.725
    -7.857
    -7.553
    -7.135
    -7.466
    -7.878
    -8.552
    -9.141
    -8.659
    -9.496
    -9.782
    -8.346
   -11.189
   -12.224
   -12.303
    -7.978
    -5.988
    -5.644
    -6.077
    -6.216
    -5.424
    -4.481
    -3.709
    -3.972
    -5.526
    -6.986
    -5.067
    -2.765
    -4.204
    -5.117
    -6.720
    -6.434
    -5.548
    -2.158
    -1.281
    -0.324
    -2.780
    -3.016
    -5.333
    -6.941
    -5.143
    -2.360
    -1.438
    -1.504
    -2.666
    -2.110
    -1.325
    -1.688
     0.043
     0.274
     0.449
     1.052
     2.575
     4.672
     6.331
     5.196
     4.001
     2.176
     3.909
     3.664
     4.738
     5.927
     7.275
     5.808
     5.376
     5.276
     6.291
     7.248
     7.483
     6.836
     7.796
     7.458
     5.527
     5.754
     6.461
     6.139
     5.388
     3.858
     4.338
     4.322
     3.687
     4.408
     4.746
     6.547
     6.859
     4.778
     2.871
     1.182
    -0.543
    -2.384
    -1.925
    -3.422
    -3.718
    -4.578
    -3.276
    -3.275
    -4.512
    -4.698
    -2.548
    -1.954
    -0.938
    -0.267
    -0.478
    -0.581
     0.569
     0.386
    -0.568
     2.092
     1.501
     0.680
     0.945
     0.761
     1.338
     1.367
     0.303
     0.698
    -0.203
    -0.879
    -0.438
    -2.187
    -1.014
    -2.730
    -4.548
    -6.146
    -4.181
    -4.513
    -3.161
    -3.540
    -4.356
    -3.453
    -5.225
    -4.810
    -4.418
    -4.771
    -6.259
    -5.330
    -5.212
    -5.084
    -4.383
    -3.439
    -4.225
    -3.018
    -3.785
    -3.780
    -3.858
    -2.936
    -0.637
    -0.381
    -1.776
    -1.369
    -1.490
    -0.237
     1.680
    -0.017
    -0.085
     1.752
     2.396
     2.454
     0.789
     2.046
     3.610
     2.962
     4.317
     3.259
     4.148
     2.283
     1.799
     1.706
     1.358
     3.635
     3.510
     3.837
     4.335
     5.203
     4.650
     2.941
     4.612
     4.086
     4.187
     4.781
     4.276
     5.185
     5.094
     3.980
     4.303
     5.596
     6.333
     4.853
     4.773
     5.840
     6.444
     5.499
     5.257
     4.656
     2.770
     3.889
     3.660
     4.137
     4.247
     4.093
     4.025
     4.695
     4.585
     3.495
     4.126
     5.295
     5.530
     4.612
     4.328
     3.517
     5.328
     6.000
     4.584
     4.292
     4.083
     4.097
     3.882
     2.149
     1.386
     0.855
     0.699
    -0.318
    -0.367
    -1.356
    -2.262
    -3.712
    -4.235
    -5.575
    -6.634
    -7.165
    -8.299
    -8.646
    -7.196
    -8.268
   -10.132
   -10.593
   -12.403
   -11.853
   -12.928
   -13.063
   -13.072
   -13.142
   -13.687
   -13.742
   -14.925
   -14.183
   -14.349
   -13.773
   -11.220
   -10.535
   -10.658
    -9.051
    -8.857
    -7.662
    -7.934
    -8.315
    -6.893
    -4.873
    -3.674
    -5.659
    -5.550
    -6.564
    -5.045
    -5.887
    -7.153
    -8.738
    -6.965
    -6.352
    -5.959
    -5.326
    -4.063
    -4.070
    -4.271
    -2.995
    -1.233
     0.938
     2.209
     4.129
     3.283
     4.172
     5.411
     7.051
     6.952
     7.693
     7.563
     9.344
     9.149
     9.856
    10.369
     7.729
     8.863
     9.843
    11.868
    12.471
    13.078
    13.017
    12.892
    12.186
    11.718
     9.595
     9.715
     9.210
     8.746
     8.448
     9.192
     9.914
     7.169
     5.157
     2.926
     2.843
     3.589
     2.750
     1.020
     1.450
     3.653
     5.372
     6.761
     7.197
     6.858
     6.858
     6.676
     6.499
     6.853
     6.133
     6.865
     6.640
     6.843
     7.805
     7.251
     6.913
     6.452
     6.648
     7.038
     5.567
     5.006
     5.054
     5.181
     3.671
     3.759
     2.893
     1.651
     0.196
    -0.487
    -2.250
    -2.040
    -4.854
    -6.064
    -5.093
    -5.303
    -3.972
    -4.366
    -4.588
    -6.645
    -7.033
    -8.918
    -8.811
    -7.785
    -8.307
    -7.848
    -6.637
    -6.934
    -6.604
    -5.341
    -4.438
    -4.807
    -3.388
    -3.299
    -1.674
     1.602
     1.269
    -0.588
     0.828
     0.451
    -0.536
    -0.157
     0.378
     0.593
     0.687
     0.324
    -1.866
    -1.997
    -2.141
    -4.191
    -4.870
    -4.521
    -5.111
    -6.966
    -8.523
    -7.771
    -7.800
    -7.109
    -6.879
    -5.086
    -7.110
    -8.302
    -7.932
    -5.537
    -6.810
    -8.094
    -9.064
    -9.495
   -10.092
   -10.727
   -10.506
   -11.055
   -10.579
   -10.861
   -11.641
    -9.122
    -7.870
    -9.437
    -9.627
    -9.127
    -9.880
    -8.897
    -7.363
    -5.494
    -7.617
    -7.912
    -9.084
    -7.113
    -3.871
    -1.964
    -1.646
    -1.565
    -2.442
    -3.131
    -2.857
    -3.370
    -2.262
    -2.111
    -1.474
    -0.973
    -0.210
     0.478
     1.987
     2.190
     3.191
     5.747
     6.108
     7.144
     6.880
     6.845
     6.968
     6.982
     6.568
     9.168
    11.609
    11.881
    13.094
    14.524
    15.280
    15.928
    14.699
    16.189
    15.324
    15.680
    15.426
    15.189
    15.263
    14.772
    16.146
    17.864
    17.475
    15.755
    15.638
    16.342
    18.740
    19.814
    19.744
    20.211
    18.564
    17.739
    14.848
    13.150
    11.760
     9.509
     8.919
     7.024
     6.757
     6.499
     5.967
     4.988
     3.035
     2.830
     0.684
    -1.886
    -1.624
    -2.642
    -5.618
    -3.450
    -1.519
    -1.730
    -2.391
    -3.589
    -3.590
    -5.140
    -6.755
    -5.077
    -5.382
    -4.230
    -3.959
    -2.663
    -2.607
    -1.555
    -2.120
    -2.273
    -0.915
    -1.458
    -3.753
    -2.290
    -5.221
    -6.591
    -6.997
    -8.027
    -7.143
    -8.233
    -7.150
    -6.270
    -6.746
    -7.568
    -7.533
    -8.227
    -7.557
    -5.928
    -7.023
    -5.948
    -7.638
    -9.828
   -13.605
   -16.225
   -15.315
   -15.053
   -14.058
   -13.266
   -12.377
   -13.513
   -11.813
   -13.252
   -14.236
   -14.669
   -17.567
   -18.978
   -20.443
   -20.549
   -20.753
   -21.196
   -20.851
   -20.605
   -19.841
   -19.075
   -18.880
   -18.026
   -19.512
   -20.621
   -22.572
   -21.912
   -22.254
   -24.571
   -26.710
   -28.425
   -32.311
   -32.911
   -31.372
   -31.386
   -30.166
   -31.459
   -30.233
   -28.571
   -27.375
    -5.617
    54.143
    72.147
    53.637
    46.272
    44.339
    46.042
    42.328
    42.403
    48.549
    50.097
    48.622
    44.285
    41.440
    36.214
    33.618
    31.472
    35.977
    35.755
    31.978
    29.468
    21.396
    16.801
    17.684
    22.737
    27.608
    26.539
    23.519
    20.027
    21.426
    21.452
    18.479
    13.522
     7.924
     9.116
     8.571
     3.675
    -2.847
    -7.638
   -11.071
   -11.655
   -12.393
    -7.355
    -3.339
    -0.571
    -0.927
    -0.109
    -2.486
    -1.829
     0.693
     3.331
     0.480
    -3.369
    -8.088
    -8.392
    -7.532
    -3.332
    -5.606
     3.976
    -0.926
    -4.231
    -8.038
   -12.190
   -10.747
   -11.981
   -11.084
   -11.033
    -7.135
    -0.083
    -3.276
    -5.109
    -7.423
   -10.271
   -12.984
   -12.571
   -11.994
    -9.909
   -14.993
   -18.270
   -13.877
    -9.362
    -9.659
   -10.119
    -7.985
    -6.626
    -5.887
    -6.087
    -6.204
    -8.602
   -10.905
    -9.036
    -9.571
    -9.033
    -8.724
   -11.191
   -11.624
   -14.084
   -19.372
   -21.124
   -23.700
   -19.538
   -12.210
    -8.005
   -11.113
   -11.062
   -10.398
   -16.248
   -18.910
   -18.961
   -22.457
   -23.223
   -22.376
   -24.713
   -25.636
   -22.080
   -19.737
   -19.286
   -15.880
   -17.862
   -12.125
    -7.587
    -2.414
     0.711
     9.213
    18.962
    21.132
    21.115
    30.025
    38.709
    35.792
    37.327
    45.099
    51.387
    47.146
    44.458
    51.857
    53.721
    37.534
    26.662
    22.866
    25.890
    19.362
     9.754
     8.581
     8.553
     2.625
     0.175
     4.283
     3.967
     1.546
     1.261
    -1.285
    -4.387
    -0.120
     1.690
    -0.618
     0.992
     0.622
    -2.999
    -4.797
    -3.261
    -3.406
    -3.825
    -2.673
    -3.685
    -1.381
     3.788
     8.404
    19.550
    12.400
   -11.533
   -19.910
   -14.830
   -11.746
    -6.284
   -10.674
   -12.605
   -11.941
   -13.117
    -7.902
    -1.392
    -1.319
   -11.621
   -15.332
   -10.530
    -8.930
   -14.293
   -11.162
   -10.965
   -10.029
    -7.823
    -8.998
    -7.661
   -10.009
    -5.066
    -9.967
    -8.048
    -6.257
    -4.313
     0.107
     2.801
     3.082
     3.973
     4.308
     5.189
     3.907
    -1.283
     1.010
     4.670
     6.030
     5.631
     4.794
     0.615
    -0.053
    -0.697
    -1.951
    -0.123
    -3.039
    -3.368
    -2.780
    -6.777
    -5.908
    -8.527
    -7.742
    -7.042
    -1.789
    -2.521
    -4.247
    -3.077
    -2.382
    -3.042
     2.236
     1.873
     1.403
     4.939
     7.056
     7.046
     9.997
     9.937
     5.804
     6.053
     5.204
     9.958
     7.808
     8.901
     9.662
    10.188
     9.672
    11.671
    11.821
     7.009
     9.418
     9.153
    11.313
     5.816
     8.482
    14.822
    12.580
     4.352
     2.618
    -0.700
     4.171
     3.834
     2.037
    -0.398
    -1.766
     7.069
    17.228
     7.932
     0.554
    -6.691
    -7.130
    -0.413
     2.489
    -5.861
   -15.827
   -10.535
   -11.797
   -15.276
   -15.217
   -12.195
   -10.170
    -7.757
    -3.518
    -2.559
    -2.447
    -5.399
    -3.538
    -1.346
    -3.775
    -5.143
    -7.593
    -4.271
    -6.702
   -10.644
   -10.463
   -11.347
   -12.497
   -13.556
    -8.573
   -12.397
   -14.029
   -10.288
    -3.279
    -6.249
    -7.536
   -10.853
   -12.847
    -9.829
    -8.425
    -7.450
    -4.424
    -0.203
    -5.127
    -1.521
    -1.956
    -4.200
    -2.700
    -1.093
     2.923
     4.410
     6.491
     9.384
    11.912
    13.352
    15.207
    14.615
    13.751
    10.529
    10.207
    17.818
    15.912
    14.257
     7.231
     1.895
     3.245
     2.978
     6.026
     7.650
     8.484
     5.316
     2.287
     2.951
     6.936
     7.665
     3.663
     1.338
     5.341
    12.613
    12.630
     6.650
     3.284
     2.585
     1.862
    -2.752
    -3.750
    -6.040
    -3.817
    -3.043
    -1.936
    -6.951
    -3.896
    -0.005
     5.066
     3.519
    -9.267
    -6.464
     3.406
    10.247
     4.004
    -6.049
    -2.133
     1.764
    -7.437
    -4.653
    -4.400
   -11.199
    -9.333
    -5.185
    -5.490
    -1.481
    -0.216
    -1.334
    -1.745
     2.131
     5.555
     2.482
     0.537
    -2.839
    -4.105
    -3.790
    -2.941
    -3.675
    -5.770
    -5.593
    -4.601
    -1.724
    -0.204
     0.388
     0.273
     3.358
    -0.869
    -2.628
     1.450
     2.623
     3.275
     1.350
     1.802
     0.531
    -0.352
    -1.634
    -2.241
     2.099
     7.951
     7.079
    -0.517
     0.353
     2.557
    -0.127
     0.646
     4.007
     3.344
     6.477
     6.681
     3.793
     2.069
     3.610
     3.644
     1.903
     1.608
     0.565
    -0.552
     0.044
     2.405
     3.172
    -1.110
    -1.222
    -0.669
     0.419
     1.259
     1.966
    -2.917
    -1.918
     2.967
     3.440
     2.009
     0.563
    -6.182
    -8.666
    -0.661
     3.976
    -1.124
    -9.361
   -10.773
    -5.269
    -2.445
    -3.779
    -5.401
    -6.238
    -7.262
    -5.168
    -3.720
    -5.546
    -5.228
    -4.404
    -4.393
    -3.359
     1.686
    -0.295
    -6.489
    -5.378
    -5.223
    -3.652
    -4.051
    -4.189
    -2.622
    -1.445
    -1.152
    -1.683
     0.601
     1.195
     3.064
     0.138
     0.899
     1.600
     1.739
     1.028
     0.802
     1.131
     0.755
     2.222
     1.616
     2.449
     3.741
     5.363
     6.824
     6.602
     5.824
     5.761
     6.321
     7.959
     7.625
     7.133
     5.720
     3.589
     3.291
     3.971
     3.051
    -0.543
     2.226
     1.876
    -0.815
    -2.090
    -2.204
    -1.039
    -0.625
    -1.478
    -3.969
    -4.231
    -4.199
    -2.710
    -3.219
    -3.682
    -5.637
    -3.708
    -3.900
    -2.554
    -3.758
    -4.017
    -3.981
    -3.012
    -3.812
    -5.476
    -6.339
    -5.064
    -4.048
    -2.764
    -2.936
    -4.705
    -2.781
    -2.255
    -1.128
    -0.625
    -0.874
     0.727
     2.091
     2.318
     3.351
     2.616
     4.077
     7.053
     5.274
     6.901
     4.204
     3.299
     2.483
     3.279
    -0.263
    -0.979
    -1.541
     0.406
    -1.426
     1.412
     0.053
     1.797
     1.654
     5.197
     6.026
     6.232
     5.839
     6.343
     8.010
     7.227
     7.207
     6.750
     8.088
     5.902
     8.365
     6.827
     6.406
    12.884
    15.627
    17.376
    13.713
    14.007
    13.602
     3.491
     1.532
    -0.427
    -2.500
    -4.653
    -7.106
    -8.457
    -7.916
    -8.041
    -6.720
    -6.984
    -7.542
    -6.548
    -5.882
    -5.720
    -4.956
    -1.912
    -1.278
    -2.077
    -0.601
     0.923
     2.798
     7.532
     4.186
     4.426
     4.170
     3.640
     4.910
     4.613
     3.457
     2.718
    -0.354
    -1.403
     0.706
    -1.784
    -2.407
    -2.141
    -4.395
    -5.865
    -7.206
    -7.626
    -6.942
    -6.598
    -5.726
    -4.653
    -5.259
    -2.245
    -2.856
    -2.618
    -4.392
    -6.619
    -8.690
    -9.517
   -11.046
   -12.159
   -15.043
   -15.596
   -18.757
   -19.206
   -18.918
   -19.655
   -18.243
   -16.930
   -15.669
   -16.317
   -16.171
   -15.004
   -15.265
   -14.130
   -12.673
   -12.407
   -12.269
   -10.866
   -12.009
   -11.033
   -11.423
   -11.031
    -8.243
    -8.388
    -3.918
    -3.167
     1.737
     2.445
     4.065
     4.987
     7.337
     4.952
     6.033
     4.082
     4.530
     6.921
    12.695
    17.033
    18.511
    17.910
    21.132
    26.993
    28.201
    29.474
    29.659
    29.624
    28.343
    26.658
    25.063
    21.151
    17.426
    13.314
    10.773
    10.296
     9.045
     8.861
     6.008
     8.774
     9.993
    13.134
    13.217
    14.075
    11.345
     8.180
     9.956
     9.492
     9.438
     8.959
     9.743
    12.709
    13.713
    14.846
    12.132
     8.532
     8.083
     5.187
     4.015
     3.093
     3.281
     4.778
     6.142
     3.689
     2.236
     0.113
     0.393
     1.609
     1.347
     0.738
    -1.288
    -2.130
    -2.782
    -5.357
    -3.767
    -2.461
    -5.352
    -9.606
   -12.307
   -14.161
   -15.638
   -18.880
   -21.512
   -20.817
   -20.328
   -21.170
   -25.273
   -27.748
   -25.210
   -24.163
   -21.580
   -21.888
   -22.072
   -23.113
   -21.028
   -18.232
   -16.610
   -14.727
   -13.666
   -12.921
   -12.108
   -11.282
   -11.696
   -10.958
   -11.554
   -10.844
   -13.978
   -14.018
   -10.351
    -9.342
    -3.624
    -3.764
     1.324
     5.604
     3.673
     1.266
     0.519
    -0.279
    -2.859
    -1.730
     1.560
     5.457
     9.727
    13.560
    12.336
    11.751
    10.129
    10.236
     6.915
     7.937
    10.860
     9.691
    12.275
    12.738
    11.134
    12.814
    16.434
    12.194
     7.247
     3.895
     4.820
     9.935
     6.871
     5.149
     5.835
     5.474
     7.800
     7.468
     3.587
    -3.393
    -3.526
    -8.454
   -10.458
    -8.576
    -6.460
    -5.590
    -1.950
    -1.004
    -2.547
    -1.191
    -1.504
    -1.870
    -2.046
    -4.998
    -2.465
     2.735
    -1.494
     2.981
     1.480
     4.164
     6.977
     6.174
     5.916
     4.938
     1.234
     2.916
     2.879
     0.766
     3.847
     6.133
     6.641
     4.329
     6.624
     8.660
    10.759
    13.050
    13.378
    11.512
     9.469
    11.662
    11.308
     5.748
     5.926
     3.375
     2.829
     1.709
     0.931
     1.976
     1.903
     4.232
     1.508
    -1.393
    -2.529
    -1.382
    -1.912
    -0.810
     1.454
     2.754
     5.362
     3.830
     3.618
     3.417
     2.416
    -0.385
    -2.200
    -7.570
   -11.114
   -17.733
   -19.071
    -3.068
    -3.069
    -2.139
     0.261
    -0.538
    -2.774
    -3.889
    -4.685
    -7.301
    -7.211
    -4.480
     0.058
     4.628
    10.650
    13.219
    10.292
     6.573
    -5.825
   -11.040
   -12.220
   -14.566
   -14.532
    -7.309
     2.051
     2.042
     2.435
     0.442
    -1.195
    -3.848
    -3.077
    -3.165
    -4.173
    -5.540
    -6.429
    -5.893
    -5.332
    -5.159
    -5.427
    -6.021
    -6.166
    -6.290
    -8.146
    -6.671
    -6.416
    -5.017
    -4.943
    -4.479
    -5.411
    -6.074
    -7.009
    -7.492
    -8.695
    -9.074
    -9.440
     0.026
     3.452
     4.006
     7.566
     5.864
     7.427
     7.818
     6.788
     6.216
     3.259
     0.853
    -0.210
    -0.417
    -0.374
    -1.296
    -1.099
    -1.090
    -1.523
     0.480
     0.175
     0.762
     0.195
     1.466
     2.490
     3.306
     3.797
     1.115
     1.369
     1.740
     1.146
     0.955
     0.784
     0.880
     0.065
     1.604
     1.602
     1.897
    -0.804
    -2.730
    -0.694
     0.523
    -0.308
    -0.618
    -1.239
     0.926
     1.230
     1.688
     0.975
     1.113
     0.928
     2.975
     3.546
     2.481
     1.346
     0.553
     1.634
     4.290
     3.581
     2.764
     3.195
     4.028
     4.261
     3.743
     2.943
     2.294
     0.889
     0.896
     1.598
     0.580
     1.646
     1.487
     0.855
     0.176
     0.543
     0.644
     0.231
     0.998
     1.965
     2.531
     5.099
     8.094
     9.994
    11.248
     9.578
     7.813
     9.091
     8.600
     8.078
     7.730
    10.837
     9.264
     9.102
     7.415
     8.112
     6.767
     7.059
     5.688
     4.762
     1.736
    -4.000
    -4.044
    -4.391
    -4.444
    -3.557
    -5.066
    -5.399
    -5.809
    -5.691
    -5.829
    -6.448
    -6.406
    -6.879
    -5.664
    -6.442
    -6.843
    -7.079
    -6.772
    -6.517
    -6.546
    -4.679
    -4.366
    -3.546
    -3.387
    -2.998
    -2.956
    -3.361
    -3.555
    -2.677
    -3.209
    -3.127
    -3.607
    -4.108
    -2.564
    -2.947
    -3.191
    -1.924
    -1.985
    -2.315
    -2.590
    -3.309
    -2.839
    -3.370
    -3.894
    -3.805
    -4.353
    -3.868
    -4.476
    -4.640
    -4.640
    -3.062
    -2.456
    -2.764
    -2.692
    -2.607
    -2.725
    -2.744
    -2.554
    -3.270
    -2.926
    -3.259
    -2.705
    -1.258
    -1.506
    -1.920
    -2.823
    -0.885
    -1.038
    -0.838
    -0.309
     1.094
     1.294
     1.383
     2.418
     1.612
     1.876
     1.416
     1.754
     2.855
     2.631
     2.238
     3.592
     4.257
     3.852
     3.386
     4.502
     3.631
     4.494
     3.019
     2.208
     1.009
     0.689
     2.269
     0.687
     1.327
     1.457
     1.538
     1.756
     1.398
     0.124
     1.936
     1.304
     2.054
     1.585
     1.248
     0.561
     1.181
     1.585
     1.151
     1.542
     1.561
     1.037
    -0.034
     0.478
     0.482
     1.306
     1.959
     2.041
     2.359
     3.120
     3.331
     5.371
     3.293
     2.426
     1.805
     2.242
     2.074
     2.444
     2.958
     1.561
     0.603
    -0.069
    -1.359
    -1.981
    -1.149
    -2.316
    -2.418
    -2.421
    -1.533
     0.561
     0.280
     0.942
     1.582
     2.127
     2.423
     2.464
     1.950
     2.322
     1.910
     1.787
     1.696
     1.447
     2.335
     2.892
     3.935
     3.440
     2.670
     2.804
     3.171
     2.562
     1.875
     0.922
     1.556
     2.192
     0.841
     1.213
     1.147
     0.533
     1.696
     1.294
     1.312
     1.102
     1.285
     0.751
     0.579
    -0.656
    -0.562
    -0.040
    -2.237
    -2.004
    -1.250
    -2.122
    -0.076
    -0.861
    -3.032
    -2.758
    -1.702
    -3.263
    -2.478
    -3.626
    -2.337
    -2.403
    -2.179
    -3.042
    -3.533
    -3.062
    -2.242
    -2.602
    -2.582
    -3.592
    -1.970
    -2.957
    -2.748
    -3.075
    -2.732
    -3.326
    -2.510
    -3.011
    -3.227
    -2.224
    -2.226
    -2.317
    -2.044
    -1.849
    -3.139
    -2.946
    -2.424
    -2.241
    -2.455
    -2.803
    -2.927
    -2.952
    -2.999
    -3.365
    -3.822
    -3.770
    -3.165
    -3.212
    -3.631
    -3.482
    -4.764
    -3.597
    -4.467
    -4.807
    -4.534
    -4.357
    -4.663
    -5.099
    -4.317
    -4.738
    -5.433
    -6.019
    -5.650
    -5.461
    -6.108
    -4.970
    -4.782
    -4.416
    -3.283
    -2.183
    -0.790
    -0.462
     1.191
     2.341
     4.753
     7.485
     8.898
     9.516
    11.702
    12.437
    14.431
    13.676
    11.903
    11.315
     9.496
     7.396
     6.656
     6.085
     5.793
     4.466
     4.061
     5.453
     6.501
     5.579
     5.169
     5.281
     5.667
     5.048
     5.088
     5.192
     5.362
     6.779
     5.624
     3.826
     3.083
     2.751
     2.805
     2.591
     2.001
     1.951
     2.260
     1.060
     0.440
    -0.047
    -0.424
    -1.840
    -1.767
    -0.932
    -0.667
    -0.085
    -0.490
    -0.499
    -0.644
     0.958
     0.631
     1.002
     1.175
     0.118
     0.108
    -0.155
    -0.462
    -2.194
    -2.485
    -1.887
    -0.362
     1.190
     0.840
    -2.845
    -4.731
    -5.330
    -3.907
    -2.915
    -1.143
    -0.389
    -1.108
    -1.780
    -2.700
    -2.835
    -4.857
    -4.795
    -4.838
    -3.582
    -2.308
    -2.934
    -3.039
    -3.524
    -4.234
    -4.595
    -3.996
    -4.099
    -2.987
    -1.329
    -1.794
    -0.598
    -0.694
    -1.066
    -0.973
    -1.344
    -0.350
    -1.681
    -1.438
    -1.212
    -2.665
    -0.551
    -1.702
    -0.499
    -0.357
    -0.095
    -0.546
    -1.024
    -2.912
    -3.051
    -2.485
    -1.990
    -1.418
    -1.487
    -1.270
    -1.468
    -2.022
    -3.077
    -1.805
    -1.385
    -0.153
     1.074
    -0.342
     0.548
     0.771
    -0.635
    -0.870
    -0.849
    -1.256
    -1.088
     0.178
    -1.343
    -1.148
    -0.666
    -0.042
     0.399
     0.697
     1.798
     1.532
     3.018
     1.898
     2.047
     2.700
     2.436
    -0.023
    -2.569
    -1.607
    -1.874
     0.323
     0.701
     1.894
     2.540
     3.473
     3.156
     2.147
     1.908
     3.427
     2.733
     1.698
    -0.365
     0.522
     0.115
     0.112
     0.228
     0.359
     0.019
     0.561
     1.471
     1.622
     2.016
     3.099
     3.941
     3.853
     1.652
     1.437
     2.055
     1.420
     3.141
     2.633
     1.704
     1.743
     1.475
     1.857
     1.586
     1.554
     0.560
    -0.269
     0.081
     0.567
     0.711
     1.368
     0.572
     0.132
    -0.450
    -0.268
    -0.743
    -0.019
    -0.732
    -0.666
    -1.045
     0.075
     0.610
    -0.039
     0.218
    -0.757
     0.240
    -1.007
    -1.353
    -1.407
    -2.183
    -0.921
    -0.721
     0.583
     0.783
     1.689
     1.928
     1.717
     0.197
     0.500
     0.850
     1.573
     1.543
     1.418
     0.849
     0.732
     0.411
    -0.340
     0.758
     0.415
    -0.353
     0.754
     1.661
     0.135
     0.834
    -0.747
    -1.464
    -0.562
    -2.103
    -2.200
    -1.543
    -1.617
    -0.541
    -0.844
    -0.665
    -0.647
    -1.316
    -1.811
    -2.445
    -1.116
    -1.748
    -3.071
    -2.190
    -1.579
    -1.160
    -0.836
    -0.931
    -1.469
    -1.882
    -1.424
    -1.014
    -1.648
    -1.542
    -1.624
    -1.843
    -1.242
    -2.191
    -1.625
    -1.218
    -1.334
    -2.534
    -2.812
    -2.434
    -1.431
    -2.510
    -1.697
    -0.929
    -1.289
    -2.005
    -1.958
    -1.275
    -1.951
    -2.264
    -1.909
    -1.671
    -1.600
    -0.766
    -0.214
     0.876
     0.937
     0.856
     0.452
     1.964
     1.794
     0.820
     1.171
     0.994
     1.047
     2.093
     2.855
     2.041
     2.808
     3.534
     3.667
     2.403
     2.009
     2.545
     1.939
     2.999
     0.552
     0.831
     2.213
     3.184
     3.765
     3.295
     4.300
     3.254
     3.110
     3.063
     2.964
     2.954
     2.964
     3.760
     5.014
     4.090
     3.635
     3.489
     3.315
     3.217
     3.883
     2.792
     2.424
     2.598
     1.224
     2.050
     1.350
     0.335
    -1.446
    -1.241
    -1.576
    -1.179
    -2.553
    -2.775
    -2.619
    -2.438
    -2.628
    -3.468
    -2.113
    -1.329
    -1.355
    -1.804
    -3.184
    -3.869
    -3.934
    -4.070
    -5.811
    -5.865
    -6.205
    -7.186
    -6.526
    -6.341
    -6.157
    -5.872
    -8.436
    -4.686
    -2.872
    -5.468
    -3.035
    -2.080
    -1.269
    -0.078
    -0.421
    -1.201
    -0.482
    -0.976
    -1.771
    -2.324
    -2.185
    -3.773
    -3.569
    -1.542
    -2.308
    -1.841
    -2.556
    -2.326
    -2.491
    -0.727
    -1.635
    -1.036
     0.448
    -0.057
    -0.223
    -0.587
    -0.372
    -0.436
     1.861
    -0.265
    -1.168
    -2.870
    -1.336
    -4.695
    -3.932
    -3.689
    -0.863
     1.352
     3.189
     1.845
     2.408
     3.585
     5.307
     7.415
     6.297
     7.250
     6.820
     8.045
     7.354
    10.528
    12.225
    12.769
    12.991
    12.341
    11.942
    11.446
    13.323
    15.660
    16.770
    10.006
     5.483
     6.782
     6.351
    14.212
     5.307
     4.314
    10.430
     8.482
     7.861
     4.394
     3.192
     1.062
     0.708
    -5.483
    -6.981
    -5.682
    -1.793
    -1.891
    -3.100
    -5.263
    -4.441
    -3.418
    -2.285
    -3.431
    -4.155
    -2.856
    -1.716
    -1.579
    -1.143
    -2.357
    -2.303
    -3.646
    -4.338
    -5.067
    -6.090
    -5.981
    -6.099
    -5.125
    -6.756
    -7.838
    -8.376
    -6.207
    -7.465
    -7.174
    -5.133
    -4.428
    -6.502
    -7.148
    -7.723
    -7.095
    -7.368
    -7.115
    -6.712
    -6.874
    -6.875
    -7.506
    -7.267
    -5.928
    -7.242
    -7.288
    -7.573
    -8.139
    -7.784
    -7.531
    -7.335
    -6.153
    -5.518
    -5.618
    -4.755
    -4.833
    -4.626
    -3.858
    -3.329
    -3.000
    -2.801
    -2.450
    -1.928
    -1.899
    -1.840
    -1.310
    -0.704
    -0.058
     0.154
    -0.032
     0.679
     1.095
     1.589
     1.716
     2.075
     2.476
     2.803
     3.103
     3.463
     3.719
     4.075
     4.320
     4.641
     4.878
     5.194
     5.417
     5.714
     5.917
