     5.271
     5.455
     5.709
     5.871
     6.107
     6.248
     6.464
     6.600
     6.796
     6.913
     7.077
     7.160
     7.260
     7.333
     7.412
     7.382
     7.400
     7.296
     7.250
     7.180
     7.131
     6.889
     6.791
     6.655
     6.725
     6.351
     6.403
     6.231
     5.761
     5.680
     5.644
     5.295
     4.676
     4.128
     3.877
     3.202
     2.772
     2.367
     1.730
     1.510
     1.126
     0.685
     0.101
    -0.592
    -1.317
    -1.571
    -2.081
    -2.764
    -3.008
    -4.187
    -4.743
    -5.665
    -6.186
    -6.830
    -7.478
    -8.783
    -9.374
    -9.359
   -10.468
   -11.109
   -10.980
   -11.249
   -11.467
   -11.745
   -10.242
    -9.776
    -8.392
    -7.626
    -5.275
    -4.430
    -1.781
    -1.912
    -2.153
    -0.448
     0.507
     0.793
     0.996
     1.798
     2.880
     3.203
     3.114
     3.528
     3.292
     5.686
     8.070
     8.347
     8.325
     6.820
     4.674
     4.492
     3.320
     2.491
     0.900
     1.179
    -1.306
    -2.458
    -4.836
    -3.732
    -3.153
    -2.002
    -1.504
     0.452
    -0.723
    -0.097
    -0.548
    -2.358
    -2.682
    -1.968
    -1.382
    -1.084
    -1.933
    -2.216
    -2.794
    -2.711
    -1.424
    -2.471
    -4.737
    -5.798
    -4.234
    -3.894
    -3.814
    -4.143
    -5.361
    -4.627
    -4.073
    -5.356
    -3.555
    -3.814
    -2.420
    -3.354
    -1.672
    -2.938
    -3.994
    -3.591
    -3.929
    -3.148
    -2.211
    -0.559
    -0.601
    -1.130
    -1.450
    -0.583
     0.195
     0.859
     0.881
     0.757
     0.617
     0.077
    -0.182
    -1.193
    -0.373
    -0.520
     1.203
     0.159
     0.212
    -0.079
    -0.303
     0.666
     4.434
     2.186
     1.087
     1.917
     4.983
     5.818
     8.051
     8.035
     7.882
     6.852
     6.988
     6.792
     5.773
     6.597
     3.971
     4.763
     3.795
     2.842
     4.645
     2.747
     2.812
     3.773
     4.603
     2.526
     0.868
     0.644
     2.866
     2.686
     3.109
     3.958
     5.130
     7.296
     5.405
     3.184
    -0.465
    -2.065
    -2.662
     1.572
     1.993
     6.047
     7.440
     8.293
     7.545
     6.776
     4.696
     0.599
    -2.167
    -0.594
     3.442
     6.812
     6.221
     6.215
     7.755
     7.129
     9.008
     3.900
     7.360
     9.598
     6.509
     7.069
     7.332
     6.305
     6.448
     7.528
     5.946
    -0.635
    -0.184
     0.736
    -0.869
    -3.688
    -2.296
    -2.919
    -3.555
    -4.260
    -3.678
    -0.418
    -2.892
    -3.807
    -2.157
    -4.753
    -8.576
    -9.658
    -9.357
   -11.013
   -12.656
   -13.245
   -13.404
   -17.124
   -14.920
   -16.550
   -14.611
   -16.174
    -9.943
   -14.268
    -7.187
    -8.463
   -18.323
   -18.800
   -15.683
   -13.540
   -13.146
   -14.170
   -13.644
   -12.617
   -13.414
   -13.193
    -9.998
   -10.819
    -9.802
    -7.234
    -5.944
    -3.919
    -1.643
    -2.690
    -4.196
    -4.129
    -0.665
    -1.060
    -1.637
    -1.453
    -0.327
    -0.319
    -0.090
     2.098
     2.203
     0.259
    -0.489
     1.661
     1.861
     3.971
     4.873
     5.187
     6.287
     6.350
     6.570
     6.466
     6.334
     6.591
     6.779
     5.680
     6.852
     7.906
     9.568
     9.241
     8.995
    10.122
    11.350
    11.436
    11.058
    10.935
    10.347
     8.977
     7.220
     9.012
    10.033
     9.839
     9.922
    11.144
     9.131
     8.885
     8.117
     9.065
    10.120
     9.864
     8.075
     7.688
     7.004
     7.997
     9.029
     9.726
     7.649
     6.742
     6.246
     6.142
     5.227
     4.274
     3.194
     3.994
     4.780
     6.793
     3.792
     3.624
     3.701
     4.572
     4.675
     6.065
     6.690
     7.462
     7.590
     1.088
     1.165
     1.955
     2.973
     2.751
     1.656
     0.453
    -0.274
    -1.316
     1.657
    -0.736
    -3.630
    -3.942
    -5.139
    -5.083
    -6.162
    -3.786
    -3.172
    -4.414
    -7.351
    -7.282
    -9.943
    -7.891
    -9.167
    -9.112
    -9.726
    -7.044
    -8.837
   -10.874
   -10.092
   -11.075
   -11.633
   -12.818
   -11.677
   -11.616
   -10.779
   -11.523
    -9.582
   -10.501
   -11.226
   -11.378
   -12.209
   -10.369
    -9.141
    -9.125
    -7.952
    -7.748
    -7.730
    -8.760
    -7.651
    -6.434
    -6.354
    -5.987
    -3.843
    -4.570
    -5.033
    -5.700
    -5.459
    -5.228
    -4.145
    -1.990
    -3.860
    -2.730
    -4.754
    -5.547
    -2.960
    -0.135
     0.230
    -2.443
    -1.146
    -1.306
    -2.949
    -1.550
    -2.381
    -2.208
    -1.708
    -0.651
     1.679
     5.246
     9.741
    11.168
    11.187
     7.145
     5.346
     3.543
     2.947
     3.190
     6.523
     6.810
     5.800
     2.811
    -1.413
     0.505
     1.740
     2.097
    -1.895
    -1.822
    -2.523
    -0.125
     2.339
     4.555
     6.018
     8.010
     9.272
     6.644
     3.850
     3.636
     6.285
     8.454
    13.954
    14.103
    16.466
    14.485
    15.768
    16.297
    20.544
    20.355
    17.813
    18.082
    17.610
    16.474
    13.740
    12.982
    10.211
     9.345
     8.442
     8.694
     9.870
     9.063
     8.220
     5.501
     3.819
     2.746
     0.677
     0.347
    -0.760
    -1.609
    -2.259
    -3.010
    -6.166
    -7.150
    -7.892
   -10.457
    -8.314
    -9.331
    -9.125
    -8.199
    -6.841
    -6.003
    -7.316
    -8.475
    -7.472
    -6.253
    -7.117
    -7.063
    -6.850
    -6.871
    -6.730
    -8.646
    -9.686
    -9.480
    -9.456
    -9.364
    -8.245
   -11.419
   -12.215
   -12.970
    -7.455
    -6.849
    -5.843
    -6.791
    -6.478
    -5.367
    -4.363
    -3.084
    -5.098
    -6.061
    -6.802
    -4.748
    -2.886
    -3.664
    -5.642
    -4.547
    -6.626
    -4.299
    -2.187
    -1.203
    -0.257
    -1.557
    -2.440
    -5.135
    -4.924
    -4.852
    -2.911
    -1.959
    -2.035
    -1.936
    -2.111
    -2.017
    -1.807
     0.070
     1.345
     2.108
     3.415
     4.383
     5.472
     7.680
     6.614
     4.627
     3.610
     5.484
     5.421
     6.691
     6.838
     7.375
     5.756
     6.271
     6.409
     6.528
     7.566
     7.510
     7.558
     7.253
     7.387
     5.441
     5.638
     6.567
     5.666
     4.335
     4.614
     3.734
     3.544
     3.575
     3.763
     4.722
     6.828
     6.626
     3.706
     3.760
     0.875
    -0.154
    -2.157
    -2.204
    -3.322
    -3.150
    -3.912
    -3.203
    -3.209
    -4.374
    -4.048
    -3.355
    -2.267
    -0.416
     0.546
    -0.682
    -0.697
    -0.932
     0.422
    -0.577
     1.241
     0.996
     0.091
     0.744
    -0.031
     0.934
     1.028
    -0.144
     0.788
     0.657
    -0.200
    -0.397
    -1.309
    -0.466
    -2.890
    -4.121
    -5.938
    -5.081
    -5.020
    -4.367
    -3.334
    -4.490
    -4.806
    -3.675
    -5.619
    -5.124
    -7.033
    -6.310
    -6.408
    -6.551
    -4.839
    -3.812
    -3.824
    -5.045
    -3.237
    -3.606
    -2.415
    -4.532
    -3.621
    -0.842
    -1.970
     0.091
    -1.173
    -2.437
    -0.684
     1.030
     0.131
     0.868
     1.687
     1.604
     2.379
     2.132
     0.858
     2.624
     3.520
     3.107
     3.118
     2.710
     2.753
     0.636
     0.550
     2.649
     3.273
     3.048
     3.938
     4.443
     4.518
     4.920
     2.528
     3.368
     5.361
     4.008
     5.402
     4.814
     5.085
     4.272
     5.069
     3.905
     6.449
     6.396
     6.489
     6.434
     6.178
     6.093
     5.160
     5.924
     2.995
     3.159
     2.813
     3.951
     3.900
     4.591
     3.610
     4.474
     4.594
     4.589
     4.359
     4.306
     5.215
     4.895
     4.096
     3.824
     3.904
     3.960
     4.976
     3.835
     3.932
     3.671
     2.741
     2.295
     1.595
     0.543
     0.571
     0.345
    -0.419
    -1.844
    -1.565
    -2.530
    -3.392
    -4.418
    -5.146
    -6.506
    -6.372
    -7.998
    -8.022
    -6.214
    -7.163
    -9.899
   -10.927
   -12.210
   -11.186
   -11.993
   -11.878
   -11.736
   -12.597
   -13.356
   -13.530
   -13.289
   -13.191
   -13.110
   -11.946
   -10.863
    -9.566
   -10.437
    -8.422
    -7.217
    -7.090
    -7.915
    -6.550
    -7.150
    -4.993
    -3.018
    -4.827
    -4.610
    -5.315
    -5.342
    -6.354
    -7.116
    -8.847
    -6.833
    -5.351
    -5.260
    -5.121
    -4.060
    -3.947
    -3.582
    -2.711
    -1.394
     0.769
     2.141
     3.964
     3.406
     4.677
     5.746
     6.755
     7.071
     8.233
     8.282
     9.297
     9.761
    10.725
    10.928
     7.837
     7.983
    11.067
    12.152
    13.377
    14.303
    13.313
    14.364
    12.272
    11.195
     9.171
     9.957
     9.046
     8.882
     8.808
     8.883
     7.687
     6.736
     4.721
     2.765
     2.482
     3.611
     2.354
     0.304
     0.346
     3.238
     5.261
     5.852
     5.745
     4.745
     4.592
     5.511
     5.650
     5.290
     5.342
     4.977
     5.991
     6.618
     6.517
     6.270
     6.205
     5.970
     4.866
     5.532
     5.211
     3.957
     4.091
     3.706
     3.112
     1.026
     1.421
     0.827
    -0.661
    -1.336
    -2.545
    -1.991
    -3.862
    -5.022
    -4.832
    -5.674
    -4.375
    -3.648
    -5.061
    -7.142
    -8.578
    -9.782
   -10.167
    -9.351
    -8.184
    -8.472
    -7.578
    -6.940
    -6.005
    -5.364
    -4.151
    -4.984
    -3.176
    -2.234
    -0.924
     1.952
     1.732
    -0.279
     1.667
     1.747
    -0.239
    -0.462
     0.489
     1.391
     1.483
     0.046
    -0.867
    -1.175
    -2.277
    -3.456
    -3.519
    -3.787
    -4.925
    -5.895
    -6.024
    -6.173
    -6.345
    -6.345
    -5.317
    -3.507
    -6.436
    -7.463
    -6.291
    -5.519
    -7.556
    -6.718
    -8.562
    -9.744
    -9.623
   -10.827
   -10.635
    -9.849
    -9.721
   -10.788
   -10.572
    -9.715
    -8.666
    -9.261
    -8.900
   -10.121
   -10.109
    -8.253
    -6.521
    -6.566
    -7.519
    -6.473
    -7.508
    -6.301
    -2.786
    -0.364
    -1.032
     0.010
    -0.554
    -1.386
    -1.559
    -1.450
    -1.445
    -1.286
    -1.076
    -0.127
     1.186
     1.102
     1.800
     2.891
     5.102
     4.536
     6.640
     6.553
     5.647
     5.841
     5.917
     6.027
     6.336
     7.520
     9.542
    10.486
    11.784
    12.573
    13.878
    13.843
    14.349
    14.162
    13.283
    14.925
    14.357
    14.197
    13.210
    14.214
    16.430
    18.299
    16.145
    15.258
    14.608
    15.446
    19.294
    20.439
    19.596
    19.409
    19.440
    18.140
    15.092
    14.093
    11.724
     8.629
     8.392
     6.559
     5.671
     6.356
     5.369
     4.961
     2.518
     2.383
     1.178
    -0.287
    -1.607
    -1.731
    -3.953
    -2.930
    -1.348
    -1.587
    -1.897
    -2.231
    -3.597
    -4.663
    -5.706
    -5.115
    -5.211
    -3.646
    -2.781
    -2.240
    -2.452
    -2.758
    -1.992
    -2.212
    -0.713
    -1.106
    -3.954
    -2.689
    -3.836
    -6.017
    -6.373
    -7.840
    -7.748
    -8.246
    -7.790
    -8.141
    -8.468
    -7.747
    -7.832
    -9.300
    -8.516
    -7.202
    -8.138
    -8.838
   -10.164
   -10.696
   -14.906
   -17.456
   -16.613
   -15.285
   -15.614
   -15.199
   -14.729
   -15.897
   -14.176
   -14.528
   -15.008
   -16.717
   -18.836
   -20.963
   -21.412
   -21.619
   -22.059
   -22.212
   -21.585
   -20.963
   -21.393
   -19.603
   -18.837
   -18.432
   -19.249
   -20.464
   -23.434
   -21.879
   -22.183
   -24.523
   -25.785
   -28.160
   -32.409
   -33.433
   -32.230
   -31.109
   -31.422
   -31.938
   -31.230
   -28.944
   -27.961
   -15.789
    62.473
    77.155
    55.200
    49.044
    47.254
    48.444
    45.251
    44.504
    52.848
    54.689
    52.864
    48.901
    45.094
    38.415
    37.561
    35.095
    41.427
    41.416
    36.010
    34.251
    23.825
    18.920
    25.016
    25.873
    31.888
    30.450
    27.035
    23.418
    23.966
    24.237
    20.234
    15.754
    10.530
    10.761
    10.369
     5.778
    -1.043
    -7.784
   -12.404
   -11.909
   -12.761
    -7.479
    -5.048
    -1.464
    -3.062
    -3.092
    -4.441
    -4.935
    -0.270
     0.816
    -2.722
    -5.624
    -9.630
   -11.097
    -8.931
    -6.712
    -8.468
     2.756
    -2.787
    -6.309
   -11.069
   -13.216
   -12.990
   -13.545
   -12.226
   -12.694
   -10.889
    -2.297
    -6.410
    -7.979
    -9.380
   -12.600
   -16.364
   -14.901
   -14.338
   -12.925
   -17.366
   -21.229
   -16.505
   -12.681
   -13.240
   -13.454
    -9.939
    -8.596
    -9.121
    -8.643
    -8.299
   -10.785
   -15.293
   -12.712
   -13.071
   -12.435
   -11.918
   -13.411
   -15.197
   -16.262
   -21.805
   -24.716
   -29.096
   -23.530
   -16.924
    -9.652
   -11.318
    -9.674
    -9.851
   -13.368
   -16.737
   -15.825
   -19.521
   -19.196
   -19.768
   -20.852
   -22.528
   -20.171
   -15.903
   -13.538
   -13.965
   -11.484
    -7.131
    -2.732
     1.461
     3.493
    11.027
    21.504
    21.664
    20.079
    29.137
    36.742
    34.849
    36.517
    42.234
    49.426
    45.642
    43.968
    51.925
    54.710
    40.392
    28.334
    24.729
    25.794
    18.982
    12.371
    10.177
     9.366
     4.691
     1.723
     7.010
     6.140
     4.119
     4.948
     1.015
    -1.179
     1.901
     3.741
     2.191
     1.473
     1.700
    -1.832
    -3.862
    -2.104
    -3.391
    -1.645
    -0.088
    -0.708
     1.993
     6.157
    12.894
    23.139
    16.419
    -5.563
   -16.133
    -8.885
    -6.319
    -1.078
    -5.177
    -8.916
    -7.381
    -8.097
    -8.303
    -6.421
    -0.977
   -15.172
   -17.945
   -11.314
   -10.168
   -16.619
   -14.191
   -13.323
   -13.229
   -11.074
   -10.786
   -11.451
   -11.966
    -9.512
   -11.628
   -11.569
    -9.333
    -6.549
    -4.643
     1.570
    -0.487
     0.948
     3.147
     3.474
     1.878
    -2.093
    -1.011
     3.712
     4.001
     2.878
     2.359
    -1.278
    -1.126
    -2.527
    -2.513
    -2.139
    -4.188
    -5.333
    -4.471
    -6.223
    -6.343
    -8.114
    -7.706
    -9.526
    -5.339
    -3.604
    -5.243
    -4.119
    -3.858
    -3.555
     0.336
     0.155
     0.190
     3.081
     5.349
     3.666
     6.071
     7.245
     3.143
     3.356
     2.646
     7.842
     5.366
     4.951
     5.795
     5.906
     6.178
     6.240
     6.332
     2.642
     5.728
     4.070
     6.495
     3.312
     3.815
    10.648
    11.573
    10.914
     8.812
     5.470
     7.940
     9.503
     6.664
     4.846
     3.440
    10.839
    22.843
    13.249
     4.711
    -1.260
    -4.786
     2.333
     7.143
     0.522
   -11.510
    -6.932
    -7.175
   -11.619
   -10.919
    -7.209
    -5.897
    -5.411
    -0.875
    -0.413
    -0.256
    -2.895
    -2.142
     0.229
    -2.790
    -5.003
    -5.184
    -3.984
    -5.816
   -10.510
    -8.582
   -12.508
   -12.613
   -14.595
    -8.945
   -11.757
   -13.518
    -9.793
    -3.384
    -6.683
    -7.469
    -9.843
   -13.666
    -9.319
   -10.897
    -7.191
    -4.836
    -0.388
    -3.807
    -2.945
    -3.036
    -2.232
    -3.818
    -1.995
     2.047
     3.604
     7.177
     7.770
    10.200
    12.043
    13.210
    12.968
    13.190
     9.898
     8.409
    17.250
    15.714
    13.883
     8.127
     1.022
     4.049
     2.280
     4.873
     7.681
     7.412
     5.088
     1.442
     2.049
     5.043
     5.682
     2.518
     1.406
     3.720
    12.345
    13.588
     6.079
     2.948
     2.952
     1.490
    -1.842
    -3.164
    -6.660
    -3.587
    -2.114
    -0.654
    -5.912
    -3.741
    -2.166
     5.963
     5.604
    -9.570
    -9.497
     3.734
     8.882
     2.953
    -5.125
    -3.189
     2.659
    -7.488
    -4.477
    -5.847
   -10.671
    -9.464
    -4.512
    -5.773
    -3.426
     1.887
    -0.830
    -1.514
     0.635
     4.763
     2.652
    -0.343
    -1.574
    -4.789
    -2.858
    -3.973
    -3.026
    -5.122
    -6.351
    -7.538
    -0.611
    -1.325
    -1.399
    -1.971
     0.902
    -2.263
    -2.947
    -0.749
    -0.389
     1.390
    -1.427
    -0.412
    -2.493
    -2.455
    -2.717
    -5.419
     0.125
     4.567
     5.933
     0.577
     1.305
     4.269
     0.088
     0.030
     3.331
     3.997
     6.199
     7.254
     3.783
     2.961
     2.949
     3.593
     0.235
     3.392
     1.543
     0.587
     0.530
     0.764
     2.511
    -0.321
    -1.032
    -0.081
     1.621
     1.210
     3.192
    -1.908
    -1.238
     2.973
     3.225
     2.186
     0.159
    -4.365
    -8.018
    -0.407
     4.849
    -0.530
    -9.451
   -11.296
    -5.048
    -1.634
    -2.809
    -4.680
    -4.595
    -5.369
    -3.469
    -2.362
    -3.226
    -3.054
    -1.832
    -1.271
    -0.884
     3.100
     1.227
    -3.693
    -3.032
    -2.638
    -0.452
    -1.562
    -3.497
    -0.456
     0.804
     1.807
     1.106
     4.187
     3.422
     5.473
     1.523
     3.811
     3.609
     4.005
     2.616
     3.965
     2.795
     3.969
     4.823
     4.263
     2.031
     1.891
     5.141
     5.195
     6.684
     5.563
     4.500
     5.596
     6.682
     6.837
     5.859
     4.695
     3.731
     2.854
     2.550
     1.728
    -1.209
     0.833
     0.585
    -1.558
    -3.497
    -3.804
    -2.667
    -2.696
    -3.818
    -6.056
    -6.034
    -5.845
    -5.033
    -5.034
    -6.188
    -7.227
    -4.104
    -6.223
    -5.423
    -6.594
    -7.213
    -5.476
    -5.657
    -5.287
    -8.237
    -8.528
    -6.337
    -6.569
    -5.406
    -5.436
    -6.560
    -5.637
    -4.565
    -3.442
    -2.479
    -3.476
    -0.992
    -0.244
     0.908
     1.855
     1.164
     2.395
     5.395
     5.316
     5.427
     2.806
     1.968
     1.236
     2.959
     0.069
    -0.625
    -1.737
     0.099
    -1.840
     1.453
    -0.286
     3.288
     0.548
     4.868
     6.687
     5.516
     6.080
     7.300
     9.440
     8.419
     9.716
     8.046
     9.095
     9.160
    10.864
     8.249
     8.573
    13.419
    17.913
    17.867
    15.687
    15.018
    16.609
     5.499
     1.379
     1.089
    -0.685
    -3.481
    -5.634
    -8.176
    -5.596
    -6.227
    -6.405
    -6.159
    -6.269
    -7.325
    -5.152
    -4.493
    -4.696
    -1.502
    -0.615
    -0.713
    -0.919
     2.368
     3.628
     6.077
     6.062
     3.755
     4.780
     4.761
     5.511
     5.259
     3.386
     2.941
     0.461
    -1.699
     1.116
    -1.266
    -0.344
    -0.662
    -2.942
    -5.148
    -7.610
    -5.603
    -5.536
    -4.946
    -3.276
    -4.174
    -4.797
    -1.058
    -1.107
    -0.562
    -4.002
    -6.162
    -8.781
    -8.200
    -9.531
   -12.091
   -13.438
   -15.082
   -18.484
   -19.825
   -18.941
   -19.388
   -17.281
   -15.011
   -14.258
   -15.293
   -14.846
   -14.124
   -14.281
   -13.784
   -13.009
   -12.296
   -12.846
   -10.973
   -11.387
   -11.768
   -11.002
   -11.104
   -10.564
    -7.997
    -4.368
    -3.459
     0.436
     1.882
     2.995
     2.810
     3.261
     2.720
     2.575
     2.222
     1.729
     4.111
    10.064
    15.697
    16.409
    15.014
    18.172
    23.914
    26.726
    26.631
    26.346
    27.974
    25.575
    24.432
    23.000
    18.502
    15.039
    10.771
     9.485
     8.827
     6.984
     8.065
     5.040
     7.843
     8.894
    12.850
    12.415
    13.080
     9.740
     7.734
     9.641
     8.131
     8.899
     9.048
    10.003
    11.984
    13.871
    14.223
    13.140
     9.028
     9.255
     6.672
     5.411
     4.703
     4.621
     6.301
     6.231
     5.155
     3.969
     1.730
     1.537
     2.279
     1.097
     1.155
    -0.879
    -1.965
    -2.864
    -3.057
    -2.075
    -0.303
    -4.523
    -8.582
   -11.724
   -12.839
   -14.892
   -19.102
   -20.036
   -19.003
   -19.226
   -19.603
   -23.545
   -26.668
   -24.348
   -22.326
   -20.048
   -20.247
   -21.060
   -21.193
   -20.906
   -16.775
   -15.487
   -13.485
   -12.490
   -13.238
   -11.930
   -11.003
    -9.796
    -8.666
   -10.712
   -10.549
   -12.650
   -13.298
    -9.082
    -8.815
    -2.448
    -3.207
     1.107
     5.347
     4.662
     1.706
     0.903
    -0.482
    -3.020
    -1.607
     1.579
     4.042
    10.369
    13.443
    10.647
    10.604
     9.978
     9.045
     4.672
     7.411
     9.736
     9.811
    11.942
    12.019
     8.520
    10.990
    16.173
    11.406
     5.472
     3.797
     4.391
     8.395
     3.392
     3.080
     4.292
     5.909
     8.090
     7.115
     4.066
    -3.477
    -3.489
    -7.758
   -10.245
    -7.862
    -5.458
    -6.144
    -1.982
    -1.983
    -3.814
    -0.198
    -0.151
    -0.702
    -0.874
    -3.381
    -1.876
     3.761
    -1.428
     2.141
     2.658
     5.865
     8.407
     6.837
     5.021
     4.977
     2.509
     1.884
     3.667
     2.125
     4.927
     6.190
     8.068
     5.375
     6.767
     8.856
    11.247
    12.365
    11.619
     9.705
     7.158
    10.244
     8.901
     4.153
     3.139
     2.443
     1.671
     1.624
    -0.327
     2.455
     0.624
     4.743
     1.812
    -1.136
    -2.191
    -1.146
    -2.392
    -0.980
     1.106
     3.279
     6.176
     4.061
     3.355
     3.449
     1.250
    -1.668
    -2.939
    -8.023
   -11.933
   -18.476
   -20.725
    -2.070
    -3.780
    -2.828
    -2.031
    -0.024
    -3.817
    -4.318
    -4.308
    -6.248
    -7.444
    -5.231
     1.126
     4.245
    11.494
    13.356
    10.478
     7.095
    -6.732
   -11.400
   -13.480
   -14.381
   -14.190
    -8.096
     2.954
     2.435
     2.362
     0.281
    -0.647
    -4.122
    -4.098
    -4.132
    -4.064
    -5.223
    -6.296
    -6.319
    -5.163
    -6.384
    -5.445
    -6.418
    -6.204
    -6.114
    -8.264
    -6.000
    -6.010
    -5.263
    -4.936
    -4.243
    -6.163
    -6.106
    -6.856
    -7.050
    -7.845
    -7.867
    -7.670
    -0.035
     4.680
     5.412
     7.341
     6.732
     8.922
     8.881
     7.916
     6.754
     3.832
     1.740
     0.698
    -0.390
     0.739
    -1.356
    -0.538
    -0.364
     0.537
     0.387
     1.873
     2.459
     0.767
     2.692
     3.780
     4.908
     5.714
     3.593
     2.684
     1.590
     2.549
     1.828
    -0.229
     0.683
     0.876
     1.612
     1.573
     2.364
    -0.492
    -0.447
    -1.441
     0.812
     0.613
     0.131
    -0.883
     1.407
     0.366
     1.280
     0.379
     1.013
     1.940
     4.124
     3.913
     1.739
     0.611
     0.524
     0.749
     3.521
     2.523
     1.360
     1.501
     2.426
     4.557
     3.154
     2.436
     1.256
     0.147
     0.222
     0.160
     0.265
     0.872
    -0.246
    -1.374
    -1.121
    -0.071
     0.015
    -1.324
     0.399
     1.516
     2.655
     4.788
     7.622
     9.808
    10.686
     7.652
     7.393
     7.369
     7.199
     6.476
     6.499
     9.454
     8.386
     6.501
     7.219
     7.959
     6.389
     6.084
     5.084
     3.025
     1.449
    -4.490
    -4.587
    -5.578
    -5.463
    -5.476
    -6.519
    -6.434
    -5.440
    -5.392
    -4.618
    -5.605
    -5.808
    -5.716
    -4.963
    -6.041
    -6.824
    -6.175
    -6.179
    -6.257
    -5.229
    -4.224
    -3.186
    -3.353
    -3.370
    -2.404
    -1.511
    -2.422
    -3.605
    -1.758
    -2.628
    -3.786
    -3.750
    -2.743
    -2.858
    -2.938
    -3.071
    -2.143
    -1.126
    -1.000
    -2.980
    -2.042
    -3.022
    -2.977
    -4.188
    -4.277
    -5.228
    -3.369
    -4.469
    -4.541
    -3.866
    -2.778
    -2.855
    -1.803
    -1.724
    -1.828
    -2.293
    -1.919
    -1.998
    -1.767
    -2.032
    -1.986
    -2.038
    -1.264
    -1.536
    -1.703
    -1.710
    -0.714
    -0.629
     0.467
     1.387
     2.204
     2.168
     3.322
     2.145
     2.022
     0.816
     1.913
     1.766
     1.628
     3.723
     3.652
     3.496
     3.361
     4.291
     3.427
     3.912
     4.094
     3.750
     3.902
     2.567
     1.736
     1.721
     1.554
     1.645
    -0.603
     1.608
     1.422
     1.275
     1.524
     0.306
     1.239
     1.174
     1.055
     1.018
     0.842
     0.958
     1.073
     1.811
     1.153
     0.959
     0.787
     0.770
    -0.075
    -0.174
     0.753
     0.751
     1.502
     2.628
     2.676
     3.403
     2.506
     4.463
     4.399
     3.523
     1.514
     2.324
     2.079
     2.208
     2.350
     1.137
     1.315
     0.092
    -0.802
    -1.901
    -1.003
    -2.906
    -1.926
    -1.981
    -0.985
    -0.953
     0.064
     0.922
     0.881
     1.801
     1.985
     1.780
     1.879
     1.915
     2.038
     1.040
     1.033
     1.333
     3.551
     3.246
     3.224
     3.224
     1.295
     2.065
     3.019
     2.047
     0.795
     0.940
     0.870
     0.797
     0.040
     0.934
     0.022
    -0.971
    -0.064
     0.215
     0.908
    -0.102
    -1.012
    -0.124
    -0.411
    -1.292
    -1.616
    -2.418
    -2.453
    -2.495
    -1.737
    -1.683
    -0.887
    -2.719
    -1.621
    -3.041
    -1.987
    -2.939
    -2.021
    -3.146
    -2.376
    -2.344
    -2.194
    -2.266
    -1.068
    -1.457
    -2.267
    -2.529
    -1.779
    -2.795
    -1.738
    -2.879
    -2.822
    -2.787
    -2.022
    -3.012
    -2.037
    -3.339
    -3.236
    -2.453
    -1.471
    -1.625
    -1.728
    -1.891
    -1.553
    -2.641
    -0.908
    -1.826
    -1.758
    -1.906
    -2.086
    -2.317
    -2.261
    -2.752
    -2.694
    -2.918
    -3.000
    -2.003
    -3.212
    -3.408
    -4.401
    -3.665
    -4.506
    -3.847
    -3.932
    -3.113
    -4.123
    -3.325
    -3.348
    -3.476
    -3.363
    -3.810
    -5.215
    -6.360
    -5.376
    -4.567
    -3.520
    -3.678
    -2.663
    -1.821
    -1.842
     0.869
     1.722
     2.888
     4.621
     7.527
     8.330
     9.128
     9.862
    12.011
    13.639
    12.595
    10.373
    10.201
     8.205
     6.960
     6.590
     5.489
     5.368
     5.270
     5.005
     5.799
     5.449
     6.325
     4.242
     4.110
     4.829
     4.604
     4.508
     5.411
     5.134
     6.923
     6.105
     3.875
     3.578
     2.565
     2.289
     1.972
     1.974
     2.884
     1.641
     0.330
     0.269
    -0.666
    -2.178
    -1.326
    -1.071
    -1.279
    -1.350
    -0.398
    -0.579
    -2.034
    -0.709
     0.093
     1.112
     2.011
     0.881
    -0.109
     0.924
     0.571
    -0.555
    -1.572
    -3.891
    -0.867
     0.250
     1.330
     2.122
    -2.024
    -6.159
    -6.205
    -4.977
    -3.230
    -2.262
    -1.259
    -2.220
    -2.358
    -2.121
    -4.308
    -5.964
    -5.976
    -5.959
    -4.028
    -3.149
    -3.111
    -3.067
    -4.080
    -4.986
    -4.716
    -5.033
    -4.898
    -4.880
    -1.864
    -0.633
    -0.974
    -0.766
    -1.520
    -0.656
    -0.444
    -0.598
    -1.526
    -1.355
    -1.560
    -1.972
    -1.200
    -0.964
    -0.780
     0.199
     0.322
    -0.736
    -1.538
    -2.217
    -2.931
    -2.990
    -1.755
    -1.921
    -0.861
    -0.786
    -1.378
    -1.574
    -2.302
    -2.295
    -1.286
    -0.062
     0.925
     1.248
     1.146
     0.372
    -0.534
    -2.339
    -1.219
    -0.929
    -0.729
    -0.744
    -1.729
    -0.575
    -1.577
    -0.404
    -0.203
     0.807
     0.915
     1.259
     2.045
     2.355
     1.331
     2.546
     2.639
     1.807
    -1.387
    -0.211
    -0.343
     1.560
     2.106
     2.930
     4.806
     5.780
     4.842
     3.043
     3.825
     3.716
     3.684
     2.601
     1.793
     1.627
     0.735
     0.998
     1.025
     0.865
     0.898
     1.702
     1.763
     2.965
     2.908
     3.236
     3.905
     3.917
     2.223
     0.907
     1.995
     2.260
     2.993
     3.063
     1.906
     1.832
     0.895
     1.643
     0.626
     1.303
     1.449
    -0.228
     0.453
     0.305
     0.279
     0.985
    -0.087
    -0.034
    -1.111
     1.132
    -1.079
    -0.145
    -1.345
    -1.328
    -1.133
    -0.363
     0.527
     0.581
     0.414
    -1.562
    -1.007
    -1.904
    -1.864
    -2.058
    -3.063
    -2.206
    -1.259
    -0.486
    -0.280
     0.641
     1.638
     0.414
     0.264
     0.232
     0.235
     1.002
     1.032
     1.040
    -0.702
     0.405
    -0.823
    -0.947
    -1.100
    -0.207
    -0.164
    -0.335
     0.667
    -0.280
    -0.634
    -0.466
    -1.597
    -1.785
    -2.998
    -2.982
    -1.204
    -1.229
    -1.217
    -3.305
    -1.481
    -1.513
    -1.756
    -1.486
    -1.691
    -1.903
    -3.133
    -4.934
    -2.916
    -2.786
    -3.080
    -1.112
    -1.758
     0.123
    -1.154
    -1.200
    -0.476
    -1.195
    -1.294
    -1.448
    -1.495
    -0.471
    -0.532
    -1.589
    -0.693
    -1.755
    -1.666
    -2.478
    -2.837
    -2.808
    -1.740
    -0.742
    -0.857
    -0.783
    -0.892
    -0.768
    -0.904
    -1.023
    -1.229
    -1.162
    -2.093
    -1.107
    -0.043
    -0.086
     0.785
     1.723
     1.904
     1.489
     1.335
     1.728
     2.728
     2.641
     2.430
     2.885
     3.359
     3.405
     3.556
     3.489
     4.493
     3.333
     2.194
     2.228
     1.756
     0.792
     1.636
     1.021
     1.236
     2.214
     2.246
     2.668
     3.345
     4.287
     3.008
     3.027
     2.055
     3.166
     4.007
     2.937
     4.568
     4.546
     5.260
     3.214
     4.337
     4.242
     4.243
     5.126
     3.982
     2.883
     1.920
     3.321
     1.729
     2.364
     0.276
    -0.802
    -0.976
    -2.010
    -0.906
    -1.351
    -2.463
    -2.649
    -1.627
    -1.598
    -1.807
    -1.729
    -0.128
    -0.348
    -1.411
    -2.383
    -2.768
    -3.758
    -4.029
    -4.365
    -4.312
    -4.855
    -5.817
    -6.115
    -6.428
    -6.144
    -6.212
    -9.015
    -5.319
    -2.834
    -6.339
    -3.587
    -3.250
    -1.706
    -1.789
    -2.222
    -3.350
    -2.611
    -2.503
    -3.836
    -4.195
    -3.497
    -4.903
    -5.238
    -2.822
    -3.247
    -2.444
    -3.516
    -3.683
    -3.455
    -1.444
    -2.775
    -2.301
     0.114
    -1.160
    -0.040
    -1.473
    -1.652
     0.258
    -0.777
     0.361
    -2.066
    -3.650
    -1.090
    -3.135
    -2.807
    -2.002
     0.216
     1.883
     2.883
     2.571
     2.798
     3.434
     4.548
     7.242
     5.864
     5.775
     6.503
     7.975
     7.364
     9.046
    11.573
    11.286
    12.226
    11.613
    10.921
    10.395
    10.628
    15.192
    15.482
     9.365
     4.640
     5.656
     8.447
    11.912
     4.343
     3.113
    10.511
     7.392
     6.126
     2.936
     2.424
     0.669
    -0.227
    -6.126
    -6.405
    -5.389
    -2.226
    -1.749
    -3.188
    -5.101
    -4.415
    -2.677
    -1.435
    -3.027
    -3.521
    -3.102
    -1.029
    -0.639
    -0.354
    -1.161
    -1.472
    -1.604
    -0.935
    -2.993
    -3.677
    -3.965
    -3.442
    -2.699
    -3.934
    -5.547
    -6.391
    -4.765
    -4.469
    -5.885
    -2.912
    -3.487
    -4.513
    -5.505
    -6.296
    -5.927
    -6.552
    -6.372
    -5.620
    -6.263
    -6.083
    -6.473
    -6.575
    -5.146
    -6.566
    -6.621
    -6.966
    -7.446
    -7.091
    -6.979
    -6.585
    -5.460
    -5.116
    -5.091
    -4.438
    -4.538
    -4.115
    -3.750
    -3.260
    -3.060
    -2.843
    -2.736
    -2.292
    -2.075
    -2.084
    -1.630
    -1.188
    -0.500
    -0.343
    -0.566
     0.171
     0.487
     0.917
     1.041
     1.361
     1.749
     2.073
     2.337
     2.654
     2.899
     3.245
     3.464
     3.768
     3.993
     4.296
     4.511
     4.798
     4.998
