     5.000
     4.767
     4.686
     4.434
     4.335
     4.064
     3.945
     3.689
     3.570
     3.278
     3.167
     2.874
     2.676
     2.318
     2.168
     1.736
     1.531
     1.143
     0.787
     0.330
     0.123
    -0.405
    -0.651
    -0.965
    -1.104
    -1.644
    -1.678
    -1.892
    -2.513
    -3.009
    -2.948
    -3.281
    -3.809
    -4.494
    -4.977
    -5.714
    -5.958
    -6.452
    -6.429
    -6.900
    -6.794
    -6.875
    -7.110
    -7.743
    -7.865
    -8.355
    -8.809
    -8.459
    -8.291
    -9.761
   -10.009
   -10.499
   -10.312
   -10.488
   -10.507
   -11.525
   -11.768
   -11.348
   -12.777
   -13.226
   -12.109
   -12.121
   -13.236
   -13.938
   -11.893
   -10.935
   -10.281
   -10.383
    -6.941
    -4.952
    -3.335
    -2.292
    -1.688
     1.413
     2.406
     2.484
     2.007
     3.967
     5.015
     4.532
     4.884
     4.721
     4.350
     5.181
     6.665
     6.143
     7.808
     8.361
     8.972
     9.446
    10.128
    11.107
    12.288
    14.427
    13.967
    14.461
    13.267
    11.171
     9.855
     8.854
     7.133
     7.011
     5.805
     4.997
     4.597
     3.091
     2.127
     3.827
     2.352
     2.356
     3.192
     3.244
     2.642
     2.878
     3.487
     2.069
     0.876
     0.466
     1.749
     0.148
     0.582
     0.381
     0.607
    -0.376
     0.046
    -1.578
    -1.422
    -1.607
    -1.603
    -2.183
    -2.276
    -2.361
    -2.471
    -2.805
    -3.323
    -3.867
    -2.262
    -2.630
    -2.552
    -3.151
    -3.062
    -3.781
    -3.824
    -4.604
    -3.984
    -2.840
    -3.044
    -3.075
    -3.243
    -3.011
    -2.857
    -2.573
    -2.077
    -2.055
    -1.733
    -1.771
    -2.238
    -1.716
    -1.618
    -2.834
    -2.984
    -3.325
    -1.806
    -1.061
     1.936
     2.502
     2.992
     2.554
     3.009
     2.980
     3.883
     4.481
     3.518
     3.881
     2.905
     3.650
     4.447
     4.857
     4.795
     5.467
     5.197
     5.408
     4.291
     3.417
     4.476
     3.623
     3.752
     4.043
     3.137
     3.820
     4.646
     2.757
     0.805
    -1.229
    -0.528
     0.280
     1.107
     1.437
     2.396
     1.089
     0.615
     0.188
    -0.771
    -2.835
    -6.140
    -6.817
    -7.103
    -3.109
    -2.982
    -4.159
    -4.404
    -6.516
    -7.684
   -13.003
   -12.494
   -11.483
   -12.542
   -11.227
   -12.597
   -12.609
   -12.817
    -9.866
    -7.914
    -8.454
    -9.402
    -6.372
    -5.636
    -3.334
    -1.241
     0.644
     1.783
     2.520
     3.752
     6.601
     9.232
     7.673
    10.377
    11.936
    12.020
    10.511
    11.053
    10.615
    10.973
     9.444
     8.385
     5.575
     5.110
     4.294
     5.255
     4.033
     6.559
     2.161
     5.918
     5.605
    -0.920
     1.946
     2.942
     1.381
     1.669
     1.871
     0.631
     0.079
    -1.515
    -3.222
    -1.446
    -2.978
    -2.755
    -2.458
    -1.994
    -2.242
    -0.885
    -1.735
    -1.393
    -1.381
    -1.415
    -2.641
    -4.095
    -3.320
    -3.250
    -3.554
    -3.437
    -3.624
    -3.981
    -5.358
    -6.023
    -5.385
    -5.363
    -5.246
    -5.056
    -5.107
    -4.019
    -4.085
    -4.391
    -4.369
    -3.736
    -3.867
    -3.961
    -5.163
    -3.168
    -3.361
    -3.606
    -2.496
    -3.754
    -3.110
    -1.845
    -0.218
    -1.056
    -1.039
     0.053
    -0.265
     0.994
     2.688
     3.172
     4.522
     2.798
     2.457
     4.246
     3.818
     4.318
     3.910
     4.204
     6.004
     6.171
     6.870
     6.615
     6.908
     6.743
     5.981
     5.919
     5.945
     5.392
     5.161
     5.569
     5.712
     5.582
     3.954
     3.829
     3.409
     3.957
     3.721
     4.665
     4.816
     5.484
     4.816
     4.603
     3.603
     3.625
     2.234
     1.983
     1.195
    -0.469
    -1.283
    -1.172
    -1.745
    -1.149
    -2.187
    -0.978
    -2.089
    -1.869
    -2.795
    -3.837
    -3.656
    -3.863
    -1.277
    -3.684
    -3.601
    -4.328
    -1.749
    -0.799
     0.519
     0.464
     0.953
     0.914
     0.450
     0.990
     0.600
     0.966
     0.947
     0.668
     0.596
     0.924
    -0.331
     0.528
    -0.303
    -0.006
    -0.841
    -0.726
    -1.663
    -1.723
    -2.353
    -1.932
    -1.554
    -1.639
    -1.826
    -2.877
    -3.913
    -3.877
    -3.702
    -3.728
    -3.849
    -3.820
    -3.912
    -5.092
    -4.993
    -4.427
    -4.198
    -4.509
    -5.668
    -6.864
    -7.413
    -8.148
    -8.174
    -7.778
    -6.116
    -5.392
    -5.996
    -6.092
    -6.354
    -5.394
    -2.589
    -2.088
    -3.117
    -3.085
    -0.777
     0.944
     4.163
     6.555
     4.938
     4.061
     2.072
     2.930
     3.582
     4.242
     5.186
     6.484
     5.296
     4.085
     2.478
     1.801
     3.611
     4.214
     3.269
     1.806
     1.325
     2.601
     2.533
     1.713
     1.939
     1.566
     1.199
     1.215
     0.915
    -0.172
    -0.659
     0.575
    -0.105
    -0.512
    -0.761
     0.167
    -0.818
    -0.631
     1.017
     1.246
     1.669
     1.267
     1.669
     2.177
     3.055
     1.207
     0.053
    -1.366
    -2.383
    -2.110
    -0.220
     0.098
    -0.538
     0.438
     0.689
     0.161
     0.394
     0.712
     0.524
     2.112
     1.139
     1.188
     0.331
    -0.200
     0.350
     1.617
     1.447
     2.025
     2.086
     2.192
     1.255
     0.274
     0.966
     1.671
     2.352
     1.604
     2.664
     2.406
     1.450
     0.545
    -0.097
     0.143
     0.701
     0.094
    -0.217
    -0.350
    -0.187
    -0.666
    -1.856
    -0.168
    -0.360
     2.143
     0.515
     1.089
     1.144
     2.380
     3.466
     3.582
     4.010
     3.589
     3.845
     3.755
     4.844
     4.837
     3.047
     3.576
     3.710
     4.684
     5.093
     5.187
     4.785
     3.197
     1.565
     1.642
     1.940
     3.861
     3.617
     2.652
     2.280
     1.458
     1.055
    -0.020
     0.636
     0.822
     0.323
     0.039
    -0.005
     0.982
     0.888
     0.493
     1.439
    -0.723
    -1.387
    -0.238
    -0.501
    -1.857
    -2.065
    -3.456
    -5.884
    -6.713
    -7.579
    -7.395
    -7.461
    -8.278
    -9.504
    -9.944
   -10.441
    -9.907
   -10.171
    -7.343
    -8.324
    -8.255
    -8.956
    -8.441
    -8.646
    -8.972
    -8.930
    -7.616
    -8.362
    -7.120
    -7.431
    -6.369
    -4.670
    -5.424
    -5.755
    -5.480
    -3.773
    -3.458
    -3.109
    -2.821
    -2.885
    -2.495
    -2.448
    -1.640
    -1.006
    -1.442
    -3.379
    -4.201
    -4.664
    -4.128
    -3.231
    -2.437
    -2.948
    -0.868
    -0.595
    -0.922
    -2.013
    -0.871
     0.947
     2.018
     1.878
     4.301
     3.474
     5.378
     5.005
     4.387
     4.264
     2.020
     1.043
     2.851
     4.513
     4.345
     5.194
     5.309
     6.192
     6.795
     6.931
     9.012
     8.488
     7.596
     7.280
     7.767
     7.618
     7.015
     7.938
     6.706
     6.957
     8.098
     6.042
     7.326
     7.548
     8.478
     8.301
     8.145
     8.391
     8.724
     7.589
     7.189
     7.767
     7.166
     6.621
     8.735
     8.708
     7.541
     6.439
     7.004
     6.791
     6.695
     6.389
     5.710
     5.451
     4.331
     5.697
     6.457
     6.351
     7.156
     6.277
     6.085
     5.051
     6.171
     0.489
    -1.443
    -1.054
    -2.112
    -3.508
    -5.704
    -5.747
    -8.217
    -9.277
    -8.238
    -7.758
    -6.933
    -6.570
    -6.790
    -8.383
    -7.607
    -6.572
    -5.984
    -5.811
    -4.515
    -2.127
    -1.823
    -1.827
    -2.705
    -1.695
    -0.780
    -1.313
    -1.159
    -1.877
    -2.308
    -2.338
    -2.385
    -3.635
    -2.989
    -3.912
    -3.751
    -4.973
    -5.645
    -5.905
    -6.988
    -7.619
    -8.359
    -8.780
    -9.862
    -9.764
   -10.808
   -10.446
    -9.931
   -10.514
    -8.739
    -8.309
    -8.122
    -6.825
    -6.123
    -3.992
    -3.526
    -2.615
    -1.535
    -2.647
    -1.784
    -2.040
    -2.505
    -4.211
    -2.641
    -3.560
    -3.518
    -3.357
    -3.068
    -4.287
    -2.978
    -3.697
    -4.442
    -4.560
    -3.174
    -3.029
    -4.425
    -4.308
    -5.491
    -6.151
    -5.125
    -5.070
    -3.872
    -2.184
    -1.677
    -2.524
    -2.052
    -1.778
    -1.874
    -0.333
     0.076
     1.368
     0.079
     0.895
     1.200
     2.190
     1.601
     1.650
     2.870
     2.152
     1.925
     2.011
     2.335
     3.683
     5.529
     6.100
     6.702
     7.169
     6.847
     6.874
     6.780
     6.987
     8.404
     9.572
    11.365
    12.989
    11.230
    10.355
    11.068
    11.363
    11.453
    11.612
    11.858
    12.112
    10.860
    11.099
    11.061
    11.014
    10.256
     9.223
     9.455
     8.048
     7.854
     8.646
    10.272
     8.153
     9.744
    10.431
     8.412
     9.209
    10.397
    10.644
     9.286
     8.653
     8.362
     8.237
     9.066
     9.054
     8.412
     8.289
     9.613
     9.228
     8.998
     9.096
     8.296
     7.399
     7.248
     7.284
     7.098
     5.753
     4.926
     4.871
     6.282
     6.930
     3.659
     3.880
     1.122
    -3.840
    -5.110
    -6.969
   -10.411
   -12.550
   -16.729
   -19.759
   -20.667
   -22.221
   -23.804
   -24.841
   -26.196
   -27.461
   -28.390
   -29.010
   -28.658
   -26.993
   -25.288
   -25.609
   -25.603
   -26.954
   -25.889
   -24.396
   -23.397
   -21.974
   -19.516
   -17.770
   -15.450
   -12.631
   -10.287
    -8.040
    -5.341
    -3.092
    -1.194
     0.760
     1.502
     0.905
     2.550
     0.862
     1.918
     1.853
     1.658
     1.352
     1.695
     1.917
     1.255
     1.237
     1.131
     0.210
    -0.395
     0.337
     0.478
     1.130
     3.276
     4.348
     4.322
     4.698
     3.443
     1.875
     3.195
     3.213
     4.350
     5.019
     4.909
     5.046
     5.957
     5.666
     5.946
     6.624
     6.650
     8.029
     9.379
     8.969
     7.337
     5.229
     2.703
     1.205
     0.514
     0.808
     1.220
     4.191
     8.563
    13.436
    19.194
    19.737
    20.335
    20.426
    20.738
    20.556
    20.515
    19.156
    19.194
    17.891
    16.811
    12.253
     9.590
     6.066
     4.187
     5.167
     2.142
    -0.016
    -1.163
    -2.961
    -5.043
    -7.086
    -8.109
    -8.949
    -9.034
   -11.396
   -10.759
    -9.941
    -8.717
    -8.128
    -7.320
    -7.901
    -8.362
    -6.026
    -5.360
    -3.620
    -3.451
    -2.562
    -3.562
    -2.531
    -1.527
     0.932
     1.068
     2.015
     2.992
     4.104
     4.043
     3.893
     4.970
     4.782
     5.055
     5.023
     4.815
     4.759
     5.626
     7.644
     8.107
     7.958
     8.014
     9.124
     6.110
     5.900
     3.998
     1.674
     0.480
     1.092
     0.439
    -0.793
    -3.106
    -5.178
    -5.269
    -4.996
    -5.127
    -4.208
    -4.431
    -1.979
    -1.632
    -3.484
    -4.590
    -3.788
    -3.610
    -2.050
    -1.407
    -1.006
    -0.610
    -1.179
    -1.187
     1.433
     1.874
     1.653
     1.444
     2.479
     3.971
     1.466
     0.825
     1.034
    -0.184
    -0.666
    -0.666
     0.917
     0.222
    -0.105
     0.185
     1.018
    -0.692
    -1.170
     0.206
     0.147
    -1.177
    -3.517
    -6.930
    -8.796
   -10.396
   -10.628
    -9.978
   -11.118
   -11.177
   -12.252
   -11.517
   -10.462
    -9.081
    -9.946
   -11.388
   -10.905
   -12.464
   -15.026
   -16.936
   -17.961
   -19.575
   -21.661
   -21.188
   -18.514
   -17.286
   -17.486
   -19.675
   -21.425
   -23.055
   -22.802
   -25.521
   -27.868
   -31.355
   -31.975
   -30.097
   -29.535
   -30.461
   -30.360
   -32.035
   -32.411
   -12.760
    17.646
    18.068
    12.080
    13.768
    16.464
    15.577
    17.760
    18.871
    20.340
    22.717
    21.602
    21.076
    22.922
    22.571
    23.931
    28.192
    27.953
    32.255
    36.026
    37.837
    32.763
    29.616
    30.334
    35.220
    40.351
    40.758
    41.498
    42.308
    43.674
    44.773
    44.049
    45.871
    43.720
    43.771
    43.584
    40.637
    37.258
    31.842
    29.415
    26.829
    24.423
    23.274
    21.367
    17.247
    16.554
    17.074
    14.937
    12.020
    11.025
     9.384
    11.097
     8.133
     4.227
    -2.080
   -10.348
   -16.998
   -18.871
   -29.866
   -33.601
   -34.141
   -38.264
   -40.947
   -41.513
   -41.998
   -42.867
   -44.866
   -41.865
   -37.507
   -36.667
   -35.823
   -34.383
   -35.974
   -36.628
   -39.388
   -38.970
   -35.364
   -34.862
   -35.816
   -31.843
   -31.170
   -34.195
   -32.034
   -28.528
   -27.465
   -28.372
   -27.707
   -26.883
   -27.212
   -28.203
   -25.353
   -22.598
   -24.292
   -24.030
   -25.658
   -25.379
   -26.826
   -23.905
   -22.738
   -21.140
   -20.170
   -15.875
   -10.922
    -6.372
    -0.988
     3.753
     8.325
    12.012
    15.763
    16.027
    22.400
    22.619
    24.944
    30.452
    36.329
    42.772
    50.199
    50.725
    57.012
    60.037
    61.538
    58.353
    53.667
    52.058
    58.816
    57.760
    49.905
    51.143
    45.946
    32.697
    35.308
    47.408
    30.829
    13.607
    -1.785
    15.175
    16.219
     6.108
    -7.148
   -11.436
   -11.324
   -16.400
   -20.252
   -20.693
   -26.771
   -28.613
   -22.955
   -18.440
   -21.639
   -17.112
   -18.381
   -27.371
   -25.062
   -17.440
   -17.895
   -20.537
   -19.160
   -11.800
   -10.809
   -11.756
   -12.200
   -12.402
   -12.432
    -6.040
   -10.740
    -7.570
    -6.502
    -4.259
    -8.605
    -1.960
    -7.849
   -19.488
   -15.385
    -3.807
    -1.211
    -7.145
   -13.481
   -10.337
    -5.570
    -1.272
     9.923
    21.145
     8.678
    -4.133
    -5.283
   -11.802
   -14.110
   -13.857
    -9.414
    -4.909
    -3.863
     1.744
     2.896
    -6.770
   -10.666
   -10.758
   -10.428
    -4.615
     0.023
    -0.638
     3.099
     5.123
     4.800
     9.909
    11.650
    11.744
    11.883
    15.203
    19.594
    26.432
    25.322
    23.207
    19.541
    17.076
    17.662
    20.049
    17.279
    13.199
    14.136
     9.992
    10.202
     7.843
     5.215
     6.694
    11.579
     7.865
     7.024
     7.373
     6.405
     4.774
     5.057
     5.035
     6.417
     7.381
     8.998
     6.738
     4.829
     7.444
     0.340
     1.637
    -4.446
    -1.109
    -2.246
     1.166
     3.399
     3.102
    -2.277
    -3.187
    -0.608
    -4.154
    -3.366
    -2.720
    -5.885
    -9.583
    -7.959
    -5.766
    -7.201
   -22.032
   -19.191
   -17.154
   -11.287
   -11.787
   -13.652
   -11.656
   -10.137
    -4.488
     7.149
     0.261
    -4.821
   -10.780
   -12.430
   -11.701
    -8.085
   -13.106
   -21.230
   -16.506
   -21.850
   -24.129
   -28.037
   -27.262
   -28.362
   -25.515
   -22.032
   -16.649
   -16.266
   -18.454
   -14.065
   -12.535
   -13.542
   -12.604
   -13.478
    -8.759
    -8.279
    -7.295
    -8.449
   -11.300
    -6.842
    -7.934
    -6.537
    -3.621
    -2.702
    -2.913
     5.523
     8.903
    13.923
     9.852
     3.978
     6.988
     7.035
     5.965
    11.280
    18.888
    20.126
    13.228
    14.417
    10.099
    10.884
    13.855
    12.098
    20.635
    16.924
    24.493
    24.475
    22.404
    22.527
    22.539
    23.877
    26.087
    22.317
    29.997
    27.175
    28.694
    21.103
    18.164
    17.615
    17.313
    14.230
    15.961
    18.641
    21.090
    17.526
     9.953
     8.600
     9.134
     4.612
     5.324
     6.572
     4.122
    11.707
     4.250
    -1.787
     2.078
    -0.209
    -3.252
    -2.558
    -7.584
    -8.563
    -4.160
    -3.849
    -4.173
    -4.651
   -12.576
    -7.264
    -2.831
   -18.566
   -18.802
   -13.532
    -8.276
     2.275
   -10.152
   -10.074
    -4.393
   -12.050
   -12.004
   -14.924
   -23.648
   -23.357
   -18.929
   -23.917
   -20.152
   -12.130
   -12.804
    -8.662
    -5.201
    -3.860
    -5.399
    -3.068
    -3.448
    -5.702
    -6.768
    -8.239
   -10.337
   -10.005
    -9.812
    -8.861
    -7.437
    -5.029
    -4.196
    -5.182
    -0.981
    -0.700
    -2.504
    -0.746
    -0.031
     2.609
     1.822
    -0.350
    -1.299
     0.163
     0.028
    -3.951
    -1.280
     2.709
     1.514
    -1.874
    -4.515
     4.707
     1.894
     1.757
     3.103
     4.740
     7.306
     5.124
     4.745
     3.345
     3.066
     7.461
     4.490
     4.206
     5.779
     2.942
     1.406
    -0.450
    -0.918
    -0.077
    -1.293
    -4.892
    -1.500
     1.487
     4.183
     1.241
     0.710
     3.472
     5.353
     4.021
     2.540
    -3.371
    -1.835
    -2.487
     8.089
     0.700
   -12.570
   -13.272
    -7.507
    -8.076
    -9.778
   -11.470
   -11.297
   -10.314
    -8.045
    -7.534
    -9.288
    -7.267
    -5.730
    -2.271
    -1.313
     2.493
     3.014
    -1.997
    -0.485
     1.882
     1.582
     1.537
    -0.699
     1.433
     1.378
     0.937
     2.073
     4.051
     2.556
     7.632
     4.731
     6.430
     8.440
     9.577
     7.984
     8.236
     8.490
     8.818
     9.999
    10.208
     9.599
    10.245
    10.014
    10.296
    11.175
    11.751
    13.720
    15.711
    19.127
    18.164
    17.447
    17.258
    17.264
    17.473
    18.109
    16.751
    14.412
    15.520
    15.319
    11.347
     9.387
    10.776
    10.247
    10.587
     8.067
     6.491
     6.130
     5.479
     6.111
     4.588
     2.178
    -0.431
    -0.114
    -0.940
    -0.504
    -4.855
    -4.588
    -4.813
    -5.055
    -5.274
    -8.085
   -10.268
    -9.973
   -13.829
   -14.084
   -14.353
   -17.958
   -18.597
   -20.376
   -20.021
   -20.528
   -21.896
   -20.085
   -22.867
   -23.295
   -23.655
   -24.492
   -23.563
   -20.419
   -21.888
   -18.581
   -17.866
   -14.987
   -15.567
   -10.905
   -12.466
   -11.548
   -13.284
    -8.056
    -8.445
    -5.873
    -6.862
    -6.694
   -10.653
    -6.508
    -8.332
    -8.692
    -9.022
    -7.785
    -6.619
    -4.670
    -1.060
     1.069
     2.851
     2.101
     1.541
     1.704
     1.360
     3.814
     4.855
     5.205
     6.132
     5.344
    10.507
     9.141
     8.119
    10.151
    14.185
    12.005
    10.788
    11.223
    12.114
    10.261
    10.539
     9.060
     9.454
     8.656
     8.324
     7.317
     7.563
     9.889
     8.483
     7.114
     5.992
     5.926
     7.272
     7.093
     7.381
     9.378
     9.179
     9.456
    10.252
    10.447
    10.557
    10.942
     9.137
     7.506
     8.931
     7.742
     7.707
     7.099
     7.046
     7.157
     6.350
     8.547
     8.947
     9.643
    10.406
    10.543
     7.981
     8.671
     8.166
     7.500
     5.648
     3.097
     0.619
    -0.894
    -1.411
    -3.473
    -3.316
    -4.474
    -5.748
    -6.670
    -5.698
    -6.788
    -6.764
    -6.573
    -6.351
    -5.201
    -5.562
    -5.069
    -5.616
    -6.078
    -7.081
    -6.353
    -6.938
    -5.925
    -7.116
    -7.012
    -7.465
    -8.306
   -10.149
   -11.845
   -11.130
   -12.283
   -10.706
   -11.385
   -10.410
    -9.834
   -10.604
    -9.696
    -8.684
   -10.399
   -10.094
    -9.033
    -7.629
    -5.230
    -4.113
    -4.421
    -2.564
    -0.745
     2.625
     3.155
     2.876
     1.461
     1.929
     0.782
     1.693
     0.351
    -0.789
    -1.539
    -0.661
    -0.796
    -0.167
    -1.542
    -2.535
    -3.031
    -2.581
     1.292
     0.039
     1.818
     1.871
     1.133
     3.254
     3.520
     3.385
     2.791
     2.647
     4.042
     3.331
     5.452
     4.532
     4.085
     5.208
     2.924
     3.054
     4.432
     4.944
     6.505
     6.485
     6.190
     5.951
     5.354
     6.494
     7.378
     7.401
     8.053
     7.340
     7.992
     7.588
     5.902
     8.540
     8.535
     7.237
     6.293
     3.702
     4.066
     4.563
     1.786
     0.904
     1.842
     0.104
    -0.852
    -2.735
    -4.784
    -3.860
    -4.816
    -3.709
    -6.417
    -7.050
    -6.812
    -5.247
    -4.354
    -5.766
    -4.982
    -4.260
    -4.197
    -3.851
    -3.575
    -4.133
    -3.132
    -2.770
    -2.996
    -4.544
    -5.132
    -3.883
    -3.818
    -1.236
    -0.575
     0.456
     1.770
     0.960
     0.021
    -0.388
    -1.229
    -2.520
    -2.592
    -3.919
    -1.457
    -0.363
     0.525
    -0.457
    -0.068
    -1.394
     0.224
    -2.720
    -5.278
    -6.328
    -4.707
    -4.470
    -5.711
    -5.172
    -5.495
    -1.751
    -3.743
    -4.368
    -4.945
    -4.630
    -3.496
    -5.300
    -4.005
    -2.482
    -1.578
    -1.720
    -0.544
    -0.378
    -2.003
    -1.178
    -2.696
    -0.299
    -0.352
     2.751
     2.389
     3.369
     4.499
     5.322
     6.008
     7.476
     8.156
     8.699
     9.875
    10.413
    11.118
    12.453
    11.321
    12.653
    12.495
    11.673
    12.299
    13.114
    11.083
     8.974
     9.099
     8.047
     7.144
     7.239
     4.485
     4.990
     2.303
    -0.422
     0.218
     0.224
    -0.965
    -0.578
    -2.597
    -3.534
    -2.198
     0.776
    -0.236
     1.120
     1.146
     1.505
     0.253
    -0.191
    -0.673
    -0.993
     0.020
    -1.769
    -3.762
    -4.390
    -5.032
    -6.074
    -5.683
    -5.355
    -5.865
    -4.379
    -4.488
    -4.086
    -4.223
    -4.021
    -5.626
    -5.841
    -9.104
    -9.724
   -12.356
   -12.124
    -6.486
   -10.232
   -10.703
   -10.124
    -7.191
    -6.824
    -5.523
    -4.572
    -5.646
    -6.601
    -5.129
    -2.731
    -2.235
     0.534
     1.607
     2.753
     3.670
     1.531
     1.509
     2.028
     2.141
     0.618
    -0.774
     2.670
    -0.482
    -2.084
    -2.523
     0.114
    -0.161
     1.151
     1.690
     2.209
     1.324
     0.907
    -0.520
     0.397
     0.068
     0.343
    -0.843
    -0.572
     0.628
    -1.304
     0.417
    -0.109
     0.403
     0.736
     0.982
     0.747
     0.631
     0.120
     0.410
    -0.159
    -0.222
    -0.188
     3.493
     2.979
     0.638
     0.346
     1.371
     2.916
     5.198
     5.382
     5.984
     5.065
     4.851
     3.902
     3.443
     3.955
     2.321
     2.091
     1.547
     0.981
     0.717
     1.182
     1.185
     1.847
     2.353
     3.543
     4.584
     4.353
     4.166
     4.612
     5.338
     4.355
     5.275
     5.441
     5.768
     5.767
     5.169
     5.134
     3.210
     3.795
     3.816
     5.266
     3.753
     2.632
     2.709
     2.464
     2.004
     2.462
     1.751
     1.550
     0.178
    -0.742
    -0.229
    -1.357
    -2.862
    -4.127
    -4.850
    -3.465
    -4.051
    -5.437
    -6.944
    -5.696
    -5.215
    -4.552
    -4.969
    -4.811
    -4.980
    -4.819
    -3.824
    -3.921
    -3.344
    -2.988
    -3.740
    -5.031
    -4.465
    -3.364
    -4.535
    -6.326
    -7.165
    -7.095
    -6.127
    -4.111
    -3.622
    -2.509
    -1.918
    -3.942
    -5.037
    -2.604
    -1.539
     0.233
    -0.027
     1.089
     1.493
     2.566
    -0.375
    -1.538
     1.508
     2.033
     2.398
     1.374
    -0.267
    -1.599
    -1.549
     1.048
     4.164
     4.617
     2.427
     1.244
     2.166
     0.850
     0.383
     1.932
     1.881
     1.741
     1.277
     1.365
     0.086
     0.217
    -0.405
    -0.728
    -1.893
    -0.199
    -1.738
    -2.178
    -1.468
    -0.488
    -0.925
    -0.978
    -0.708
     0.581
     0.926
     0.978
     0.971
     1.623
     2.201
     1.041
     1.628
     2.161
     1.720
     2.046
     1.631
     2.462
     3.548
     3.157
     2.878
     3.194
     2.393
     2.082
     2.010
     1.148
     2.101
     1.226
     1.643
     1.548
     0.917
     1.912
     1.149
     1.696
     2.662
     3.257
     3.414
     3.790
     3.218
     2.607
     1.808
     0.481
    -0.389
    -0.954
    -1.195
    -1.632
    -0.847
    -0.633
    -1.027
    -0.153
    -0.840
    -2.157
    -1.878
    -2.315
    -1.290
    -1.328
    -1.260
    -0.268
    -0.757
    -0.492
    -0.366
    -1.292
    -1.732
    -2.530
    -1.562
    -1.321
    -2.117
    -2.213
    -1.554
    -1.269
    -1.879
    -2.041
     0.119
    -1.870
    -1.912
    -1.357
    -1.513
    -1.141
    -1.361
    -1.209
    -1.998
    -1.564
    -1.865
    -0.529
    -0.641
    -0.687
    -0.541
     0.497
     0.835
     0.921
     1.552
     1.140
     0.426
     0.185
     0.004
    -0.995
    -0.930
    -1.126
    -0.431
    -1.027
    -0.912
    -1.196
    -1.249
    -0.893
    -0.377
     0.920
     0.728
    -0.142
    -1.245
    -0.810
    -1.337
    -0.995
    -2.125
    -1.146
    -1.658
    -1.318
    -1.474
    -1.390
    -1.399
    -1.076
    -1.207
     0.581
     0.072
    -0.483
     1.307
     1.620
     2.917
     3.340
     4.142
     5.514
     5.620
     5.833
     5.918
     5.537
     4.427
     2.942
     2.162
     2.244
     0.951
     0.545
     1.065
     0.604
     0.514
     1.376
     0.349
     1.212
     1.950
     2.469
     1.374
     1.452
     0.884
     2.318
     1.613
     0.569
     1.386
    -0.347
     0.395
    -0.409
     0.668
     0.471
     0.478
     0.071
    -1.438
    -1.669
    -2.509
    -3.263
    -4.412
    -2.372
    -2.160
    -1.101
    -0.895
    -1.326
    -1.599
    -2.825
    -1.957
    -2.764
    -2.487
    -1.795
    -2.754
    -2.420
    -2.358
    -2.191
    -2.779
    -2.675
    -3.908
    -2.577
    -2.734
    -2.605
    -2.906
    -2.252
    -2.080
    -2.009
    -0.968
    -1.518
    -0.509
    -0.344
    -1.081
    -0.854
    -0.157
     0.699
     0.920
     1.134
     1.359
     2.171
     1.935
     1.879
     2.013
     1.218
     2.412
     2.426
     2.198
     2.293
     1.758
     2.290
     2.314
     1.997
     2.661
     2.792
     2.657
     2.139
     2.652
     2.065
     2.500
     2.462
     2.097
     3.259
     2.342
     0.977
    -1.471
    -2.503
    -2.853
    -1.607
    -3.126
    -4.181
    -5.016
    -3.542
    -1.769
    -1.300
    -0.754
     0.108
     1.287
     2.040
     1.408
     1.357
     1.072
     1.342
    -0.349
    -1.214
    -1.666
    -1.809
    -0.549
    -1.531
    -1.621
    -2.785
    -2.273
    -1.535
    -0.233
    -0.668
    -0.008
     2.493
     1.521
     1.708
     1.090
     1.204
     0.257
    -0.145
    -0.131
     0.488
     0.600
    -0.159
    -0.689
    -0.509
    -1.671
    -1.616
    -1.847
    -1.159
    -1.456
    -1.253
    -2.057
    -1.662
    -1.008
    -1.048
     0.911
     1.200
     2.082
     0.806
    -0.215
     1.058
     1.143
     1.326
     0.914
     0.278
     0.623
     1.811
     1.556
     1.062
     1.332
     1.621
     2.099
     1.367
     1.449
     0.267
     0.832
     0.876
     1.945
     2.424
     2.240
     2.198
     1.923
     1.629
     1.317
     1.291
     1.178
     0.983
     1.352
     0.929
     0.861
     0.409
    -0.447
    -0.716
    -1.787
    -1.734
    -1.886
    -1.563
    -0.211
    -0.603
    -1.552
    -2.014
    -1.934
    -1.556
    -1.572
    -1.915
    -1.718
    -2.169
    -0.853
    -1.078
    -1.959
    -0.039
     0.304
     0.195
     0.512
     0.230
     0.505
    -0.093
    -0.458
    -1.422
    -2.572
    -1.703
    -1.443
    -1.608
    -1.608
    -1.297
    -1.621
    -1.536
    -1.469
    -0.108
     0.154
     0.338
     0.853
     1.917
     1.284
     0.366
     1.045
     1.143
     2.027
     2.002
     2.136
     2.630
     3.514
     3.612
     2.295
     2.327
     3.365
     4.329
     2.194
     4.846
     3.394
     3.129
     2.888
     1.778
     1.168
     1.451
     1.369
     0.164
    -1.573
    -1.838
    -1.999
    -1.797
    -2.326
    -2.890
    -2.600
    -2.437
    -2.319
    -2.246
    -3.121
    -3.383
    -3.333
    -2.141
    -2.055
    -0.950
    -1.145
    -1.351
    -1.758
    -1.416
    -1.455
    -1.736
    -0.963
    -0.434
    -0.709
    -0.320
    -1.712
    -1.578
    -2.812
    -2.613
    -2.131
    -3.129
    -2.617
    -3.455
    -3.420
    -3.089
    -3.072
    -2.855
    -3.262
    -1.058
    -2.329
    -1.176
    -2.194
    -2.080
    -2.365
    -1.272
    -0.531
    -1.205
    -1.212
    -1.322
     0.091
    -0.231
     0.691
     1.019
    -0.283
    -0.379
     0.627
     0.805
     0.091
     0.642
     1.168
     1.020
     1.212
     1.285
     0.453
     0.787
     1.353
     1.369
     2.946
     2.804
     4.062
     3.401
     3.296
     4.295
     3.794
     2.979
     3.941
     4.103
     3.275
     4.150
     3.163
     4.368
     2.847
     3.533
     1.874
     1.435
     1.945
     2.042
     1.997
     1.628
     2.037
     1.899
     1.458
     1.563
     2.602
     3.020
     2.999
     2.901
     2.812
     2.006
     2.886
     2.788
     2.405
     2.345
     2.120
     2.527
     3.327
     3.050
     2.333
     2.802
     1.478
     1.138
     1.218
     1.198
     1.631
     1.544
     0.134
     1.015
     0.763
     0.519
     0.880
    -0.177
    -0.809
    -0.009
    -1.232
    -0.990
    -0.888
    -1.737
    -1.725
    -0.889
    -0.746
    -1.830
    -1.138
    -0.723
    -1.520
    -2.637
    -1.624
    -1.202
    -1.449
    -1.877
    -1.710
    -1.465
    -1.535
    -1.349
    -2.312
    -3.486
    -2.699
    -2.733
    -4.940
    -5.748
    -5.729
    -6.541
    -7.150
    -7.424
    -5.578
    -5.060
    -3.025
    -3.203
    -3.501
    -3.424
    -4.433
    -4.730
    -4.465
    -3.661
    -4.463
    -4.817
    -4.666
    -4.549
    -5.211
    -5.484
    -5.043
    -5.490
    -4.517
    -4.425
    -4.917
    -3.680
    -2.088
    -0.659
    -1.526
    -2.308
    -3.621
    -2.700
    -2.786
    -2.801
    -2.998
    -2.699
    -2.985
    -4.052
    -3.747
    -2.903
    -2.797
    -1.798
    -0.797
    -0.623
    -0.115
     0.597
     0.115
     1.489
     2.618
     2.002
     2.915
     2.001
     4.013
     3.653
     4.139
     5.363
     5.663
     7.373
     8.940
    10.049
     7.214
     7.127
     9.980
    11.967
    13.802
    10.683
     8.957
     8.959
     8.117
     5.485
     4.381
     2.002
    -0.080
    -2.872
    -2.035
    -2.748
    -0.684
    -1.530
    -1.628
    -1.237
     1.243
     3.263
     5.639
     8.198
     8.631
     7.745
     5.562
     5.702
     8.507
     8.503
     3.990
     3.840
    -1.519
    -0.565
     1.152
     3.679
     5.529
     6.960
     6.022
     8.043
     6.985
     6.152
     7.685
     9.072
     8.997
     7.869
     9.491
     7.128
     7.026
     5.807
     6.093
     9.174
    10.472
     9.748
    10.086
    10.131
     9.461
     9.268
     6.241
     4.312
    -4.834
    -9.300
    -5.382
    -8.143
    -0.200
   -13.452
   -11.776
    -7.170
    -5.326
   -12.686
   -14.232
   -17.459
   -18.411
   -22.520
   -29.019
   -32.966
   -29.534
   -26.292
   -22.381
   -20.758
   -21.410
   -19.329
   -16.435
   -15.149
   -15.711
   -14.996
   -11.914
    -7.177
    -5.022
    -4.637
    -6.710
    -5.851
    -5.458
    -7.572
    -7.935
   -10.110
    -7.507
    -5.472
    -3.589
    -3.656
    -3.059
    -2.461
     1.829
     3.125
     5.004
     6.684
     8.104
     5.427
     7.239
     8.273
     8.970
     8.089
     8.085
     8.174
     8.672
     8.488
     8.172
     7.127
     7.492
     5.580
     4.650
     3.910
     2.301
     1.789
     2.181
     1.953
     3.070
     3.563
     3.333
     4.289
     4.309
     4.288
     4.687
     5.113
     4.952
     5.607
     5.501
     5.795
     5.900
     6.373
     6.623
     7.007
     7.043
     7.162
     6.190
     6.447
     6.356
     6.569
     6.249
     6.279
     6.266
     6.215
     6.092
     6.082
     5.941
     5.947
     5.771
     5.746
     5.574
     5.542
     5.345
     5.291
     5.067
