     4.587
     4.890
     5.228
     5.516
     5.839
     6.112
     6.417
     6.679
     6.968
     7.213
     7.502
     7.701
     7.903
     8.125
     8.306
     8.432
     8.588
     8.654
     8.698
     8.801
     8.866
     8.804
     8.726
     8.642
     8.802
     8.658
     8.614
     8.599
     8.223
     8.290
     8.057
     7.847
     7.546
     7.114
     7.004
     6.362
     5.970
     5.746
     4.964
     4.873
     4.308
     3.728
     3.270
     2.393
     1.927
     1.171
     0.699
     0.000
    -1.004
    -1.338
    -2.211
    -2.541
    -3.613
    -4.285
    -5.373
    -5.546
    -7.000
    -7.511
    -8.067
    -7.582
    -9.347
   -10.233
    -9.335
    -8.900
    -8.233
    -9.075
    -8.719
    -7.507
    -7.075
    -6.246
    -5.762
    -4.669
    -3.871
    -4.321
    -3.077
    -1.958
    -1.328
    -1.816
    -0.757
    -1.195
    -0.769
    -1.373
    -0.781
     0.898
     3.861
     4.557
     4.627
     3.832
     1.969
     1.107
    -0.604
    -2.118
    -3.985
    -5.178
    -7.148
    -8.753
   -10.384
    -8.287
    -7.107
    -6.481
    -4.029
    -2.183
    -1.006
    -1.772
    -1.555
    -3.494
    -2.314
    -2.708
    -2.070
     0.106
    -1.888
    -1.161
    -2.717
    -2.965
    -2.856
    -1.593
    -2.838
    -3.341
    -2.655
    -2.125
    -1.203
    -1.878
    -2.852
    -3.549
    -2.946
    -3.376
    -1.977
    -0.943
    -1.049
    -0.129
    -0.195
    -0.717
    -0.664
     0.291
    -1.650
    -1.629
    -0.177
     0.741
     0.390
     0.681
     1.041
     1.584
     2.681
     2.976
     2.890
     3.281
     2.621
     2.062
     2.350
     0.507
     0.634
     3.239
     3.984
     3.732
     2.022
     2.350
     2.132
     1.584
     5.746
     2.350
     0.476
     1.493
     3.604
     4.526
     5.141
     5.759
     5.272
     4.630
     6.150
     6.579
     5.343
     5.247
     3.759
     3.717
     3.300
     3.343
     1.810
     1.150
     1.209
     1.254
     2.121
     0.495
    -1.541
    -0.322
     0.248
     2.178
     1.394
     1.258
     2.543
     3.571
     2.611
     1.787
    -0.822
    -1.944
    -3.501
    -1.923
    -2.327
     3.762
     5.176
     6.109
     5.383
     6.171
     3.568
     0.902
    -0.784
     1.782
     5.553
     7.659
     6.240
     7.458
     8.138
    11.692
    11.772
    12.047
    12.802
    15.475
    12.066
    11.253
    14.413
    13.424
    12.525
    11.976
     8.603
     3.783
     3.059
     2.829
     1.731
    -2.683
    -3.666
    -4.350
    -5.663
    -4.477
    -6.937
    -3.782
    -7.137
    -6.542
    -5.827
    -8.037
   -11.074
   -12.815
   -13.209
   -14.395
   -15.845
   -16.012
   -15.328
   -17.549
   -14.780
   -17.615
   -17.296
   -19.122
   -12.205
   -15.594
   -10.739
   -10.111
   -16.087
   -18.182
   -16.345
   -15.961
   -13.032
   -15.131
   -15.016
   -13.811
   -11.758
   -11.186
   -10.690
    -9.775
    -9.262
    -7.511
    -6.422
    -4.300
    -1.126
    -4.792
    -5.240
    -4.011
    -1.489
    -0.389
    -1.416
    -0.839
     1.478
     0.774
     1.371
     3.475
     3.955
     1.744
     0.456
     1.822
     3.015
     4.261
     5.627
     7.113
     7.218
     7.976
     8.256
     7.330
     6.042
     7.447
     7.668
     8.192
     6.696
     6.806
     7.635
     9.531
    10.801
    11.276
    12.470
     9.856
    12.374
    10.471
     9.736
    11.120
     8.515
     7.455
     8.113
     6.812
     7.267
     9.764
     7.307
     6.539
     7.409
     8.795
    10.343
     8.160
     5.835
     6.214
     4.627
     5.032
     7.563
     8.303
     7.625
     6.731
     6.266
     6.124
     4.516
     3.807
     2.429
     2.958
     2.995
     6.483
     5.587
     3.852
     3.216
     2.581
     2.860
     2.925
     6.540
     7.830
     7.963
     4.827
     1.308
     3.851
     5.806
     5.705
     5.353
     4.117
     1.842
     2.604
     4.116
     3.578
     0.224
    -0.919
    -2.158
    -0.755
    -2.230
    -5.368
     1.122
    -0.918
    -2.756
    -5.443
    -8.319
    -9.326
    -9.043
    -8.591
   -10.622
    -8.765
    -9.262
   -10.400
   -10.565
   -12.259
   -13.615
   -14.755
   -15.380
   -13.655
   -13.483
   -13.538
   -12.772
   -12.311
   -13.637
   -13.596
   -14.374
   -11.822
   -11.470
   -11.619
   -11.727
   -10.203
    -8.971
    -8.281
    -8.138
    -7.107
    -6.994
    -6.118
    -5.499
    -4.713
    -4.002
    -4.116
    -5.419
    -5.420
    -5.334
    -1.743
    -1.497
     0.994
    -0.747
    -0.920
    -0.732
     1.123
     2.541
    -1.452
     1.847
     2.258
    -1.027
    -1.176
    -4.289
    -2.209
    -1.090
    -4.247
    -3.622
    -1.488
     1.704
     5.699
     6.443
     6.636
     4.092
     1.049
     0.143
     0.644
     2.360
     4.170
     4.149
     2.497
     0.539
     0.419
    -1.063
     0.637
    -2.223
    -1.825
    -2.923
    -0.742
    -0.253
     4.808
     3.828
     7.710
     8.867
     9.297
     8.596
     7.083
     6.433
     9.319
    15.154
    18.729
    20.574
    19.947
    19.385
    17.714
    23.933
    22.089
    20.858
    20.440
    20.944
    18.515
    14.578
    16.289
    15.829
    14.893
    13.077
    11.645
    11.357
    11.399
    11.422
     8.078
     5.035
     4.249
     3.179
     2.283
     0.007
    -2.233
    -1.824
    -2.162
    -5.987
    -7.476
    -8.058
   -11.049
    -9.629
   -11.660
   -11.575
    -9.796
    -6.706
    -6.087
    -8.678
    -8.549
   -10.653
    -9.116
    -9.867
    -9.574
    -7.952
    -7.068
    -7.918
    -9.452
   -10.321
    -8.880
    -9.993
   -11.491
   -10.859
    -8.821
   -13.642
   -14.177
   -12.320
    -9.155
    -8.637
    -8.858
    -8.860
    -8.847
    -7.852
    -8.325
    -7.624
    -7.774
    -8.173
    -8.105
    -7.227
    -5.737
    -6.136
    -7.688
    -7.631
    -8.447
    -5.376
    -4.594
    -2.808
    -2.206
    -3.364
    -5.489
    -7.214
    -7.934
    -5.647
    -3.484
    -3.206
    -3.458
    -3.446
    -1.839
    -2.118
    -0.422
    -0.229
    -0.665
     1.101
     2.310
     3.500
     5.566
     6.955
     5.419
     3.941
     3.892
     4.465
     5.561
     9.545
    11.587
     9.641
    10.474
    10.277
    10.338
    12.764
    12.368
    13.667
    13.655
    12.201
    11.498
    10.770
    10.902
    11.200
     9.337
     8.502
     8.063
     9.507
     8.502
     8.573
     8.822
     9.556
     9.617
     9.144
     5.956
     4.531
     3.074
     2.473
     0.982
    -0.058
    -3.201
    -3.645
    -1.271
    -1.136
    -1.856
    -4.329
    -4.196
    -1.616
     0.364
     1.136
     2.762
     1.424
     0.618
     1.362
     0.488
     2.336
     0.902
    -0.656
    -1.232
    -0.821
    -0.975
    -0.681
    -1.599
    -2.407
    -1.996
    -2.766
    -4.358
    -3.960
    -2.772
    -3.821
    -3.545
    -6.288
    -8.551
    -7.523
    -7.709
    -8.903
    -9.235
    -9.512
    -7.613
    -9.281
   -10.239
    -8.915
    -8.328
    -9.478
    -9.365
    -8.961
    -7.691
    -7.749
    -6.602
    -5.116
    -7.669
    -6.315
    -5.665
    -6.927
    -4.115
    -3.158
    -3.885
    -4.630
    -3.171
    -2.766
    -2.766
    -0.475
    -1.548
    -0.619
    -1.636
     0.278
     0.548
    -0.865
     0.615
     1.312
     0.424
     1.705
     1.840
     1.739
     1.860
     2.107
     0.996
     0.350
     0.755
     0.124
     2.400
     0.124
     3.904
     5.390
     3.732
     7.312
     6.542
     7.932
     8.244
    10.242
     9.664
     9.328
     8.440
     8.410
     7.924
     7.851
     9.091
     9.308
     8.200
     5.627
     6.570
     5.565
     4.463
     3.174
     4.290
     4.920
     4.273
     4.671
     3.260
     3.384
     4.814
     5.274
     4.766
     6.479
     5.519
     5.087
     5.174
     4.772
     6.186
     6.646
     6.424
     8.000
     8.218
     8.911
     7.242
     6.424
     4.567
     4.541
     5.210
     3.159
     3.131
     0.656
     1.218
    -0.419
    -2.804
    -3.351
    -5.589
    -5.946
    -7.681
    -7.340
    -7.252
    -7.622
    -9.623
   -11.210
   -10.415
   -10.807
   -11.521
   -12.454
   -11.381
    -9.911
   -11.471
   -11.808
   -12.108
   -11.976
   -11.274
   -10.251
   -10.833
    -7.379
    -8.534
    -7.303
    -4.897
    -5.436
    -4.999
    -6.517
    -6.004
    -4.870
    -1.637
    -4.263
    -4.034
    -4.189
    -4.801
    -5.704
    -8.356
    -7.922
    -8.507
    -6.146
    -5.382
    -5.347
    -5.230
    -5.077
    -4.760
    -2.735
    -2.901
    -0.868
    -0.506
     2.440
    -0.517
     1.297
     1.866
     3.138
     2.502
     4.488
     3.626
     4.587
     4.587
     3.169
     5.343
     3.276
     3.266
     4.794
     6.817
     7.503
     7.933
     8.395
     8.738
     8.247
     6.357
     5.703
     4.993
     4.555
     4.850
     5.145
     6.231
     6.228
     4.539
     0.777
     0.833
     0.137
    -0.233
     0.358
    -1.589
    -2.080
    -0.917
    -0.034
     3.253
     4.321
     3.126
     3.041
     2.804
     3.011
     1.981
     1.665
     2.276
     3.054
     2.954
     3.543
     4.210
     4.563
     3.204
     4.528
     5.397
     5.536
     5.017
     2.919
     4.343
     4.493
     3.218
     3.220
     4.812
     5.869
     4.838
     3.503
     5.599
     5.612
     6.646
     6.440
     4.986
     5.439
     7.437
     7.317
     5.682
     4.636
     4.995
     3.853
     1.204
     1.989
     1.238
     1.689
     2.999
     2.705
     2.292
     3.145
     1.637
     2.030
     0.165
     1.718
     2.523
     1.686
    -0.238
    -0.781
    -0.935
    -3.628
    -4.605
    -4.450
    -2.926
    -3.247
    -3.840
    -3.962
    -3.488
    -5.117
    -5.451
    -6.222
    -6.712
    -6.324
    -7.691
    -7.122
    -8.512
    -7.056
    -7.203
    -6.603
    -6.151
    -8.103
    -8.002
    -9.418
    -8.774
    -7.713
    -6.855
    -8.372
   -10.562
   -11.514
   -11.092
   -11.372
   -11.471
   -12.661
   -11.150
   -12.288
   -11.432
   -11.547
   -11.725
   -12.922
   -10.713
   -10.991
    -7.567
    -4.395
    -1.641
    -2.832
    -4.990
    -5.003
    -5.624
    -6.693
    -7.368
    -8.691
    -9.309
   -11.441
   -11.970
   -12.144
   -12.588
   -14.093
   -10.965
   -11.088
   -10.946
    -8.089
    -5.649
    -2.353
     0.708
     1.814
     1.551
     4.233
     5.685
     8.368
    10.356
    11.303
    11.185
    12.484
    14.956
    18.343
    19.563
    20.346
    20.755
    21.809
    19.878
    19.475
    20.530
    21.132
    18.476
    18.077
    16.357
    14.072
    13.737
    17.246
    17.556
    17.141
    13.054
    12.105
    11.879
    14.436
    15.879
    15.593
    14.988
    15.327
    13.270
    11.207
    10.687
     8.549
     6.777
     5.189
     4.207
     2.010
     1.578
     1.495
    -1.291
    -0.067
    -0.532
    -0.414
    -1.192
    -3.601
    -3.384
    -4.747
    -2.040
    -0.941
     1.367
     1.110
    -0.649
    -1.489
    -2.751
    -2.928
    -4.915
    -5.489
    -3.293
    -1.704
    -2.202
    -4.248
    -3.511
    -2.330
    -3.335
    -3.564
    -2.745
    -4.770
    -4.113
    -5.602
    -7.891
    -8.082
   -10.105
   -11.128
    -7.750
    -7.627
    -7.117
    -7.485
    -5.608
    -5.846
    -6.290
    -5.760
    -5.629
    -5.278
    -5.676
    -7.635
    -8.247
   -11.026
   -13.295
   -12.062
    -9.565
   -10.284
    -7.240
    -5.362
    -5.747
    -7.175
    -5.062
    -7.324
    -7.252
    -9.030
   -12.076
   -15.063
   -14.577
   -14.251
   -14.469
   -13.282
   -12.097
    -9.798
   -10.302
    -8.420
    -6.076
    -7.795
    -9.708
   -14.090
   -13.384
   -12.965
   -12.781
   -13.652
   -16.464
   -18.760
   -18.827
   -18.873
   -17.448
   -18.347
   -19.914
   -17.827
   -17.715
   -15.033
   -12.752
    43.329
    49.329
    33.439
    33.453
    33.733
    34.175
    33.984
    30.927
    34.865
    37.268
    33.465
    30.411
    30.457
    24.335
    24.408
    19.763
    21.852
    24.593
    17.899
    14.644
     7.170
     3.199
     8.747
     9.633
    14.537
    11.243
     4.891
     3.382
     3.889
     0.848
    -2.139
    -7.244
   -11.235
   -12.444
    -9.386
   -12.824
   -15.863
   -17.961
   -20.876
   -17.576
   -19.178
   -13.379
    -9.147
    -5.496
    -5.558
    -5.051
    -7.344
    -7.984
    -2.950
     0.492
    -1.741
    -4.761
    -5.941
    -4.824
    -0.744
     4.953
     9.260
    15.633
    16.550
    15.745
    10.103
     9.229
     9.990
     9.033
     8.186
     6.095
     8.279
    14.478
     9.010
     6.404
     4.658
     0.943
     0.427
    -0.805
     0.814
     2.192
    -1.134
    -2.191
     1.279
     2.598
     2.520
     3.383
     6.591
     5.013
     4.339
     5.631
     5.965
     3.105
    -0.088
     1.931
     2.633
     0.817
     1.578
     2.718
     2.343
    -0.530
    -1.992
    -4.527
    -8.107
    -7.923
    -3.111
    -0.233
    -6.296
    -7.808
   -10.464
   -15.975
   -21.212
   -23.430
   -27.072
   -25.238
   -29.032
   -30.384
   -32.285
   -34.217
   -33.338
   -36.413
   -39.531
   -37.937
   -37.255
   -35.906
   -35.869
   -33.694
   -28.306
   -15.743
   -16.276
   -17.883
   -12.212
    -0.878
     2.321
     9.967
    12.707
    15.370
    21.252
    30.839
    43.953
    45.351
    29.201
    24.402
    24.901
    29.887
    29.260
    20.076
    19.145
    20.001
    20.408
    17.150
    16.644
    15.249
    14.849
    14.636
    11.956
    10.122
    13.424
    10.831
    11.827
    11.480
    12.492
     4.706
     1.944
     3.771
     4.862
     8.146
     9.185
     7.078
     8.750
    12.741
    14.791
    22.976
    27.808
     4.208
    -7.505
     7.233
     7.074
     4.363
     4.806
     2.354
     5.622
     2.158
     0.730
    -3.069
    -2.575
   -23.811
   -22.977
    -8.498
   -10.502
   -15.510
   -13.312
   -11.110
   -12.415
   -11.945
   -12.096
   -12.908
   -15.089
    -7.833
   -10.901
    -8.101
    -9.613
    -7.393
    -9.533
     0.216
    -1.800
    -5.213
     0.183
    -1.170
    -4.006
    -5.438
    -3.810
     1.013
     0.184
    -4.682
    -3.113
    -1.857
    -4.992
    -1.168
    -4.924
    -5.672
    -3.303
    -4.904
    -2.829
    -3.793
    -6.254
    -8.937
    -5.978
    -9.421
    -5.975
    -3.714
    -6.508
    -4.280
    -5.448
    -6.336
    -1.623
    -1.611
    -2.075
    -0.342
     0.874
    -0.927
     3.997
     2.770
     0.978
     1.055
     1.498
     4.031
     4.153
     3.443
     2.929
     3.093
     7.304
     6.887
     5.219
     3.355
     2.394
     1.565
     5.730
     3.432
     0.390
     4.533
    10.170
    16.082
    15.024
     8.523
     9.264
    11.219
     8.677
     8.360
     6.532
     6.625
    17.111
    16.583
     8.924
     5.741
    -0.587
     4.834
    12.147
     4.563
    -3.355
    -3.389
    -1.289
    -2.655
    -4.094
    -3.453
    -1.138
     0.934
     3.432
     3.983
     2.902
     0.777
     0.331
     5.518
     4.269
     1.060
    -1.527
    -0.445
    -1.388
    -5.776
    -4.741
    -6.265
    -8.637
   -11.622
    -4.680
    -7.716
   -11.783
   -10.804
    -2.779
    -6.980
   -10.466
   -13.606
   -13.474
    -8.685
   -10.032
    -4.928
    -6.838
    -5.060
   -11.250
   -13.065
   -10.521
    -8.434
    -9.605
    -7.472
    -3.787
    -5.610
     0.672
    -1.495
     3.393
     4.808
     7.062
     6.233
     6.101
     5.704
     2.121
     8.012
     5.618
     6.057
     3.170
    -2.882
    -0.705
    -3.514
     2.055
     5.003
     2.119
    -2.274
    -4.815
    -0.069
     5.036
     5.301
     4.206
     2.469
     2.292
     9.346
    10.126
     6.417
     6.939
     4.656
     4.090
     1.565
     0.823
    -1.880
    -0.761
    -0.147
     0.199
    -6.841
    -4.277
    -0.204
     2.135
     3.379
    -1.119
    -4.283
     6.232
    11.506
     4.145
    -0.448
     0.501
     3.742
    -1.315
    -0.015
    -0.747
    -2.117
    -1.715
    -0.496
    -0.640
    -1.640
     1.580
    -2.080
    -0.887
    -2.352
     0.792
     0.998
    -0.618
    -3.080
    -4.869
    -1.527
    -2.660
    -2.327
    -3.488
    -5.960
    -7.549
    -0.589
    -2.450
    -2.706
    -2.498
    -0.151
    -1.470
    -4.085
    -1.826
    -0.699
     0.231
    -1.395
     2.802
     0.196
    -1.706
     0.420
    -2.939
     2.135
     4.693
     6.611
     4.369
     3.096
     4.244
     3.339
     1.705
     5.562
     3.410
     4.237
     7.118
     4.726
     3.101
     3.230
     2.813
     1.073
     3.327
     2.582
     2.215
     2.542
     4.327
     5.651
     2.199
     0.329
     4.565
     5.555
     3.891
     2.569
    -1.048
     0.511
     4.133
     0.462
     1.157
    -0.250
    -0.240
    -3.732
     2.161
     3.994
     1.035
     1.390
    -3.170
    -1.510
     0.721
     1.857
     0.871
    -0.468
    -1.643
    -1.346
    -2.565
    -1.640
    -2.144
    -3.034
    -4.084
    -2.387
    -1.895
    -0.097
    -2.523
    -2.480
    -5.373
    -3.901
    -4.306
    -5.134
    -3.072
    -3.827
    -1.913
    -3.514
     0.233
    -0.329
    -1.988
    -0.699
    -0.677
    -1.830
    -2.283
    -2.922
    -2.743
    -2.014
    -3.441
    -2.128
    -3.105
    -4.009
    -2.892
    -1.920
     0.431
    -0.916
     1.109
    -0.747
    -0.450
    -0.583
     1.070
    -1.032
    -0.702
    -1.596
    -1.451
    -2.157
    -3.921
    -3.520
    -3.629
    -3.431
    -3.316
    -5.334
    -5.505
    -5.668
    -5.058
    -5.953
    -7.539
    -7.266
    -6.799
    -7.109
    -7.209
    -6.094
    -6.062
    -4.946
    -5.299
    -4.709
    -4.390
    -4.228
    -3.485
    -3.582
    -3.451
    -4.582
    -3.935
    -4.418
    -1.660
     1.255
    -0.368
    -0.498
     0.463
     2.922
     3.789
     5.089
     4.951
     5.715
     7.700
    10.235
    10.559
    10.255
    12.853
    14.264
    13.808
    11.670
    10.773
     9.437
     9.333
     8.831
     4.224
     2.700
     4.497
     4.719
     1.091
     2.377
     0.719
     4.111
     2.369
     5.804
     7.813
     9.607
     8.842
     9.514
    10.567
     8.779
     9.154
     7.728
     6.659
     7.067
     7.769
     6.902
     7.686
    11.522
    14.973
    17.832
    15.950
    14.259
    16.069
     4.828
     2.192
    -0.298
    -5.027
    -7.366
    -5.943
   -10.229
   -10.329
    -9.436
    -8.802
    -9.349
    -9.318
    -9.706
    -8.784
    -7.359
    -6.785
    -4.602
    -3.580
    -3.659
    -1.474
     0.802
     3.590
     7.199
     6.700
     5.137
     4.397
     5.548
     6.420
     5.148
     4.088
     3.984
     0.685
    -1.498
     0.339
    -1.203
    -1.487
    -1.786
    -4.755
    -4.891
    -7.955
    -8.938
    -8.636
    -8.575
    -8.283
    -7.556
    -7.420
    -5.753
    -5.009
    -3.718
    -7.350
    -8.348
   -10.126
   -10.577
    -9.956
   -12.385
   -15.033
   -16.225
   -18.457
   -21.152
   -20.767
   -21.289
   -20.159
   -19.106
   -18.572
   -20.081
   -19.068
   -19.317
   -19.134
   -18.476
   -18.188
   -16.714
   -16.397
   -15.748
   -15.466
   -15.608
   -13.831
   -15.223
   -11.077
    -9.020
    -6.313
    -3.480
    -1.494
    -0.114
     2.549
     3.484
     5.924
     6.286
     3.611
     5.476
     4.366
     7.381
    12.960
    17.003
    18.276
    18.587
    19.580
    26.227
    26.831
    27.811
    28.010
    30.641
    30.405
    29.235
    28.577
    25.502
    22.265
    19.077
    15.751
    13.109
    11.407
    10.459
     9.697
     7.988
    13.624
    14.440
    15.507
    16.351
    13.808
    10.285
    11.408
    10.379
     9.923
     9.880
    11.917
    11.677
    14.059
    15.071
    14.232
    10.877
    10.092
    10.232
     7.485
     6.671
     6.557
     7.706
     9.006
     8.013
     5.814
     3.725
     2.862
     1.420
     1.299
     1.706
     1.076
    -0.774
    -2.468
    -2.098
    -2.360
    -1.652
    -3.990
    -6.943
    -9.908
   -11.862
   -13.903
   -16.810
   -20.388
   -20.482
   -19.760
   -20.843
   -23.451
   -24.154
   -25.132
   -25.075
   -22.594
   -21.308
   -21.400
   -21.491
   -21.188
   -18.362
   -15.485
   -12.033
   -12.454
   -14.257
   -12.175
   -12.107
   -12.288
   -12.160
   -12.494
   -14.187
   -14.038
   -17.292
   -13.167
   -13.215
    -7.236
    -8.429
    -4.555
     0.093
     0.679
    -0.302
    -0.867
    -4.657
    -5.819
    -4.872
     1.101
     2.171
     6.673
     9.182
     9.543
    11.126
    10.904
     8.866
     5.454
     9.012
    10.973
    10.944
    10.783
    12.376
     9.619
    11.420
    18.727
    14.064
     9.410
     4.333
     4.803
     7.579
     7.590
     4.674
     5.591
     5.699
     7.448
     7.278
     4.558
    -2.422
    -2.520
    -6.699
   -11.363
   -10.219
    -9.997
    -9.678
    -6.154
    -5.091
    -6.353
    -3.865
    -5.294
    -5.516
    -5.270
    -7.914
    -7.982
    -1.416
    -7.152
    -2.536
    -3.494
    -0.735
     4.185
     1.805
    -1.916
     3.056
     0.145
    -0.419
     0.922
    -0.463
     2.620
     5.883
     7.927
     8.064
    12.215
    14.758
    15.900
    19.564
    19.989
    20.300
    17.009
    19.245
    17.136
    10.473
     8.426
     7.005
     4.219
     3.939
     2.490
     4.234
     4.278
     6.541
     5.178
     3.878
     1.591
     1.905
     1.223
     0.766
     3.340
     5.951
     6.987
     8.065
     6.025
     6.255
     3.425
     1.682
     1.456
    -2.710
    -5.401
   -10.285
   -16.918
    -4.939
     1.206
     0.481
     2.255
     1.834
    -3.230
    -3.078
    -4.452
    -6.193
    -8.108
    -8.028
    -2.925
     0.284
     6.482
    12.136
     8.180
     7.330
    -4.699
   -12.538
   -14.257
   -16.962
   -18.151
   -11.976
    -0.899
     0.597
     2.834
     0.071
    -0.322
    -4.091
    -4.099
    -5.148
    -6.610
    -8.099
    -8.373
    -8.009
    -6.396
    -7.367
    -6.245
    -7.102
    -8.003
    -7.406
    -8.955
    -8.300
    -7.001
    -5.812
    -6.099
    -5.505
    -6.036
    -7.304
    -7.613
    -7.450
    -8.716
    -9.860
    -9.371
    -5.317
     1.747
     2.472
     5.319
     8.160
     6.432
     6.934
     5.843
     4.682
     3.320
     1.049
     0.439
    -0.347
    -1.714
    -1.751
    -0.961
     0.172
    -0.282
    -0.003
     0.299
     1.142
    -0.526
    -0.088
     1.149
     2.093
     1.177
     0.243
    -0.828
    -2.500
    -1.583
    -0.805
    -2.185
    -2.679
    -2.175
    -0.906
    -0.332
     1.383
    -0.938
    -1.433
    -3.259
     0.742
     0.447
     0.692
    -1.130
     0.136
     1.002
     1.267
     1.528
     3.092
     3.261
     4.559
     5.244
     4.738
     4.775
     4.811
     4.104
     5.031
     5.777
     6.411
     6.633
     6.121
     7.019
     6.509
     4.580
     4.183
     3.937
     2.313
     3.085
     4.154
     1.823
     2.170
     2.017
     1.487
     1.170
     1.175
     2.862
     3.514
     5.211
     4.296
     6.366
     8.080
     9.173
    10.930
    10.024
    10.765
     7.953
     8.091
     6.768
     6.206
     8.389
     7.451
     5.881
     6.538
     8.516
     7.413
     6.107
     5.022
     4.021
     2.788
    -2.504
    -4.077
    -5.929
    -7.147
    -8.027
    -6.210
    -6.395
    -6.502
    -5.571
    -5.835
    -6.680
    -7.791
    -7.484
    -8.085
    -7.512
    -6.020
    -6.350
    -6.538
    -6.799
    -4.061
    -4.396
    -2.714
    -2.935
    -2.818
    -2.607
    -1.681
    -1.970
    -3.592
    -2.583
    -3.701
    -3.709
    -3.337
    -3.788
    -3.552
    -4.164
    -3.692
    -3.643
    -2.776
    -2.362
    -2.372
    -2.674
    -4.711
    -3.287
    -4.346
    -4.324
    -4.493
    -3.990
    -4.678
    -4.709
    -4.437
    -2.742
    -2.873
    -3.267
    -2.810
    -2.321
    -2.471
    -2.696
    -2.932
    -3.715
    -3.101
    -4.193
    -3.716
    -3.014
    -1.124
    -1.561
    -1.369
    -0.258
    -0.125
     1.338
     0.529
     2.114
     1.779
     0.984
     2.380
     1.905
     2.297
     2.782
     2.801
     1.965
     3.465
     3.281
     3.597
     3.577
     4.018
     2.932
     2.990
     3.036
     3.525
     3.113
     1.839
     1.449
     0.414
    -0.071
     0.555
     1.239
     0.426
     0.558
     0.131
     0.607
     0.097
     1.421
     1.634
     1.695
     1.512
     1.627
     1.982
     0.959
     1.541
     1.298
     0.385
     0.812
    -0.145
    -0.450
    -0.202
    -0.338
     0.553
     0.972
     1.644
     2.295
     2.997
     3.024
     3.455
     4.192
     3.482
     3.540
     2.566
     1.907
     1.649
     0.721
     0.696
     1.315
     0.353
     0.867
    -0.292
    -1.166
    -0.616
     0.217
    -1.094
    -0.292
     1.189
     1.041
     0.285
     0.676
     1.148
     1.337
     1.625
     1.155
     0.846
    -0.289
    -0.464
    -1.083
     0.609
     1.645
     1.931
     2.160
     1.660
     0.995
     1.298
     2.828
     3.737
     2.648
     2.575
     3.524
     3.052
     3.070
     2.818
     2.345
     2.586
     2.369
     2.434
     2.540
     1.607
     0.296
     1.102
     1.266
     1.264
    -0.228
    -0.763
    -0.096
     0.013
    -0.430
    -1.217
     0.052
    -0.898
    -1.047
    -0.861
    -0.984
    -0.387
    -0.083
    -0.329
    -0.563
    -0.683
    -1.671
    -2.155
    -1.031
    -1.025
    -1.496
    -1.654
    -2.057
    -2.743
    -1.903
    -2.355
    -2.130
    -2.240
    -2.688
    -2.687
    -2.192
    -3.839
    -3.245
    -3.529
    -2.974
    -2.499
    -3.759
    -3.007
    -3.235
    -2.527
    -3.226
    -1.999
    -2.870
    -2.932
    -3.399
    -3.048
    -2.953
    -3.302
    -4.431
    -4.580
    -5.452
    -5.218
    -5.657
    -5.911
    -5.477
    -6.602
    -6.462
    -5.821
    -5.967
    -5.783
    -6.073
    -6.456
    -6.362
    -7.004
    -5.342
    -7.591
    -7.341
    -7.565
    -6.467
    -7.178
    -6.191
    -5.418
    -5.502
    -4.176
    -2.568
     1.097
     1.935
     3.697
     3.929
     6.823
    10.829
    10.680
    10.443
    10.986
    11.418
    10.222
     8.798
     7.641
     6.806
     5.631
     5.448
     5.231
     4.405
     4.520
     4.420
     5.356
     6.827
     7.058
     5.728
     6.117
     7.066
     6.943
     4.975
     4.613
     6.067
     6.513
     6.116
     4.851
     3.744
     3.809
     3.231
     3.420
     3.904
     4.741
     3.067
     2.372
     2.591
     1.937
     1.180
     1.820
     2.059
     2.560
     2.123
     3.021
     2.234
     1.935
     1.784
     2.062
     2.716
     2.612
     1.371
     1.545
     1.731
     1.398
     1.478
     0.390
    -1.915
    -0.815
     1.545
     2.321
     2.199
     0.061
    -4.327
    -6.164
    -5.866
    -4.445
    -3.874
    -2.291
    -2.089
    -3.135
    -3.310
    -3.908
    -5.953
    -6.573
    -6.839
    -4.856
    -3.826
    -2.210
    -3.838
    -3.449
    -3.394
    -4.808
    -4.338
    -4.134
    -3.538
    -2.669
    -1.124
    -1.322
    -1.008
    -0.217
    -0.420
     0.523
    -1.437
    -1.372
    -0.677
    -0.991
    -1.347
    -0.999
    -0.788
    -1.085
    -0.379
    -0.117
    -0.220
    -0.354
    -3.842
    -3.699
    -3.508
    -2.689
    -3.873
    -3.292
    -3.672
    -2.122
    -2.537
    -1.647
    -2.107
    -0.409
    -1.195
    -0.673
     0.003
     0.901
     0.751
    -0.581
    -1.690
    -2.150
    -3.207
    -1.791
    -2.493
    -3.298
    -4.280
    -3.576
    -3.113
    -2.342
    -2.163
    -1.183
    -0.661
    -0.424
    -1.185
    -1.156
    -0.370
    -1.270
    -1.633
    -2.715
    -2.629
    -1.527
     0.935
     2.709
     3.708
     4.220
     4.679
     5.059
     3.829
     3.127
     4.095
     4.819
     3.302
     2.775
     3.476
     3.346
     2.175
     1.495
     2.243
     1.611
     1.893
     1.821
     2.754
     2.478
     3.311
     4.445
     4.574
     3.809
     2.862
     1.986
     2.922
     3.796
     2.077
     2.742
     2.030
     2.069
     2.666
     2.277
     1.651
     1.384
     2.057
     1.645
     1.822
     3.024
     0.983
     0.399
    -0.233
     0.287
    -0.325
    -0.693
     0.166
    -0.544
     0.485
     1.804
     0.893
     0.656
     0.693
     0.637
     0.355
    -0.044
    -0.061
    -0.682
    -0.861
    -1.714
    -0.390
    -0.577
    -1.002
     0.694
     1.652
     1.447
     1.635
     0.805
    -0.303
     0.396
     1.691
     1.556
     1.512
    -0.217
    -0.547
    -0.987
    -0.923
    -1.316
    -0.450
    -1.618
    -0.081
    -0.636
    -0.916
    -0.916
    -1.099
    -1.111
    -1.924
    -1.797
    -2.036
    -0.062
    -0.673
    -0.418
    -0.780
    -0.833
     0.136
    -1.749
    -2.265
    -1.111
    -1.004
    -2.463
    -2.653
    -4.040
    -2.494
    -2.351
    -2.062
    -2.635
    -1.552
    -2.117
    -2.104
    -1.161
    -3.082
    -2.408
    -2.130
    -2.684
    -2.708
    -1.922
    -2.025
    -2.332
    -2.401
    -3.332
    -3.317
    -3.817
    -2.705
    -2.050
    -2.575
    -2.209
    -1.843
    -0.201
    -1.154
    -2.090
    -2.145
    -2.804
    -2.123
    -0.523
    -1.144
    -1.128
    -2.187
     0.729
     0.325
     0.702
     0.704
     0.583
     0.169
     0.459
    -0.502
     0.285
     1.329
     2.121
     2.050
     1.413
     2.026
     2.227
     1.956
     2.067
     1.604
     3.740
     2.448
     1.101
     1.699
     2.483
     1.567
     1.425
     3.201
     2.211
     3.865
     2.975
     5.260
     3.236
     3.384
     4.154
     4.477
     4.333
     6.915
     6.191
     6.034
     5.511
     5.151
     5.994
     6.285
     5.533
     4.874
     2.627
     3.175
     2.953
     4.142
     1.066
     1.273
     0.888
     1.287
     1.208
     0.916
     1.512
     0.979
     2.038
     0.972
     1.231
     0.891
     1.904
     0.982
    -0.313
    -2.066
    -1.288
    -2.801
    -4.283
    -4.180
    -4.627
    -5.976
    -6.716
    -6.888
    -7.101
    -7.777
    -8.483
   -11.014
    -8.776
    -4.410
    -7.102
    -5.721
    -5.203
    -3.263
    -4.650
    -3.445
    -2.798
    -1.115
     0.568
     0.474
     0.705
    -0.514
     0.875
    -0.862
    -0.244
    -2.682
    -2.763
    -3.367
    -5.167
    -4.349
    -4.770
    -5.968
    -7.229
    -5.105
    -4.490
    -5.034
    -3.326
    -3.309
    -3.225
    -5.569
    -2.786
    -4.379
    -6.111
    -3.162
    -6.439
    -7.230
    -7.626
    -6.633
    -3.290
    -2.346
    -2.210
    -0.861
     0.296
     1.338
     3.485
     3.658
     3.655
     5.202
     5.701
     6.203
     8.776
    10.188
     9.618
    11.428
    11.195
    10.885
    11.350
    10.987
    16.714
    18.202
    16.036
    11.063
     8.662
    10.710
    15.597
    10.114
     6.709
    13.096
    11.220
    12.463
    12.796
    11.235
     8.797
     8.513
     4.737
     4.967
     3.031
     5.278
     2.607
    -0.586
    -1.089
    -1.403
    -2.752
    -1.791
    -2.182
    -2.862
    -3.638
    -3.312
    -3.822
    -3.382
    -2.768
    -2.976
    -2.831
    -0.794
    -1.725
    -1.977
    -3.885
    -4.868
    -4.180
    -4.406
    -6.201
    -6.910
    -6.625
    -6.524
    -8.648
    -6.562
    -6.220
    -6.223
    -7.888
    -9.663
    -8.440
    -9.050
    -8.726
    -7.259
    -7.807
    -7.804
    -8.438
    -7.833
    -6.308
    -7.294
    -7.031
    -7.532
    -7.510
    -7.335
    -7.488
    -7.246
    -6.791
    -6.461
    -6.478
    -6.020
    -5.841
    -5.718
    -5.182
    -4.988
    -4.844
    -4.526
    -4.406
    -4.015
    -3.864
    -3.983
    -3.537
    -3.333
    -2.641
    -2.322
    -2.161
    -1.625
    -1.281
    -0.915
    -0.545
    -0.266
     0.146
     0.519
     0.836
     1.211
     1.535
     1.899
     2.229
     2.587
     2.902
     3.264
     3.575
     3.930
     4.238
