     3.758
     4.027
     4.397
     4.652
     5.011
     5.254
     5.603
     5.832
     6.151
     6.374
     6.701
     6.878
     7.123
     7.352
     7.554
     7.661
     7.858
     7.948
     8.006
     8.033
     8.229
     8.069
     8.035
     7.969
     8.228
     7.915
     8.000
     7.937
     7.606
     7.701
     7.582
     7.267
     6.984
     6.469
     6.522
     5.941
     5.404
     5.512
     4.422
     4.449
     3.949
     3.642
     3.253
     2.582
     1.641
     1.078
     0.754
    -0.143
    -0.600
    -0.875
    -1.852
    -2.088
    -3.567
    -4.014
    -5.215
    -4.555
    -5.870
    -7.132
    -7.401
    -6.589
    -9.356
    -9.934
    -8.417
    -8.368
    -7.628
    -8.159
    -7.509
    -6.145
    -6.912
    -5.937
    -4.930
    -4.505
    -3.116
    -3.869
    -1.509
    -0.469
    -0.028
    -0.452
     0.098
     0.014
     0.132
    -0.396
    -0.672
     1.328
     4.172
     5.395
     5.603
     4.209
     3.408
     2.251
     0.397
    -1.425
    -4.284
    -4.318
    -7.231
    -8.678
   -10.022
    -8.886
    -7.157
    -5.556
    -4.568
    -1.747
    -0.394
    -0.680
    -0.391
    -3.295
    -2.879
    -2.605
    -0.952
     1.985
    -0.014
     1.388
    -1.329
    -1.532
    -1.928
     1.303
    -2.700
    -2.401
    -2.295
    -0.194
     0.618
     0.099
    -2.975
    -3.538
    -2.307
    -4.157
    -1.350
    -1.726
    -1.687
     0.630
     0.662
     0.107
    -1.216
     0.520
    -1.258
    -2.002
    -2.617
    -1.054
    -1.343
    -0.866
     0.167
    -0.090
     1.289
     2.178
     0.611
     1.666
     1.477
     0.202
     0.312
    -1.494
    -1.329
     0.447
     2.170
     2.661
     0.237
     0.181
    -0.018
    -0.386
     4.370
     1.502
    -0.798
     0.893
     2.926
     3.191
     3.094
     2.988
     4.082
     4.076
     5.145
     5.576
     3.554
     4.623
     3.860
     3.576
     3.510
     4.680
     2.870
     1.452
     0.625
     1.661
     0.330
    -0.325
    -2.935
     0.375
    -0.481
     2.315
    -0.088
    -0.231
     1.885
     2.393
     3.696
     0.625
    -1.051
    -2.886
    -3.780
    -2.022
    -2.326
     4.685
     4.522
     6.648
     5.389
     6.832
     4.230
     0.771
    -1.710
     1.929
     4.347
     8.493
     8.016
     8.280
    10.469
    15.488
    14.166
    14.587
    13.484
    16.967
    14.134
    13.513
    17.607
    14.863
    14.032
    11.700
     8.858
     4.551
     5.264
     3.088
     1.431
    -1.435
    -0.744
    -2.361
    -3.741
    -3.149
    -4.950
    -1.503
    -5.873
    -6.533
    -4.589
    -7.396
    -9.863
   -13.013
   -13.478
   -13.030
   -15.893
   -15.258
   -15.023
   -16.839
   -14.624
   -16.950
   -17.436
   -18.169
   -12.594
   -15.696
   -11.141
   -10.532
   -15.952
   -18.121
   -17.759
   -16.498
   -12.804
   -15.171
   -14.897
   -14.675
   -10.931
   -10.851
   -11.967
   -10.574
   -10.875
    -9.858
    -7.451
    -4.355
    -2.362
    -4.905
    -5.977
    -4.370
    -3.033
    -2.015
    -1.628
    -1.752
    -0.182
     2.066
     0.707
     2.816
     3.950
     0.321
    -0.084
     0.240
     2.106
     4.506
     3.613
     8.508
     9.268
     9.113
     8.099
     8.317
     7.142
     8.333
     8.052
     8.280
     8.374
     6.804
     6.579
    10.199
    10.925
     9.913
    12.780
    10.590
    10.951
     9.671
    10.606
    11.304
     8.311
     7.730
     6.575
     6.561
     8.841
    11.609
     7.573
     7.830
     7.684
     8.781
    11.109
     7.144
     6.436
     5.089
     4.266
     4.066
     6.273
     7.685
     5.239
     6.735
     5.301
     5.150
     4.174
     3.013
     1.613
     2.463
    -0.283
     4.222
     3.588
    -0.161
    -1.104
    -0.735
     0.605
     2.412
     5.417
     5.183
     6.876
     2.385
     0.150
     3.300
     4.448
     6.113
     8.573
     6.275
     3.900
     4.536
     6.257
     7.713
     0.288
    -1.129
    -2.535
    -1.300
    -1.573
    -7.250
    -0.524
    -2.831
    -4.550
    -2.935
    -7.182
    -9.046
    -8.785
    -7.780
    -9.390
    -9.574
    -9.107
    -9.525
    -7.140
   -12.137
   -12.050
   -14.090
   -15.119
   -12.939
   -14.206
   -12.338
   -12.880
   -11.942
   -13.809
   -13.307
   -13.388
   -12.207
    -9.514
    -9.671
   -10.482
    -8.019
    -7.337
    -7.571
    -7.343
    -6.388
    -5.515
    -4.876
    -3.902
    -3.365
    -2.095
    -2.825
    -3.999
    -4.301
    -4.161
     0.053
    -0.443
     1.900
     0.912
    -0.162
     0.694
     0.785
     2.510
    -1.977
     1.649
     2.701
    -0.784
    -0.201
    -2.498
    -1.871
    -0.844
    -4.184
    -3.335
    -2.483
     1.889
     5.987
     8.488
     5.742
     5.084
     0.767
     0.511
     1.122
     3.351
     6.056
     5.200
     3.464
    -0.231
     1.351
    -0.249
     1.088
    -2.212
    -1.985
    -3.582
    -1.894
    -2.230
     2.757
     2.256
     5.612
     6.715
     8.193
     6.010
     5.918
     5.272
     6.916
    14.093
    17.993
    19.887
    16.902
    17.906
    14.325
    22.542
    19.728
    19.232
    18.525
    18.618
    14.761
    12.852
    16.508
    15.204
    13.634
    15.107
    11.112
    10.659
    10.879
    12.002
     8.412
     5.326
     2.551
     3.465
     2.520
    -0.368
    -3.270
    -3.466
    -2.197
    -5.222
    -6.205
    -7.698
   -11.230
   -10.127
   -11.557
   -12.080
    -9.284
    -5.965
    -6.251
    -9.463
    -9.414
   -10.574
   -10.045
   -11.159
   -10.950
    -8.643
    -7.321
    -9.306
   -10.316
   -10.424
    -8.916
    -8.643
   -12.207
   -10.598
    -8.926
   -13.491
   -14.361
   -12.952
    -8.494
    -8.572
   -10.271
    -8.309
    -7.690
    -7.362
    -8.581
    -7.548
    -4.125
    -6.251
    -7.422
    -6.418
    -4.382
    -5.373
    -7.031
    -4.884
    -6.241
    -4.693
    -3.737
    -2.050
    -0.943
    -2.695
    -4.305
    -5.971
    -6.558
    -3.577
    -2.044
    -2.039
    -2.818
    -3.129
    -0.073
    -0.790
    -1.334
     0.367
    -1.458
     0.419
     1.544
     3.447
     6.214
     7.031
     6.698
     4.556
     5.332
     4.504
     5.643
     9.994
    11.351
    10.203
     9.383
     9.895
    10.167
    12.552
    12.083
    13.500
    13.325
    11.300
    11.322
    10.108
    10.118
    11.455
     9.076
     9.252
     8.820
     9.745
     8.501
    10.655
     9.597
     9.668
     9.753
     9.099
     7.657
     5.718
     4.559
     2.808
     1.209
    -0.498
    -2.084
    -2.516
    -0.152
    -1.076
    -2.062
    -3.156
    -3.343
     0.415
     2.455
     2.382
     3.352
     2.471
     0.340
     0.784
     1.080
     2.326
     0.118
    -1.512
    -1.988
    -1.479
    -0.767
    -2.745
    -3.979
    -4.656
    -4.218
    -5.101
    -5.894
    -5.319
    -4.021
    -5.781
    -4.361
    -8.488
    -8.994
    -8.780
    -9.202
    -9.378
    -9.727
   -10.576
    -9.131
    -8.785
   -11.727
   -10.810
   -10.906
   -10.194
    -8.807
    -8.988
   -10.573
    -9.183
    -7.438
    -6.500
    -8.360
    -6.536
    -6.476
    -6.924
    -6.016
    -3.784
    -3.628
    -5.145
    -3.608
    -2.404
    -3.778
    -1.630
    -2.072
    -0.161
    -1.347
     1.010
     1.016
    -1.752
    -0.215
     1.330
     0.945
     2.205
     1.175
     1.697
     3.158
     2.091
     1.677
     0.993
     2.280
    -0.173
     1.142
    -0.305
     3.318
     5.612
     5.403
     7.797
     6.091
     7.727
    10.279
    10.843
    11.626
    11.284
     9.079
     7.780
     8.433
     7.927
     9.849
     8.513
     8.387
     6.602
     6.932
     6.660
     4.133
     2.183
     3.261
     4.215
     4.668
     6.013
     3.835
     3.327
     4.106
     5.197
     4.496
     6.080
     6.247
     4.453
     4.313
     5.379
     7.555
     7.246
     6.531
     9.231
     9.631
     8.884
     6.532
     6.020
     5.398
     5.604
     5.356
     4.726
     2.458
     0.361
     2.910
     0.019
    -0.992
    -2.212
    -4.073
    -4.567
    -5.474
    -5.949
    -5.180
    -6.770
    -7.805
    -9.525
    -9.628
    -9.800
   -10.811
    -9.935
    -9.739
    -6.737
    -9.845
   -10.954
    -9.676
    -9.657
    -9.617
    -8.668
    -9.135
    -4.923
    -6.948
    -4.677
    -4.077
    -3.822
    -3.400
    -4.855
    -5.608
    -4.411
    -1.148
    -5.556
    -5.116
    -6.248
    -8.265
    -8.998
   -10.311
    -9.083
   -10.367
    -8.547
    -6.554
    -6.468
    -7.707
    -5.391
    -7.543
    -4.120
    -4.203
    -2.832
    -2.668
     0.967
    -0.697
    -0.157
     1.594
     2.785
     2.927
     5.543
     2.874
     3.567
     2.620
     1.813
     3.740
     0.683
     1.320
     2.935
     3.970
     6.226
     6.011
     6.294
     6.707
     6.937
     5.683
     4.978
     3.038
     3.180
     4.750
     3.634
     4.121
     4.064
     3.733
    -0.283
     0.330
    -1.140
    -0.057
    -1.040
    -2.602
    -3.391
    -2.797
    -0.585
     2.554
     1.572
     1.286
     0.987
     0.734
     1.676
     1.161
     0.227
     0.102
     1.574
     2.639
     1.296
     1.133
     2.953
     1.409
     2.903
     3.827
     5.498
     3.413
     2.710
     8.419
     8.088
     5.416
     6.049
     7.197
     8.667
     7.703
     6.633
     8.262
     9.475
     9.987
     8.847
     6.575
     7.177
     9.703
     9.074
     7.382
     7.161
     7.376
     6.159
     4.303
     4.395
     4.535
     4.923
     4.388
     4.237
     3.543
     4.872
     3.876
     2.967
     1.119
     2.151
     3.449
     2.701
    -0.086
    -0.562
     0.327
    -4.019
    -3.124
    -4.268
    -2.037
    -1.755
    -2.364
    -2.384
    -1.149
    -4.081
    -3.878
    -4.686
    -3.757
    -6.098
    -6.030
    -5.315
    -5.907
    -5.355
    -5.577
    -4.078
    -5.146
    -6.976
    -7.606
    -8.155
    -7.101
    -6.191
    -5.902
    -5.926
   -10.450
   -10.414
   -10.946
   -11.145
   -11.077
   -13.073
   -11.621
   -12.621
   -11.889
   -11.960
   -12.082
   -11.810
   -11.896
   -11.439
    -8.984
    -7.017
    -4.321
    -5.840
    -7.385
    -7.053
    -8.603
    -8.881
   -12.170
   -14.198
   -14.264
   -15.970
   -16.806
   -16.803
   -16.582
   -17.986
   -15.725
   -14.564
   -14.667
   -12.158
    -8.838
    -5.650
    -1.552
     0.268
     0.884
     3.322
     6.203
     7.357
     9.456
    11.808
    11.440
    12.788
    15.328
    19.483
    20.307
    21.780
    20.862
    21.328
    19.367
    19.822
    20.156
    19.768
    18.796
    17.867
    16.444
    14.479
    13.528
    16.973
    16.130
    16.655
    12.846
    11.261
    11.778
    13.530
    15.050
    15.429
    14.003
    14.305
    12.427
    11.074
    10.070
     7.120
     5.419
     3.966
     2.869
     1.799
     0.490
     0.806
    -2.625
     0.522
    -0.728
    -0.318
    -0.805
    -3.331
    -2.494
    -3.759
     0.047
     0.385
     4.543
     2.937
    -0.164
     0.584
    -0.613
     0.020
    -1.940
    -2.900
    -0.822
     0.679
    -0.014
    -2.581
    -1.787
     0.542
    -0.175
    -1.715
    -0.045
    -2.672
     0.029
    -3.629
    -5.614
    -5.787
    -8.032
    -8.749
    -7.232
    -7.752
    -6.749
    -8.329
    -6.597
    -5.443
    -5.200
    -4.856
    -5.125
    -5.449
    -5.601
    -6.016
    -6.725
   -11.082
   -12.249
   -10.129
    -9.148
    -8.979
    -6.687
    -4.361
    -4.463
    -6.188
    -4.446
    -8.028
    -6.055
    -7.594
   -12.068
   -14.674
   -14.290
   -13.808
   -14.610
   -10.561
   -10.349
    -8.863
    -9.888
    -7.052
    -5.003
    -6.188
    -7.690
   -13.063
   -12.702
   -11.526
   -11.345
   -12.299
   -16.370
   -16.491
   -17.870
   -18.828
   -16.669
   -18.245
   -19.733
   -16.792
   -17.676
   -14.453
   -12.301
    39.398
    45.471
    31.619
    30.947
    30.909
    30.848
    30.343
    27.041
    33.054
    33.275
    29.254
    27.554
    26.049
    20.703
    20.170
    15.816
    17.924
    21.676
    16.305
    10.871
     4.359
     1.685
     6.351
     9.253
    13.163
    10.274
     2.822
    -0.355
     1.161
    -2.858
    -5.041
    -9.610
   -14.314
   -14.315
   -12.577
   -15.054
   -18.286
   -19.431
   -22.866
   -17.473
   -20.402
   -14.738
    -9.999
    -5.588
    -6.437
    -5.319
    -7.668
    -7.080
    -3.389
     0.089
    -4.461
    -5.877
    -6.280
    -6.046
    -0.732
     4.565
     9.891
    15.479
    15.952
    14.579
    10.109
     8.953
    10.520
     9.467
     8.096
     5.936
     7.027
    13.408
     9.010
     6.844
     4.804
     2.908
    -0.203
     0.196
    -0.416
     2.235
    -0.104
     5.317
     8.020
     7.948
     7.515
     9.363
    12.775
     9.726
     9.197
     8.813
    10.035
     7.809
     4.261
     6.906
     7.769
     7.255
     6.389
     7.852
     8.823
     5.770
     3.502
     1.582
     0.499
    -2.619
     3.885
     3.010
    -1.964
    -6.321
    -9.195
   -14.132
   -19.048
   -20.837
   -24.494
   -24.655
   -28.224
   -29.202
   -30.494
   -33.553
   -34.409
   -36.847
   -42.068
   -40.262
   -38.109
   -37.372
   -39.128
   -36.878
   -31.371
   -18.962
   -20.476
   -21.555
   -17.243
    -7.341
    -1.064
     5.382
     6.426
     7.782
    17.089
    28.148
    39.695
    39.879
    26.859
    22.192
    23.005
    27.160
    26.806
    18.796
    17.225
    19.066
    19.969
    16.872
    16.645
    14.226
    14.685
    14.718
    13.591
    12.050
    13.354
    10.010
    12.446
     9.679
     9.538
     1.862
    -1.642
     2.132
     3.249
     4.919
     6.760
     5.770
     9.060
    10.693
    11.708
    20.065
    26.039
     1.400
    -9.597
     7.295
     3.277
     1.086
     5.443
     1.254
     5.069
    -0.100
    -3.129
    -1.222
    -1.711
   -24.678
   -23.312
    -9.056
   -11.918
   -16.812
   -14.596
   -12.424
   -13.949
   -14.065
   -12.368
   -12.382
   -13.477
    -6.303
    -9.634
    -7.894
   -10.532
    -7.371
   -11.687
     1.835
    -0.036
    -5.750
     0.553
    -0.394
    -2.422
    -4.319
    -2.234
     2.522
     2.849
    -2.077
    -0.574
     1.251
    -2.241
     2.456
    -2.905
    -2.547
    -0.384
    -2.287
    -0.509
    -0.952
    -3.549
    -5.201
    -2.306
    -7.152
    -4.015
    -1.187
    -2.827
    -0.064
    -2.731
    -2.991
     1.389
     1.833
     1.035
     2.516
     1.401
    -1.146
     4.949
     3.145
     2.714
     2.103
     1.442
     4.856
     4.901
     4.158
     3.780
     2.730
     9.833
     8.156
     6.722
     3.468
     1.876
     1.190
     6.268
     4.323
     0.936
     4.556
    11.729
    13.891
    13.513
     5.217
     5.996
     8.790
     6.720
     6.094
     5.568
     4.658
    16.078
    16.927
     8.563
     4.829
    -3.559
     3.718
    11.786
     5.625
    -4.081
    -5.443
    -2.053
    -2.769
    -5.909
    -4.474
    -2.752
    -0.386
     1.551
     3.874
     2.176
     0.481
    -0.943
     4.070
     3.978
     0.456
    -1.304
    -2.137
    -2.434
    -7.031
    -6.325
    -6.579
   -10.277
   -12.644
    -7.650
    -9.270
   -12.605
   -11.937
    -3.880
    -5.405
   -10.678
   -15.423
   -12.315
    -8.448
    -9.740
    -4.983
    -8.167
    -4.293
   -11.462
   -13.261
   -11.243
    -8.710
    -9.218
    -8.506
    -4.460
    -6.588
     0.642
    -3.022
     2.583
     3.889
     6.348
     5.241
     4.245
     5.190
     0.968
     5.816
     4.932
     3.163
     2.288
    -5.619
    -2.240
    -2.500
     2.305
     5.257
     4.209
    -2.010
    -6.252
     1.283
     5.467
     6.007
     4.637
     3.382
     1.572
     9.902
    11.279
     7.709
     7.286
     4.640
     6.166
     3.502
     0.656
    -1.087
     0.822
     0.959
     2.126
    -5.845
    -4.414
    -1.217
     2.400
     5.746
     1.174
    -4.001
     5.503
    14.285
     3.493
     2.006
    -0.057
     3.182
     0.546
     1.426
     0.659
    -0.149
    -1.977
    -0.445
     1.741
    -2.612
     1.251
    -1.389
    -1.134
    -2.020
     1.772
     3.271
    -0.361
    -2.246
    -3.982
     1.509
    -1.382
    -1.491
    -4.366
    -6.744
    -8.173
    -1.071
    -1.944
    -2.364
    -1.790
     0.590
    -1.132
    -3.655
    -3.631
    -1.005
     1.560
    -1.395
     4.994
     2.332
    -1.710
     1.850
    -1.539
     4.638
     5.848
     5.904
     6.237
     4.203
     4.254
     3.840
     4.623
     6.253
     2.402
     3.677
     7.787
     5.168
     4.959
     2.622
     2.169
     1.318
     2.781
     3.026
     1.868
     2.952
     4.443
     3.937
     1.112
    -1.424
     4.170
     4.728
     1.861
     1.376
    -1.122
     0.007
     2.310
    -1.360
    -1.984
    -2.492
    -1.113
    -6.275
     3.454
     2.514
     1.004
     0.454
    -4.086
    -3.318
    -1.465
    -0.114
    -1.292
    -2.518
    -3.165
    -4.438
    -5.428
    -3.657
    -4.860
    -5.717
    -6.117
    -5.680
    -4.621
     1.020
    -2.454
    -1.007
    -5.008
    -3.595
    -2.110
    -4.567
    -3.788
    -4.157
    -2.090
    -4.626
    -1.355
    -0.768
    -2.856
    -0.387
    -0.387
    -2.018
    -1.644
    -2.459
    -2.320
    -1.530
    -2.925
    -2.460
    -3.367
    -4.361
    -4.319
    -1.894
    -0.861
     0.169
     2.054
    -0.941
     0.433
    -0.632
     2.363
     0.705
    -0.500
    -0.797
    -0.528
    -1.218
    -3.552
    -2.587
    -1.796
    -2.909
    -2.824
    -3.444
    -4.552
    -3.572
    -5.938
    -4.753
    -5.744
    -6.209
    -4.938
    -5.276
    -5.159
    -4.776
    -4.875
    -2.841
    -4.019
    -4.168
    -4.661
    -2.047
    -2.965
    -2.264
    -2.012
    -4.473
    -1.956
    -3.030
    -0.962
     2.994
     1.539
     2.161
     1.469
     4.016
     4.822
     6.915
     6.717
     7.213
     8.737
    10.363
    10.090
     9.763
    11.337
    13.126
    12.303
    11.736
     9.920
     9.379
     9.924
     6.064
     2.219
     1.858
     3.914
     2.672
     0.570
     1.413
    -0.444
     2.924
     1.776
     5.325
     5.483
     8.226
     6.836
    11.139
    10.859
     9.085
     8.916
     8.790
     6.356
     6.851
     7.783
     7.109
     6.522
    11.271
    15.856
    17.297
    13.822
    13.222
    12.887
     3.479
     1.173
    -2.058
    -7.054
    -8.603
    -6.241
   -10.775
   -11.410
   -10.134
   -10.161
    -9.965
   -10.630
   -10.946
    -9.147
    -7.734
    -6.839
    -5.827
    -4.626
    -4.086
    -2.411
     0.564
     3.684
     7.810
     8.660
     4.703
     4.775
     6.722
     5.470
     5.487
     4.354
     5.072
     1.253
    -1.626
     1.099
    -2.089
    -2.691
    -2.228
    -5.248
    -2.408
    -6.471
    -7.561
    -6.696
    -7.428
    -7.980
    -6.858
    -7.544
    -6.320
    -4.131
    -2.671
    -6.260
    -7.952
    -8.818
    -9.131
    -9.001
   -11.687
   -14.909
   -17.165
   -17.341
   -20.974
   -19.599
   -20.153
   -18.805
   -19.152
   -19.061
   -20.435
   -19.280
   -18.812
   -20.359
   -19.325
   -17.949
   -16.700
   -16.790
   -15.207
   -15.638
   -16.385
   -13.726
   -14.756
   -11.144
    -9.910
    -6.353
    -3.626
    -1.547
    -0.183
     2.601
     4.181
     5.109
     5.889
     2.714
     5.388
     4.041
     7.942
    14.142
    16.120
    18.068
    17.391
    18.402
    25.069
    29.150
    28.737
    27.994
    31.941
    31.776
    29.899
    29.591
    26.272
    22.436
    18.620
    15.563
    13.409
    12.335
    10.117
    10.259
     8.594
    13.721
    13.876
    16.457
    17.129
    13.235
     9.630
     9.895
     8.202
     8.230
     7.637
    10.771
     9.450
    13.198
    13.298
    13.145
    10.446
     9.678
    11.022
     6.192
     6.742
     5.388
     7.390
     8.273
     8.422
     5.510
     4.110
     3.124
     1.959
     1.655
     2.150
     2.071
    -0.594
    -1.004
    -0.629
    -0.277
     0.421
    -4.972
    -8.183
   -10.264
   -12.470
   -14.444
   -17.360
   -20.393
   -20.526
   -19.194
   -19.576
   -22.503
   -22.654
   -23.605
   -25.269
   -22.588
   -20.037
   -20.471
   -20.716
   -21.066
   -17.919
   -13.564
   -10.052
   -11.660
   -13.132
   -11.236
   -12.804
   -11.535
   -11.059
   -11.558
   -14.007
   -14.038
   -19.326
   -13.779
   -13.035
    -8.047
    -9.375
    -4.408
    -0.583
     1.231
    -0.154
    -1.481
    -5.269
    -6.086
    -4.525
     0.628
     2.990
     7.319
     9.126
     8.863
    11.066
    11.604
     8.189
     5.058
     8.720
    11.487
     9.368
    10.254
    12.280
     8.906
    10.238
    18.533
    13.939
     8.257
     4.424
     4.985
     7.921
     7.052
     3.914
     4.909
     4.855
     7.304
     6.385
     4.339
    -3.434
    -3.459
    -7.720
   -13.091
   -10.417
   -10.133
   -10.625
    -7.751
    -4.809
    -7.852
    -4.178
    -6.369
    -6.053
    -5.122
    -8.548
    -8.096
    -2.463
    -8.215
    -3.958
    -4.102
    -2.365
     4.178
     0.439
    -2.016
     2.213
    -1.722
    -0.286
    -0.480
    -1.470
     1.783
     5.679
     8.119
     8.262
    13.925
    14.700
    17.523
    20.921
    22.016
    22.349
    19.062
    21.342
    18.684
    10.457
     8.787
     8.108
     5.387
     6.022
     3.068
     4.695
     4.772
     8.765
     7.429
     4.567
     2.989
     3.517
     2.074
     1.122
     4.991
     6.278
     8.126
     9.126
     6.835
     6.478
     5.303
     2.740
     3.538
    -2.522
    -4.143
    -8.365
   -15.654
    -3.515
     3.818
     2.063
     2.773
     1.841
    -3.554
    -2.392
    -4.442
    -5.274
    -8.701
    -7.270
    -4.147
    -0.007
     5.124
    11.006
     7.381
     5.907
    -4.803
   -12.976
   -14.411
   -17.167
   -16.730
   -12.687
    -1.435
     0.332
     3.191
     0.199
    -2.391
    -6.010
    -5.719
    -8.170
    -9.220
   -10.082
   -12.871
   -11.160
    -8.579
    -8.895
    -7.850
    -8.675
    -8.864
    -8.348
   -10.594
    -8.700
    -6.893
    -6.642
    -6.814
    -6.967
    -6.867
    -9.005
    -8.503
    -8.374
   -10.157
   -10.817
   -10.183
    -6.968
     1.845
     1.699
     4.969
    10.551
     8.696
     7.203
     6.044
     4.099
     3.675
     2.854
     1.524
     0.593
     0.111
     0.132
     0.760
     1.323
    -0.117
     0.810
     0.681
     0.874
    -0.154
     0.379
     0.763
     0.963
     0.904
     0.608
    -2.013
    -2.802
    -0.374
    -0.309
    -1.685
    -1.446
    -2.412
    -0.222
     0.179
     2.133
    -0.465
    -1.376
    -3.983
     2.196
     1.785
     0.984
    -1.286
     0.230
     0.898
     1.889
     1.307
     2.991
     4.845
     5.986
     5.662
     5.250
     5.605
     5.436
     4.222
     6.313
     6.516
     7.714
     6.513
     6.817
     6.991
     7.235
     4.630
     3.509
     2.532
     3.150
     2.653
     3.078
     1.820
     2.450
     2.238
     2.550
     2.223
     2.453
     4.540
     4.936
     6.007
     6.037
     8.026
     9.264
    10.002
    11.408
     9.693
    11.015
     6.950
     6.457
     5.797
     5.116
     6.057
     5.148
     4.248
     6.419
     7.670
     4.967
     4.437
     4.079
     3.605
     0.875
    -2.574
    -4.781
    -6.446
    -8.548
    -6.424
    -6.827
    -7.600
    -7.161
    -5.475
    -5.827
    -6.461
    -9.111
    -7.699
    -9.067
    -8.614
    -6.368
    -5.446
    -7.053
    -7.265
    -3.863
    -4.933
    -3.284
    -2.662
    -2.695
    -2.366
    -1.431
    -1.656
    -3.365
    -2.936
    -4.294
    -4.933
    -3.178
    -3.005
    -2.760
    -3.171
    -2.808
    -3.419
    -1.976
    -1.448
    -2.110
    -2.780
    -3.906
    -2.410
    -4.273
    -3.354
    -2.827
    -3.109
    -3.720
    -3.958
    -4.932
    -2.478
    -2.698
    -2.889
    -3.211
    -2.683
    -2.971
    -3.274
    -3.679
    -3.694
    -3.800
    -4.775
    -2.175
    -2.283
    -1.941
    -2.128
    -1.295
    -0.957
    -0.253
    -0.299
     1.696
     1.226
     0.898
     0.827
     1.443
     0.312
     1.960
     3.317
     3.508
     1.159
     2.516
     3.218
     2.207
     4.220
     3.049
     2.207
     2.240
     3.181
     3.529
     3.215
     0.868
     1.351
     0.856
     0.032
     1.218
     1.917
     1.126
     2.007
     0.790
     0.656
     0.598
     1.325
     2.308
     2.306
     2.063
     1.416
     3.206
     0.940
     2.262
     1.246
     0.249
     0.591
     0.448
    -0.550
    -0.295
    -0.498
     0.457
     1.521
     1.635
     2.963
     3.555
     3.739
     3.306
     5.009
     5.679
     4.262
     3.179
     4.024
     1.739
     1.579
     0.841
     2.796
     0.581
     1.038
     0.437
     0.376
    -0.745
     0.318
    -2.261
     0.684
     1.273
     0.558
    -0.694
    -0.370
    -0.057
     2.258
     0.501
    -1.324
     0.241
     0.010
     0.539
    -0.017
     0.826
     1.157
     1.728
     2.640
     1.416
     1.655
     0.372
     3.407
     4.468
     3.204
     2.517
     2.097
     2.330
     2.304
     2.228
     2.309
     1.314
     1.975
     1.356
     1.631
     2.026
     0.854
     1.045
     1.172
     1.143
    -2.993
    -2.219
    -0.728
    -0.770
    -1.624
    -2.476
    -1.750
    -2.110
    -1.289
    -1.222
    -1.149
    -1.383
    -0.480
    -0.566
    -1.723
    -0.876
    -3.072
    -2.391
    -1.351
    -0.504
    -1.429
    -1.540
    -2.629
    -2.729
    -1.993
    -3.657
    -1.930
    -2.016
    -2.437
    -2.507
    -2.562
    -5.753
    -5.046
    -6.092
    -2.537
    -3.701
    -4.207
    -2.693
    -1.902
    -2.868
    -2.106
     1.223
    -0.942
    -0.934
    -1.347
    -1.672
    -1.958
    -2.809
    -3.155
    -3.941
    -5.453
    -5.872
    -4.413
    -5.664
    -3.629
    -5.235
    -5.221
    -5.208
    -5.199
    -5.284
    -4.580
    -6.007
    -4.979
    -7.132
    -4.633
    -5.581
    -6.663
    -5.430
    -4.287
    -5.780
    -5.106
    -4.989
    -4.360
    -3.018
    -1.990
     2.016
     3.551
     4.675
     4.040
     7.622
    12.969
    11.348
    11.125
    10.826
    12.017
     9.740
     6.512
     7.511
     5.254
     4.721
     3.300
     3.142
     2.828
     2.851
     2.890
     3.804
     5.796
     6.735
     4.884
     5.723
     6.716
     6.444
     3.070
     2.914
     4.315
     5.302
     4.891
     3.254
     2.158
     2.760
     1.477
     2.366
     2.236
     5.105
     3.254
     1.091
     1.370
     0.785
     0.585
     2.695
     3.719
     3.486
     2.416
     3.290
     0.920
     2.805
     2.070
     2.859
     2.686
     3.479
     1.664
     0.997
     2.013
     1.331
     0.965
    -1.032
    -3.045
    -1.421
     0.180
     1.921
     1.610
     0.132
    -4.202
    -4.887
    -5.850
    -3.708
    -2.803
    -1.423
    -1.207
    -4.538
    -3.094
    -3.756
    -4.351
    -5.695
    -4.507
    -5.319
    -2.742
    -2.702
    -4.279
    -3.217
    -3.107
    -4.018
    -5.485
    -4.116
    -4.081
    -2.237
    -0.799
    -1.831
    -0.695
     1.486
     1.426
     0.819
    -0.321
    -0.471
    -0.465
    -1.374
    -1.144
    -0.905
     0.331
    -0.063
    -0.694
    -0.297
     0.258
    -0.741
    -2.669
    -2.348
    -2.421
    -2.333
    -3.499
    -1.453
    -3.205
    -2.352
    -2.544
    -1.080
    -2.210
     0.157
    -0.400
    -0.152
     1.473
     1.522
     0.651
    -1.470
    -2.548
    -3.862
    -3.075
    -3.576
    -2.474
    -4.099
    -4.797
    -3.835
    -3.878
    -2.330
    -1.362
    -1.096
     0.111
    -0.915
    -1.669
    -1.557
    -1.683
    -1.052
    -1.556
    -2.068
    -2.331
    -1.399
     1.124
     1.278
     3.338
     3.839
     3.604
     3.682
     2.034
     2.707
     2.223
     4.363
     2.382
     2.345
     2.376
     2.247
     1.870
     1.836
     1.953
     1.402
     2.262
     1.730
     2.714
     1.707
     1.760
     4.183
     4.546
     3.581
     1.133
     1.746
     2.921
     2.826
     1.205
     2.563
     2.712
     2.041
     1.826
     2.193
     0.930
     0.521
     2.118
     1.689
     1.719
     2.120
     1.435
     0.309
    -0.874
     0.367
    -0.957
     0.620
     0.232
    -0.011
     0.234
     3.661
     2.188
     1.966
     2.077
     1.250
     0.897
     2.558
     1.252
     0.716
     0.460
     0.287
     1.329
     0.318
    -0.205
     1.908
     2.879
     3.352
     2.830
     1.466
     0.278
    -0.001
     1.452
     1.916
     1.939
     1.501
     0.455
    -0.783
    -0.786
    -1.038
     1.187
    -1.521
    -0.661
     1.007
    -0.788
    -0.641
    -0.950
    -1.698
    -1.922
    -1.915
    -2.206
     1.174
    -1.628
    -0.656
    -1.609
    -1.644
    -0.597
    -1.995
    -2.173
    -0.437
    -0.418
    -2.616
    -3.695
    -5.549
    -3.428
    -3.345
    -2.334
    -2.854
    -2.309
    -2.935
    -3.098
    -2.129
    -3.759
    -2.708
    -1.919
    -3.866
    -3.081
    -3.012
    -2.288
    -2.624
    -2.733
    -3.672
    -4.422
    -4.274
    -3.777
    -2.519
    -2.269
    -3.227
    -2.120
     0.304
    -2.044
    -3.331
    -2.413
    -3.625
    -2.460
    -1.312
    -3.669
    -2.258
    -2.739
    -0.370
    -2.150
    -0.833
    -0.548
    -1.575
    -1.520
    -0.715
    -2.260
    -0.845
     0.336
    -0.397
     0.227
     0.390
     0.826
     2.733
     2.472
     3.090
     2.935
     3.440
     1.462
     1.532
     2.726
     2.978
     3.656
     3.397
     6.062
     2.725
     3.876
     2.785
     5.706
     4.486
     4.504
     3.972
     5.675
     5.019
     7.681
     8.387
     6.713
     6.910
     5.037
     7.449
     7.635
     6.233
     3.863
     3.358
     3.505
     5.471
     3.730
     2.699
     2.226
     1.914
     2.224
     2.538
     2.661
     2.489
     1.986
     4.190
     3.520
     3.396
     3.199
     5.323
     2.099
     0.097
    -1.510
    -0.011
    -1.454
    -2.096
    -4.278
    -1.722
    -2.934
    -5.836
    -5.434
    -6.341
    -8.085
    -7.978
   -10.501
    -7.381
    -3.864
    -7.228
    -5.606
    -5.261
    -2.655
    -4.609
    -1.943
    -2.142
    -1.226
     0.606
     0.958
     0.651
    -0.142
     1.076
    -0.832
    -1.537
    -4.730
    -4.007
    -4.446
    -6.480
    -4.959
    -5.457
    -7.999
    -9.576
    -6.375
    -5.660
    -6.863
    -7.410
    -5.795
    -5.893
    -8.077
    -4.535
    -6.782
    -9.094
    -5.657
    -9.163
   -10.271
   -10.510
    -8.913
    -5.758
    -4.451
    -4.478
    -2.503
    -1.707
    -1.188
     0.613
     2.623
     0.564
     4.022
     3.864
     4.303
     7.385
     8.058
     8.106
    10.671
     9.466
     9.950
    10.296
     9.812
    15.998
    16.526
    15.092
     8.513
     7.046
     9.559
    12.264
     8.845
     4.656
    12.153
    15.788
    16.340
    15.384
    15.569
    12.675
    11.573
     8.007
     7.458
     5.280
     8.836
     5.338
     1.636
     1.534
     1.199
    -0.108
     0.393
    -0.295
    -0.723
    -1.534
    -0.717
    -1.290
    -0.783
    -0.514
    -0.433
    -1.036
     0.403
    -0.519
    -0.594
    -2.601
    -4.269
    -2.978
    -3.206
    -5.359
    -5.690
    -5.992
    -5.384
    -7.460
    -5.454
    -5.760
    -5.264
    -7.281
    -8.948
    -8.025
    -8.799
    -8.288
    -6.552
    -7.313
    -7.158
    -7.869
    -7.308
    -6.281
    -6.929
    -6.863
    -7.246
    -7.322
    -7.573
    -7.573
    -7.597
    -7.410
    -6.951
    -7.025
    -6.394
    -6.345
    -6.010
    -5.717
    -5.572
    -5.372
    -4.975
    -4.995
    -4.542
    -4.459
    -4.498
    -4.079
    -3.974
    -3.235
    -2.859
    -2.812
    -2.257
    -2.106
    -1.743
    -1.378
    -1.060
    -0.707
    -0.302
    -0.043
     0.376
     0.690
     1.081
     1.376
     1.771
     2.052
     2.445
     2.720
     3.106
     3.379
