    -2.164
    -2.169
    -2.192
    -2.226
    -2.272
    -2.336
    -2.400
    -2.473
    -2.576
    -2.679
    -2.768
    -2.905
    -3.137
    -3.271
    -3.464
    -3.686
    -3.957
    -4.258
    -4.640
    -4.845
    -5.228
    -5.604
    -5.851
    -6.077
    -6.075
    -6.787
    -6.837
    -7.055
    -7.866
    -8.096
    -8.453
    -8.764
    -9.450
   -10.131
   -10.557
   -11.377
   -11.739
   -11.880
   -12.547
   -12.721
   -13.227
   -13.155
   -14.003
   -14.897
   -15.021
   -15.709
   -15.888
   -16.114
   -16.497
   -17.729
   -17.515
   -18.689
   -18.573
   -19.153
   -19.319
   -21.545
   -20.895
   -21.061
   -22.964
   -22.883
   -22.747
   -23.026
   -24.088
   -23.663
   -22.183
   -21.735
   -22.551
   -20.734
   -19.242
   -19.319
   -17.616
   -17.537
   -16.642
   -14.501
   -12.857
   -14.143
   -14.692
   -13.595
   -12.592
   -10.083
   -10.040
    -9.653
    -9.734
    -9.426
    -9.229
    -9.423
    -8.082
    -8.438
    -9.316
    -8.404
    -8.288
    -8.368
    -7.300
    -6.154
    -7.665
    -8.432
    -8.566
   -10.344
   -11.319
   -11.987
   -12.629
   -14.364
   -14.620
   -15.369
   -16.948
   -17.079
   -17.555
   -17.925
   -18.539
   -19.891
   -19.059
   -18.396
   -19.152
   -18.638
   -18.920
   -20.946
   -21.819
   -22.302
   -22.258
   -23.333
   -23.088
   -23.778
   -23.324
   -23.669
   -23.993
   -25.372
   -24.766
   -24.348
   -25.053
   -25.034
   -25.133
   -24.616
   -25.134
   -25.310
   -26.043
   -25.581
   -25.682
   -25.863
   -25.225
   -26.139
   -25.605
   -26.416
   -25.808
   -24.742
   -24.663
   -24.423
   -23.614
   -23.163
   -23.578
   -23.206
   -23.699
   -22.096
   -22.590
   -22.336
   -20.169
   -20.591
   -22.251
   -21.946
   -21.250
   -22.908
   -22.804
   -21.418
   -20.444
   -18.903
   -15.656
   -15.329
   -14.477
   -14.704
   -12.618
   -13.381
   -11.407
    -9.657
   -10.736
   -10.944
    -8.118
    -8.852
    -8.998
    -8.139
    -7.642
    -6.926
    -5.382
    -4.578
    -6.386
    -4.150
    -4.538
    -5.365
    -3.921
    -3.626
    -3.981
    -1.497
    -0.960
    -1.256
    -3.105
    -5.420
    -2.322
    -0.990
     1.633
     1.866
     1.674
     1.166
     4.257
     1.349
     1.589
     0.910
    -1.072
    -1.873
     2.207
     5.333
     4.038
     4.070
     4.226
     3.708
     3.434
     0.157
     0.759
     1.141
     2.746
     3.283
     4.740
     2.766
     4.930
     8.738
     6.895
     6.674
     8.092
    11.495
    11.324
    14.688
    16.081
    16.981
    19.241
    21.811
    22.730
    26.192
    25.901
    26.431
    30.411
    30.034
    31.068
    31.610
    31.432
    31.051
    30.695
    31.180
    29.555
    27.442
    28.775
    27.895
    29.502
    29.240
    31.619
    28.185
    33.962
    29.843
    25.762
    29.694
    30.126
    30.702
    30.758
    30.266
    29.612
    29.571
    30.306
    28.810
    30.845
    29.688
    31.662
    29.886
    31.069
    30.942
    32.209
    32.860
    33.536
    33.606
    32.877
    32.962
    33.907
    33.179
    32.692
    31.256
    31.969
    33.141
    31.245
    30.988
    31.738
    32.964
    32.283
    32.163
    33.456
    32.597
    34.466
    33.275
    33.840
    34.110
    33.741
    34.137
    33.524
    34.694
    34.468
    34.153
    34.776
    34.720
    35.669
    36.982
    38.887
    38.421
    38.490
    38.033
    38.090
    37.469
    37.314
    39.991
    42.352
    42.857
    41.657
    43.764
    42.460
    44.138
    45.827
    45.416
    45.318
    45.710
    44.266
    46.411
    46.164
    45.760
    46.385
    45.829
    45.182
    45.906
    45.432
    46.943
    45.282
    45.699
    44.952
    44.100
    43.882
    43.591
    43.776
    45.656
    43.953
    45.992
    45.239
    46.634
    43.979
    44.420
    44.523
    43.036
    43.206
    43.114
    42.481
    39.917
    43.161
    42.245
    41.687
    40.810
    40.843
    40.645
    40.297
    39.285
    37.604
    38.738
    39.661
    39.632
    39.243
    37.777
    39.509
    40.382
    40.784
    42.236
    42.011
    40.324
    42.799
    41.746
    41.811
    42.889
    42.483
    42.576
    42.993
    43.436
    41.547
    43.781
    42.486
    42.404
    42.137
    42.701
    40.672
    40.247
    38.843
    40.136
    39.021
    38.210
    38.595
    37.086
    36.548
    35.815
    36.163
    36.402
    36.359
    36.334
    36.969
    36.785
    36.013
    35.137
    36.104
    34.986
    34.137
    33.950
    32.306
    32.293
    29.771
    29.825
    31.464
    31.366
    32.555
    32.451
    32.280
    31.066
    32.273
    33.206
    32.985
    33.838
    33.070
    34.019
    35.968
    40.102
    40.515
    40.409
    37.595
    35.521
    35.226
    35.416
    36.510
    36.616
    36.933
    35.906
    35.821
    34.080
    33.630
    33.690
    33.790
    33.069
    31.212
    31.475
    31.616
    31.712
    32.415
    31.720
    31.870
    30.643
    29.181
    28.437
    29.129
    26.563
    27.738
    27.936
    26.691
    26.002
    26.224
    25.597
    25.903
    25.966
    28.032
    26.530
    26.501
    26.696
    26.996
    25.269
    24.172
    22.382
    20.640
    18.928
    20.036
    20.920
    21.050
    19.932
    19.705
    20.470
    20.040
    19.717
    19.030
    20.612
    17.663
    19.721
    18.631
    19.123
    18.538
    17.829
    17.116
    19.112
    18.308
    16.559
    17.412
    15.648
    15.293
    14.547
    15.491
    15.930
    15.924
    15.626
    13.275
    12.210
    12.030
    11.313
    11.758
    10.410
     9.981
     9.148
     9.774
    10.892
     9.689
     9.726
    10.267
     8.650
     9.384
    11.165
     9.469
     9.538
    10.389
    11.427
    10.581
    10.466
    11.343
    10.587
    10.593
    10.581
    11.679
     9.111
     9.290
     8.749
     9.282
    10.052
     9.477
     9.895
     7.578
     7.473
     6.463
     8.076
     6.550
     7.986
     5.330
     6.435
     5.438
     4.427
     3.688
     4.724
     5.708
     5.753
     7.156
     5.645
     7.850
     7.820
     8.338
     8.856
     5.660
     5.209
     5.397
     4.956
     4.342
     3.026
     2.014
     0.456
     1.592
     0.813
     0.112
     0.053
    -0.697
    -2.728
    -3.061
    -2.024
    -1.935
    -0.798
    -1.451
    -1.539
    -2.020
    -1.602
    -2.554
    -1.435
    -0.922
    -1.250
    -0.272
    -1.273
    -1.292
    -0.179
    -0.823
     1.019
     1.368
     0.578
     0.864
     0.660
     0.576
     2.619
     1.960
     0.757
     1.572
     1.973
     2.353
     2.039
     2.425
     0.509
    -0.444
     0.747
     0.986
     1.487
     1.734
     1.289
     1.609
     1.794
     2.387
     3.864
     4.243
     4.378
     5.019
     5.473
     5.978
     6.315
     6.083
     6.579
     6.793
     4.155
     5.493
     3.577
     4.719
     4.965
     3.832
     2.883
     2.326
     3.684
     3.031
     4.909
     4.897
     5.576
     3.945
     4.939
     3.024
     3.697
     4.521
     1.704
     4.110
     3.444
     2.790
     3.483
     2.831
     2.677
     4.090
     4.562
     4.639
     3.469
     3.561
     4.387
     3.390
     3.529
     3.344
     3.774
     5.182
     4.993
     2.828
     3.299
     3.301
     2.469
     1.972
     3.776
     2.038
     2.066
     1.467
     2.347
     2.352
     3.527
     3.170
     3.587
     3.398
     2.540
     0.753
    -2.041
    -3.017
    -3.598
    -4.946
    -8.471
    -8.407
    -8.684
    -9.515
   -10.497
    -9.268
    -9.231
    -7.854
    -8.428
    -8.705
    -9.058
    -9.597
    -6.641
    -7.480
    -6.629
    -5.481
    -5.106
    -5.881
    -4.082
    -4.987
    -4.826
    -4.177
    -5.966
    -4.333
    -3.146
    -5.583
    -4.602
    -4.286
    -4.617
    -4.054
    -5.019
    -5.695
    -7.074
    -5.480
    -8.002
    -8.599
    -9.634
    -9.523
   -11.144
   -11.004
   -12.437
   -11.810
   -11.363
   -13.108
   -11.954
   -11.283
   -10.525
   -11.846
   -10.229
   -10.275
    -8.182
    -9.609
   -10.027
   -10.271
    -9.798
    -9.980
   -11.168
   -10.883
   -11.361
   -11.234
   -11.530
   -11.276
   -11.526
   -12.992
   -13.853
   -12.530
   -13.501
   -14.857
   -14.894
   -13.408
   -15.907
   -14.226
   -16.354
   -15.657
   -17.232
   -17.586
   -15.480
   -14.316
   -13.335
   -12.638
   -13.955
   -13.440
   -14.013
   -13.699
   -12.444
   -12.123
   -11.999
   -13.279
   -12.745
   -12.064
   -12.042
   -11.897
   -11.739
   -13.431
   -12.628
   -12.925
   -12.318
   -12.164
   -11.916
    -9.389
    -9.868
    -9.081
    -9.752
    -9.501
   -10.911
   -10.437
    -8.325
   -10.604
    -8.714
    -6.963
    -6.955
    -8.183
    -8.480
    -7.537
    -6.794
    -7.965
    -7.831
    -7.931
    -8.049
    -8.863
    -8.174
    -8.424
    -8.631
    -8.893
   -10.140
   -10.679
   -12.440
   -10.747
   -10.509
   -10.532
   -10.233
   -11.448
   -11.158
   -11.922
   -10.853
    -9.285
   -11.264
   -12.059
   -12.104
    -9.975
   -10.240
   -10.615
   -10.358
   -10.506
   -10.761
   -11.083
   -10.736
   -10.630
   -11.218
   -11.984
   -11.827
   -11.936
   -12.104
   -12.302
   -12.867
   -13.502
   -12.664
   -12.497
   -11.792
   -15.755
   -18.963
   -20.638
   -24.729
   -25.822
   -27.855
   -31.140
   -35.331
   -36.931
   -39.419
   -39.151
   -41.112
   -43.901
   -44.202
   -44.663
   -45.081
   -47.758
   -47.227
   -45.129
   -44.843
   -42.863
   -41.941
   -40.263
   -39.588
   -39.567
   -37.406
   -34.782
   -33.550
   -30.709
   -26.923
   -24.228
   -23.120
   -20.144
   -18.330
   -17.489
   -14.574
   -11.369
   -11.971
   -10.138
   -10.271
   -11.016
    -9.720
   -10.877
    -9.795
   -10.555
   -10.291
    -9.573
   -11.064
   -10.592
   -11.318
    -9.682
   -10.771
   -10.931
   -11.928
    -8.965
    -9.386
    -7.842
    -8.358
    -7.501
    -6.924
    -8.577
    -8.639
    -7.292
    -6.816
    -6.488
    -7.009
    -5.547
    -6.077
    -6.694
    -5.307
    -4.938
    -3.995
    -3.152
    -2.654
    -2.258
    -2.555
    -4.706
    -6.361
    -7.861
    -9.654
    -9.280
    -7.064
    -8.322
    -5.701
    -0.537
     3.926
     7.548
     7.898
     7.488
     7.287
     7.428
     8.596
     7.335
     7.373
     5.325
     4.449
     2.875
     0.525
    -0.809
    -4.780
    -6.208
    -6.718
    -7.888
    -8.392
    -9.547
   -10.767
   -11.797
   -13.475
   -13.865
   -12.771
   -14.686
   -13.658
   -14.246
   -12.630
   -12.231
   -10.239
   -11.722
   -11.866
   -11.602
   -11.765
   -11.447
   -10.384
    -9.078
   -10.989
   -10.352
   -10.092
    -8.644
    -6.130
    -7.463
    -6.327
    -5.697
    -3.986
    -6.599
    -5.716
    -4.846
    -3.244
    -4.607
    -4.610
    -5.780
    -4.488
    -3.879
    -1.961
    -2.898
    -2.372
    -1.592
    -3.592
    -4.893
    -6.557
    -6.908
    -7.919
   -10.882
    -8.522
    -9.643
   -12.789
   -13.901
   -15.143
   -12.640
   -13.875
   -12.642
   -12.906
   -11.601
   -10.770
   -11.229
   -11.581
   -12.400
   -10.413
    -7.702
    -7.990
    -7.643
    -6.783
    -7.344
    -6.754
    -5.771
    -5.077
    -4.127
    -4.282
    -2.699
    -3.473
    -1.502
    -4.045
    -4.605
    -3.862
    -3.898
    -2.895
    -4.132
    -2.581
    -0.956
    -2.135
    -1.990
     1.231
    -1.639
     0.830
     1.249
     0.292
    -0.740
    -3.122
    -5.012
    -6.644
    -6.042
    -4.664
    -4.938
    -5.091
    -6.307
    -6.911
    -8.015
    -5.917
    -3.839
    -4.374
    -6.815
    -5.718
    -7.261
    -9.838
   -10.019
    -9.498
    -9.690
   -10.703
   -10.356
    -7.200
    -7.918
    -8.047
    -9.829
   -10.365
   -13.486
   -13.636
   -15.512
   -17.941
   -20.751
   -18.824
   -17.626
   -17.097
   -17.619
   -17.306
   -17.775
   -32.405
    25.910
    37.764
    27.162
    22.968
    26.271
    24.964
    26.316
    25.229
    28.194
    29.514
    33.188
    28.951
    28.683
    30.107
    30.632
    32.362
    32.615
    35.215
    36.361
    43.838
    44.141
    35.297
    38.021
    38.899
    47.943
    52.932
    51.989
    50.076
    51.420
    52.036
    53.917
    53.175
    54.523
    51.579
    53.800
    52.591
    49.003
    44.146
    40.843
    40.801
    36.420
    37.392
    36.494
    35.458
    30.221
    31.500
    30.029
    27.303
    26.037
    25.271
    22.640
    21.471
    16.995
    14.417
     6.212
     0.713
    -6.695
   -10.326
   -19.121
   -22.563
   -22.245
   -26.645
   -27.601
   -28.758
   -30.308
   -31.514
   -31.445
   -28.328
   -24.070
   -28.610
   -27.318
   -29.100
   -31.115
   -30.683
   -34.132
   -30.718
   -26.944
   -29.995
   -29.933
   -27.071
   -27.497
   -28.272
   -26.398
   -24.056
   -24.974
   -26.067
   -26.464
   -24.487
   -28.231
   -26.635
   -24.392
   -26.104
   -24.922
   -25.675
   -27.146
   -29.160
   -30.541
   -28.595
   -29.615
   -29.858
   -25.131
   -23.006
   -22.008
   -18.223
   -14.926
   -10.172
    -9.662
    -7.233
    -7.229
    -5.247
    -2.432
     1.047
    -1.848
     3.433
    11.062
    13.727
    16.732
    20.348
    24.202
    27.748
    31.632
    28.028
    24.806
    34.275
    42.086
    38.233
    31.642
    40.665
    32.909
    26.064
    39.387
    38.545
    19.266
     2.876
    -0.127
    20.784
     9.993
    -5.004
   -16.456
   -10.581
   -17.222
   -23.254
   -26.083
   -20.285
   -30.433
   -28.681
   -22.027
   -21.702
   -17.044
   -17.812
   -22.182
   -26.243
   -21.424
   -15.448
   -15.342
   -19.229
   -13.608
   -10.271
   -10.501
   -12.270
   -12.189
    -8.452
    -8.996
    -6.652
   -13.612
   -11.370
    -8.412
   -11.305
    -9.664
   -14.459
   -26.058
   -31.060
   -21.461
    -6.448
   -14.188
   -20.872
   -22.405
   -20.953
   -20.568
   -21.267
    -4.932
   -12.073
   -26.832
   -31.910
   -31.479
   -41.563
   -42.091
   -34.455
   -27.646
   -24.861
   -21.807
   -16.928
   -19.769
   -32.008
   -31.638
   -35.088
   -27.939
   -25.069
   -18.845
   -17.527
   -18.233
   -15.083
   -19.058
   -10.155
   -12.511
   -15.403
   -14.486
    -5.506
    -2.556
     2.876
    -0.860
    -5.510
    -7.146
   -13.442
   -10.747
   -10.595
   -15.398
   -17.904
   -17.910
   -21.909
   -23.764
   -30.848
   -26.596
   -30.355
   -23.601
   -29.097
   -28.414
   -26.696
   -33.058
   -32.664
   -31.950
   -33.561
   -32.462
   -30.806
   -31.593
   -33.484
   -34.333
   -35.805
   -40.748
   -42.359
   -45.837
   -43.539
   -43.763
   -39.881
   -41.711
   -40.276
   -44.567
   -45.826
   -46.593
   -50.601
   -50.266
   -48.647
   -53.569
   -56.452
   -53.763
   -49.733
   -52.556
   -61.641
   -59.991
   -58.346
   -52.917
   -55.327
   -57.105
   -54.113
   -52.425
   -42.370
   -35.064
   -50.442
   -54.275
   -60.070
   -57.651
   -56.588
   -54.025
   -62.560
   -70.646
   -65.926
   -68.681
   -72.888
   -74.285
   -74.748
   -72.807
   -69.469
   -66.909
   -65.351
   -66.783
   -65.810
   -63.477
   -59.248
   -66.022
   -64.616
   -62.474
   -58.568
   -59.799
   -64.324
   -61.264
   -66.067
   -59.705
   -64.499
   -58.570
   -59.723
   -56.752
   -57.172
   -47.412
   -51.469
   -48.019
   -53.402
   -55.012
   -49.877
   -53.018
   -49.299
   -47.185
   -42.336
   -48.165
   -54.188
   -52.024
   -51.775
   -51.748
   -50.253
   -45.669
   -44.710
   -39.339
   -37.099
   -39.955
   -38.654
   -36.139
   -37.110
   -35.209
   -32.124
   -38.538
   -25.445
   -36.262
   -31.905
   -42.521
   -47.642
   -40.658
   -41.186
   -42.108
   -38.639
   -40.897
   -37.613
   -43.483
   -48.673
   -46.597
   -47.091
   -50.435
   -48.335
   -50.578
   -46.893
   -43.221
   -53.526
   -53.535
   -50.998
   -53.717
   -59.612
   -58.721
   -60.814
   -61.564
   -59.242
   -58.539
   -60.396
   -64.166
   -67.638
   -54.574
   -58.071
   -73.041
   -71.655
   -56.612
   -56.240
   -51.624
   -64.795
   -59.168
   -54.116
   -64.272
   -64.308
   -68.758
   -78.437
   -72.766
   -68.572
   -73.297
   -69.353
   -59.396
   -64.528
   -60.384
   -53.730
   -51.832
   -54.701
   -55.731
   -58.127
   -59.597
   -60.604
   -62.350
   -61.533
   -60.989
   -59.503
   -61.086
   -54.950
   -56.109
   -55.851
   -56.081
   -49.595
   -53.814
   -55.365
   -51.556
   -50.397
   -47.702
   -51.918
   -49.840
   -54.624
   -50.058
   -53.160
   -54.180
   -49.633
   -48.372
   -50.027
   -54.524
   -55.077
   -50.167
   -49.564
   -52.714
   -49.693
   -48.304
   -44.655
   -48.833
   -50.516
   -51.126
   -51.232
   -46.463
   -50.626
   -48.470
   -49.253
   -54.302
   -52.011
   -52.912
   -52.906
   -52.886
   -57.031
   -54.466
   -49.827
   -49.966
   -47.492
   -54.016
   -52.602
   -48.886
   -47.756
   -47.477
   -49.547
   -55.539
   -50.896
   -49.270
   -45.580
   -55.877
   -65.533
   -61.525
   -54.931
   -56.341
   -56.674
   -59.246
   -57.251
   -55.779
   -55.090
   -53.972
   -55.920
   -50.574
   -50.874
   -48.304
   -44.762
   -41.725
   -43.772
   -49.152
   -45.136
   -43.458
   -41.848
   -43.256
   -43.039
   -41.551
   -40.672
   -40.191
   -38.997
   -34.040
   -37.072
   -32.968
   -32.226
   -31.366
   -27.998
   -29.420
   -29.246
   -30.083
   -29.512
   -27.397
   -27.251
   -24.656
   -24.371
   -24.084
   -23.693
   -23.557
   -19.769
   -18.652
   -19.476
   -16.624
   -15.400
   -13.490
   -14.773
   -15.006
   -14.293
   -14.174
   -14.116
   -12.559
   -14.594
   -11.599
   -14.310
   -16.039
   -15.080
   -15.694
   -15.694
   -14.854
   -16.441
   -16.749
   -17.309
   -16.579
   -17.895
   -18.028
   -19.631
   -20.027
   -18.521
   -19.480
   -20.671
   -20.581
   -20.051
   -19.482
   -18.736
   -20.491
   -21.010
   -21.526
   -22.896
   -23.067
   -23.222
   -24.336
   -24.954
   -25.490
   -26.675
   -23.768
   -24.499
   -22.971
   -23.175
   -24.430
   -24.958
   -23.789
   -21.887
   -21.407
   -17.707
   -18.080
   -16.502
   -17.301
   -12.331
   -12.403
    -7.414
    -9.720
    -7.840
    -8.473
    -5.956
    -6.022
    -2.903
    -3.780
    -2.183
    -5.180
    -1.364
    -1.738
    -1.630
    -0.662
     0.558
     3.034
     5.268
     8.015
     9.142
     9.911
    10.688
    11.349
    13.134
    12.819
    14.991
    17.735
    20.098
    19.024
    19.657
    26.506
    19.959
    21.073
    22.782
    25.246
    25.073
    23.526
    23.605
    24.555
    24.154
    24.787
    23.289
    23.897
    24.679
    24.367
    24.540
    25.449
    27.150
    27.237
    25.366
    27.504
    25.645
    27.564
    30.767
    30.999
    30.608
    30.139
    30.167
    32.371
    33.220
    31.451
    30.176
    29.656
    29.225
    28.447
    29.709
    29.992
    28.604
    28.935
    29.333
    29.033
    30.289
    30.631
    32.348
    33.102
    33.212
    30.863
    31.332
    31.550
    29.349
    30.140
    28.216
    26.177
    26.622
    27.440
    24.940
    25.004
    24.963
    23.111
    24.311
    23.231
    25.063
    24.863
    26.119
    25.728
    26.322
    26.387
    26.977
    28.005
    27.496
    28.652
    28.773
    30.461
    27.965
    29.743
    29.510
    30.985
    29.024
    27.774
    29.148
    28.930
    29.934
    31.251
    31.405
    34.038
    34.368
    34.859
    35.478
    36.959
    35.687
    35.759
    38.269
    39.569
    43.474
    44.293
    44.365
    47.033
    49.970
    50.995
    52.947
    52.739
    52.297
    52.878
    52.315
    53.008
    51.713
    50.913
    50.512
    48.527
    50.244
    51.421
    50.631
    50.783
    51.771
    52.464
    54.905
    56.388
    57.064
    57.025
    57.539
    58.158
    57.956
    60.070
    59.940
    59.526
    61.720
    63.826
    64.766
    61.719
    62.332
    63.197
    61.228
    63.252
    63.828
    64.880
    64.545
    64.871
    64.797
    65.816
    64.303
    65.048
    65.188
    65.105
    66.074
    65.574
    64.617
    64.073
    64.615
    65.633
    66.303
    63.789
    63.012
    61.488
    61.883
    61.291
    58.498
    59.011
    58.138
    58.824
    56.384
    54.750
    54.197
    55.246
    52.106
    53.239
    51.820
    50.903
    50.869
    51.540
    51.614
    51.192
    51.657
    51.981
    51.742
    50.759
    49.293
    48.220
    49.400
    48.296
    49.348
    46.970
    45.364
    46.847
    45.462
    48.081
    48.589
    50.853
    51.544
    49.738
    47.454
    48.527
    46.122
    43.219
    43.386
    44.477
    45.970
    45.905
    47.733
    43.237
    44.685
    45.119
    44.255
    39.115
    38.226
    35.521
    38.050
    37.283
    36.558
    35.524
    36.596
    39.034
    37.664
    34.697
    34.311
    33.306
    34.594
    34.527
    34.307
    34.807
    37.105
    36.502
    37.957
    36.082
    36.328
    35.736
    32.040
    32.907
    34.167
    35.297
    33.895
    35.947
    34.516
    35.617
    35.933
    38.329
    38.845
    38.150
    36.516
    37.447
    35.818
    36.473
    38.177
    36.018
    34.742
    34.810
    33.148
    33.060
    30.615
    28.951
    26.285
    26.166
    22.702
    21.877
    19.551
    20.309
    15.939
    15.996
    16.076
    15.538
    17.245
    16.294
    14.295
    15.267
    15.946
    18.002
    15.976
    14.587
    15.325
    15.621
    14.451
    13.142
    12.051
    11.208
    11.296
     8.405
     6.367
     6.459
     5.359
     4.973
     4.874
     3.358
     3.986
     5.721
     5.693
     5.360
     4.602
     2.359
     1.100
     1.777
    -1.422
    -2.860
    -4.469
    -4.643
     1.727
    -5.532
    -2.671
    -3.262
    -0.819
    -0.833
     1.726
     0.602
    -0.420
     0.640
    -0.591
     3.718
     2.934
     4.211
     5.559
     5.039
     7.837
     5.459
     7.231
     8.985
     6.851
     4.158
     5.687
     6.534
     1.446
     0.865
     0.480
     3.667
     4.314
     5.872
     6.280
     5.656
     5.726
     3.321
     3.174
     4.131
     4.676
     4.206
     4.827
     5.412
     3.525
     4.739
     5.141
     6.365
     5.892
     5.780
     5.718
     7.205
     7.185
     5.788
     7.663
     6.774
     8.924
     8.224
    10.826
     8.350
     6.640
     7.080
     8.718
    11.337
    13.009
    13.627
    12.752
    14.912
    12.648
    11.527
    11.760
    12.307
    11.143
    11.397
    11.032
     9.802
    10.492
    12.653
    11.547
    12.449
    15.386
    16.116
    17.041
    15.395
    16.904
    15.949
    16.026
    19.144
    16.871
    20.348
    20.529
    19.661
    19.983
    18.292
    16.575
    17.750
    18.404
    19.736
    17.831
    15.746
    16.968
    18.880
    19.323
    19.243
    18.130
    17.493
    17.414
    16.565
    16.355
    15.504
    14.406
    14.089
    13.342
    14.189
    13.637
    12.788
    11.822
    14.165
    14.884
    14.981
    14.950
    15.828
    14.006
    15.329
    15.274
    15.742
    16.567
    15.211
    14.550
    14.617
    14.693
    14.805
    13.778
    12.585
    12.659
    13.483
    14.718
    15.903
    17.208
    16.324
    17.579
    16.451
    17.127
    16.845
    19.443
    17.899
    17.837
    18.939
    21.427
    19.477
    17.627
    16.582
    19.950
    18.918
    20.490
    19.481
    17.317
    16.897
    16.850
    18.275
    20.750
    19.307
    18.192
    16.744
    16.110
    16.530
    17.107
    16.778
    16.435
    16.721
    15.207
    15.099
    13.263
    13.205
    12.800
    12.287
    12.887
    11.854
    11.195
    11.206
    11.385
    11.725
    11.446
    11.488
    11.231
    10.755
    11.001
    11.001
    10.818
    10.709
    10.625
    10.482
    11.814
    11.896
    10.532
    10.434
    12.642
    11.232
    11.650
    11.485
    11.507
     9.874
    10.292
     9.015
     9.396
     9.367
     8.947
     8.570
     9.866
     9.615
     9.143
     7.546
     8.218
     7.749
     8.337
     9.285
     9.154
     8.187
     8.413
     7.235
     6.576
     5.458
     4.496
     4.089
     3.410
     3.968
     4.069
     4.304
     4.802
     3.968
     2.715
     2.891
     3.153
     3.726
     2.251
     3.327
     2.967
     2.705
     2.777
     2.356
     3.566
     3.861
     3.532
     3.714
     2.959
     2.614
     3.001
     3.838
     2.857
     2.789
     3.234
     1.853
     2.665
     3.093
     3.113
     3.240
     3.685
     4.558
     4.925
     3.918
     3.922
     2.940
     4.434
     4.246
     4.230
     4.824
     6.438
     5.396
     4.587
     4.880
     3.722
     4.069
     4.560
     4.117
     4.251
     4.219
     4.167
     4.546
     4.700
     5.603
     5.418
     5.108
     4.431
     5.487
     6.413
     5.386
     6.100
     5.447
     5.268
     4.327
     4.407
     3.881
     5.075
     5.280
     4.515
     4.468
     5.650
     5.828
     5.111
     4.052
     5.819
     6.136
     7.522
     7.496
     8.190
    10.925
    11.225
    11.985
    12.992
    13.151
    13.437
    12.982
    12.993
    11.132
    10.571
     9.163
     9.668
     8.421
     7.796
     6.562
     6.320
     5.261
     5.216
     4.526
     6.142
     6.028
     6.377
     5.962
     5.777
     7.059
     6.081
     5.234
     6.984
     5.669
     4.772
     6.069
     3.754
     4.209
     3.387
     4.099
     3.498
     3.876
     3.103
     2.537
     2.588
     1.431
     2.762
     2.282
     2.678
     3.048
     2.969
     2.691
     3.118
     3.261
     2.042
     1.284
     0.989
     0.859
     1.941
     0.499
     0.145
     0.472
     0.007
     0.374
     1.258
     0.760
     0.126
    -0.901
    -0.338
     0.181
     0.933
     1.091
     0.221
     1.323
     1.348
     1.606
     2.650
     2.352
     2.804
     1.344
     2.812
     2.825
     2.076
     2.725
     1.869
     1.255
     1.590
     1.777
     1.039
     1.803
     2.297
     2.264
     1.305
     1.842
     0.734
     1.685
     2.257
     2.296
     3.488
     3.659
     3.561
     3.644
     3.564
     3.397
     3.718
     4.667
     2.797
     0.695
     0.383
     0.004
     0.635
     0.621
     0.950
     2.262
     1.878
     3.004
     4.600
     4.552
     5.780
     5.130
     4.111
     5.899
     4.898
     3.995
     4.010
     1.928
     2.453
     2.479
     1.848
     2.030
     2.771
     2.154
     1.579
     2.246
     1.907
     2.132
     3.566
     3.005
     5.064
     4.400
     3.712
     3.031
     3.618
     2.922
     2.525
     3.506
     3.135
     3.277
     2.015
     3.060
     2.585
     1.084
     2.181
     0.236
     2.230
     1.997
     1.873
     1.923
     3.351
     3.028
     2.415
     3.998
     5.385
     5.766
     4.695
     4.911
     4.555
     5.467
     4.810
     3.931
     4.384
     4.376
     5.040
     6.261
     5.130
     4.969
     4.337
     4.699
     4.270
     7.253
     6.018
     5.394
     5.852
     5.532
     5.232
     5.706
     6.142
     5.756
     5.908
     5.560
     7.618
     6.087
     5.759
     5.727
     4.991
     6.643
     5.444
     6.127
     5.875
     5.239
     5.282
     5.575
     5.713
     5.290
     6.190
     5.510
     5.161
     6.141
     5.777
     4.419
     3.530
     5.048
     5.531
     6.412
     4.940
     4.799
     6.157
     6.529
     5.636
     7.662
     6.066
     7.281
     6.542
     6.006
     4.040
     5.025
     4.800
     4.285
     4.970
     5.066
     4.569
     6.145
     5.440
     5.013
     4.643
     5.347
     5.614
     6.715
     7.005
     7.236
     6.692
     6.750
     7.026
     7.755
     6.932
     9.243
     8.889
     9.631
     8.287
     7.761
     6.852
     8.019
     9.880
     9.598
     8.882
     9.416
    10.805
     8.704
     7.210
     6.422
     7.898
     7.482
     7.110
     4.532
     3.752
     3.809
     5.052
     4.015
     1.427
     1.745
     1.820
     1.515
     1.220
     1.504
     2.269
     1.148
     2.985
     3.130
     4.134
     4.039
     3.306
     3.703
     2.200
     3.409
     3.280
     3.253
     3.941
     4.619
     4.428
     3.032
     2.700
     2.667
     2.164
     3.057
     1.487
     3.229
     2.291
     2.118
     0.896
     0.624
     0.102
     1.496
     0.958
     1.914
     2.363
     1.908
     2.221
     1.951
     2.565
     2.291
     2.014
     2.933
     2.496
     4.775
     4.448
     4.705
     4.611
     5.157
     4.353
     4.497
     4.244
     5.220
     4.471
     5.557
     6.298
     6.189
     6.854
     5.096
     4.533
     5.610
     5.502
     5.942
     7.011
     6.840
     7.088
     7.669
     7.330
     7.647
     5.909
     7.448
     7.361
     7.835
     6.354
     6.477
     6.417
     5.450
     5.251
     4.520
     3.748
     4.875
     4.875
     4.432
     4.698
     3.907
     4.690
     4.257
     4.716
     4.469
     5.276
     4.718
     3.486
     4.709
     2.775
     3.643
     4.118
     4.856
     4.207
     2.877
     3.955
     4.231
     3.633
     3.455
     4.486
     1.821
     2.624
     1.311
     1.765
     2.208
     1.169
     2.032
     1.375
     0.816
     1.701
     1.949
     0.713
     0.440
     0.733
     0.044
    -0.809
    -0.871
    -0.103
    -2.740
    -1.097
    -1.872
    -1.972
    -2.899
    -2.772
    -3.082
    -4.145
    -4.742
    -3.632
    -4.014
    -4.030
    -2.975
    -3.265
    -5.722
    -5.602
    -6.766
    -7.593
    -7.835
    -6.466
    -7.756
    -9.322
   -10.333
   -11.648
   -10.260
   -11.937
    -9.627
    -8.561
    -9.166
    -7.499
    -8.280
    -9.925
    -8.177
    -8.973
   -10.412
    -9.238
    -9.553
    -9.065
   -10.037
   -10.520
   -12.434
   -12.888
   -13.677
   -12.977
   -12.834
   -12.584
   -13.604
   -12.656
   -12.143
   -10.657
   -10.068
   -13.049
   -14.085
   -14.265
   -15.394
   -14.614
   -12.810
   -15.017
   -16.315
   -16.720
   -17.659
   -17.816
   -16.293
   -15.315
   -15.413
   -16.501
   -16.800
   -16.553
   -16.697
   -15.298
   -13.678
   -16.066
   -16.785
   -17.676
   -17.444
   -17.222
   -16.873
   -14.575
   -16.029
   -13.772
   -11.471
    -5.633
    -8.893
   -13.160
   -11.567
    -4.626
    -3.470
    -3.606
    -6.748
    -8.587
    -8.079
   -10.989
   -11.450
   -13.150
   -17.092
   -18.417
   -21.145
   -20.134
   -20.415
   -18.955
   -20.641
   -20.337
   -18.543
   -16.076
   -13.444
    -9.903
    -9.420
    -8.745
   -11.030
   -12.089
   -12.427
    -8.506
   -14.884
   -19.186
   -18.772
   -25.383
   -23.001
   -21.728
   -20.214
   -16.902
   -17.345
   -15.393
   -14.217
   -13.847
   -14.151
   -13.547
   -11.703
   -10.488
   -11.338
    -9.088
   -10.786
   -11.304
   -10.796
    -7.994
    -5.622
    -3.839
    -4.316
    -4.234
    -6.005
    -6.097
    -8.124
    -9.743
   -15.277
   -24.845
   -23.788
   -18.652
   -22.440
   -17.033
   -31.113
   -26.580
   -17.201
   -23.083
   -28.735
   -28.675
   -31.806
   -35.529
   -39.415
   -43.642
   -44.293
   -40.832
   -37.496
   -33.749
   -35.314
   -35.773
   -32.660
   -31.167
   -30.593
   -31.499
   -30.226
   -25.934
   -22.635
   -22.126
   -21.484
   -24.202
   -23.849
   -23.753
   -22.498
   -24.241
   -24.529
   -22.519
   -18.669
   -19.322
   -18.426
   -17.918
   -17.418
   -12.270
   -10.397
   -10.356
    -9.100
    -7.814
    -9.823
    -7.680
    -7.318
    -5.565
    -7.814
    -6.684
    -5.694
    -5.277
    -6.491
    -6.175
    -7.718
    -6.054
    -9.165
    -9.352
   -10.224
   -11.211
   -10.575
    -9.930
   -10.032
    -8.273
    -8.151
    -8.138
    -7.074
    -7.217
    -7.090
    -6.303
    -6.280
    -5.739
    -5.438
    -5.359
    -4.861
    -4.589
    -4.406
    -3.551
    -3.413
    -3.003
    -3.265
    -3.656
    -3.284
    -3.074
    -2.968
    -3.086
    -2.931
    -2.735
    -2.713
    -2.661
    -2.562
    -2.469
    -2.379
    -2.355
    -2.311
    -2.254
    -2.210
    -2.181
    -2.169
    -2.161
