     4.590
     4.755
     5.075
     5.221
     5.523
     5.650
     5.940
     6.052
     6.323
     6.426
     6.671
     6.729
     6.922
     6.958
     7.148
     7.120
     7.196
     7.150
     7.205
     7.133
     7.139
     6.966
     6.945
     6.768
     6.925
     6.576
     6.649
     6.487
     6.238
     6.105
     6.115
     5.849
     5.291
     4.788
     4.721
     4.094
     3.722
     3.308
     2.774
     2.468
     2.150
     1.628
     1.214
     0.693
    -0.052
    -0.308
    -0.468
    -1.289
    -1.714
    -2.745
    -3.034
    -4.129
    -4.374
    -5.061
    -5.606
    -6.812
    -7.187
    -7.220
    -8.376
    -8.975
    -8.660
    -9.248
    -9.641
    -9.441
    -8.960
    -8.183
    -6.983
    -5.751
    -4.930
    -4.594
    -3.549
    -2.418
    -2.356
    -1.907
    -1.479
    -0.729
    -0.917
    -0.990
     0.004
     1.785
     2.179
     2.911
     2.870
     4.488
     6.099
     6.041
     6.488
     4.681
     2.950
     2.691
     0.792
    -0.143
    -1.039
    -2.132
    -3.426
    -5.499
    -6.152
    -5.463
    -4.332
    -3.876
    -2.607
    -2.288
    -1.501
    -1.397
    -1.854
    -2.843
    -3.029
    -2.877
    -1.596
    -2.472
    -2.179
    -2.753
    -4.116
    -3.153
    -2.424
    -2.358
    -4.129
    -4.190
    -3.969
    -3.803
    -2.613
    -2.531
    -3.457
    -3.434
    -3.849
    -3.556
    -2.319
    -1.924
    -1.510
    -2.275
    -0.498
    -1.314
    -1.048
    -2.034
    -3.025
    -1.347
    -0.717
     0.747
     0.865
     0.364
     0.333
     0.922
     0.918
     1.967
     2.878
     2.396
     2.127
     1.062
     0.548
     0.356
     0.469
     1.539
     1.628
     1.563
     2.234
     1.873
     0.465
     2.169
     5.241
     2.871
     2.118
     2.303
     4.159
     4.370
     6.570
     6.600
     6.840
     6.446
     6.381
     5.597
     5.099
     4.442
     3.534
     3.571
     3.620
     3.158
     2.857
     1.876
     3.023
     2.081
     2.507
     2.162
     0.557
     0.461
     1.205
     1.760
     3.047
     2.121
     2.977
     5.260
     3.814
     2.309
    -0.212
    -3.201
    -3.552
    -0.399
     1.122
     3.249
     5.645
     6.062
     6.511
     5.276
     4.477
     0.475
    -2.377
    -0.837
     3.457
     5.085
     5.221
     4.794
     6.911
     7.809
     7.972
     5.499
     7.464
     9.815
     8.223
     7.772
     9.002
     7.939
     7.661
     8.182
     5.981
     1.488
     1.485
     0.617
    -1.443
    -2.637
    -4.462
    -4.440
    -4.892
    -4.769
    -5.895
    -3.222
    -4.690
    -4.355
    -2.748
    -4.273
    -7.722
    -8.648
    -9.147
   -10.152
   -11.997
   -10.855
   -12.822
   -14.577
   -12.285
   -13.969
   -13.805
   -14.864
   -10.043
   -10.575
    -6.086
    -8.021
   -15.602
   -16.985
   -14.832
   -12.339
   -12.355
   -14.489
   -13.157
   -11.856
   -11.798
   -11.184
    -9.279
   -10.095
    -9.548
    -6.755
    -5.175
    -4.137
    -2.405
    -2.937
    -2.909
    -2.836
    -1.266
    -0.795
    -0.433
    -1.368
    -0.927
    -1.401
    -0.349
     1.726
     1.342
     1.806
     1.124
     3.327
     3.022
     4.563
     5.445
     6.060
     6.471
     6.862
     6.913
     6.712
     5.476
     5.405
     7.155
     6.047
     6.501
     7.321
     8.101
     9.782
     8.854
    10.324
    11.545
    10.580
     9.779
     9.150
     8.781
     7.277
     5.652
     6.939
     8.885
     6.696
     7.482
     9.900
     8.254
     7.850
     7.760
     8.306
     8.494
     8.258
     6.319
     5.764
     5.755
     7.147
     8.043
     8.218
     7.116
     6.158
     4.953
     5.145
     5.155
     3.883
     3.024
     2.929
     3.719
     5.270
     3.660
     3.694
     3.910
     3.933
     4.360
     6.018
     6.342
     7.339
     8.644
     2.726
     1.570
     1.728
     3.387
     2.642
     0.948
     0.505
     0.438
    -1.087
     1.353
    -0.839
    -2.038
    -3.015
    -4.859
    -4.280
    -4.906
    -4.445
    -2.445
    -4.760
    -5.615
    -7.293
    -8.742
    -7.382
    -9.082
    -9.141
    -7.988
    -7.973
    -7.932
    -9.915
   -10.086
   -10.594
    -9.679
   -11.849
   -10.973
    -9.843
   -10.548
   -10.133
    -9.895
    -9.316
    -9.012
   -10.066
   -10.185
    -9.468
    -8.496
    -8.921
    -7.766
    -7.908
    -7.915
    -7.834
    -7.601
    -6.543
    -7.040
    -5.124
    -3.255
    -3.566
    -4.438
    -4.883
    -4.338
    -3.990
    -3.646
    -2.000
    -3.079
    -2.733
    -4.179
    -5.015
    -2.071
    -1.081
    -0.717
    -1.121
    -0.376
    -1.384
    -2.451
    -1.986
    -3.185
    -1.718
    -0.226
    -1.114
     2.063
     4.759
     8.559
    10.353
     9.235
     7.066
     4.148
     3.513
     2.378
     2.902
     4.836
     4.159
     4.297
     2.262
     0.841
    -0.067
     0.423
     2.014
    -1.689
    -2.566
    -3.218
    -1.704
     2.245
     4.008
     6.038
     6.295
     7.639
     6.294
     4.804
     2.126
     5.299
     7.967
    12.684
    13.734
    15.624
    14.770
    14.491
    15.254
    19.299
    18.470
    16.718
    16.376
    17.266
    15.101
    12.939
    12.868
    10.717
    10.496
     7.751
     8.698
     9.135
     9.087
     7.003
     5.336
     4.671
     2.435
     0.468
     1.618
    -0.912
    -1.038
    -0.889
    -1.108
    -5.228
    -5.688
    -7.396
    -8.010
    -7.826
    -7.931
    -7.572
    -7.522
    -5.183
    -5.929
    -5.070
    -6.907
    -7.222
    -5.745
    -6.935
    -7.095
    -5.740
    -5.540
    -5.704
    -7.497
    -9.445
    -9.052
    -9.195
    -8.180
    -8.510
    -9.938
   -11.811
   -12.812
    -7.749
    -7.020
    -7.011
    -7.504
    -6.830
    -5.497
    -5.497
    -3.816
    -5.007
    -7.271
    -6.204
    -5.067
    -4.228
    -4.342
    -6.084
    -4.886
    -7.307
    -5.056
    -3.304
    -1.733
    -1.211
    -1.843
    -3.594
    -4.590
    -5.708
    -4.292
    -3.253
    -2.023
    -3.109
    -2.140
    -2.284
    -1.793
    -2.049
     0.084
     1.436
     0.680
     3.002
     3.579
     5.099
     7.073
     6.244
     5.536
     2.985
     4.038
     4.898
     5.754
     7.323
     6.427
     6.590
     6.118
     6.478
     7.123
     7.772
     7.740
     7.265
     7.541
     8.108
     6.384
     5.828
     6.600
     6.451
     5.239
     4.229
     4.857
     3.614
     3.894
     4.306
     4.740
     5.972
     5.789
     4.254
     3.479
     1.706
     0.725
    -0.670
    -1.030
    -3.266
    -2.847
    -2.481
    -3.207
    -3.124
    -3.767
    -2.940
    -3.853
    -2.239
    -0.753
     0.845
     0.019
    -0.315
    -0.327
    -0.279
     0.769
     0.267
     0.268
     1.083
     1.370
     1.387
     1.494
     2.040
     2.066
     0.268
    -0.020
    -0.834
    -0.403
    -0.069
    -0.334
    -1.202
    -4.220
    -3.699
    -4.270
    -4.344
    -4.448
    -3.321
    -4.301
    -5.534
    -4.811
    -5.979
    -6.282
    -6.265
    -5.159
    -7.324
    -6.353
    -6.056
    -5.029
    -3.775
    -4.752
    -4.950
    -4.130
    -2.444
    -4.424
    -3.577
    -1.204
    -1.799
    -1.602
    -1.629
    -1.077
    -1.235
     0.254
     0.611
     0.500
     0.643
     0.916
     1.525
     0.740
     0.234
     2.303
     1.387
     2.077
     2.281
     0.729
     1.842
     0.690
     0.204
     1.927
     2.752
     2.166
     3.761
     3.374
     2.949
     4.639
     2.731
     3.606
     5.122
     4.816
     4.939
     6.283
     5.470
     4.555
     3.927
     4.081
     4.663
     4.984
     5.794
     5.752
     5.405
     5.467
     4.690
     4.748
     3.772
     3.903
     1.487
     3.791
     3.332
     3.405
     2.570
     3.014
     3.948
     5.394
     4.533
     4.776
     5.834
     4.657
     5.136
     3.819
     3.118
     5.743
     6.499
     6.205
     5.286
     4.304
     4.799
     2.706
     2.260
     1.933
     2.626
     1.291
    -0.268
    -1.492
    -1.407
    -1.806
    -2.645
    -3.607
    -4.466
    -7.124
    -7.225
    -7.035
    -7.709
    -6.745
    -8.873
    -8.466
   -10.479
   -12.332
   -11.381
   -11.305
   -10.982
   -10.971
   -11.868
   -11.379
   -12.793
   -12.524
   -11.743
   -12.059
   -11.144
   -11.310
    -8.558
    -9.140
    -7.296
    -6.794
    -7.671
    -7.563
    -6.888
    -6.673
    -3.835
    -2.815
    -3.028
    -4.081
    -3.520
    -4.123
    -5.373
    -7.058
    -7.984
    -6.835
    -5.729
    -4.255
    -4.332
    -2.601
    -3.892
    -2.400
    -1.684
    -0.077
     0.867
     2.772
     3.838
     3.342
     4.995
     5.285
     6.803
     6.246
     7.833
     7.951
     8.035
     9.543
     9.344
     9.075
     7.216
     8.028
     9.152
    11.134
    12.694
    13.125
    12.168
    12.725
    11.677
     9.762
     8.124
     7.574
     7.203
     7.671
     6.908
     7.292
     7.241
     5.943
     3.398
     2.818
     0.896
     2.276
     0.994
    -0.280
     0.932
     1.752
     3.734
     3.903
     4.187
     4.253
     3.487
     4.159
     5.186
     3.841
     3.377
     3.194
     4.647
     4.514
     4.453
     4.561
     4.782
     4.065
     3.655
     4.960
     3.348
     2.492
     3.155
     2.415
    -0.155
     0.634
     0.160
     1.225
    -0.293
    -2.484
    -2.807
    -2.549
    -3.962
    -3.918
    -3.137
    -2.685
    -2.857
    -1.846
    -2.491
    -3.938
    -5.250
    -6.838
    -6.384
    -7.713
    -5.304
    -6.697
    -5.218
    -3.664
    -2.883
    -3.258
    -1.730
    -1.403
    -0.290
     0.241
     2.528
     3.307
     3.403
     0.777
     1.898
     1.998
     0.550
     0.045
     1.032
     1.749
     1.591
    -0.205
    -0.572
    -1.339
    -1.795
    -2.905
    -3.627
    -4.290
    -5.189
    -5.609
    -6.493
    -5.997
    -6.332
    -6.205
    -5.322
    -4.386
    -5.390
    -7.617
    -6.275
    -6.117
    -6.690
    -6.300
    -7.571
    -9.175
    -8.701
   -10.656
    -9.609
    -9.692
   -10.566
   -11.883
   -10.980
   -11.569
   -10.128
    -9.901
    -9.445
   -10.644
   -10.565
    -8.200
    -7.307
    -6.077
    -5.990
    -6.137
    -7.755
    -6.282
    -3.021
    -0.517
    -1.513
    -1.032
    -1.476
    -1.785
    -2.605
    -3.071
    -3.513
    -1.859
    -2.488
    -2.245
    -0.988
     0.806
     0.637
     0.747
     4.336
     3.025
     5.753
     5.250
     5.662
     6.093
     6.083
     6.860
     7.492
     9.315
    10.395
    12.272
    12.775
    12.947
    14.090
    13.204
    14.960
    15.286
    14.786
    14.108
    14.526
    12.870
    13.938
    13.186
    16.307
    16.514
    14.956
    14.491
    14.514
    14.166
    16.473
    17.578
    17.247
    17.466
    17.341
    16.773
    13.347
    12.804
    10.105
     8.353
     8.017
     6.208
     4.888
     6.044
     5.575
     3.093
     2.033
     1.615
     0.085
    -0.557
    -2.195
    -1.107
    -4.006
    -2.400
    -0.727
    -0.471
    -0.589
    -1.801
    -3.045
    -4.065
    -3.862
    -5.416
    -4.763
    -3.766
    -2.316
    -2.023
    -2.006
    -2.369
    -1.884
    -1.055
    -1.087
    -2.172
    -2.519
    -3.101
    -3.688
    -5.026
    -5.256
    -7.551
    -7.807
    -8.463
    -8.311
    -7.982
    -7.914
    -6.604
    -6.289
    -8.758
    -7.052
    -7.424
    -7.335
    -7.811
    -8.603
    -9.185
   -12.602
   -16.986
   -15.987
   -15.845
   -14.307
   -14.016
   -13.895
   -13.700
   -12.801
   -11.902
   -12.915
   -15.392
   -17.690
   -19.636
   -20.587
   -20.164
   -21.235
   -20.608
   -20.605
   -19.631
   -19.948
   -18.305
   -17.114
   -17.041
   -17.270
   -19.908
   -20.897
   -20.229
   -21.470
   -22.106
   -24.359
   -26.716
   -30.644
   -28.957
   -30.953
   -27.948
   -29.703
   -29.189
   -28.548
   -26.180
   -24.573
    -6.385
    50.559
    68.156
    52.511
    48.211
    45.528
    46.997
    43.771
    43.262
    49.506
    51.906
    49.861
    45.571
    43.040
    37.686
    36.105
    35.562
    37.995
    38.596
    33.761
    30.215
    22.603
    17.047
    21.758
    23.979
    27.549
    26.434
    24.621
    19.556
    20.478
    20.441
    15.033
    12.677
     7.051
     5.773
     6.243
     2.601
    -3.480
   -10.177
   -13.054
   -13.843
   -13.863
    -9.510
    -6.716
    -3.666
    -3.581
    -4.383
    -6.739
    -6.813
    -3.227
    -0.838
    -3.211
    -8.556
   -11.120
   -10.382
   -10.654
    -6.469
    -7.242
     1.901
    -1.333
    -3.591
    -9.044
    -8.859
    -8.673
    -9.680
    -8.603
   -10.157
    -7.055
    -0.491
    -2.535
    -5.071
    -5.896
    -8.771
   -11.590
   -11.393
   -10.194
   -10.183
   -13.051
   -15.926
   -12.650
    -9.286
   -10.293
    -7.951
    -5.635
    -6.190
    -6.585
    -5.275
    -6.540
    -8.093
   -12.288
    -9.615
    -9.935
    -9.718
    -7.966
    -9.347
   -10.871
   -14.025
   -18.624
   -22.326
   -24.231
   -20.157
   -14.335
    -8.703
   -11.291
    -9.737
   -10.965
   -14.047
   -15.187
   -16.129
   -21.002
   -19.699
   -21.081
   -22.204
   -23.934
   -21.100
   -19.291
   -17.045
   -17.308
   -15.518
   -13.124
    -8.893
    -3.614
    -2.624
     4.133
    13.121
    13.407
    14.241
    22.546
    32.908
    26.847
    31.179
    37.484
    42.477
    40.837
    41.485
    49.936
    48.676
    36.891
    27.909
    23.288
    26.067
    19.313
    12.673
    11.711
    12.074
     7.696
     4.991
     8.068
     7.011
     7.467
     8.204
     3.465
     2.376
     2.996
     8.178
     3.031
     4.773
     3.313
     1.246
    -0.459
    -0.129
    -1.022
    -0.357
     2.402
    -0.862
     1.349
     7.096
    11.804
    21.921
    16.927
    -5.305
   -13.515
    -6.388
    -4.957
    -0.903
    -4.864
    -8.034
    -5.149
    -4.765
    -4.045
    -5.564
    -4.850
   -17.064
   -19.002
   -12.852
   -13.194
   -17.412
   -14.267
   -14.542
   -13.121
   -10.194
   -11.304
   -10.985
   -11.830
    -8.463
   -11.916
   -11.181
    -9.332
    -7.273
    -3.173
     2.034
    -0.207
     1.334
     3.538
     3.422
     3.315
    -0.444
    -2.615
     3.134
     3.586
     2.591
     4.491
     1.035
    -0.420
    -1.820
    -3.209
    -1.996
    -3.614
    -4.890
    -4.888
    -5.584
    -5.649
    -8.024
    -7.692
    -7.257
    -4.403
    -5.761
    -4.625
    -5.281
    -5.285
    -3.869
     1.550
     0.472
    -3.141
     1.356
     4.782
     3.853
     6.409
     5.657
     2.708
     2.583
     3.369
     6.300
     5.062
     5.335
     6.063
     5.839
     6.538
     6.099
     5.095
     2.622
     4.385
     3.049
     6.326
     3.868
     1.845
     9.025
    11.405
    10.214
     8.106
     7.291
     5.768
     8.267
     6.638
     4.270
     1.602
     7.608
    17.803
    11.384
     3.540
    -0.910
    -3.439
     2.956
     5.028
    -0.632
    -8.410
    -6.166
    -7.624
    -8.371
    -9.103
    -6.289
    -3.961
    -4.188
    -1.055
    -1.780
    -1.475
    -1.189
    -2.318
     1.386
    -1.606
    -4.465
    -3.009
    -3.327
    -4.933
    -7.878
    -8.908
    -9.397
   -10.759
   -11.444
    -9.059
   -10.979
   -11.951
    -9.030
    -4.118
    -4.475
    -8.424
   -10.648
   -12.402
    -9.681
    -8.236
    -7.365
    -5.517
    -1.373
    -4.596
    -4.233
    -2.871
    -3.503
    -3.588
     0.363
     1.918
     3.588
     5.544
     6.964
     9.447
    11.735
    14.160
    13.215
    12.569
     9.435
     9.451
    14.614
    16.672
    13.812
     7.946
     2.888
     5.090
     2.300
     4.321
     5.107
     4.300
     2.491
     0.414
    -0.124
     3.213
     3.574
     2.397
     1.261
     3.321
     8.925
    11.621
     5.756
     2.964
     3.170
     0.953
    -2.095
    -3.191
    -5.171
    -3.398
    -0.209
    -1.565
    -5.107
    -3.325
    -1.605
     3.307
     5.404
    -6.117
    -6.450
     1.388
     8.971
     2.451
    -3.386
    -1.388
     2.570
    -5.802
    -2.374
    -1.630
    -7.271
    -6.548
    -3.707
    -4.317
    -2.150
     1.686
    -0.322
    -0.277
     0.314
     3.847
     2.165
     0.281
    -2.548
    -4.157
    -3.612
    -4.412
    -2.582
    -4.454
    -6.132
    -4.775
    -2.558
    -2.110
    -1.105
    -1.079
     0.282
    -3.041
    -4.403
    -0.915
     0.102
    -0.260
    -3.439
    -0.865
    -4.201
    -2.896
    -5.098
    -5.640
    -1.311
     2.067
     5.288
     0.130
     3.033
     2.171
    -0.645
    -1.916
     0.198
     2.689
     4.903
     5.169
     1.439
     0.301
     1.936
     3.018
     0.298
     1.959
     1.127
     0.349
    -0.237
     1.099
     2.088
    -0.221
    -0.973
     0.879
     0.539
     0.872
     2.171
    -2.462
    -0.868
     3.211
     4.343
     2.900
     2.227
    -3.143
    -6.410
     0.028
     4.355
     0.111
    -6.914
    -8.171
    -3.587
    -0.826
    -1.203
    -2.149
    -2.344
    -3.214
    -2.794
    -2.015
    -2.234
    -1.531
    -0.602
    -0.597
     0.450
     2.782
     2.340
    -1.854
    -1.894
    -1.825
     0.466
    -1.032
    -3.097
    -0.145
     1.776
     2.299
     1.973
     3.895
     4.618
     5.539
     2.838
     4.989
     3.168
     3.867
     2.813
     3.767
     3.052
     3.568
     2.697
     4.857
     4.106
     2.724
     5.345
     4.828
     7.490
     6.474
     4.534
     4.675
     4.532
     5.715
     4.674
     2.793
     1.552
     1.637
     0.302
     0.679
    -0.952
    -0.482
    -0.430
    -2.219
    -3.533
    -5.960
    -3.815
    -3.456
    -5.190
    -6.638
    -7.715
    -5.877
    -6.477
    -6.192
    -6.881
    -7.344
    -4.691
    -6.358
    -7.088
    -6.324
    -6.884
    -7.084
    -6.730
    -5.568
    -7.934
    -8.013
    -6.888
    -6.630
    -4.985
    -5.940
    -5.767
    -5.988
    -3.931
    -4.193
    -3.163
    -3.525
     0.160
     0.025
     0.853
     0.765
     3.129
     4.072
     6.364
     6.765
     6.524
     3.934
     2.897
     2.343
     3.855
     1.315
     0.206
    -1.053
    -1.249
    -3.600
    -0.615
     0.003
     0.468
    -0.159
     3.016
     4.342
     2.530
     5.149
     7.563
    10.218
     8.757
     9.360
     9.584
     9.159
     8.830
    10.267
    10.023
    11.386
    12.717
    16.478
    18.898
    15.747
    15.739
    16.592
     7.488
     2.092
     0.854
    -2.019
    -2.219
    -3.509
    -7.524
    -5.416
    -5.734
    -6.115
    -4.930
    -6.031
    -6.401
    -3.970
    -3.923
    -4.378
    -2.845
    -0.572
    -0.914
    -0.028
     2.680
     4.282
     6.063
     6.394
     4.218
     4.914
     4.674
     5.225
     5.625
     5.250
     2.723
     0.172
    -0.494
     0.421
    -1.142
    -0.511
    -1.420
    -2.710
    -4.386
    -6.988
    -6.329
    -5.671
    -5.584
    -4.632
    -5.124
    -4.667
    -2.409
    -1.723
    -1.136
    -4.187
    -5.264
    -7.784
    -8.085
    -8.386
    -9.981
   -12.189
   -13.784
   -16.739
   -18.723
   -18.527
   -18.889
   -16.042
   -15.818
   -15.645
   -15.710
   -15.710
   -15.313
   -14.841
   -14.748
   -12.148
   -11.966
   -14.317
   -12.320
   -11.907
   -12.836
   -12.071
   -10.767
    -9.199
    -8.066
    -5.651
    -3.700
     0.597
     0.926
     3.343
     3.916
     4.104
     3.187
     2.339
     1.678
     0.410
     4.370
     8.705
    14.493
    14.877
    14.643
    16.592
    23.374
    23.524
    26.216
    25.838
    26.938
    24.202
    24.124
    21.619
    19.120
    15.964
    12.389
     9.732
     8.304
     8.528
     7.517
     5.527
     8.105
    11.134
    13.500
    13.571
    11.840
     9.750
     8.982
     9.939
     7.174
     8.717
     9.470
    11.215
    12.695
    14.406
    13.174
    12.409
     9.944
     9.513
     6.465
     6.615
     5.812
     4.540
     5.349
     6.124
     4.493
     3.923
     0.928
     0.959
     0.524
    -0.085
    -0.172
    -1.210
    -1.882
    -1.224
    -3.242
    -3.241
    -2.333
    -5.141
    -8.476
   -11.297
   -12.383
   -14.711
   -18.222
   -18.369
   -19.276
   -18.072
   -20.290
   -22.477
   -25.887
   -23.650
   -22.540
   -19.043
   -19.955
   -19.591
   -20.545
   -20.182
   -16.949
   -14.891
   -13.690
   -12.343
   -12.307
   -10.298
   -10.620
   -10.164
    -9.846
   -10.686
   -10.396
   -12.279
   -13.009
    -9.328
    -9.239
    -3.166
    -3.973
    -0.090
     3.777
     3.584
     1.185
     1.012
    -2.803
    -2.297
    -1.215
     2.497
     4.161
     9.479
    12.266
    10.100
     9.344
     9.836
     8.704
     7.285
     8.425
    10.999
    10.729
    12.432
    12.210
     9.987
    11.585
    16.643
    12.534
     8.388
     5.363
     5.350
     8.981
     6.676
     5.330
     5.737
     6.290
     8.098
     6.511
     4.025
    -1.082
    -2.247
    -8.190
    -9.812
    -7.868
    -4.623
    -5.090
    -2.387
    -2.466
    -5.991
    -2.199
    -2.413
    -1.962
    -2.893
    -4.793
    -2.853
     0.806
    -2.613
    -0.200
     0.594
     3.618
     4.640
     5.763
     3.802
     4.415
     1.301
     1.844
     3.197
     2.297
     3.341
     6.802
     6.803
     5.624
     7.944
     9.743
    10.402
    12.977
    12.908
    10.815
     9.758
    11.639
     8.661
     5.307
     3.460
     2.649
     1.818
     3.372
     1.728
     0.926
     0.759
     2.704
     2.136
     0.150
    -1.483
    -0.551
    -2.157
     0.009
     1.238
     3.467
     4.561
     4.357
     3.772
     2.936
     0.158
    -1.327
    -2.859
    -7.201
   -10.854
   -17.195
   -19.189
    -4.351
    -4.675
    -3.535
    -2.117
    -1.017
    -4.254
    -4.721
    -4.878
    -6.379
    -6.539
    -5.128
     0.697
     3.605
     9.968
    11.719
     9.806
     5.608
    -4.615
    -9.624
   -11.231
   -13.082
   -12.857
    -6.490
     1.190
     0.608
     0.783
    -0.948
    -2.401
    -4.179
    -3.751
    -3.015
    -4.371
    -5.389
    -6.042
    -5.605
    -5.254
    -5.900
    -6.193
    -6.730
    -6.450
    -7.130
    -7.562
    -5.545
    -5.320
    -6.185
    -4.989
    -5.151
    -5.851
    -6.067
    -5.515
    -6.591
    -8.296
    -7.157
    -7.695
     0.697
     3.707
     4.841
     7.506
     6.802
     9.254
     9.534
     6.962
     6.501
     4.794
     2.382
     0.544
     0.102
     0.616
    -0.307
    -0.487
     0.293
     0.148
     0.683
     2.825
     2.111
     1.683
     2.670
     4.689
     5.150
     4.534
     2.935
     2.407
     0.713
     2.165
     1.585
     1.376
     1.707
     1.708
     1.577
     1.026
     1.931
     0.704
    -0.547
    -1.023
     1.773
     0.697
    -1.278
    -1.315
     1.611
     0.970
     1.933
     1.412
     1.315
     0.940
     3.857
     4.460
     3.305
     0.966
     1.798
     2.697
     3.483
     3.048
     2.734
     3.816
     4.328
     4.436
     3.971
     3.963
     1.922
     0.538
    -0.248
     0.184
     0.557
     0.184
    -1.148
    -1.741
    -1.465
    -0.719
    -0.178
    -1.280
    -0.052
     1.381
     2.817
     4.043
     5.114
     7.967
     8.764
     7.897
     6.838
     6.513
     5.569
     6.537
     5.298
     7.814
     7.484
     5.595
     5.568
     5.578
     6.509
     4.186
     4.206
     2.955
     0.554
    -4.206
    -5.421
    -7.152
    -7.759
    -7.594
    -7.150
    -5.648
    -6.198
    -4.979
    -5.249
    -5.857
    -6.162
    -6.772
    -6.350
    -5.964
    -5.895
    -7.721
    -5.658
    -6.465
    -4.185
    -4.308
    -2.712
    -3.371
    -2.790
    -2.128
    -1.550
    -1.850
    -2.560
    -2.239
    -2.469
    -2.755
    -2.893
    -2.861
    -3.585
    -3.092
    -3.631
    -3.405
    -2.353
    -1.481
    -1.074
    -1.516
    -2.896
    -1.952
    -3.380
    -4.373
    -3.311
    -3.022
    -3.521
    -4.346
    -4.049
    -2.551
    -1.856
    -0.585
    -0.142
    -1.492
    -2.448
    -1.075
    -1.480
    -1.196
    -1.717
    -1.139
    -1.384
    -0.673
    -1.032
    -1.096
    -1.577
    -0.164
     0.917
     3.106
     2.780
     3.463
     2.793
     3.799
     3.295
     4.305
     2.684
     4.183
     3.958
     2.183
     4.615
     3.341
     3.892
     4.377
     4.622
     4.452
     3.226
     3.527
     2.800
     3.050
     1.908
     2.070
     0.957
     0.859
     1.581
     0.038
     0.899
     1.305
     0.516
     1.305
     0.754
     0.940
     0.314
    -0.523
    -0.212
     0.085
     0.624
     0.427
    -0.137
     1.325
     1.540
    -0.010
    -0.783
     0.376
    -0.120
     0.731
     0.284
    -0.567
     1.527
     2.715
     3.105
     2.949
     3.594
     3.185
     2.923
     1.510
     1.999
     0.581
     1.307
     2.838
     0.728
     0.226
    -0.769
    -0.884
    -1.305
    -2.015
    -0.989
    -1.042
    -2.106
    -1.065
     0.773
     0.505
    -0.648
    -0.637
     0.787
     0.643
     0.779
     0.502
     1.833
     1.225
    -0.179
    -0.294
     1.338
     2.062
     1.935
     1.582
     2.533
     0.925
     1.682
     2.285
     1.780
     0.111
     0.390
     1.177
     0.354
     0.176
     0.737
     0.012
     0.294
    -0.378
     0.178
     0.044
     1.003
     0.893
     0.323
    -1.499
    -1.109
    -1.297
    -2.017
    -0.910
    -2.318
    -2.342
    -1.485
    -1.520
    -1.447
    -1.030
    -2.887
    -2.644
    -1.497
    -0.953
    -0.543
    -1.399
    -2.064
    -1.723
    -1.817
    -0.595
    -1.278
    -0.278
    -2.160
    -2.429
    -2.479
    -1.668
    -1.997
    -2.146
    -1.612
    -1.823
    -1.908
    -1.234
    -1.460
    -1.960
    -1.839
    -1.320
    -1.295
    -1.751
    -2.021
    -2.001
    -1.878
    -1.865
    -0.737
    -0.280
     0.538
    -0.419
    -1.579
    -1.627
    -2.976
    -2.139
    -3.547
    -3.662
    -2.896
    -2.977
    -3.753
    -3.564
    -4.670
    -3.899
    -4.409
    -3.734
    -3.683
    -4.248
    -3.739
    -3.050
    -3.845
    -3.555
    -4.625
    -5.825
    -6.770
    -6.041
    -5.345
    -3.412
    -3.019
    -2.475
    -1.504
    -0.726
     0.830
     0.551
     3.106
     4.085
     6.548
     8.242
     9.550
     9.040
    11.501
    11.776
    11.135
    10.477
     8.851
     8.640
     7.053
     6.683
     5.778
     5.154
     6.358
     5.890
     5.640
     5.701
     5.606
     5.096
     4.391
     5.076
     4.695
     4.587
     5.419
     3.879
     5.980
     5.173
     4.333
     3.190
     2.500
     2.306
     2.507
     2.407
     1.837
     0.793
    -0.432
    -0.176
    -0.164
    -2.832
    -2.679
    -2.124
    -1.403
    -1.025
    -1.378
    -0.455
    -2.084
    -1.246
    -0.616
     0.154
     0.487
     0.525
    -1.023
     0.471
    -0.516
    -1.801
    -2.506
    -4.849
    -2.520
     0.140
     2.067
     0.920
    -3.078
    -5.926
    -6.862
    -4.661
    -3.989
    -2.948
    -1.496
    -2.050
    -2.631
    -1.848
    -4.532
    -4.367
    -5.010
    -4.906
    -2.847
    -2.626
    -2.158
    -2.674
    -3.728
    -3.772
    -2.572
    -4.797
    -3.424
    -3.064
    -0.881
     1.224
    -0.767
    -0.374
    -0.154
    -0.843
    -0.234
    -1.767
    -1.274
     0.000
    -1.441
    -0.995
    -1.841
    -1.409
     0.257
    -0.273
    -0.629
    -0.965
    -0.634
    -1.266
    -2.435
    -2.363
    -0.745
    -1.454
    -1.752
    -1.229
    -1.167
    -2.346
    -1.750
    -2.167
    -1.558
    -0.013
    -0.069
     1.256
     0.429
     0.519
    -0.252
    -0.999
    -1.129
    -0.038
     1.145
     0.410
    -0.757
    -0.420
    -0.357
     0.015
     1.134
     0.602
     1.829
     2.152
     0.887
     1.652
     1.993
     3.645
     2.241
     1.798
    -0.904
    -0.661
    -1.309
    -0.201
     2.289
     2.510
     4.338
     3.829
     3.784
     2.892
     3.453
     4.066
     3.531
     1.880
     1.577
     1.396
     0.383
     0.949
     1.150
     0.375
     1.736
     0.921
     1.427
     1.740
     2.794
     2.827
     3.426
     3.212
     3.303
     0.101
     0.961
     2.776
     2.552
     2.263
     1.028
     1.641
     1.026
     2.088
     1.891
     0.354
     0.208
     0.864
     0.494
     0.259
     0.695
    -0.058
    -1.256
    -0.452
    -0.461
     0.334
    -0.547
    -0.622
    -2.134
    -1.542
    -0.332
    -1.218
    -1.012
    -1.108
    -0.565
    -0.077
    -2.074
    -1.557
    -2.351
    -2.044
    -2.877
    -2.181
    -1.788
    -1.085
     0.344
     0.722
     0.392
     0.692
    -0.169
    -0.254
     0.519
     1.037
     1.369
     0.523
    -1.120
     0.851
     0.003
    -0.741
     0.120
     0.694
     0.729
     1.000
     1.059
     0.439
     0.196
    -0.129
     0.123
    -1.624
    -1.809
    -1.806
    -1.823
    -0.742
    -0.870
    -2.847
    -1.895
    -1.246
    -1.718
    -1.992
    -1.575
    -2.056
    -2.678
    -3.340
    -3.825
    -2.588
    -2.212
    -0.842
    -0.105
    -0.403
    -1.362
    -1.284
    -1.115
    -0.247
    -0.995
    -1.938
    -1.193
    -0.995
    -0.802
    -1.379
    -1.568
    -1.907
    -2.513
    -1.967
    -2.638
    -2.942
    -2.086
    -1.462
    -1.248
    -0.159
    -0.841
    -0.820
    -0.890
    -0.199
    -2.582
    -1.171
    -2.420
    -2.286
     0.409
     0.562
    -0.158
    -0.128
     2.026
     0.576
     0.239
     1.111
     1.742
     1.575
     0.736
     3.137
     2.035
     1.873
     2.503
     3.911
     4.117
     3.526
     3.264
     3.722
     1.441
     2.583
     1.586
     2.388
     2.268
     1.900
     2.425
     3.958
     3.784
     4.849
     3.457
     3.673
     3.349
     4.031
     4.368
     3.746
     4.552
     3.981
     4.077
     3.229
     4.283
     4.242
     4.594
     4.086
     4.494
     3.232
     2.630
     4.214
     2.178
     1.464
     0.565
    -0.876
    -1.032
    -2.038
     0.514
    -1.461
    -1.840
    -2.134
    -0.468
    -0.747
    -0.640
    -0.556
    -0.828
    -0.359
    -0.196
    -0.761
    -2.567
    -2.142
    -3.335
    -3.839
    -3.602
    -4.208
    -4.550
    -5.199
    -6.084
    -5.859
    -6.370
    -8.066
    -4.250
    -4.146
    -5.871
    -5.000
    -4.157
    -2.622
    -3.311
    -3.488
    -3.748
    -4.149
    -2.634
    -4.113
    -3.910
    -4.688
    -4.707
    -4.978
    -4.508
    -5.145
    -5.636
    -5.563
    -6.341
    -5.334
    -2.987
    -4.766
    -4.078
    -1.827
    -2.453
    -1.434
    -1.514
    -2.167
    -2.025
    -1.005
    -1.519
    -2.443
    -3.766
    -1.584
    -3.931
    -3.039
    -2.418
    -0.905
     1.977
     2.642
     1.931
     3.380
     2.467
     4.714
     6.983
     5.879
     5.913
     5.407
     6.898
     7.850
     9.334
    10.971
    11.480
    12.820
    10.299
     9.945
     9.896
    10.958
    16.141
    15.862
    10.451
     5.540
     6.642
    12.686
    15.922
     7.617
     5.950
    11.100
     8.713
     8.237
     4.628
     2.510
     2.535
     1.049
    -2.734
    -3.983
    -2.463
    -1.197
    -0.439
    -1.639
    -4.017
    -2.567
    -2.224
    -0.238
    -1.847
    -1.992
    -2.388
    -0.644
    -1.084
    -1.369
    -1.630
    -0.910
    -1.282
    -1.033
    -3.020
    -3.834
    -3.442
    -2.965
    -3.501
    -4.159
    -5.823
    -6.121
    -5.845
    -7.299
    -5.763
    -3.772
    -4.655
    -5.658
    -6.883
    -7.192
    -6.910
    -7.176
    -7.363
    -6.331
    -6.883
    -7.021
    -7.432
    -6.822
    -6.524
    -6.983
    -6.942
    -7.210
    -6.856
    -6.488
    -6.413
    -6.188
    -5.040
    -4.777
    -4.794
    -4.230
    -4.433
    -3.992
    -3.880
    -3.308
    -3.162
    -2.985
    -2.970
    -2.580
    -2.566
    -2.442
    -2.180
    -1.673
    -1.179
    -0.966
    -1.137
    -0.473
    -0.219
     0.188
     0.342
     0.657
     0.949
     1.339
     1.525
     1.890
     2.101
     2.463
     2.658
     3.007
     3.190
     3.546
     3.730
     4.076
     4.253
