     4.782
     5.094
     5.391
     5.687
     5.970
     6.247
     6.512
     6.781
     7.029
     7.280
     7.526
     7.725
     7.886
     8.116
     8.254
     8.369
     8.506
     8.533
     8.571
     8.662
     8.653
     8.616
     8.541
     8.501
     8.527
     8.489
     8.341
     8.351
     7.895
     7.934
     7.782
     7.504
     7.188
     6.774
     6.558
     5.955
     5.484
     5.313
     4.631
     4.467
     3.891
     3.304
     2.843
     1.902
     1.516
     0.888
     0.281
    -0.431
    -1.446
    -1.615
    -2.483
    -3.108
    -3.919
    -4.632
    -5.669
    -6.101
    -7.184
    -7.741
    -8.430
    -8.258
    -9.590
   -10.262
    -9.905
    -9.330
    -8.872
    -9.348
    -8.741
    -7.573
    -7.085
    -6.002
    -4.943
    -4.180
    -3.719
    -4.279
    -2.681
    -1.913
    -1.773
    -1.015
    -0.741
    -1.004
    -0.454
    -0.940
    -0.128
     1.205
     3.724
     4.970
     4.384
     3.874
     2.059
     1.257
     0.198
    -1.044
    -3.114
    -4.435
    -5.944
    -7.839
    -8.693
    -7.261
    -6.713
    -5.728
    -3.718
    -1.882
    -1.345
    -1.244
    -1.650
    -3.045
    -2.195
    -2.617
    -1.587
    -0.218
    -1.466
    -1.244
    -2.270
    -2.296
    -2.793
    -2.330
    -2.890
    -3.917
    -2.680
    -2.830
    -1.774
    -2.534
    -2.919
    -3.480
    -3.117
    -3.775
    -1.946
    -1.510
    -0.782
    -0.865
    -0.475
    -0.957
    -1.079
    -0.196
    -1.991
    -1.733
    -0.465
     0.336
     0.077
    -0.106
     0.538
     1.265
     1.541
     2.409
     3.154
     3.218
     2.296
     2.368
     1.422
     0.899
     0.550
     2.777
     3.743
     2.980
     2.763
     2.216
     1.835
     1.549
     5.040
     2.093
     0.609
     1.069
     4.108
     4.683
     5.944
     6.604
     5.636
     5.292
     6.155
     6.474
     5.906
     5.282
     3.586
     4.609
     3.290
     2.831
     1.947
     1.562
     1.731
     1.772
     2.952
     1.067
    -0.891
    -0.124
     0.645
     1.538
     1.582
     1.377
     2.522
     3.600
     2.801
     2.041
    -0.779
    -2.049
    -2.751
    -2.089
    -1.208
     2.809
     4.886
     5.356
     5.305
     6.123
     3.402
     0.907
    -0.077
     1.689
     4.892
     6.460
     5.789
     7.088
     8.022
    10.164
    10.896
    10.769
    11.311
    13.142
    11.070
    10.235
    12.140
    12.221
    11.910
    10.797
     8.345
     3.651
     3.367
     3.532
     1.870
    -1.810
    -2.757
    -3.426
    -4.564
    -3.621
    -5.794
    -1.981
    -5.473
    -4.826
    -4.602
    -6.466
    -9.203
   -10.948
   -11.032
   -11.938
   -13.341
   -13.967
   -14.606
   -16.207
   -14.465
   -16.727
   -16.166
   -18.031
   -11.566
   -14.565
   -10.701
   -10.043
   -16.043
   -17.021
   -15.597
   -15.216
   -13.554
   -14.740
   -14.599
   -13.516
   -12.731
   -12.331
   -12.121
   -10.517
   -10.045
    -8.291
    -7.926
    -5.691
    -3.101
    -4.887
    -6.039
    -5.169
    -2.267
    -1.826
    -2.737
    -2.018
    -0.193
    -1.546
    -0.019
     2.137
     2.229
     0.688
    -1.093
     0.553
     2.154
     3.121
     5.022
     6.104
     5.831
     7.192
     6.811
     6.201
     5.282
     6.692
     6.098
     6.890
     6.079
     6.017
     7.074
     7.856
     9.158
    10.856
    12.026
     9.840
    11.651
    10.466
     9.444
    10.654
     8.140
     7.925
     8.996
     7.503
     9.175
    10.313
     9.525
     7.959
     8.320
    10.053
    10.436
     9.413
     7.436
     7.538
     5.918
     6.708
     9.339
     9.680
     8.692
     7.563
     7.736
     7.766
     6.120
     4.657
     3.737
     5.253
     4.836
     6.417
     5.923
     4.998
     4.698
     4.067
     4.218
     4.142
     7.801
     8.404
     8.847
     5.038
     2.434
     3.941
     6.479
     5.313
     4.587
     3.876
     2.183
     2.455
     3.573
     2.840
    -0.240
    -0.865
    -2.146
    -1.183
    -3.152
    -4.522
    -0.161
    -1.618
    -3.564
    -5.591
    -8.771
    -8.312
    -8.903
    -8.562
   -10.645
    -8.254
    -8.400
   -10.589
   -10.892
   -12.184
   -13.397
   -13.707
   -14.864
   -13.663
   -13.234
   -13.150
   -12.720
   -12.264
   -13.186
   -13.399
   -14.191
   -12.010
   -12.592
   -13.245
   -12.988
   -11.099
   -10.279
    -9.277
    -9.067
    -8.592
    -8.463
    -7.989
    -6.811
    -6.047
    -5.203
    -5.583
    -6.765
    -6.827
    -6.256
    -2.606
    -2.901
    -0.900
    -2.882
    -2.807
    -2.600
     0.455
     1.371
    -1.584
     0.730
     0.505
    -1.114
    -1.623
    -3.670
    -1.841
    -1.754
    -3.313
    -2.821
    -1.134
     2.354
     6.302
     7.301
     6.570
     4.768
     1.552
     1.198
     0.853
     2.883
     4.651
     5.250
     2.571
     0.981
     1.233
     0.219
     1.056
    -1.603
    -0.626
    -1.486
    -0.052
     0.667
     4.440
     4.465
     8.075
     9.838
     9.264
     8.815
     7.450
     7.657
     9.194
    15.205
    17.896
    20.436
    19.690
    19.014
    19.219
    23.690
    22.276
    21.199
    21.049
    20.462
    18.691
    15.101
    16.236
    15.141
    13.795
    12.426
    11.154
    11.260
    11.321
    11.506
     7.848
     5.865
     4.601
     3.551
     2.848
     0.086
    -0.850
    -1.610
    -2.490
    -5.074
    -6.884
    -7.870
    -9.781
    -8.349
   -11.312
   -11.514
    -9.048
    -6.478
    -6.412
    -8.195
    -8.653
   -10.146
    -8.134
    -9.872
    -9.630
    -8.208
    -7.468
    -8.430
    -9.256
   -10.170
    -9.427
   -10.177
   -10.346
   -10.678
    -9.252
   -13.432
   -13.081
   -11.435
    -8.529
    -7.954
    -8.417
    -8.481
    -8.442
    -7.400
    -7.251
    -7.695
    -8.235
    -8.203
    -7.717
    -7.305
    -5.400
    -6.599
    -7.988
    -7.892
    -8.350
    -5.244
    -5.471
    -2.891
    -2.862
    -4.552
    -6.060
    -6.865
    -7.822
    -5.912
    -4.023
    -3.269
    -3.922
    -2.879
    -2.062
    -2.540
     0.187
    -0.418
    -0.556
     0.982
     2.148
     3.087
     5.381
     6.107
     5.296
     4.030
     3.434
     4.786
     5.234
     8.376
    10.541
     8.067
     9.209
     9.437
     9.503
    11.233
    10.926
    11.758
    12.298
    11.533
    10.214
     9.639
    10.244
     9.756
     9.080
     8.088
     7.814
     8.265
     7.862
     7.541
     8.177
     8.916
     9.013
     8.917
     5.683
     3.935
     2.836
     1.436
     0.477
    -0.024
    -2.588
    -3.306
    -1.614
    -2.154
    -2.286
    -3.728
    -4.070
    -1.426
    -0.525
     0.436
     2.442
     1.581
     1.119
     0.835
     0.899
     2.180
     1.446
     0.617
    -0.296
    -0.624
    -0.262
     0.490
    -0.475
    -1.182
    -1.331
    -1.687
    -3.375
    -3.067
    -2.665
    -2.912
    -2.574
    -5.330
    -7.330
    -6.260
    -6.033
    -6.879
    -7.584
    -7.864
    -6.563
    -7.719
    -8.209
    -7.137
    -7.260
    -8.120
    -8.628
    -8.541
    -6.887
    -6.366
    -5.980
    -5.246
    -6.592
    -4.985
    -5.196
    -5.457
    -3.657
    -2.669
    -3.314
    -3.120
    -2.970
    -2.441
    -2.113
    -0.446
    -1.092
    -0.829
    -0.318
    -0.170
     0.182
    -0.354
     0.471
     1.057
     0.697
     1.082
     1.753
     1.741
     1.094
     1.136
     1.090
     0.834
     1.522
     0.037
     2.186
     0.581
     3.864
     4.468
     2.756
     5.742
     4.527
     6.243
     6.215
     7.852
     7.381
     7.819
     6.682
     7.117
     7.209
     6.617
     7.804
     7.690
     7.200
     4.977
     5.605
     4.896
     3.986
     3.125
     3.783
     4.398
     4.056
     3.623
     3.323
     3.232
     4.275
     4.411
     4.523
     6.469
     5.481
     5.369
     4.779
     4.544
     6.235
     7.164
     5.909
     7.358
     7.514
     7.996
     6.972
     5.505
     4.534
     3.981
     4.698
     2.715
     2.946
     0.585
     0.983
    -0.434
    -2.238
    -2.377
    -5.015
    -5.816
    -7.515
    -7.095
    -7.163
    -7.733
    -9.273
   -11.004
   -10.499
   -10.685
   -10.921
   -11.965
   -11.318
   -10.565
   -11.730
   -11.269
   -12.488
   -12.482
   -11.822
   -10.799
   -10.731
    -7.696
    -8.868
    -7.560
    -4.983
    -5.507
    -6.090
    -6.826
    -6.063
    -4.886
    -2.057
    -4.754
    -4.049
    -3.976
    -4.304
    -5.175
    -6.992
    -7.286
    -7.434
    -6.133
    -5.090
    -4.547
    -4.567
    -5.226
    -3.625
    -1.945
    -2.078
     0.080
     0.639
     2.813
     1.229
     2.204
     3.516
     4.188
     2.566
     4.758
     4.067
     4.736
     5.098
     4.761
     5.324
     4.429
     4.273
     5.332
     7.386
     8.111
     8.387
     8.714
     8.992
     8.431
     7.540
     6.924
     5.932
     5.173
     5.861
     5.665
     6.571
     6.723
     5.322
     1.764
     1.402
     0.842
     0.635
     0.980
     0.167
    -1.114
     0.099
     1.079
     3.260
     4.546
     3.274
     3.608
     2.959
     3.537
     2.854
     2.689
     2.876
     4.443
     4.074
     4.318
     4.672
     4.839
     4.055
     4.686
     5.026
     4.966
     4.955
     2.975
     3.937
     3.662
     1.785
     2.135
     2.895
     3.906
     2.812
     1.231
     2.210
     2.024
     2.721
     3.567
     1.729
     2.097
     3.603
     4.091
     2.146
     1.419
     0.742
     0.529
    -1.255
    -0.163
    -1.207
    -0.610
     0.859
     1.003
     0.747
     1.727
     1.282
     1.515
     0.028
     0.535
     2.392
     1.807
     0.380
     0.700
     0.173
    -2.409
    -3.142
    -3.004
    -1.783
    -1.535
    -2.236
    -2.818
    -3.124
    -4.464
    -4.578
    -4.864
    -5.348
    -4.987
    -6.944
    -6.906
    -7.318
    -6.402
    -6.683
    -6.124
    -5.124
    -7.530
    -7.520
    -8.395
    -7.139
    -6.943
    -6.809
    -8.166
    -9.258
   -11.024
   -10.559
   -10.745
   -11.360
   -11.918
   -10.453
   -11.958
   -11.120
   -10.104
   -11.279
   -11.772
   -10.088
   -10.154
    -7.363
    -4.591
    -2.643
    -2.990
    -5.687
    -5.124
    -5.054
    -5.646
    -5.505
    -6.544
    -6.974
    -8.613
    -8.796
    -9.478
   -10.661
   -10.995
    -8.525
    -8.127
    -8.058
    -6.291
    -4.429
    -1.524
     2.247
     2.928
     1.892
     3.383
     4.788
     6.587
     8.101
     9.278
     9.845
    10.766
    12.781
    15.268
    17.898
    18.061
    18.839
    19.528
    18.868
    18.022
    19.144
    19.476
    18.046
    16.590
    15.806
    13.512
    13.277
    16.157
    16.329
    17.168
    13.360
    12.868
    12.263
    14.344
    16.346
    15.882
    15.058
    15.426
    13.738
    12.266
    10.929
     9.173
     6.989
     5.511
     4.716
     2.727
     2.542
     2.414
    -0.352
     0.551
    -0.377
    -0.195
    -1.479
    -3.591
    -3.381
    -4.611
    -2.629
    -1.496
    -0.087
    -0.540
    -1.585
    -2.078
    -3.961
    -4.184
    -4.792
    -5.660
    -4.244
    -3.106
    -2.788
    -3.979
    -3.928
    -2.324
    -3.562
    -3.325
    -3.208
    -4.800
    -4.917
    -6.013
    -7.899
    -8.570
   -10.045
   -10.662
    -7.775
    -7.326
    -6.301
    -6.515
    -5.519
    -5.820
    -5.735
    -5.545
    -5.211
    -4.645
    -4.837
    -6.893
    -7.510
   -10.005
   -12.466
   -12.191
    -9.789
   -10.642
    -7.907
    -6.042
    -6.863
    -7.518
    -6.357
    -7.843
    -7.876
   -10.071
   -11.656
   -15.013
   -14.882
   -14.822
   -15.072
   -14.846
   -12.617
   -11.622
   -11.369
   -10.579
    -8.346
    -9.397
   -11.676
   -14.700
   -14.369
   -14.302
   -14.701
   -15.336
   -18.287
   -20.105
   -20.652
   -20.342
   -19.219
   -19.927
   -21.556
   -20.282
   -19.410
   -16.951
   -14.452
    42.676
    48.656
    34.890
    35.450
    35.795
    35.549
    35.007
    31.907
    36.375
    38.621
    35.736
    32.999
    32.396
    26.940
    26.602
    22.911
    25.257
    26.350
    20.962
    18.757
    10.770
     6.815
    12.292
    10.632
    15.259
    13.596
     8.876
     6.926
     6.713
     5.188
     1.721
    -2.495
    -6.238
    -7.350
    -4.904
    -8.441
   -12.214
   -15.001
   -18.326
   -15.736
   -17.217
   -12.158
    -8.332
    -5.235
    -4.979
    -4.428
    -6.474
    -6.878
    -2.272
     0.115
    -1.730
    -4.541
    -6.377
    -5.788
    -3.093
     1.975
     5.441
    11.577
    10.935
    10.474
     6.452
     4.309
     4.937
     4.083
     3.887
     3.029
     5.344
    10.888
     6.092
     4.130
     2.605
    -0.828
    -1.567
    -2.585
    -1.006
     0.224
    -3.627
    -5.490
    -1.887
    -0.391
     0.206
     0.947
     3.333
     2.187
     1.788
     3.268
     3.740
     0.402
    -2.113
    -0.043
     0.543
    -1.581
     0.379
     0.267
    -0.244
    -2.724
    -4.404
    -7.093
   -11.197
   -10.536
    -6.155
    -3.060
    -7.374
    -8.395
   -11.276
   -15.915
   -20.267
   -21.976
   -25.343
   -24.389
   -27.686
   -29.160
   -30.939
   -31.777
   -30.717
   -32.645
   -35.985
   -33.494
   -33.749
   -31.595
   -30.023
   -28.126
   -22.092
    -9.509
    -9.506
   -10.560
    -4.262
     5.558
     7.504
    15.397
    19.733
    20.782
    25.174
    32.108
    45.025
    46.925
    30.120
    25.150
    25.554
    30.405
    27.626
    18.986
    18.615
    18.703
    17.459
    15.088
    15.169
    13.683
    14.575
    11.748
     9.889
     8.424
    11.596
    10.060
    10.645
    10.163
    11.485
     5.219
     2.109
     3.409
     5.314
     7.360
     9.274
     6.465
     8.083
    12.236
    14.623
    21.570
    25.153
     3.005
    -6.606
     4.983
     5.517
     4.741
     3.497
     0.711
     3.619
     0.966
     0.349
    -4.545
    -4.401
   -22.676
   -22.973
   -10.788
   -12.626
   -16.696
   -14.094
   -11.331
   -12.430
   -12.337
   -11.715
   -12.778
   -13.897
    -9.375
   -11.107
   -10.037
    -9.346
    -6.625
    -8.818
    -0.250
    -1.803
    -3.560
     0.276
     0.454
    -3.216
    -4.671
    -3.297
     2.527
     0.632
    -3.561
    -3.057
    -2.442
    -4.237
    -3.201
    -4.917
    -4.879
    -3.860
    -5.695
    -4.584
    -5.766
    -7.726
    -9.612
    -6.344
   -10.016
    -6.512
    -4.318
    -7.354
    -4.709
    -5.951
    -6.570
    -1.979
    -1.990
    -2.202
    -1.082
    -0.060
    -0.115
     3.757
     2.411
     1.407
     0.843
     1.702
     4.234
     4.034
     4.101
     3.083
     4.171
     5.934
     6.887
     4.929
     2.819
     3.071
     1.968
     4.621
     3.002
     1.462
     5.482
     9.459
    15.202
    14.039
     9.196
    10.730
    11.819
     9.651
     9.462
     6.917
    10.161
    18.567
    15.779
     9.169
     5.692
     0.474
     6.330
    11.002
     4.368
    -2.618
    -2.587
    -1.290
    -3.281
    -3.547
    -3.316
    -1.883
     1.047
     3.857
     3.290
     3.436
     1.247
     1.116
     5.040
     3.697
     0.756
    -1.367
    -0.247
    -1.404
    -5.472
    -5.367
    -6.305
    -8.691
   -10.467
    -4.639
    -8.034
   -11.518
    -9.784
    -3.149
    -7.722
    -9.804
   -12.413
   -13.076
    -9.164
   -10.339
    -5.710
    -6.837
    -4.771
   -11.468
   -11.443
    -9.717
    -7.846
    -8.515
    -6.713
    -2.940
    -4.935
     1.170
    -0.382
     3.293
     4.761
     7.043
     6.131
     6.356
     5.532
     2.480
     8.597
     5.579
     6.158
     2.814
    -2.427
     0.272
    -3.530
     1.645
     3.644
     1.503
    -1.090
    -3.480
     0.233
     4.822
     4.752
     3.266
     1.996
     1.670
     8.817
     9.377
     5.766
     5.520
     4.812
     3.078
     0.086
    -0.019
    -2.595
    -1.690
    -1.401
    -0.898
    -6.227
    -4.766
    -0.746
     2.660
     2.336
    -3.062
    -4.129
     6.753
     9.512
     2.872
    -2.047
     0.582
     3.569
    -2.283
    -0.880
    -2.362
    -4.505
    -2.875
    -1.697
    -2.059
    -1.286
     0.731
    -1.602
    -0.038
    -1.273
     1.463
     1.703
     0.334
    -2.254
    -4.193
    -1.669
    -2.164
    -2.422
    -2.728
    -5.214
    -5.871
     0.611
    -1.414
    -1.809
    -0.907
     1.899
    -0.806
    -2.750
     0.201
     1.184
     1.900
     0.353
     3.672
     0.791
    -0.262
     1.315
    -1.829
     3.099
     5.539
     5.911
     3.191
     2.150
     3.207
     2.510
     0.470
     4.628
     3.569
     5.220
     5.731
     4.058
     2.804
     3.003
     2.939
     1.005
     2.585
     1.676
     1.651
     1.978
     3.474
     5.490
     1.700
     0.637
     3.737
     4.730
     3.285
     2.418
    -1.047
     0.107
     3.501
     1.840
     1.633
     0.389
    -0.467
    -3.739
     1.262
     3.401
     0.381
    -0.924
    -3.795
    -2.103
    -0.751
     1.884
    -0.725
    -1.752
    -2.283
    -1.781
    -1.946
    -2.345
    -2.203
    -2.419
    -3.537
    -1.880
    -0.899
    -0.748
    -2.940
    -2.843
    -5.547
    -3.136
    -4.127
    -5.359
    -3.630
    -2.898
    -1.951
    -3.181
     0.403
    -0.778
    -1.537
    -0.245
    -0.519
    -1.580
    -2.161
    -2.248
    -2.252
    -1.833
    -2.867
    -1.370
    -2.071
    -3.003
    -1.462
    -0.611
     1.292
     0.760
     1.887
     0.732
     0.512
     0.837
     1.317
    -0.042
     0.432
    -0.454
    -0.994
    -1.240
    -3.370
    -3.170
    -2.896
    -2.944
    -3.590
    -5.049
    -5.107
    -5.747
    -4.709
    -5.864
    -7.634
    -6.740
    -6.676
    -6.528
    -7.382
    -6.314
    -6.515
    -5.759
    -5.702
    -5.551
    -4.421
    -5.541
    -4.036
    -4.160
    -4.197
    -5.595
    -4.787
    -5.064
    -3.138
     0.191
    -0.781
    -1.682
    -0.770
     1.092
     2.191
     3.329
     4.012
     4.682
     6.346
     8.860
     9.093
     9.064
    11.521
    12.478
    13.558
    11.031
    10.317
     9.268
     8.715
     8.528
     4.032
     4.420
     4.520
     5.994
     1.966
     3.799
     2.449
     5.300
     3.738
     6.639
     8.886
    10.377
    10.061
     8.680
     9.258
     8.840
     9.197
     7.621
     7.663
     7.554
     8.303
     6.969
     8.630
    11.922
    14.017
    16.737
    15.204
    15.237
    15.104
     5.663
     2.061
     0.051
    -3.981
    -5.750
    -5.908
    -9.689
    -9.696
    -9.238
    -8.934
    -9.263
    -9.101
    -9.195
    -8.498
    -7.657
    -6.710
    -4.128
    -3.139
    -3.669
    -1.787
     0.154
     2.786
     6.010
     5.792
     4.271
     3.898
     4.994
     6.007
     4.574
     3.564
     3.111
     0.315
    -1.056
    -0.045
    -1.099
    -1.173
    -1.772
    -4.377
    -5.086
    -7.842
    -8.450
    -8.492
    -8.017
    -7.402
    -6.760
    -6.568
    -5.721
    -5.365
    -3.773
    -7.478
    -7.964
    -9.403
   -10.131
    -9.890
   -11.968
   -14.981
   -16.135
   -18.541
   -20.994
   -20.567
   -21.366
   -19.910
   -19.158
   -18.645
   -19.440
   -19.086
   -19.060
   -18.545
   -17.946
   -17.534
   -15.765
   -15.674
   -15.506
   -15.036
   -15.043
   -13.863
   -14.385
   -10.451
    -8.820
    -6.390
    -3.886
    -1.894
     0.206
     2.501
     2.693
     5.290
     5.973
     4.133
     5.012
     4.068
     7.079
    12.702
    16.025
    17.275
    18.322
    19.683
    24.648
    26.020
    27.250
    28.134
    30.394
    30.164
    28.378
    27.646
    24.794
    21.508
    18.812
    15.807
    13.651
    12.038
    11.226
     9.756
     8.589
    13.511
    14.644
    15.575
    16.300
    14.522
    11.396
    12.524
    11.449
    11.178
    10.957
    11.738
    12.419
    14.596
    15.833
    13.936
    10.898
    10.128
     9.600
     7.101
     7.081
     6.308
     7.642
     8.095
     7.614
     5.393
     3.621
     2.367
     1.330
     0.649
     0.741
    -0.142
    -1.814
    -2.669
    -3.075
    -3.394
    -2.033
    -4.499
    -6.847
   -10.057
   -12.055
   -14.311
   -16.801
   -20.174
   -19.816
   -20.072
   -20.730
   -23.469
   -24.037
   -24.833
   -24.509
   -22.267
   -21.750
   -21.879
   -21.299
   -21.792
   -18.899
   -16.988
   -14.052
   -13.392
   -14.891
   -13.404
   -12.435
   -12.641
   -12.069
   -12.398
   -14.247
   -13.865
   -16.664
   -13.004
   -13.196
    -6.482
    -7.477
    -3.524
     0.146
     0.695
    -0.282
    -0.260
    -4.012
    -5.074
    -3.795
     0.906
     1.864
     6.700
     8.859
     9.570
    10.676
    10.257
     8.135
     5.403
     8.437
    10.210
    10.709
    10.267
    11.766
     9.355
    10.963
    17.381
    13.688
     9.378
     5.462
     5.249
     8.170
     7.711
     5.150
     6.223
     6.633
     8.065
     8.176
     5.608
    -0.907
    -1.064
    -5.160
    -9.329
    -8.268
    -8.199
    -7.913
    -5.167
    -3.685
    -4.535
    -3.199
    -3.730
    -4.182
    -3.542
    -6.305
    -6.293
    -0.129
    -5.312
    -1.497
    -2.401
     0.557
     4.660
     2.272
    -0.069
     3.088
     1.411
     0.319
     0.914
    -0.589
     2.010
     4.671
     7.498
     6.707
    10.102
    12.019
    13.947
    17.120
    17.809
    17.143
    14.617
    17.483
    15.293
     9.830
     7.683
     6.170
     3.686
     3.106
     1.329
     3.903
     2.925
     5.834
     4.041
     2.008
     0.812
     1.054
     0.360
     0.161
     2.272
     4.275
     5.848
     6.148
     5.021
     5.104
     2.938
     1.303
     0.854
    -3.629
    -5.955
   -10.788
   -16.556
    -5.329
    -1.225
    -1.356
     0.914
     0.291
    -2.194
    -2.577
    -3.174
    -6.198
    -7.043
    -6.610
    -1.717
     0.628
     7.444
    11.288
     8.277
     6.988
    -4.052
   -10.689
   -12.517
   -14.976
   -16.200
   -10.852
    -0.925
     0.808
     1.912
     0.264
    -0.093
    -3.540
    -3.492
    -3.908
    -6.536
    -7.794
    -7.236
    -7.056
    -6.120
    -6.570
    -5.994
    -6.149
    -6.646
    -6.581
    -8.003
    -6.721
    -6.975
    -5.238
    -5.445
    -5.274
    -5.805
    -6.501
    -7.012
    -7.288
    -8.595
    -8.404
    -8.485
    -4.157
     1.783
     1.477
     5.076
     6.865
     6.476
     6.833
     5.686
     4.990
     3.135
     1.430
     0.191
    -0.649
    -1.474
    -1.945
    -0.981
    -0.143
    -0.383
     0.329
     0.609
     0.780
    -0.407
     1.002
     1.690
     2.675
     1.932
     0.560
     0.596
    -2.805
    -1.848
    -0.542
    -2.038
    -2.256
    -2.006
    -0.885
    -0.066
     0.853
    -1.720
    -2.395
    -3.467
     0.135
    -0.039
     0.960
    -1.501
    -0.400
     0.544
     1.048
     1.407
     2.300
     1.824
     3.480
     4.752
     4.191
     3.225
     3.889
     2.876
     4.654
     5.231
     5.768
     5.436
     6.010
     6.386
     6.254
     4.036
     4.027
     4.156
     2.555
     3.032
     3.203
     2.186
     2.373
     1.793
     1.014
     1.229
     1.183
     2.643
     3.685
     5.109
     3.857
     5.919
     7.756
     9.159
     9.956
     9.729
    10.319
     8.546
     8.317
     7.258
     7.138
     9.092
     7.780
     6.737
     6.463
     8.579
     7.184
     6.531
     5.396
     3.623
     3.327
    -2.430
    -3.235
    -5.436
    -5.801
    -6.140
    -5.573
    -5.715
    -7.092
    -5.946
    -6.117
    -7.103
    -7.305
    -7.614
    -8.198
    -7.753
    -6.985
    -6.671
    -6.754
    -7.038
    -5.020
    -4.709
    -2.852
    -3.202
    -3.093
    -2.468
    -0.959
    -2.814
    -3.801
    -3.263
    -3.340
    -3.836
    -3.741
    -3.838
    -3.414
    -3.857
    -3.942
    -3.098
    -2.032
    -1.644
    -2.171
    -2.052
    -3.705
    -3.499
    -3.862
    -4.591
    -4.662
    -3.766
    -5.325
    -4.327
    -3.985
    -2.680
    -3.270
    -3.022
    -2.261
    -2.050
    -2.560
    -2.830
    -2.502
    -3.347
    -1.944
    -3.211
    -3.087
    -2.383
    -1.282
    -1.524
    -1.378
    -0.306
    -0.228
     1.709
     0.541
     1.936
     2.310
     1.791
     2.509
     1.750
     2.536
     2.267
     2.126
     2.732
     3.587
     3.925
     4.010
     3.504
     4.369
     3.248
     2.245
     2.824
     2.471
     2.177
     1.638
     1.164
     0.946
     0.218
     0.100
     0.493
     0.519
    -0.094
     0.250
     0.137
     0.366
     0.597
     0.758
     1.267
     1.162
     1.296
     1.034
     0.823
     1.155
     0.522
     0.731
     0.877
     0.301
    -0.334
    -0.198
    -0.342
     0.726
     0.809
     1.826
     2.275
     3.037
     3.102
     3.595
     3.738
     2.726
     2.913
     2.959
     2.036
     1.291
     0.586
     0.822
     1.197
     0.211
     0.101
    -0.539
    -1.162
    -0.464
    -0.051
    -1.389
    -0.539
     1.333
     1.231
     0.149
     0.845
     1.272
     1.669
     1.837
     1.714
     1.574
     1.037
     0.169
    -0.145
     0.830
     2.339
     2.615
     2.425
     2.174
     1.310
     2.182
     3.457
     2.787
     2.175
     2.253
     3.249
     2.664
     2.563
     2.487
     2.142
     2.436
     2.591
     2.230
     2.174
     1.600
     0.256
     1.323
     1.369
     0.919
     0.056
    -0.974
    -0.260
    -0.440
    -0.596
    -1.177
    -0.590
    -1.168
    -1.699
    -0.636
    -1.903
    -1.420
    -0.447
    -1.434
    -0.533
    -0.791
    -2.010
    -1.639
    -1.146
    -1.181
    -1.575
    -2.315
    -2.557
    -2.912
    -1.518
    -2.636
    -2.257
    -2.327
    -2.694
    -2.700
    -2.001
    -2.680
    -2.534
    -2.852
    -2.725
    -1.944
    -3.318
    -2.797
    -3.053
    -2.118
    -2.545
    -2.475
    -3.055
    -2.923
    -3.447
    -3.319
    -2.334
    -3.369
    -4.213
    -4.294
    -4.337
    -4.738
    -5.741
    -5.258
    -4.993
    -5.952
    -5.749
    -5.447
    -5.522
    -5.598
    -5.916
    -5.596
    -5.746
    -6.474
    -5.024
    -7.267
    -8.288
    -7.920
    -7.272
    -7.301
    -6.939
    -5.831
    -5.472
    -4.385
    -3.141
     0.479
     0.933
     3.228
     4.470
     6.854
    10.632
    10.233
     9.851
    10.639
    11.677
     9.865
     9.155
     7.854
     7.584
     6.489
     5.761
     5.134
     5.032
     5.150
     5.228
     5.560
     6.821
     6.942
     5.846
     6.386
     6.769
     6.697
     5.533
     4.864
     6.031
     6.556
     6.277
     4.744
     3.583
     3.602
     3.026
     2.658
     3.131
     4.061
     3.604
     2.630
     2.215
     1.887
     1.410
     0.852
     1.269
     2.150
     1.254
     2.121
     2.277
     1.624
     1.455
     1.535
     2.408
     2.407
     1.012
     1.159
     1.167
     1.016
     1.061
    -0.058
    -2.341
    -0.620
     0.519
     1.415
     1.902
    -0.211
    -4.151
    -5.242
    -5.079
    -4.323
    -4.670
    -2.191
    -1.446
    -2.525
    -3.100
    -3.272
    -4.963
    -5.918
    -6.026
    -4.983
    -3.919
    -2.353
    -3.701
    -3.526
    -3.335
    -4.310
    -4.438
    -3.806
    -3.479
    -3.190
    -1.118
    -1.229
    -1.054
    -0.576
    -1.376
    -0.182
    -1.309
    -1.121
    -0.668
    -0.843
    -1.631
    -0.987
    -1.066
    -0.892
    -0.325
    -0.305
    -0.378
    -0.705
    -3.131
    -3.586
    -2.717
    -3.003
    -3.518
    -2.126
    -2.937
    -1.988
    -2.586
    -1.875
    -1.722
    -0.784
    -1.421
    -0.448
    -0.399
     1.132
     1.004
    -0.061
    -1.172
    -1.439
    -3.008
    -1.055
    -2.017
    -2.578
    -4.006
    -2.427
    -2.302
    -1.837
    -1.601
    -0.661
     0.277
     0.209
    -0.110
    -0.601
     0.437
     0.041
    -0.425
    -2.971
    -2.808
    -2.151
     0.058
     1.638
     1.921
     2.985
     4.155
     3.798
     3.167
     2.942
     4.041
     4.683
     2.593
     2.409
     2.772
     2.751
     2.070
     1.729
     2.101
     1.248
     2.149
     1.459
     2.391
     1.803
     3.710
     3.865
     3.974
     3.077
     3.284
     2.632
     2.577
     3.591
     2.599
     2.940
     2.036
     2.168
     2.405
     1.670
     1.394
     1.632
     1.706
     1.296
     2.044
     2.642
     1.408
     0.580
    -0.320
    -0.009
     0.133
    -0.039
     0.259
    -0.027
     0.598
     1.366
     0.674
    -0.106
     0.567
     0.500
     0.522
    -0.406
    -0.320
    -1.294
    -1.008
    -1.959
    -0.793
    -2.080
    -1.310
     0.041
     1.116
     1.374
     0.942
     0.068
    -0.294
     0.669
     1.518
     1.225
     1.220
    -0.604
    -0.344
    -1.223
    -1.078
    -1.005
    -0.523
    -0.685
     0.075
    -0.375
    -0.450
    -0.594
    -0.695
    -1.089
    -1.223
    -1.115
    -1.840
    -0.153
    -0.626
    -0.591
    -0.386
    -0.923
     0.031
    -0.855
    -1.891
    -1.233
    -0.838
    -2.085
    -2.098
    -3.219
    -1.850
    -1.995
    -1.629
    -2.152
    -1.556
    -2.135
    -2.223
    -1.509
    -3.253
    -2.567
    -2.351
    -2.477
    -2.243
    -1.252
    -2.230
    -2.295
    -2.326
    -2.818
    -2.651
    -3.044
    -2.647
    -2.130
    -2.028
    -2.666
    -1.849
    -0.225
    -1.452
    -0.919
    -2.163
    -2.461
    -1.698
    -0.831
    -0.116
    -0.835
    -0.478
     0.963
     0.881
     0.430
     0.750
     1.365
     0.564
     1.257
     0.198
     1.142
     1.377
     1.776
     2.086
     1.836
     2.624
     1.457
     1.291
     1.858
     0.889
     2.666
     1.863
     1.174
     1.926
     1.863
     1.613
     1.528
     2.275
     2.202
     3.113
     3.256
     4.647
     2.838
     3.345
     3.950
     4.567
     3.801
     5.504
     5.185
     5.258
     4.871
     4.776
     5.771
     5.689
     4.872
     4.010
     2.855
     2.473
     2.706
     2.798
     0.688
     0.365
     0.168
     0.588
     0.285
    -0.002
     1.036
     0.141
     0.857
     0.067
     0.226
     0.468
     0.785
     0.451
    -0.385
    -2.145
    -1.197
    -3.067
    -4.211
    -4.406
    -5.497
    -6.439
    -6.459
    -6.643
    -7.037
    -6.875
    -7.194
    -9.293
    -7.473
    -4.703
    -6.714
    -5.442
    -4.018
    -2.472
    -3.536
    -2.992
    -2.341
    -0.441
    -0.230
     0.410
    -0.001
    -0.938
    -0.156
    -1.428
    -0.906
    -2.534
    -2.655
    -3.596
    -4.056
    -3.383
    -3.274
    -4.930
    -5.321
    -3.377
    -3.081
    -4.189
    -1.829
    -2.029
    -2.374
    -4.128
    -2.462
    -3.711
    -5.788
    -2.420
    -6.349
    -6.295
    -5.970
    -5.273
    -1.625
    -1.572
    -1.368
     0.360
     1.472
     1.815
     3.841
     3.738
     3.926
     5.670
     5.993
     6.494
     8.648
    10.789
    10.432
    11.065
    11.857
    11.480
    11.555
    11.210
    16.057
    16.954
    14.236
    10.502
     8.531
    11.014
    13.525
     8.717
     6.909
    13.151
     9.154
    10.208
    10.363
     8.711
     6.043
     5.705
     1.989
     2.823
     1.151
     3.166
     0.828
    -0.982
    -1.999
    -2.087
    -3.340
    -2.099
    -2.639
    -3.136
    -3.632
    -3.032
    -3.537
    -3.338
    -2.612
    -3.013
    -2.769
    -0.846
    -2.039
    -2.070
    -3.971
    -4.442
    -3.856
    -4.331
    -5.891
    -6.184
    -6.222
    -5.971
    -7.799
    -5.644
    -5.892
    -6.026
    -7.278
    -8.738
    -7.857
    -8.437
    -8.075
    -7.077
    -7.474
    -7.618
    -8.019
    -7.641
    -6.251
    -7.409
    -7.109
    -7.625
    -7.691
    -7.371
    -7.399
    -7.199
    -6.579
    -6.292
    -6.265
    -5.857
    -5.685
    -5.507
    -4.931
    -4.793
    -4.555
    -4.310
    -4.137
    -3.748
    -3.492
    -3.637
    -3.121
    -2.935
    -2.239
    -2.007
    -1.823
    -1.268
    -0.901
    -0.549
    -0.199
     0.092
     0.501
     0.844
     1.179
     1.519
     1.863
     2.200
     2.535
     2.857
     3.187
     3.513
     3.837
     4.154
     4.473
