     4.032
     4.374
     4.754
     5.079
     5.445
     5.751
     6.103
     6.394
     6.725
     7.003
     7.318
     7.538
     7.809
     8.031
     8.277
     8.419
     8.559
     8.633
     8.807
     8.876
     8.999
     8.915
     8.927
     8.921
     9.031
     8.919
     8.972
     8.892
     8.676
     8.727
     8.618
     8.287
     8.135
     7.631
     7.497
     7.133
     6.593
     6.413
     6.010
     5.546
     5.308
     4.718
     4.059
     3.689
     2.924
     2.174
     1.912
     1.287
     0.508
    -0.004
    -0.636
    -1.289
    -1.983
    -2.671
    -3.604
    -4.461
    -5.305
    -6.127
    -5.984
    -6.229
    -7.269
    -7.713
    -7.274
    -6.325
    -6.834
    -7.479
    -6.442
    -4.878
    -4.354
    -4.243
    -3.067
    -2.313
    -2.401
    -2.278
    -2.182
    -1.585
    -1.205
    -1.316
    -0.549
    -0.350
    -0.854
    -0.816
    -0.357
     0.167
     2.457
     4.228
     3.934
     2.472
     0.504
    -0.623
    -1.934
    -4.533
    -5.853
    -7.696
    -9.020
   -11.328
   -12.778
   -12.240
   -10.438
    -8.258
    -7.330
    -4.613
    -4.281
    -3.480
    -3.706
    -4.936
    -5.109
    -4.219
    -3.406
    -2.096
    -2.216
    -3.841
    -4.279
    -5.455
    -4.239
    -3.032
    -3.846
    -4.994
    -4.999
    -4.763
    -3.019
    -3.560
    -4.868
    -4.251
    -4.077
    -4.059
    -2.528
    -2.060
    -0.749
    -0.320
    -0.463
    -0.509
    -0.828
     0.036
    -1.162
    -0.512
     0.493
     2.113
     1.631
     1.839
     2.662
     2.576
     3.371
     3.290
     4.337
     3.763
     2.589
     2.862
     1.899
     1.345
     0.857
     2.276
     3.136
     3.744
     2.639
     3.805
     2.542
     4.385
     7.754
     7.057
     4.503
     4.789
     7.675
     7.516
     7.134
     8.111
     8.877
     7.562
     8.623
     7.903
     6.186
     6.383
     5.162
     5.602
     4.118
     2.138
     1.881
     1.948
     1.134
     0.475
     0.945
     0.234
    -1.986
    -1.187
    -0.475
     1.799
    -0.286
     0.830
     1.401
     3.200
     1.132
     0.402
    -1.803
    -2.642
    -4.872
    -3.653
    -2.769
     1.358
     4.088
     5.104
     5.507
     5.107
     4.563
     0.950
    -0.735
     0.205
     4.141
     6.069
     6.967
     8.110
     8.101
    10.768
    12.135
    11.918
    12.291
    15.261
    13.668
    12.189
    13.696
    13.889
    13.221
    13.995
    10.591
     6.396
     6.195
     5.297
     1.475
     0.024
    -2.408
    -3.122
    -5.843
    -4.687
    -6.646
    -5.614
    -6.096
    -5.847
    -6.324
    -8.257
   -11.942
   -12.603
   -15.067
   -14.862
   -16.689
   -16.414
   -16.872
   -17.738
   -16.334
   -17.876
   -17.084
   -19.748
   -14.936
   -14.402
   -12.448
   -11.121
   -16.424
   -19.995
   -19.781
   -16.842
   -15.431
   -16.985
   -17.508
   -14.005
   -14.412
   -13.554
   -11.964
   -10.222
   -10.738
    -7.526
    -6.973
    -5.377
    -4.331
    -4.274
    -4.593
    -4.696
    -2.710
    -0.048
    -1.167
    -0.837
    -1.216
     0.313
     1.680
     2.452
     2.908
     2.654
     3.443
     4.364
     4.156
     5.540
     6.960
     8.218
     8.137
     8.219
     8.762
     7.846
     7.689
     8.062
     7.980
     9.139
     8.411
     8.557
     8.966
    11.030
    11.684
    12.282
    13.275
    13.843
    13.639
    13.213
    11.847
    11.399
    10.210
     8.702
     8.948
     6.967
     6.930
     9.925
     8.215
     7.246
     6.891
     7.702
     8.488
     7.502
     5.871
     5.507
     4.683
     5.179
     7.439
     9.175
     8.215
     6.632
     6.630
     5.527
     5.564
     4.279
     3.070
     2.595
     4.108
     6.331
     5.598
     4.472
     3.598
     3.028
     3.038
     3.556
     6.248
     7.107
     8.549
     4.707
     1.728
     3.238
     4.426
     6.357
     3.657
     3.298
     2.668
     1.276
     3.654
     3.064
    -0.994
    -2.106
    -2.987
    -3.220
    -3.837
    -6.284
    -0.992
    -2.268
    -4.127
    -7.736
   -10.018
    -9.999
   -10.057
    -9.530
   -11.674
   -10.167
    -9.797
   -12.186
   -12.134
   -13.390
   -13.441
   -14.340
   -15.403
   -14.547
   -13.788
   -13.503
   -12.642
   -12.984
   -13.016
   -13.369
   -13.711
   -12.380
   -11.274
    -9.719
    -9.084
    -8.688
    -8.266
    -7.073
    -6.817
    -6.638
    -5.293
    -5.864
    -4.782
    -3.838
    -4.073
    -4.697
    -5.566
    -4.705
    -3.362
    -1.713
    -0.539
     0.247
    -0.963
    -1.861
    -1.689
     1.124
     2.040
     0.040
     0.118
     1.850
    -0.574
    -1.348
    -3.780
    -2.321
    -1.631
    -2.788
    -1.344
    -0.216
     2.832
     6.569
     8.132
     7.824
     5.657
     2.846
     1.181
     1.688
     2.600
     3.661
     5.648
     4.741
     1.801
     0.194
     0.267
     0.317
    -1.292
    -1.341
    -3.138
    -2.674
    -0.138
     2.918
     4.526
     7.200
     8.952
     9.316
     8.591
     5.335
     6.093
     9.923
    12.761
    18.034
    20.063
    20.093
    17.619
    17.307
    22.299
    22.779
    19.942
    19.050
    19.614
    17.072
    13.390
    14.762
    14.684
    12.767
    11.617
    10.435
    10.873
    11.392
    10.000
     7.186
     6.569
     4.074
     1.989
     1.167
    -0.590
    -2.292
    -2.102
    -2.444
    -6.021
    -6.846
    -8.675
   -11.528
   -10.804
   -11.465
   -11.929
    -9.455
    -7.797
    -6.993
    -8.206
    -8.570
   -10.413
    -9.128
    -9.383
    -9.348
    -7.982
    -6.918
    -7.322
    -7.727
    -9.028
    -9.460
    -9.344
    -9.844
   -11.599
    -9.645
   -13.849
   -15.108
   -10.548
    -8.895
    -7.041
    -7.026
    -7.407
    -6.919
    -6.716
    -6.084
    -6.721
    -7.307
    -7.852
    -6.395
    -5.711
    -5.253
    -5.823
    -6.803
    -7.367
    -6.634
    -5.104
    -3.261
    -1.362
    -2.127
    -2.934
    -4.082
    -5.647
    -6.877
    -4.443
    -2.431
    -2.105
    -2.509
    -1.387
     0.103
    -0.615
    -0.444
    -0.423
     0.300
     1.041
     1.927
     4.314
     6.221
     6.260
     4.641
     3.225
     3.687
     3.570
     5.471
     7.887
    10.067
     8.739
     7.993
     8.973
     9.563
    10.824
    11.195
    11.526
    11.419
    11.003
     9.779
     8.497
     8.224
     8.505
     8.533
     6.550
     7.294
     6.439
     6.572
     6.988
     6.547
     8.240
     8.374
     7.778
     5.789
     3.729
     1.777
     0.243
    -0.418
    -0.842
    -3.218
    -3.531
    -3.270
    -2.945
    -3.078
    -3.737
    -3.688
    -2.085
    -0.313
     1.058
     1.174
     1.727
     0.379
     1.723
     0.673
     1.330
     1.692
     1.378
     0.567
     0.858
     0.639
     1.208
     1.424
    -0.373
     0.662
    -1.442
    -2.731
    -2.758
    -2.102
    -3.093
    -3.185
    -4.947
    -5.841
    -6.256
    -4.992
    -6.386
    -7.133
    -8.625
    -7.220
    -8.373
    -8.465
    -7.864
    -7.408
    -8.689
    -7.946
    -8.313
    -6.943
    -5.771
    -6.621
    -5.099
    -6.502
    -6.130
    -6.005
    -5.956
    -4.185
    -3.114
    -3.232
    -3.312
    -3.350
    -2.423
    -1.727
    -1.218
    -1.102
    -1.372
    -1.401
    -0.511
     0.315
    -0.411
     0.533
     0.257
     1.092
     0.803
     1.107
    -0.060
    -0.351
    -0.290
    -0.519
     0.702
     0.936
     0.088
     2.261
     0.961
     2.795
     5.721
     4.047
     6.435
     7.579
     9.271
     8.228
     9.512
     8.485
     8.033
     7.516
     7.861
     8.464
     7.466
     7.881
     9.053
     8.330
     6.935
     6.809
     5.709
     3.669
     2.218
     2.508
     3.222
     4.027
     3.322
     2.434
     1.894
     4.185
     4.266
     4.591
     6.708
     6.657
     5.634
     6.472
     5.105
     6.682
     7.659
     7.353
     6.617
     7.238
     6.523
     5.904
     4.120
     3.231
     3.258
     3.306
     2.332
     2.115
     0.082
    -1.320
    -1.883
    -3.156
    -4.493
    -6.877
    -7.434
    -8.160
    -7.745
    -7.949
    -8.217
    -9.660
   -10.740
   -10.302
   -11.098
   -11.200
   -11.204
   -11.247
   -11.031
   -12.026
   -11.812
   -12.267
   -11.580
   -11.486
   -10.535
   -11.455
    -7.948
    -7.463
    -6.121
    -3.958
    -3.191
    -4.352
    -5.031
    -4.808
    -3.522
    -2.184
    -3.051
    -3.291
    -2.995
    -3.262
    -5.349
    -7.738
    -8.567
    -7.658
    -6.130
    -5.800
    -5.159
    -3.918
    -3.976
    -3.065
    -2.129
    -1.057
    -0.219
     1.835
     3.346
     3.062
     3.011
     4.220
     5.143
     4.562
     7.137
     5.340
     6.820
     6.662
     6.854
     7.041
     5.147
     4.890
     6.203
     7.982
     8.659
     8.827
     9.409
     8.349
     7.874
     7.586
     6.401
     5.211
     5.214
     4.991
     4.272
     5.298
     6.026
     4.499
     0.844
    -0.364
    -1.494
    -0.749
    -0.574
    -1.971
    -4.232
    -2.871
    -0.565
     1.953
     2.571
     2.038
     1.654
     1.645
     1.826
     1.328
     1.009
     1.579
     1.689
     1.256
     1.165
     1.000
     2.184
     1.437
     1.944
     2.330
     2.073
     1.554
     1.040
     0.721
    -1.085
    -1.796
     1.846
     2.204
     2.764
     3.371
     1.482
     3.090
     5.548
     4.964
     4.903
     4.676
     6.484
     8.196
     8.496
     6.312
     5.305
     6.640
     4.563
     3.812
     3.688
     2.251
     2.293
     3.663
     3.642
     3.471
     4.236
     4.120
     4.125
     3.069
     3.535
     4.624
     4.424
     0.550
     0.691
    -0.094
    -1.725
    -2.886
    -2.950
    -1.840
    -2.536
    -2.208
    -3.552
    -3.594
    -4.424
    -5.523
    -7.380
    -6.286
    -6.221
    -8.190
    -7.977
    -8.150
    -7.008
    -6.567
    -6.916
    -6.580
    -6.619
    -8.383
    -8.031
    -8.242
    -8.072
    -7.164
    -8.198
    -9.918
   -10.609
   -10.832
   -11.704
   -11.179
   -11.674
   -10.872
   -11.967
   -10.663
   -10.613
   -11.939
   -11.275
   -11.812
   -11.632
    -8.164
    -5.476
    -3.631
    -4.334
    -4.641
    -6.138
    -6.063
    -6.272
    -5.685
    -7.570
    -9.397
    -9.640
   -10.791
   -10.327
   -11.637
   -11.876
   -10.836
    -9.602
    -9.709
    -8.067
    -5.614
    -2.500
    -0.024
     2.897
     1.996
     5.074
     6.299
     7.587
     8.345
     8.429
    10.777
    11.368
    12.376
    15.501
    17.415
    19.178
    19.952
    19.525
    18.625
    18.658
    18.903
    19.058
    18.726
    16.754
    15.822
    14.143
    14.727
    16.426
    18.137
    17.724
    15.451
    13.012
    13.992
    15.591
    16.713
    16.231
    17.144
    16.076
    14.665
    13.345
    11.213
     9.427
     6.847
     5.026
     2.877
     1.948
     2.994
     1.691
    -0.215
     0.193
    -0.374
    -1.068
    -2.521
    -3.695
    -3.074
    -5.445
    -3.741
    -1.579
     0.337
     0.857
     0.416
    -1.265
    -2.719
    -4.428
    -5.154
    -5.534
    -4.210
    -1.882
    -1.928
    -2.431
    -2.796
    -3.080
    -2.852
    -2.949
    -2.488
    -4.360
    -4.426
    -6.780
    -8.107
    -7.854
    -9.416
   -11.266
    -8.474
    -7.380
    -6.424
    -7.005
    -6.599
    -6.322
    -6.981
    -6.498
    -5.461
    -6.184
    -6.693
    -7.937
    -8.289
   -11.920
   -15.585
   -15.505
   -13.336
   -11.212
    -9.480
    -7.815
    -7.276
    -7.779
    -7.633
    -8.264
    -9.917
   -10.700
   -14.146
   -16.156
   -17.262
   -16.624
   -15.439
   -14.135
   -14.492
   -12.560
   -12.151
   -11.270
    -9.011
    -9.241
   -10.820
   -14.605
   -13.923
   -14.243
   -14.494
   -15.387
   -18.286
   -21.510
   -21.600
   -20.330
   -18.024
   -19.155
   -20.379
   -20.106
   -17.894
   -14.850
   -13.128
    50.466
    66.780
    49.188
    45.008
    44.603
    41.942
    44.197
    39.291
    42.903
    44.108
    42.239
    37.889
    38.416
    31.557
    28.620
    27.468
    26.810
    31.783
    26.099
    21.431
    10.429
     3.819
     8.721
     8.145
    14.358
     9.643
     4.880
     1.239
     1.095
     0.562
    -3.029
    -8.405
   -13.251
   -16.085
   -11.833
   -15.127
   -20.754
   -22.560
   -27.180
   -25.029
   -28.781
   -20.503
   -18.235
   -14.309
   -12.138
   -10.072
   -13.277
   -13.145
    -8.416
    -3.489
    -4.613
    -7.790
    -9.475
    -9.531
    -6.053
    -0.702
     5.059
     8.325
    13.151
    13.741
     8.140
     4.598
     7.057
     7.715
     5.672
     5.398
     7.856
    13.948
    10.707
     6.609
     6.291
     3.430
     2.386
     0.901
     2.075
     3.122
     1.302
    -4.579
    -0.785
     2.347
     2.533
     3.355
     5.676
     5.249
     3.314
     4.707
     5.937
     2.448
    -1.555
     1.074
     0.700
    -1.045
     0.176
     0.696
     0.391
    -0.637
    -4.007
    -6.865
   -11.455
   -10.997
    -4.054
    -1.271
    -3.130
    -4.525
    -6.080
   -10.754
   -16.753
   -17.380
   -21.066
   -21.654
   -23.956
   -24.777
   -26.200
   -26.039
   -25.573
   -28.491
   -29.786
   -29.104
   -26.046
   -27.140
   -24.118
   -23.715
   -17.448
    -7.310
    -8.441
   -12.516
    -7.003
     3.909
     5.515
     9.251
    17.761
    13.778
    19.386
    29.939
    41.931
    43.978
    25.254
    20.782
    23.115
    25.934
    23.987
    17.138
    16.138
    16.962
    15.798
    13.895
    11.864
    11.507
    11.141
     8.832
     7.332
     7.751
    10.524
     9.446
     8.778
     8.410
    13.545
     3.471
     0.297
    -0.016
     1.648
     3.749
     3.168
     2.838
     3.370
     9.006
    10.419
    21.165
    26.036
     2.276
   -10.828
    -0.724
     2.948
    -0.971
    -3.614
    -4.237
    -0.180
    -1.488
    -4.266
    -4.202
    -2.775
   -22.176
   -24.451
   -12.131
   -11.066
   -14.661
   -12.991
    -9.395
   -12.401
   -12.193
   -11.327
   -12.768
   -14.390
    -9.901
    -6.371
    -7.538
    -8.035
    -2.170
    -5.357
     1.352
     0.715
     0.141
     1.236
     1.858
    -0.415
    -1.316
    -1.967
     2.941
     1.982
    -2.523
    -1.293
     0.288
    -1.112
    -1.484
    -2.462
    -2.470
    -2.492
    -4.621
    -2.620
    -5.012
    -4.786
    -7.877
    -5.088
    -7.081
    -4.116
    -3.522
    -4.962
    -5.225
    -4.585
    -4.018
    -0.508
    -1.367
    -0.343
    -0.730
     0.815
     2.710
     3.459
     6.689
     3.305
     2.990
     3.566
     6.206
     5.191
     4.254
     4.166
     4.947
     5.180
     8.809
     7.319
     4.274
     4.356
     2.291
     5.156
     5.867
     4.094
     8.024
    12.080
    16.843
    16.327
     8.490
     8.156
     9.690
     8.889
     7.225
     3.968
     6.354
    14.541
    15.901
     7.523
     2.661
    -0.924
     0.673
     8.403
     5.293
    -2.076
    -5.255
    -3.902
    -5.169
    -5.878
    -4.271
    -0.696
     0.103
     1.822
     2.746
     1.619
     1.811
    -0.920
     2.331
     2.640
    -0.446
    -2.155
    -2.395
    -3.637
    -6.701
    -7.620
    -7.442
    -9.084
   -11.244
    -7.274
    -9.315
   -13.016
   -11.986
    -5.337
    -8.842
   -11.184
   -13.908
   -15.161
   -11.397
   -12.584
    -7.916
    -9.215
    -6.647
   -11.629
   -11.935
    -8.834
    -7.040
    -9.834
    -7.607
    -4.286
    -4.326
     0.960
    -1.929
     2.257
     4.601
     5.870
     6.572
     5.972
     4.455
     0.332
     6.585
     3.564
     6.190
     1.899
    -4.506
    -3.000
    -3.837
     2.076
     3.238
     2.415
     0.737
    -1.806
     1.303
     4.805
     5.202
     5.219
     4.137
     3.765
     9.915
    11.989
     9.553
     9.418
     7.097
     5.501
     2.286
     1.001
     0.630
     2.949
     2.036
     2.309
    -1.354
    -1.422
     2.218
     5.817
     4.171
     0.820
    -2.013
     7.325
     6.552
     7.836
     0.887
     3.088
     3.991
    -0.617
     0.866
     2.038
     0.007
    -2.035
     1.017
     0.879
     2.452
     3.148
    -0.242
     2.209
     0.947
     3.787
     3.454
     1.403
    -2.328
    -2.552
    -3.481
    -2.502
    -2.382
    -3.935
    -5.769
    -5.469
    -1.164
    -2.508
    -1.627
    -0.633
    -0.005
    -1.421
    -4.280
    -2.090
    -1.350
    -0.569
    -3.213
     0.187
    -2.459
    -3.316
    -1.812
    -4.524
    -0.742
     2.024
     3.321
     2.892
    -0.137
     1.592
    -0.079
    -1.028
     0.475
     0.374
     0.978
     2.448
     1.138
    -0.614
     0.815
     1.310
    -1.556
     0.846
    -0.341
    -0.001
     0.757
     1.490
     3.669
     0.549
    -0.712
     2.859
     2.847
     0.210
     2.367
    -1.733
    -1.633
     2.445
     1.131
     2.533
     1.534
     0.730
    -3.999
    -1.162
     2.519
     1.869
    -0.345
    -2.581
    -1.202
     1.196
     1.476
     1.430
    -0.227
    -0.964
    -0.296
    -0.184
    -0.096
    -0.482
    -1.360
    -1.995
    -1.842
     0.888
     0.315
    -2.346
    -0.985
    -3.439
    -1.915
    -2.782
    -2.482
    -2.001
    -1.226
     0.994
    -0.552
     0.877
     1.033
     2.190
     0.937
     0.887
    -0.698
    -0.841
    -1.949
    -2.091
    -1.225
    -1.406
    -0.571
    -1.417
    -2.418
    -1.884
    -0.696
     0.777
     2.298
     2.171
     1.807
     0.640
     0.997
    -0.156
    -0.785
    -0.588
    -1.453
    -2.745
    -3.834
    -3.494
    -5.024
    -3.700
    -3.940
    -4.521
    -4.385
    -5.916
    -4.371
    -5.525
    -5.920
    -7.605
    -8.767
    -7.522
    -7.247
    -7.399
    -7.375
    -7.250
    -5.007
    -5.029
    -4.859
    -4.645
    -4.058
    -5.288
    -4.039
    -3.683
    -5.023
    -4.177
    -5.041
    -2.612
    -0.674
     0.449
     0.614
     1.350
     2.678
     4.041
     6.057
     6.224
     6.444
     7.914
     9.683
    11.205
    12.435
    12.557
    14.760
    13.936
    13.181
    11.680
    10.139
     9.149
     7.621
     4.844
     3.247
     4.035
     2.118
    -0.154
     1.208
     1.750
     3.979
     3.457
     5.498
     6.698
     8.174
     9.215
     8.738
     9.798
     9.305
     8.653
     7.003
     7.495
     7.207
     8.405
     7.702
     8.460
    10.651
    13.374
    17.230
    14.575
    11.556
    14.538
     5.010
    -1.248
    -2.894
    -7.480
   -10.052
    -9.618
   -12.034
   -13.283
   -11.191
   -11.959
   -11.395
   -11.356
   -11.524
    -9.961
    -8.590
    -7.973
    -5.502
    -4.701
    -3.684
    -2.735
     0.425
     1.868
     5.824
     5.904
     4.506
     4.600
     4.338
     5.388
     5.471
     3.724
     2.961
     0.853
    -2.109
    -0.743
     0.084
    -1.336
    -2.025
    -3.283
    -5.309
    -6.120
    -7.022
    -7.519
    -7.504
    -6.639
    -7.734
    -5.675
    -4.632
    -3.296
    -1.801
    -4.783
    -5.699
    -7.889
    -7.855
    -8.434
    -9.889
   -12.784
   -14.399
   -16.790
   -19.081
   -19.292
   -19.701
   -20.134
   -18.091
   -16.325
   -17.309
   -17.658
   -16.641
   -17.019
   -16.729
   -16.139
   -14.696
   -15.578
   -14.384
   -14.664
   -14.353
   -14.630
   -13.554
   -10.142
    -7.975
    -5.809
    -2.800
     0.704
     3.198
     4.696
     6.726
     7.669
     7.803
     5.318
     4.996
     4.468
     5.785
    11.966
    17.171
    19.963
    18.746
    19.174
    26.367
    27.822
    28.383
    28.458
    30.315
    30.166
    28.735
    27.390
    24.671
    20.954
    16.677
    13.942
    11.229
    10.086
     9.288
     8.113
     6.190
    13.158
    12.898
    15.849
    16.040
    12.646
    10.017
    10.165
     8.518
     8.825
     9.175
    10.729
    11.177
    13.545
    14.136
    12.914
     9.753
     8.121
     7.149
     4.373
     4.835
     3.381
     6.067
     5.909
     5.623
     2.555
     0.640
    -0.627
    -0.476
     0.491
     0.547
    -0.598
    -1.652
    -3.275
    -4.224
    -3.350
    -2.634
    -3.821
    -8.336
   -11.724
   -13.238
   -16.140
   -17.226
   -20.985
   -22.433
   -21.158
   -20.691
   -23.857
   -25.707
   -26.328
   -24.579
   -21.052
   -19.918
   -19.873
   -20.939
   -21.767
   -18.784
   -17.029
   -13.786
   -12.918
   -13.361
   -11.678
   -10.800
   -10.894
   -10.567
   -11.427
   -10.800
   -11.511
   -15.323
   -12.065
    -9.380
    -6.208
    -5.371
    -2.756
     2.613
     1.987
     1.944
     0.932
    -0.926
    -3.253
    -3.134
     1.522
     3.019
     7.840
    11.529
    12.389
    11.199
    10.597
     8.905
     6.406
    10.420
    12.690
    13.869
    13.686
    14.421
    13.060
    12.962
    18.542
    14.560
    11.653
     5.998
     6.076
     9.399
     8.084
     3.732
     5.004
     4.360
     6.971
     6.953
     4.230
    -3.364
    -4.750
    -7.706
   -13.702
   -13.155
   -10.412
   -10.716
    -8.665
    -5.423
    -7.540
    -6.419
    -5.603
    -5.488
    -5.213
    -8.459
    -9.994
    -4.082
    -8.020
    -3.258
    -2.414
    -1.153
     3.993
     2.919
     0.409
     1.765
     2.260
     1.031
     2.050
     2.719
     4.762
     9.768
    12.594
    11.172
    14.444
    16.174
    17.266
    18.911
    20.661
    18.832
    15.128
    16.439
    14.756
     8.792
     6.378
     4.207
     3.133
     2.729
     0.798
     2.535
     2.304
     4.994
     3.606
     3.742
     1.446
     0.865
     0.511
     0.446
     2.958
     4.796
     6.633
     7.697
     4.887
     4.910
     4.003
     1.489
     1.862
    -3.719
    -6.553
   -11.751
   -19.334
    -9.246
    -0.474
     0.103
     1.407
     1.139
    -2.956
    -5.864
    -6.391
    -7.385
    -8.364
    -7.470
    -2.463
     1.634
     6.171
    12.584
    11.100
     7.525
    -2.725
   -13.928
   -16.534
   -17.199
   -17.687
   -13.203
    -2.901
     2.358
     3.226
     1.223
    -0.322
    -3.157
    -4.947
    -5.093
    -6.986
    -8.530
    -7.308
    -8.092
    -7.204
    -6.009
    -6.209
    -6.331
    -7.798
    -7.543
    -8.350
    -7.033
    -6.247
    -6.326
    -7.202
    -6.528
    -6.008
    -7.613
    -6.933
    -7.197
    -7.842
    -8.744
    -8.269
    -5.352
     3.243
     4.000
     7.248
     7.425
     7.207
     7.507
     5.846
     4.886
     2.554
     0.887
    -1.410
    -2.112
    -1.957
    -2.332
    -2.429
    -0.815
    -0.880
     0.129
     0.640
     0.307
    -0.352
     0.179
     0.530
     1.656
     1.369
     0.262
     0.135
     1.344
     1.480
     1.395
     0.955
     0.950
     1.491
     1.678
     1.981
     4.007
     1.951
    -0.166
    -0.245
     2.316
     2.578
     1.932
     0.700
     0.645
     2.340
     3.363
     2.368
     2.294
     2.802
     4.827
     5.101
     5.764
     3.648
     3.367
     3.937
     5.277
     5.467
     6.577
     5.363
     5.569
     5.878
     5.935
     4.959
     3.609
     2.922
     1.217
     2.359
     1.548
     2.146
     2.547
     1.296
    -0.032
     1.275
     1.284
     2.954
     2.047
     3.765
     4.532
     5.737
     6.936
     9.800
    10.145
    10.485
    10.219
     8.618
     7.747
     7.845
     5.535
     7.008
     7.644
     6.054
     6.110
     6.914
     6.492
     6.027
     3.573
     2.158
     0.858
    -4.252
    -6.933
    -8.487
    -9.495
    -9.452
    -9.409
    -9.271
    -9.654
    -7.051
    -7.887
    -7.981
    -8.689
    -9.869
    -9.046
    -7.655
    -7.131
    -8.838
    -7.680
    -6.977
    -6.560
    -5.546
    -2.529
    -2.795
    -2.926
    -3.028
    -2.282
    -2.570
    -1.960
    -3.288
    -2.833
    -3.086
    -3.727
    -3.008
    -2.683
    -4.022
    -2.322
    -3.078
    -3.111
    -2.086
    -2.190
    -2.301
    -3.568
    -3.474
    -4.039
    -4.121
    -4.635
    -3.738
    -3.136
    -4.541
    -4.225
    -2.825
    -1.865
    -2.297
    -1.928
    -1.872
    -1.995
    -2.371
    -2.209
    -2.166
    -1.721
    -2.906
    -2.312
    -0.674
    -0.251
    -0.299
    -0.222
     0.537
     1.811
     1.573
     2.500
     3.474
     3.788
     3.522
     3.430
     4.092
     3.150
     3.204
     4.201
     3.563
     4.076
     4.197
     4.527
     4.977
     4.936
     4.694
     4.729
     4.203
     4.062
     3.915
     2.290
     1.838
     1.843
     1.710
     1.762
     0.672
     0.706
     0.613
     1.015
     0.471
     0.752
     1.641
     1.494
     1.795
     1.408
     1.030
     1.410
     1.766
     0.931
     1.085
     0.836
     0.337
     0.340
    -1.101
    -0.021
    -0.334
    -0.307
     0.235
     1.494
     1.533
     2.868
     3.272
     3.115
     3.103
     3.135
     1.915
     2.370
     1.554
     0.977
     0.834
    -0.011
    -0.105
    -0.538
    -1.100
    -2.511
    -2.444
    -1.667
    -2.869
    -2.156
    -2.324
     0.387
     0.513
     0.391
     0.038
     0.641
     0.681
     1.157
     0.360
     1.170
     1.708
     0.201
    -1.448
    -0.394
    -0.546
     0.958
     1.154
     1.401
     1.087
     1.349
     2.014
     1.538
     2.121
     1.053
     0.586
     1.249
     2.186
     1.666
     1.193
     0.385
     0.515
     0.551
     0.835
     0.834
     0.649
     0.273
     0.150
     0.062
    -0.518
    -0.686
    -1.272
    -2.066
    -1.997
    -0.858
    -0.593
    -0.971
    -1.429
    -1.996
    -2.030
    -1.111
    -0.923
    -0.780
     0.203
    -1.427
    -1.096
    -1.791
    -1.134
    -0.622
    -0.230
    -1.067
    -1.007
    -1.340
    -0.529
    -1.345
    -0.609
    -0.748
    -1.958
    -2.194
    -0.507
    -0.867
    -1.773
    -1.385
    -0.370
    -0.751
    -1.062
    -0.976
    -1.635
    -0.800
    -0.948
    -1.537
    -1.649
    -1.893
    -1.666
    -2.089
    -2.530
    -2.476
    -3.800
    -3.890
    -3.385
    -4.274
    -4.678
    -3.851
    -4.680
    -5.335
    -4.923
    -4.708
    -4.839
    -4.213
    -5.311
    -4.362
    -5.067
    -5.177
    -5.767
    -6.699
    -6.644
    -7.678
    -8.126
    -6.975
    -5.763
    -5.177
    -3.255
    -2.891
    -1.518
     0.308
     2.184
     3.110
     3.368
     5.740
     9.631
     9.693
    10.621
    10.371
    10.814
    10.837
     9.948
     7.758
     7.254
     6.255
     5.096
     5.133
     4.661
     4.212
     4.369
     4.944
     6.238
     6.221
     5.924
     4.510
     5.810
     5.336
     4.431
     4.190
     4.052
     5.948
     5.493
     3.074
     3.304
     2.831
     2.821
     3.078
     2.503
     2.529
     2.521
     2.209
     1.468
     0.661
    -0.929
    -0.649
     0.030
     0.006
     0.711
     0.388
     1.836
     0.564
    -0.228
     0.029
     1.676
     1.666
     1.186
    -0.316
     0.022
     0.322
     0.136
    -1.883
    -3.498
    -2.174
    -0.875
     0.111
     2.117
    -2.239
    -5.501
    -5.485
    -5.642
    -3.670
    -2.969
    -1.144
    -1.051
    -1.443
    -2.701
    -4.041
    -4.047
    -4.830
    -5.085
    -3.602
    -2.721
    -2.987
    -1.997
    -2.582
    -3.063
    -3.593
    -4.490
    -3.939
    -3.141
    -1.597
    -0.624
    -0.452
    -0.143
    -0.254
    -0.666
    -1.153
    -1.380
    -1.261
     0.068
    -0.624
    -1.063
    -1.131
    -0.729
     0.353
     0.332
    -0.571
    -0.406
    -0.483
    -1.582
    -3.670
    -3.475
    -2.168
    -1.328
    -2.181
    -1.864
    -2.020
    -1.842
    -1.753
    -1.302
    -0.811
    -1.173
    -0.217
    -0.176
     0.277
    -0.158
    -0.687
    -0.835
    -1.296
    -1.566
    -0.022
    -1.071
    -1.060
    -1.603
    -0.591
    -0.968
    -0.141
    -0.339
    -0.043
     0.733
     0.749
     0.913
     1.518
     1.910
     1.527
     0.435
    -2.653
    -2.934
    -2.894
    -1.271
     1.676
     2.242
     2.779
     3.401
     3.156
     3.073
     3.385
     4.688
     5.175
     2.682
     1.848
     1.999
     1.572
     1.692
     1.562
     0.999
     1.490
     2.132
     2.196
     2.265
     2.099
     2.248
     4.097
     4.192
     3.106
     1.396
     0.725
     1.496
     2.929
     1.885
     1.852
     1.654
     2.235
     2.233
     2.319
     1.909
     0.230
     1.315
     1.778
     2.144
     1.748
     2.106
     1.245
    -0.058
    -0.388
    -0.108
    -0.728
     1.192
    -0.669
    -0.249
    -0.227
     0.241
    -0.023
    -0.601
     0.419
    -0.018
    -0.980
    -1.243
    -2.156
    -2.270
    -2.529
    -2.178
    -2.482
    -1.662
    -1.302
     1.006
     0.678
     0.548
    -0.116
    -0.959
     0.215
     0.764
     1.080
     0.351
    -1.110
    -0.591
    -0.249
    -1.393
    -1.160
    -0.161
    -0.519
     0.113
     0.427
    -0.463
    -0.752
    -0.485
    -1.431
    -2.219
    -2.205
    -2.138
    -0.941
    -1.034
    -0.774
    -1.423
    -1.897
    -0.918
    -0.699
    -1.458
    -1.509
    -0.537
    -2.139
    -2.648
    -2.802
    -2.538
    -2.428
    -1.849
    -1.601
    -1.718
    -1.336
    -1.239
    -1.206
    -0.518
    -0.838
    -1.490
    -1.804
    -1.969
    -1.593
    -1.465
    -1.092
    -2.047
    -1.748
    -2.541
    -2.189
    -2.918
    -2.662
    -2.253
    -1.083
    -1.161
    -1.320
    -0.758
    -0.192
    -0.263
    -1.852
    -0.590
    -1.247
    -0.648
    -0.338
     1.208
     0.237
     0.758
     1.156
     1.498
     0.308
     1.134
     1.198
     0.604
     1.570
     1.578
     1.282
     1.330
     2.403
     2.534
     2.350
     3.145
     3.841
     3.058
     4.000
     2.979
     2.509
     2.667
     2.063
     2.414
     2.206
     2.023
     3.104
     3.104
     4.109
     4.225
     3.919
     4.303
     3.460
     4.555
     4.608
     4.630
     4.749
     5.225
     5.546
     4.787
     4.353
     5.990
     4.911
     3.306
     2.934
     3.465
     1.937
     2.172
     2.501
     0.693
    -0.157
     0.659
     0.700
     0.800
     0.819
    -0.313
     1.564
     0.344
    -0.637
    -0.479
     0.070
     0.340
     0.428
    -1.302
    -1.530
    -2.702
    -4.794
    -4.829
    -5.899
    -6.409
    -7.297
    -6.733
    -7.638
    -8.619
    -7.645
    -9.163
    -9.763
    -5.833
    -8.243
    -5.838
    -6.442
    -4.283
    -5.173
    -4.490
    -3.719
    -2.740
    -2.556
    -2.547
    -2.360
    -2.207
    -2.902
    -3.560
    -1.900
    -2.544
    -3.819
    -4.835
    -5.946
    -5.360
    -4.415
    -5.749
    -6.836
    -5.431
    -4.467
    -4.409
    -4.082
    -4.295
    -2.706
    -5.404
     0.369
    -3.404
    -3.751
    -1.917
    -4.530
    -4.868
    -5.770
    -5.156
    -1.058
    -0.180
     0.359
     0.352
     2.315
     2.403
     4.081
     4.957
     5.550
     5.160
     7.165
     6.483
     9.188
    10.054
    11.271
    10.375
    11.189
    10.480
    11.053
     9.476
    16.635
    18.650
    15.548
    11.650
     9.782
     9.579
    17.047
    12.234
     7.064
    12.573
    10.402
    10.717
    11.682
     9.461
     8.045
     7.889
     5.309
     5.314
     3.519
     4.527
     4.513
     1.408
     1.303
     0.359
    -0.229
     0.029
     0.405
    -0.105
    -0.802
    -1.177
    -1.260
    -1.716
    -1.657
    -1.712
    -2.276
    -1.136
    -1.875
    -1.959
    -3.619
    -3.559
    -4.080
    -3.805
    -5.810
    -6.852
    -6.737
    -6.768
    -9.317
    -7.271
    -6.154
    -7.207
    -8.500
   -10.224
    -9.284
    -9.994
    -9.093
    -8.380
    -8.901
    -9.296
    -9.154
    -9.304
    -7.853
    -8.538
    -8.246
    -8.366
    -8.308
    -8.081
    -7.873
    -7.944
    -7.344
    -7.103
    -6.924
    -6.713
    -6.533
    -6.386
    -5.894
    -5.709
    -5.388
    -5.167
    -5.084
    -4.895
    -4.718
    -4.761
    -4.502
    -4.228
    -3.610
    -3.362
    -3.073
    -2.638
    -2.199
    -1.816
    -1.467
    -1.109
    -0.768
    -0.356
    -0.025
     0.380
     0.700
     1.100
     1.442
     1.823
     2.164
     2.556
     2.902
     3.294
     3.639
