     4.399
     4.708
     5.028
     5.324
     5.630
     5.913
     6.201
     6.480
     6.756
     7.010
     7.287
     7.504
     7.704
     7.932
     8.097
     8.231
     8.352
     8.448
     8.468
     8.583
     8.653
     8.582
     8.522
     8.512
     8.662
     8.558
     8.556
     8.559
     8.205
     8.350
     8.058
     7.931
     7.600
     7.146
     6.992
     6.428
     6.080
     5.914
     5.268
     5.097
     4.710
     4.224
     3.704
     3.003
     2.398
     1.771
     1.292
     0.802
    -0.131
    -0.808
    -1.552
    -1.624
    -2.815
    -3.243
    -4.248
    -5.531
    -6.749
    -7.286
    -7.714
    -7.270
    -8.705
    -9.463
    -8.579
    -8.179
    -7.762
    -7.896
    -7.538
    -6.561
    -5.366
    -4.491
    -3.586
    -2.504
    -1.733
    -1.930
    -1.348
    -0.667
    -0.062
    -0.798
     0.379
    -0.512
     0.063
    -0.490
     0.209
     1.632
     4.081
     4.776
     5.076
     3.879
     1.554
     0.611
    -1.322
    -1.815
    -3.628
    -4.968
    -7.379
    -8.671
   -10.598
    -9.501
    -7.758
    -7.260
    -4.995
    -3.792
    -2.416
    -3.020
    -2.999
    -5.083
    -3.942
    -4.249
    -3.545
    -1.932
    -3.510
    -2.851
    -4.588
    -5.445
    -3.645
    -3.551
    -4.849
    -4.766
    -5.030
    -3.693
    -3.287
    -3.572
    -4.840
    -5.407
    -4.167
    -4.915
    -3.182
    -1.468
    -2.044
    -2.254
    -1.906
    -2.038
    -1.598
    -0.761
    -2.215
    -1.414
    -0.627
     0.362
     0.174
     1.074
     0.551
     1.058
     3.234
     2.562
     2.957
     2.894
     2.485
     2.041
     1.793
     0.233
     1.633
     2.687
     4.016
     4.274
     2.232
     3.236
     2.960
     2.012
     5.636
     3.144
     1.512
     2.798
     4.092
     4.836
     6.752
     7.699
     7.190
     6.200
     7.993
     7.770
     6.563
     6.309
     4.791
     4.362
     4.600
     4.282
     2.801
     2.908
     2.779
     2.466
     3.243
     1.319
    -0.892
     0.892
     1.601
     3.445
     1.214
     1.718
     2.947
     5.035
     2.242
     2.069
    -0.765
    -1.056
    -3.922
    -1.165
    -1.169
     4.248
     5.181
     5.746
     5.879
     6.512
     3.663
     0.771
    -1.764
     2.058
     5.987
     7.777
     6.165
     6.926
     7.925
    10.676
    10.316
    10.476
    11.553
    14.686
    11.922
    10.790
    13.290
    12.600
    12.446
    12.215
     8.855
     4.730
     3.312
     3.271
     2.587
    -0.523
    -2.362
    -3.092
    -3.647
    -2.387
    -5.011
    -2.483
    -5.531
    -5.329
    -4.216
    -6.920
   -11.071
   -11.933
   -12.945
   -14.277
   -15.487
   -16.373
   -15.890
   -17.294
   -15.330
   -18.560
   -17.465
   -18.949
   -13.592
   -16.645
   -11.296
   -11.408
   -17.943
   -19.604
   -17.455
   -17.303
   -15.126
   -16.982
   -16.706
   -14.738
   -13.282
   -12.775
   -11.735
   -11.710
   -10.920
    -8.860
    -7.303
    -5.846
    -1.967
    -6.048
    -6.281
    -4.527
    -2.430
    -1.145
    -1.817
    -1.270
     0.492
     0.497
     0.708
     2.698
     2.631
     0.853
    -0.072
     1.825
     2.525
     3.925
     5.338
     6.166
     7.276
     7.956
     8.373
     7.438
     6.092
     6.480
     7.408
     8.190
     5.775
     6.483
     8.653
    10.669
    11.063
    11.200
    12.209
     9.762
    12.383
    11.300
    10.148
    11.472
     8.785
     7.893
     8.361
     7.539
     7.342
    10.233
     8.353
     7.997
     9.142
     9.406
    12.051
     8.751
     6.802
     7.077
     5.851
     6.082
     8.858
     8.700
     8.366
     7.012
     6.863
     6.160
     4.994
     4.578
     3.410
     2.439
     3.845
     7.067
     5.778
     4.526
     3.148
     2.800
     2.917
     2.769
     5.976
     7.417
     7.744
     5.379
     0.310
     4.131
     5.668
     6.095
     6.957
     5.614
     3.078
     3.667
     6.052
     4.150
     0.176
    -1.164
    -2.105
    -1.180
    -2.255
    -4.845
     1.375
    -1.589
    -2.677
    -6.369
    -8.650
    -8.879
    -8.768
    -8.660
    -9.892
    -8.213
    -9.384
   -10.152
   -10.061
   -11.497
   -13.339
   -14.787
   -14.872
   -13.692
   -13.111
   -13.571
   -13.179
   -12.920
   -14.148
   -15.141
   -14.433
   -13.353
   -12.300
   -11.823
   -10.987
   -10.580
    -9.476
    -8.518
    -8.781
    -7.324
    -7.179
    -5.827
    -4.831
    -4.899
    -4.436
    -4.815
    -5.852
    -5.414
    -5.205
    -1.980
    -1.695
     0.766
    -0.803
    -0.654
    -0.732
     0.839
     1.711
    -1.951
     1.568
     2.200
    -0.740
    -1.516
    -4.433
    -2.347
    -0.872
    -4.337
    -3.337
    -0.773
     2.310
     5.540
     6.907
     6.544
     4.256
     0.891
     0.069
     0.483
     2.064
     3.436
     3.617
     2.213
     0.219
     0.550
    -1.844
     0.919
    -2.824
    -2.896
    -3.947
    -2.295
    -1.021
     3.639
     3.211
     7.592
     8.239
     8.638
     7.616
     5.913
     5.852
     9.219
    14.565
    17.682
    19.502
    19.715
    19.129
    17.926
    23.424
    21.669
    19.837
    20.262
    20.753
    18.361
    15.365
    15.717
    15.245
    14.331
    12.455
    12.054
    11.120
    11.459
    10.825
     7.781
     4.709
     4.442
     3.550
     2.390
    -0.332
    -1.538
    -1.478
    -1.892
    -5.666
    -7.025
    -7.979
   -10.144
   -10.003
   -10.477
   -10.890
    -9.217
    -5.824
    -5.640
    -8.113
    -7.587
    -9.344
    -8.760
    -8.214
    -8.285
    -6.998
    -6.555
    -6.843
    -8.503
    -8.972
    -7.969
    -9.614
   -10.351
   -10.048
    -8.752
   -12.747
   -14.018
   -10.862
    -8.126
    -6.915
    -7.509
    -7.726
    -7.384
    -6.418
    -6.724
    -6.897
    -8.091
    -8.313
    -7.954
    -6.552
    -6.379
    -6.226
    -7.121
    -7.600
    -7.976
    -5.211
    -3.714
    -2.734
    -2.330
    -3.728
    -5.372
    -7.684
    -7.524
    -4.940
    -3.224
    -3.159
    -3.209
    -3.393
    -1.791
    -2.035
    -0.708
     0.024
    -0.450
     1.313
     2.639
     3.927
     4.962
     5.976
     4.062
     2.874
     2.924
     3.697
     4.766
     8.354
    10.224
     8.367
     9.008
     9.411
     9.090
    11.328
    11.277
    12.292
    12.016
    10.818
    10.105
    10.081
    10.091
    10.453
     8.181
     7.111
     7.184
     8.170
     6.836
     7.839
     8.146
     9.296
     9.236
     8.224
     5.276
     4.236
     2.286
     2.197
     0.997
     0.086
    -3.231
    -4.295
    -2.245
    -1.331
    -2.889
    -4.401
    -3.194
    -2.419
    -0.311
     0.502
     2.197
     1.546
     0.989
     1.788
     1.418
     2.947
     1.442
     0.389
     0.598
     0.465
     0.052
     0.161
    -0.400
    -0.602
    -0.923
    -2.222
    -2.889
    -2.831
    -2.097
    -3.470
    -2.818
    -5.605
    -7.393
    -6.908
    -7.271
    -8.063
    -7.948
    -8.582
    -7.054
    -8.600
    -9.524
    -8.361
    -7.135
    -9.717
    -9.543
    -8.577
    -7.621
    -7.656
    -5.994
    -5.800
    -7.854
    -6.676
    -5.882
    -7.295
    -3.787
    -3.672
    -3.604
    -5.210
    -2.843
    -3.166
    -2.708
    -0.325
    -1.522
    -0.537
    -2.004
     0.445
    -0.063
    -0.573
    -0.016
     1.456
    -0.082
     1.424
     1.192
     0.254
     0.788
     1.345
     0.108
     0.320
     1.403
     0.416
     1.931
     0.029
     2.745
     4.549
     3.627
     5.652
     6.005
     7.438
     7.879
     9.595
     8.753
     8.408
     8.043
     8.664
     7.856
     7.618
     8.511
     9.538
     8.161
     7.016
     7.244
     6.663
     4.807
     3.419
     4.608
     5.941
     5.016
     5.159
     3.664
     4.880
     5.671
     6.057
     6.298
     7.023
     6.019
     5.518
     5.774
     5.176
     6.375
     6.975
     7.126
     7.503
     7.424
     8.298
     7.122
     6.405
     4.694
     4.853
     4.149
     2.794
     3.356
     1.227
     0.689
    -0.676
    -2.318
    -3.695
    -5.811
    -6.625
    -6.869
    -7.520
    -7.291
    -7.688
    -9.445
   -11.398
   -10.232
   -10.389
   -11.232
   -11.822
   -10.634
   -10.173
   -11.654
   -11.943
   -12.086
   -11.866
   -11.260
    -9.811
   -10.998
    -7.637
    -8.651
    -7.603
    -6.092
    -5.491
    -4.938
    -6.194
    -5.415
    -4.313
    -2.607
    -4.650
    -4.848
    -4.757
    -4.796
    -5.934
    -8.507
    -8.120
    -8.553
    -6.460
    -5.951
    -6.059
    -5.104
    -5.296
    -5.265
    -3.636
    -3.725
    -2.025
    -0.502
     1.685
    -1.141
     0.828
     1.218
     2.288
     2.803
     4.717
     3.574
     5.452
     4.936
     4.288
     6.438
     4.421
     4.282
     4.912
     7.119
     7.576
     8.414
     8.483
     8.091
     8.712
     6.817
     5.459
     5.247
     4.460
     5.078
     4.373
     6.078
     6.046
     4.622
     0.927
     0.196
     0.239
    -0.762
     0.267
    -1.963
    -2.495
    -0.405
    -0.500
     2.732
     3.931
     2.853
     3.018
     2.926
     2.900
     2.094
     1.593
     2.636
     2.506
     3.130
     3.334
     4.171
     4.468
     3.461
     4.123
     5.202
     5.594
     4.799
     3.315
     4.353
     4.050
     2.501
     2.036
     3.612
     5.125
     3.588
     2.504
     3.764
     4.810
     4.655
     5.420
     3.522
     4.530
     6.547
     6.196
     5.049
     4.249
     3.999
     4.196
     1.894
     2.388
     1.634
     2.721
     3.094
     3.018
     2.898
     3.661
     2.679
     3.406
     1.736
     3.948
     3.761
     3.980
     1.568
     1.657
     1.047
    -0.726
    -2.208
    -1.656
    -0.246
    -1.199
    -2.478
    -2.544
    -2.376
    -3.920
    -4.575
    -5.954
    -6.357
    -6.375
    -6.807
    -6.859
    -7.634
    -7.017
    -6.793
    -6.705
    -5.198
    -6.935
    -7.055
    -8.035
    -7.592
    -7.522
    -6.883
    -8.349
    -9.965
   -10.469
   -10.851
   -10.787
   -10.510
   -11.757
   -10.705
   -11.703
   -10.299
   -10.398
    -9.535
   -11.730
    -9.952
   -10.944
    -9.391
    -7.064
    -4.926
    -5.930
    -7.034
    -7.582
    -8.148
    -8.041
    -7.619
    -9.890
   -10.844
   -12.605
   -13.362
   -12.960
   -13.822
   -14.517
   -12.698
   -13.509
   -12.913
   -11.229
    -8.415
    -5.334
    -2.804
    -1.280
    -0.551
     3.245
     4.649
     6.837
     9.150
     9.536
     9.891
    11.127
    12.959
    16.917
    17.727
    19.433
    20.204
    20.783
    19.606
    19.407
    20.094
    21.354
    17.941
    17.901
    16.184
    14.150
    13.698
    16.807
    17.284
    16.497
    13.717
    12.311
    12.393
    15.367
    16.105
    15.594
    15.454
    15.368
    14.657
    11.603
    11.311
     9.848
     7.250
     6.480
     5.193
     3.128
     2.680
     2.966
     0.954
     0.039
    -0.191
    -0.329
    -1.768
    -3.666
    -2.671
    -4.549
    -1.434
    -0.868
     1.728
     2.440
     1.045
     0.033
    -1.019
    -0.716
    -3.321
    -4.001
    -1.718
     0.421
    -0.401
    -1.913
    -0.743
    -0.752
    -0.774
    -1.853
    -0.728
    -2.214
    -1.187
    -3.298
    -6.196
    -6.478
    -7.078
    -8.902
    -6.231
    -6.860
    -5.879
    -6.784
    -4.755
    -6.021
    -6.009
    -5.572
    -5.710
    -5.291
    -5.736
    -7.044
    -9.004
   -11.323
   -13.313
   -12.536
   -11.405
   -11.468
    -8.939
    -6.859
    -7.286
    -8.820
    -6.909
    -8.715
    -9.509
   -10.494
   -13.770
   -15.624
   -16.014
   -16.515
   -15.973
   -15.009
   -14.698
   -11.570
   -12.378
   -10.183
    -8.072
    -9.247
   -10.215
   -14.501
   -14.179
   -14.464
   -14.355
   -15.478
   -17.826
   -20.467
   -21.144
   -20.462
   -20.063
   -19.647
   -20.532
   -19.619
   -19.075
   -16.777
   -10.819
    44.965
    55.610
    38.765
    36.140
    36.896
    37.288
    35.529
    33.395
    37.008
    38.848
    35.624
    30.965
    30.700
    24.684
    24.669
    21.384
    22.864
    25.429
    19.635
    16.191
     8.807
     3.865
     9.898
    10.516
    15.273
    11.865
     6.083
     2.800
     3.212
     1.130
    -2.304
    -8.355
   -12.145
   -13.372
   -11.924
   -14.453
   -17.049
   -19.622
   -23.146
   -20.396
   -21.588
   -15.352
   -11.190
    -7.997
    -7.639
    -7.322
    -9.834
   -10.236
    -5.630
    -1.416
    -3.978
    -6.450
    -7.889
    -6.265
    -2.934
     2.261
     5.508
    11.479
    12.009
    11.997
     6.241
     6.196
     7.646
     7.464
     6.294
     4.246
     7.408
    13.911
     9.826
     6.431
     5.803
     1.610
     0.525
    -0.132
     2.310
     3.809
     0.724
    -2.045
     2.013
     3.852
     3.645
     4.035
     7.751
     6.328
     5.855
     6.885
     7.832
     5.164
     1.574
     3.599
     4.409
     3.691
     4.107
     4.901
     4.444
     1.596
     0.082
    -2.319
    -4.687
    -4.416
     0.118
     2.571
    -3.185
    -4.669
    -4.973
   -11.323
   -16.467
   -18.518
   -22.295
   -20.899
   -24.023
   -24.930
   -26.379
   -27.971
   -27.025
   -29.854
   -32.568
   -32.092
   -30.468
   -29.636
   -29.115
   -27.900
   -23.130
   -11.757
   -12.247
   -14.923
    -9.353
     1.076
     2.481
     8.941
    12.834
    14.823
    17.499
    24.588
    38.052
    40.133
    23.983
    17.225
    17.351
    22.163
    21.545
    12.706
    12.212
    13.023
    12.942
    10.978
    11.406
    11.054
    11.067
    10.852
     7.837
     5.231
     9.070
     8.256
     8.001
     7.912
     9.347
     1.799
     0.385
     1.331
     1.269
     3.860
     5.150
     3.012
     4.753
     7.679
     9.529
    18.713
    21.525
    -3.266
   -14.784
    -1.427
    -0.260
    -1.489
    -2.112
    -4.913
    -0.855
    -4.928
    -4.579
     1.796
     2.848
   -19.031
   -19.545
    -6.501
    -8.500
   -13.813
   -11.649
    -8.690
    -8.904
    -7.867
    -7.037
    -7.634
   -10.492
    -4.590
    -8.054
    -5.633
    -6.439
    -3.943
    -4.265
     4.954
     1.792
    -0.299
     4.074
     3.348
     1.619
    -1.193
    -0.457
     4.732
     4.900
     1.353
     2.538
     2.411
    -1.550
     2.058
    -2.085
    -2.779
    -1.203
    -2.268
    -1.243
    -2.380
    -4.785
    -7.938
    -5.685
    -8.477
    -4.475
    -3.018
    -4.895
    -4.120
    -5.280
    -5.307
    -0.991
    -0.884
    -2.046
     2.400
     4.724
     1.970
     6.283
     5.364
     3.136
     3.682
     4.040
     5.920
     6.116
     5.770
     6.628
     6.304
     9.592
     9.387
     7.831
     6.087
     4.447
     4.026
     8.435
     5.992
     3.764
     8.034
    12.819
    10.838
     9.427
     3.773
     4.887
     6.505
     3.914
     3.107
     2.057
     3.156
    15.823
    13.579
     3.747
    -0.973
    -5.519
     0.693
     8.094
    -1.374
    -9.625
    -8.541
    -6.693
    -9.160
   -10.825
    -8.914
    -6.029
    -3.171
     0.116
     1.690
    -0.661
    -1.856
    -1.912
     4.010
     1.536
    -1.859
    -3.418
    -2.019
    -2.630
    -6.580
    -6.249
    -8.089
    -9.779
   -12.492
    -5.347
    -9.491
   -12.231
   -10.520
    -2.608
    -5.445
   -10.103
   -14.276
   -14.002
    -8.807
   -10.072
    -5.402
    -5.703
    -2.551
    -8.824
   -11.518
    -9.006
    -7.454
    -7.563
    -5.495
    -1.852
    -2.795
     3.177
     2.556
     7.789
     8.506
    10.235
     9.289
     9.064
     9.011
     6.346
    11.473
     9.596
     9.144
     5.061
    -1.374
     0.264
    -2.266
     2.085
     5.130
     2.995
    -1.563
    -4.566
     0.600
     5.929
     5.587
     3.748
     2.357
     2.273
    10.119
    10.629
     6.523
     6.671
     5.054
     3.674
     1.052
    -0.444
    -2.915
    -1.106
    -0.095
    -0.265
    -6.731
    -3.733
     0.032
     2.064
     3.908
    -1.911
    -4.843
     6.161
    13.280
     6.135
     0.171
     1.224
     3.982
    -0.967
     0.898
    -0.888
    -3.410
    -2.217
    -0.768
     0.469
    -0.804
     3.638
     0.291
     0.635
     0.372
     3.734
     2.406
     0.546
    -2.367
    -3.550
    -2.979
    -4.769
    -3.768
    -5.576
    -6.489
    -8.107
    -2.036
    -3.109
    -2.731
    -2.489
    -0.238
    -1.576
    -4.879
    -2.062
    -1.310
    -0.284
    -1.974
     1.324
    -1.098
    -2.609
    -2.072
    -4.039
     1.017
     4.038
     5.407
     2.905
     2.779
     4.015
     2.654
     1.912
     4.323
     3.477
     3.893
     6.400
     4.322
     1.714
     2.636
     2.510
     1.065
     3.673
     1.897
     0.487
     1.845
     3.952
     3.997
     0.381
    -1.041
     3.617
     4.198
     2.896
     1.979
    -2.190
    -0.538
     3.927
    -0.073
     1.100
    -0.880
    -1.958
    -4.981
     2.906
     3.976
    -1.092
    -1.559
    -5.233
    -2.172
     0.808
     0.798
     0.179
    -1.606
    -2.309
    -1.423
    -2.711
    -2.243
    -2.841
    -2.347
    -3.275
    -1.621
    -0.347
     0.246
    -3.115
    -2.833
    -3.771
    -3.662
    -3.153
    -3.682
    -2.023
    -3.217
    -0.718
    -1.894
     1.541
     2.089
     0.456
     0.389
     1.196
     0.574
    -0.010
    -1.248
    -1.067
     0.130
    -2.519
    -0.167
    -1.781
    -2.231
    -1.342
     0.490
     2.007
     1.046
     2.648
     1.853
     1.400
     1.372
     2.686
     1.029
     0.350
    -0.563
    -0.358
    -1.505
    -2.605
    -3.589
    -2.620
    -2.485
    -3.324
    -5.400
    -5.650
    -5.517
    -5.250
    -6.828
    -8.381
    -8.966
    -7.375
    -7.340
    -8.975
    -8.172
    -8.013
    -5.876
    -6.878
    -6.249
    -6.445
    -5.662
    -5.201
    -5.069
    -5.024
    -6.446
    -5.417
    -6.131
    -2.733
    -0.872
    -2.672
    -2.538
    -0.703
     1.586
     2.273
     3.658
     3.419
     4.458
     6.575
     8.292
     9.155
     9.610
    12.152
    14.469
    13.310
    11.781
    10.613
     9.700
     9.060
     8.909
     4.243
     3.464
     4.720
     5.114
     1.556
     2.611
     1.118
     4.137
     2.926
     6.372
     8.176
     9.592
     9.356
     9.385
    11.171
     9.964
     9.614
     9.657
     7.688
     7.264
     8.395
     7.341
     8.325
    12.510
    15.903
    18.679
    16.782
    14.071
    16.421
     4.614
     3.763
     0.063
    -4.483
    -6.082
    -5.503
    -9.530
   -10.462
    -9.006
    -8.059
    -9.092
    -9.188
    -9.460
    -7.861
    -6.749
    -6.726
    -4.622
    -3.191
    -4.056
    -1.407
     0.823
     3.064
     7.224
     6.712
     5.006
     3.883
     5.096
     6.454
     5.684
     3.254
     3.467
     0.192
    -2.463
    -0.318
    -1.759
    -2.335
    -1.986
    -5.062
    -5.483
    -7.820
    -8.239
    -8.396
    -7.688
    -7.952
    -7.460
    -7.506
    -4.953
    -4.574
    -3.619
    -6.737
    -8.064
   -10.517
   -10.741
   -10.168
   -11.938
   -14.834
   -16.928
   -19.140
   -21.352
   -21.412
   -21.767
   -21.039
   -19.209
   -18.632
   -20.435
   -19.434
   -19.828
   -18.556
   -18.640
   -17.951
   -17.291
   -16.979
   -15.563
   -15.107
   -16.416
   -14.561
   -15.625
   -12.061
    -9.370
    -6.979
    -4.317
    -1.481
     0.252
     2.477
     4.104
     5.979
     5.840
     3.856
     4.912
     4.756
     7.052
    12.759
    18.016
    18.774
    19.472
    19.949
    27.528
    27.911
    29.013
    29.131
    31.236
    30.400
    29.945
    29.046
    26.162
    22.278
    18.741
    15.423
    12.890
    11.714
    11.012
     9.642
     8.678
    13.522
    14.720
    15.765
    16.068
    12.804
    10.593
    11.824
     9.791
     9.586
    10.127
    11.901
    11.734
    13.728
    15.226
    14.886
    10.938
    10.273
     9.905
     7.565
     6.293
     6.729
     7.552
     9.394
     6.727
     5.216
     2.879
     2.582
     1.414
     1.370
     1.684
     0.757
    -0.777
    -2.894
    -2.022
    -2.674
    -2.221
    -3.627
    -7.227
   -10.437
   -12.008
   -14.017
   -17.261
   -20.825
   -21.328
   -19.733
   -21.194
   -24.322
   -25.783
   -26.211
   -25.388
   -22.623
   -21.044
   -21.377
   -21.883
   -21.415
   -18.266
   -15.889
   -12.579
   -12.225
   -14.643
   -12.304
   -11.788
   -11.663
   -11.851
   -11.526
   -13.400
   -14.267
   -17.286
   -13.171
   -12.397
    -7.270
    -8.184
    -3.894
     1.658
     1.075
    -0.007
    -1.805
    -4.705
    -6.363
    -5.683
     0.804
     2.211
     7.256
    10.252
     9.896
    10.813
    10.644
     8.499
     5.171
     9.088
    11.414
    10.675
    10.936
    12.452
     9.770
    12.844
    19.314
    14.421
    10.048
     4.782
     5.366
     8.548
     8.128
     4.918
     6.311
     6.247
     8.069
     7.959
     4.651
    -2.912
    -2.547
    -6.990
   -11.641
    -9.952
    -9.370
    -9.489
    -5.539
    -4.203
    -5.670
    -3.517
    -4.450
    -4.920
    -4.301
    -7.451
    -7.009
    -1.196
    -6.466
    -1.605
    -3.486
    -0.520
     4.317
     2.361
    -1.818
     2.352
    -0.711
    -1.409
     0.935
    -1.300
     1.963
     5.682
     6.845
     8.005
    11.325
    14.908
    15.260
    19.004
    19.856
    19.488
    16.748
    18.244
    16.677
    10.641
     8.669
     6.762
     3.995
     3.543
     2.493
     3.511
     3.974
     4.337
     3.523
     2.203
     0.574
     0.535
    -0.542
    -0.544
     2.243
     5.123
     6.441
     7.078
     4.972
     5.197
     2.549
     0.561
    -0.174
    -3.754
    -6.780
   -11.586
   -17.416
    -5.430
     0.448
     0.169
     2.551
     2.449
    -2.896
    -2.659
    -4.727
    -5.986
    -7.379
    -6.945
    -1.805
     1.985
     7.569
    13.159
     9.569
     8.306
    -3.521
   -11.809
   -13.166
   -15.733
   -17.338
   -11.034
    -0.825
     1.120
     3.082
    -0.397
     0.270
    -3.441
    -3.369
    -4.529
    -4.937
    -6.946
    -7.372
    -6.815
    -5.957
    -6.759
    -5.203
    -6.562
    -7.413
    -6.929
    -8.162
    -7.688
    -6.464
    -5.765
    -5.613
    -4.542
    -5.173
    -6.330
    -7.220
    -7.091
    -7.907
    -9.106
    -8.525
    -4.667
     1.798
     3.947
     5.663
     7.063
     5.865
     6.447
     5.607
     4.749
     2.844
     0.231
    -0.936
    -1.737
    -2.502
    -2.056
    -2.176
    -1.321
    -1.350
    -1.412
    -0.861
     0.770
    -1.321
    -0.556
     0.476
     1.242
     0.663
     0.124
    -1.433
    -1.375
    -1.370
    -0.318
    -1.413
    -2.100
    -1.445
    -0.328
    -0.004
     1.029
    -0.605
    -1.159
    -2.070
     0.557
     0.792
     0.304
    -0.595
     0.359
     1.568
     2.104
     1.516
     2.565
     2.957
     3.880
     5.078
     3.734
     4.004
     3.867
     3.782
     5.370
     4.896
     5.176
     5.905
     6.022
     6.996
     6.156
     5.253
     3.739
     3.361
     2.041
     2.551
     3.513
     2.241
     1.977
     2.294
     1.298
     1.325
     1.130
     2.416
     2.181
     4.011
     4.485
     6.255
     7.925
     9.192
    10.912
     9.585
     9.668
     8.162
     7.547
     7.446
     5.857
     8.438
     7.497
     5.776
     6.534
     8.180
     7.683
     5.471
     4.957
     3.985
     1.725
    -3.019
    -4.777
    -5.420
    -7.123
    -8.196
    -6.431
    -6.817
    -6.217
    -5.100
    -5.277
    -6.441
    -6.683
    -6.728
    -6.996
    -6.942
    -5.926
    -7.015
    -6.071
    -6.231
    -3.790
    -4.545
    -2.478
    -2.295
    -2.437
    -2.786
    -2.072
    -1.629
    -2.658
    -2.256
    -3.358
    -3.596
    -3.075
    -4.345
    -3.202
    -3.313
    -3.504
    -2.730
    -2.936
    -3.208
    -2.122
    -1.844
    -4.185
    -2.927
    -4.417
    -4.212
    -4.103
    -4.740
    -4.350
    -4.439
    -4.206
    -3.055
    -3.105
    -3.349
    -2.543
    -2.658
    -2.785
    -2.934
    -2.706
    -3.736
    -3.139
    -3.886
    -3.533
    -2.328
    -0.662
    -0.720
    -0.373
    -0.037
     0.258
     1.800
     1.603
     3.009
     2.537
     1.764
     2.522
     2.624
     2.724
     2.902
     2.858
     2.033
     3.178
     3.305
     4.016
     3.424
     3.969
     2.871
     3.028
     3.225
     3.280
     3.451
     2.409
     1.126
     0.239
    -0.096
     0.314
     0.327
     0.082
     0.688
     0.408
    -0.016
     0.336
     1.159
     1.392
     1.227
     1.431
     1.404
     1.688
     1.181
     1.481
     1.378
    -0.000
     0.199
    -0.797
    -0.663
    -0.685
    -0.573
     0.526
     0.687
     1.273
     1.234
     2.582
     2.194
     3.589
     3.479
     3.159
     2.389
     1.560
     0.901
     1.681
     0.963
     0.822
    -0.025
    -0.510
    -0.221
    -0.788
    -1.822
    -2.385
    -1.171
    -1.500
    -0.733
     1.035
     0.802
     0.704
     0.881
     0.519
     1.351
     1.973
     1.086
     0.812
    -0.148
     0.548
    -0.589
     1.589
     2.135
     2.037
     2.349
     2.066
     1.027
     0.480
     1.701
     2.995
     2.117
     1.705
     2.278
     2.893
     3.408
     3.086
     2.218
     2.769
     2.844
     2.272
     2.479
     1.830
     0.893
     1.232
     1.412
     1.385
     0.551
    -0.048
    -0.399
    -0.041
    -0.751
    -0.546
     0.156
    -0.883
    -0.552
    -0.951
    -0.997
    -0.117
    -0.025
    -0.033
    -0.731
    -0.749
    -0.891
    -1.932
    -0.740
    -0.619
    -1.090
    -1.144
    -1.395
    -2.201
    -1.559
    -2.186
    -1.926
    -1.950
    -2.033
    -2.088
    -1.598
    -3.173
    -2.051
    -2.470
    -1.898
    -1.506
    -2.345
    -2.318
    -2.523
    -1.914
    -3.066
    -2.404
    -2.812
    -3.184
    -3.032
    -2.247
    -2.351
    -2.871
    -3.744
    -4.104
    -4.416
    -5.061
    -5.107
    -5.550
    -5.520
    -5.742
    -6.005
    -5.393
    -5.618
    -5.505
    -5.381
    -5.614
    -5.794
    -6.347
    -5.593
    -7.487
    -6.431
    -7.587
    -6.738
    -7.009
    -5.766
    -5.754
    -5.663
    -4.656
    -2.644
     0.546
     0.431
     3.494
     2.594
     5.868
     9.135
    10.447
     9.825
    10.592
    10.310
    10.001
     8.611
     6.938
     6.317
     5.430
     5.138
     5.046
     4.110
     4.150
     3.662
     4.866
     6.191
     6.111
     4.702
     4.970
     6.060
     6.158
     4.471
     4.468
     5.237
     6.369
     5.434
     3.956
     2.817
     2.896
     3.173
     3.424
     2.685
     3.114
     1.918
     2.258
     2.076
     0.870
     0.335
     0.534
     0.844
     1.467
     1.651
     2.528
     2.263
     1.862
     1.524
     1.529
     2.404
     2.233
     1.613
     1.423
     1.535
     1.359
     1.467
     0.316
    -1.745
    -0.864
     1.194
     2.220
     2.177
    -0.205
    -4.171
    -5.489
    -5.037
    -3.644
    -2.619
    -1.751
    -1.745
    -1.914
    -2.816
    -4.028
    -5.498
    -5.259
    -6.004
    -3.593
    -3.255
    -1.491
    -3.621
    -3.393
    -3.519
    -3.825
    -3.206
    -3.963
    -2.930
    -1.755
    -0.847
    -0.832
    -0.708
    -0.344
     0.134
     0.667
    -1.283
    -1.087
    -0.244
    -0.205
    -0.733
    -0.844
    -0.752
    -0.609
    -0.192
     0.152
     0.732
     0.761
    -3.143
    -3.317
    -3.286
    -1.968
    -2.948
    -2.704
    -2.626
    -1.912
    -1.940
    -1.806
    -2.002
    -0.572
    -0.456
    -0.823
    -0.493
     0.334
     0.466
    -0.811
    -1.582
    -1.623
    -2.192
    -1.319
    -1.929
    -1.807
    -2.787
    -2.587
    -1.764
    -1.182
    -1.515
    -0.319
    -0.256
     0.763
    -0.246
    -0.023
     0.745
    -0.125
    -1.003
    -2.671
    -2.943
    -1.750
     0.434
     2.040
     3.837
     3.014
     4.058
     4.400
     3.082
     2.003
     2.671
     2.573
     1.886
     0.990
     2.137
     2.021
     1.239
     0.510
     1.358
     1.494
     0.312
     1.305
     2.465
     2.317
     2.993
     3.413
     3.292
     2.687
     2.111
     1.380
     2.370
     3.524
     2.418
     2.779
     1.725
     1.145
     2.577
     1.356
     1.210
     1.229
     1.173
     1.261
     0.954
     2.028
     0.292
     0.247
    -0.023
     0.191
    -0.287
    -0.811
    -0.098
    -0.803
    -0.199
    -0.007
     0.072
     0.014
    -0.248
    -0.479
    -0.341
    -0.943
    -1.392
    -1.412
    -1.197
    -2.139
    -1.317
    -0.455
    -0.942
     0.177
     1.085
     0.901
     1.179
     0.689
    -0.461
     0.233
     0.886
     1.092
     0.877
     0.533
     0.367
     0.464
     0.096
    -0.094
     0.188
    -0.263
     1.395
     0.388
     0.102
    -0.113
    -0.025
    -0.307
    -1.309
    -1.296
    -1.241
    -0.308
     0.260
     0.176
     0.047
    -0.352
     0.779
    -1.485
    -1.773
    -0.514
    -0.853
    -2.402
    -2.604
    -2.705
    -1.622
    -1.276
    -1.713
    -1.517
    -1.447
    -1.022
    -1.306
    -0.679
    -1.580
    -1.376
    -1.425
    -2.065
    -2.054
    -1.376
    -0.677
    -1.008
    -1.185
    -2.526
    -3.097
    -2.809
    -1.782
    -2.054
    -1.948
    -1.113
    -1.179
    -0.513
    -0.816
    -2.142
    -1.520
    -2.311
    -1.946
    -0.661
    -1.161
    -0.709
    -1.635
     1.272
     0.573
     0.704
     1.358
     0.515
     0.154
     0.612
     0.441
     0.268
     1.306
     2.182
     2.409
     0.965
     1.808
     2.286
     1.009
     0.955
     1.185
     2.610
     1.179
     0.812
     0.882
     1.447
     0.932
     1.080
     2.256
     1.640
     3.635
     2.559
     3.612
     2.825
     3.029
     3.494
     4.207
     3.761
     5.827
     4.965
     4.381
     4.530
     4.254
     4.363
     4.610
     4.689
     4.595
     2.124
     3.582
     2.121
     3.591
     0.884
     0.999
     0.653
     0.489
     0.715
     0.274
    -0.446
    -0.162
    -0.034
     0.246
     0.671
     0.286
     0.806
     0.074
    -0.187
    -2.235
    -2.226
    -3.225
    -4.770
    -5.737
    -5.710
    -5.318
    -7.501
    -7.206
    -7.492
    -8.160
    -8.171
   -10.377
    -7.635
    -3.943
    -6.447
    -5.438
    -4.606
    -2.741
    -3.408
    -2.438
    -2.689
    -0.959
     0.529
    -0.529
    -0.696
    -1.857
    -0.526
    -2.596
    -0.432
    -2.949
    -3.011
    -3.967
    -5.183
    -4.995
    -3.515
    -4.657
    -5.763
    -3.120
    -3.065
    -2.895
    -2.637
    -2.041
    -1.424
    -3.876
    -2.269
    -3.944
    -5.551
    -4.276
    -6.332
    -6.404
    -6.298
    -4.862
    -2.367
    -1.010
    -0.789
    -0.023
     1.062
     3.210
     5.739
     5.998
     5.750
     6.069
     8.122
     8.079
    10.739
    12.099
    11.256
    13.437
    12.906
    12.039
    13.004
    12.787
    17.928
    17.868
    14.662
     9.697
     8.595
    11.148
    16.129
     8.741
     6.202
    12.990
    11.611
    11.305
    11.117
     9.682
     7.016
     6.095
     2.078
     1.771
     1.684
     3.909
     2.063
    -1.599
    -1.573
    -1.853
    -2.664
    -1.534
    -2.078
    -3.019
    -3.152
    -2.916
    -3.162
    -3.031
    -2.566
    -2.926
    -3.512
    -2.590
    -3.243
    -3.976
    -5.304
    -5.729
    -4.964
    -5.395
    -7.107
    -7.552
    -6.728
    -6.814
    -8.054
    -6.146
    -6.035
    -6.346
    -7.751
    -9.519
    -8.232
    -8.883
    -8.576
    -7.097
    -7.501
    -7.816
    -8.480
    -7.864
    -6.648
    -7.749
    -7.568
    -7.997
    -8.169
    -7.988
    -7.853
    -7.591
    -7.056
    -6.626
    -6.587
    -6.090
    -5.850
    -5.764
    -5.263
    -4.937
    -4.757
    -4.412
    -4.318
    -3.920
    -3.873
    -3.897
    -3.453
    -3.185
    -2.571
    -2.296
    -2.186
    -1.675
    -1.316
    -0.960
    -0.618
    -0.338
     0.076
     0.407
     0.743
     1.101
     1.422
     1.766
     2.099
     2.439
     2.761
     3.104
     3.421
     3.755
     4.069
