        1.47136         3.68667
        1.85637         3.68844
        2.21302         3.83162
        2.58336         3.81139
        2.92712         3.93395
        3.28420         3.89451
        3.61219         3.99499
        3.95421         3.93761
        4.26678         4.03320
        4.59301         3.95415
        4.90130         4.01762
        5.19919         3.91808
        5.46172         3.94400
        5.77132         3.80104
        6.03336         3.81718
        6.28148         3.61675
        6.46133         3.57408
        6.67188         3.42786
        6.88054         3.31693
        7.05790         3.06736
        7.24076         2.99688
        7.38258         2.65873
        7.48165         2.49842
        7.51882         2.34802
        7.70208         2.35951
        7.76046         2.08349
        7.77328         2.02720
        7.95175         1.90305
        7.83643         1.49278
        7.89808         1.26828
        7.92467         1.19839
        7.95941         0.97820
        7.72478         0.79677
        7.46971         0.20368
        7.54408        -0.14490
        7.22376        -0.67202
        7.12993        -0.92609
        7.04297        -1.18969
        6.75720        -1.13335
        6.46197        -1.54898
        6.11347        -1.64360
        5.75453        -1.88453
        5.53715        -2.16150
        5.12143        -2.60126
        4.86417        -3.11161
        4.39061        -3.80267
        4.09304        -3.67480
        3.80146        -4.15424
        2.97231        -3.99039
        2.37090        -4.73000
        1.98218        -5.07627
        1.59937        -5.30577
        1.17929        -5.66115
        1.06413        -5.87978
        0.31428        -5.93481
       -0.13040        -6.76938
       -0.94110        -7.15138
       -1.42629        -7.69510
       -1.24839        -8.44484
       -1.38218        -8.29616
       -1.90194        -8.70316
       -2.79573        -8.89018
       -2.96254        -8.91176
       -3.10036        -8.26782
       -2.83875        -8.24195
       -2.95017        -7.93127
       -3.07494        -6.99770
       -2.27783        -6.60564
       -1.45008        -5.56855
       -1.48313        -4.62667
       -2.00689        -3.47435
       -1.54247        -2.41698
       -1.56837        -1.64929
       -2.07381        -0.99833
       -2.09049        -0.15866
       -2.07521         0.03113
       -2.07113         0.38766
       -2.03482         0.60531
       -1.44391         0.98947
       -1.95167         1.23449
       -1.90464         2.81997
       -2.42283         2.51535
       -1.75596         2.35515
       -1.65422         3.27210
        0.32614         4.37564
        1.12188         4.07940
        1.27712         4.57779
        0.80383         4.93532
       -1.04352         4.78590
       -2.23810         3.79309
       -2.79211         2.92366
       -4.03505         3.27571
       -5.32816         3.07974
       -7.34907         2.72189
       -7.97613         2.50765
      -10.07064         2.87232
      -10.73141         1.89896
      -10.61751         1.50452
      -10.51313         1.25370
       -8.81887         1.61911
       -7.88540         2.14619
       -6.10502         1.73310
       -5.90948         2.26816
       -4.86816         1.84510
       -3.82093         1.56545
       -5.21505         0.29377
       -4.97709         1.66364
       -5.55340         2.05752
       -5.30316         1.75663
       -3.29846         1.29363
       -3.01378         1.84302
       -3.57457         1.36883
       -4.16238         1.92141
       -4.73363         1.43569
       -4.43438         1.99041
       -4.10488         2.39632
       -4.69856         2.04864
       -5.27486         1.53893
       -4.95486         1.17282
       -4.60537         0.64495
       -3.33676         1.19420
       -2.96717         0.65408
       -4.49997         1.20167
       -3.17853        -0.29954
       -2.81621        -0.71270
       -3.38418        -0.32902
       -2.05254         0.20790
       -2.61807         0.59208
       -2.23804         0.15855
       -1.83165        -0.43587
       -1.44256         0.09154
       -1.02784        -0.51537
       -1.61426         0.98893
       -1.19540        -0.61360
       -0.79513        -1.08778
       -0.37051        -0.73148
        0.03475        -1.21794
        0.46357        -0.86990
        0.87225        -1.36859
        1.30369        -1.02967
        2.71233        -1.54049
        2.14664        -2.21050
        1.55780         0.26474
        2.98920        -1.41616
        3.39850         0.04917
        2.83060        -0.64556
        3.24430        -1.19577
        1.68321         0.09333
        3.10436        -0.47245
        1.55132        -0.19831
        0.98112         0.22159
        2.43733        -0.51794
        3.87696        -0.11106
        4.34359         0.13704
        3.79421        -0.46780
        3.27239        -0.23073
        2.73511        -0.84591
        3.22593        -0.61851
        6.70183         0.75732
        6.20636        -1.02356
        5.69647        -1.65531
        5.21571        -2.44308
        5.72102        -1.08101
        6.25593         0.12575
        5.77738         1.48307
        6.32888         1.68578
        6.86736         0.03976
        6.43631         0.23985
        5.99264         1.59191
        6.57985        -0.20920
        5.15481         1.14237
        5.76102         2.34147
        3.35533         1.69395
        4.98121         1.89467
        3.59552         1.24946
        2.24171         0.45318
        1.87661         0.81167
        1.54365         0.01976
        1.19966         1.38329
        0.88806        -0.40290
        0.56564         0.96701
        0.27581         0.18784
       -1.02465         0.56542
       -1.29235        -0.20544
       -0.57054         0.18107
        0.18417        -0.58024
       -0.07148        -1.18356
       -0.29415         1.06589
        0.47291         0.47390
        3.27302         1.73526
        2.06289         0.15575
        0.88585        -1.56987
       -0.30142        -1.13582
       -1.45561        -0.84736
       -2.62005        -2.39872
       -1.75145        -1.09517
       -1.89316        -0.63096
       -0.00191        -1.31138
        2.87894        -0.83069
        3.79265        -0.49418
        3.69583         0.00385
        4.63172         0.35811
        4.55693        -0.12572
        2.51468        -1.75296
        1.46155        -2.21792
        1.44076        -0.82596
        3.40887        -0.27139
        4.40908         1.14041
        5.39795         1.71510
        6.41865         1.14730
        7.42773         1.74264
        8.46834         2.19573
        9.49703         1.81217
       10.55694        -0.71343
       11.60459        -0.07549
       12.68312         0.42056
       11.74903         0.08031
       10.84545         0.59830
       12.92888         0.28010
       12.04243        -1.17976
       11.14259        -1.47573
       12.27245         0.08671
       10.38851         0.81307
        6.53385        -1.60214
        5.66494         0.14660
        5.82487        -0.24624
        1.97010        -0.47516
        1.14371        -0.84570
       -2.69784        -0.05238
       -2.51149        -0.40075
       -4.34078         0.41465
       -4.14264         1.08827
       -5.96063         0.92553
       -4.75168         3.62087
       -5.55935         3.47971
       -6.34059         3.19646
       -6.13895         5.07654
       -7.91138         5.81434
      -10.70142         4.71525
      -11.46604         4.47366
      -12.24879         4.39497
      -12.00661         4.17352
      -13.78306         2.11472
      -13.53510         2.91289
      -13.30626         0.87343
      -14.05351         0.69066
      -12.82039         0.66994
      -12.56384        -0.49439
      -13.32741         0.50302
      -14.06804        -0.64351
      -11.82927         1.37135
      -10.56804        -0.75807
      -10.32789         1.27355
       -9.06574         1.16052
      -12.82512        -1.79183
      -16.56296        -2.88920
      -16.32278        -1.82628
      -15.06149        -3.90876
      -13.82261        -3.83134
      -14.56305        -2.89972
      -14.32631        -3.80858
      -13.06928        -3.86366
      -12.83548        -2.75963
      -12.58178        -3.80221
      -10.35166        -4.68609
       -9.10202        -2.71700
       -9.87631        -2.58963
       -7.63142        -2.60969
       -7.41079        -2.47188
       -5.17129        -1.48191
       -3.95637        -2.33449
       -4.72287        -2.33533
       -4.51423        -2.17912
       -4.28727        -3.17157
       -3.08543        -2.00737
       -0.86552        -1.99224
        0.32904        -3.82086
       -1.45854        -2.79894
       -0.27166        -4.62116
        0.93288        -3.59322
        1.11170        -3.40980
        1.30803        -4.37659
        2.47849        -3.18827
        1.66632        -2.15053
        2.82816        -2.95803
        3.00728        -2.91646
        4.16032        -2.72046
        4.33055        -2.67573
        5.47465        -2.47691
        5.63589        -2.42966
        6.77095        -2.22863
        6.92315        -2.17948
        7.04916        -2.97683
        7.19231        -1.92634
        7.30930        -1.72264
        7.44346        -1.67136
        7.55151        -2.46711
        7.67679        -3.41553
        6.77604        -2.21121
        7.89261        -2.15979
        6.98324        -1.95584
        9.09131        -0.90499
        9.17356         0.29820
        9.27339        -0.65189
       10.34755        -0.44982
        8.43945         0.59882
       10.50585         0.79947
        8.59017         0.84656
        8.64919         0.04553
        7.72632         0.09082
        6.77838        -0.71211
        6.84877         0.33119
        6.89431         1.52619
        4.95843         2.56734
        5.99795         2.76013
        8.05630         2.79903
        7.09032         3.98954
        6.14345         4.02612
        7.17253         4.21428
        7.22100         4.24852
        7.24571         5.43434
        7.29011         4.46625
        6.31106         4.64976
        6.35201         5.67940
        6.36982         5.86069
        5.40795         4.88814
        6.42326         6.06731
        8.45921         5.09271
        7.47267         5.26990
        6.50710         5.29342
        5.51938         4.46882
        5.55295         4.49064
        4.56471         3.66446
        3.59810         4.68481
        2.61000         4.85729
        3.64388         2.87643
        3.65660         3.04782
        4.69162         4.06603
        3.70582         4.23664
        3.74266         3.25421
        4.75900         3.42434
        3.79829         4.44159
        3.81741         4.61158
        3.85980         3.62886
        4.88232         3.79904
        4.92843         2.81669
        5.95498         2.98743
        5.00541         3.00582
        1.03656         1.17748
        1.09188         1.19699
        2.12821         1.36995
        3.18898         1.39094
        2.23102         0.56558
        0.29776         1.58845
        1.34602         0.76515
        0.41923         0.79027
        0.47419         0.96941
       -0.44568        -0.00284
       -1.38357        -1.82088
       -2.29609        -2.79013
       -3.22644        -1.60499
       -4.13122        -1.57087
       -4.05365        -2.38218
       -5.95035        -2.34435
       -2.86454        -0.15177
       -3.75285        -3.10987
       -4.65852        -1.91307
       -6.53817        -1.86679
       -8.43506        -3.66545
       -8.30584        -1.61449
       -9.19377        -2.40832
       -9.05550        -2.35239
       -8.93431        -2.14112
       -8.78686        -1.07995
       -8.65644        -0.86333
       -9.49973        -0.79670
      -10.36002        -0.57450
      -10.19400        -0.50219
      -11.04499        -0.27422
      -11.86969        -0.19606
      -11.71140         0.03785
      -11.52686         0.12202
      -10.35938        -0.63800
      -10.16570        -0.54770
       -8.98916         0.69846
       -9.78649        -0.20502
       -9.60104        -0.95261
      -10.38957        -0.84982
      -10.19543        -1.59113
       -7.97539        -2.48205
       -7.77282        -1.21706
       -7.54449        -3.10170
       -7.33378        -2.83045
       -6.09747        -1.70885
       -5.87896        -2.43141
       -5.63504        -2.30365
       -5.40910        -3.02011
       -5.15795        -2.88633
       -4.92499        -2.59682
       -3.66704        -2.45715
       -2.42751        -2.16184
       -1.16321        -2.01647
       -1.91759        -2.71557
       -0.64745        -3.56472
       -2.39623        -3.25845
       -1.12076        -4.10236
       -0.86448        -2.79101
        0.41577        -2.62996
       -0.32345        -4.31380
        0.96102        -3.14811
       -0.77428        -3.82747
       -1.48619        -4.65748
       -0.21816        -5.33272
        2.07295        -5.15879
        0.34369        -3.83028
        0.63720        -4.65280
       -0.08997        -3.32095
        1.20531        -3.14033
        0.47958        -3.80556
       -1.22401        -2.62225
       -2.94893        -2.28500
       -0.65203        -3.09945
       -0.37679        -2.76019
       -1.08007        -1.57286
        1.19468        -2.23207
        1.49060         0.95654
        4.76421         2.29837
        6.05867         2.48778
        6.33050         2.83014
        6.62286         3.01983
        4.89229         2.36221
        3.18193         1.55167
        2.44833         0.89356
        1.73463         1.08226
        2.99738         2.42314
        4.27975         1.61056
        3.53827         1.94990
        2.81611         2.13553
        2.06983         1.47281
        1.34259         1.65612
        0.59095         1.99083
       -0.14192         2.17131
       -0.89944         1.50295
       -1.63845         1.68009
       -1.40236         1.00815
       -0.14799        -0.81853
        0.08124         1.50545
        3.32852         1.67447
        3.55044         0.99391
        5.79020         1.15816
        6.00441         0.47260
        6.23626         0.63163
        4.44237        -0.05936
        3.66595        -0.90597
        3.86362         0.39719
        6.07860         0.54453
        9.26752         0.84146
       11.47361         0.98237
       12.65350         1.27268
       12.85045         1.40681
       12.02109         0.69018
       12.20868         1.81720
       15.36987         2.09331
       15.54792         2.21293
       13.69950         2.48149
       12.86788         2.59344
       13.00972         2.85422
       12.16833         1.95826
        9.30037         2.21103
        9.44913         1.30697
        8.57132        -0.44845
        6.71023        -1.36078
        5.82256        -1.12454
        5.95163        -0.04527
        6.05414         2.18251
        6.17341         1.25328
        5.26617         0.47253
        4.37574         0.53474
        2.45886         0.74542
        1.55885        -0.20095
        0.63246         0.00114
       -0.27698         1.04620
       -0.21270         1.23974
       -2.13136         1.27627
       -2.07621         0.46132
       -3.00389         0.48941
       -3.95763         0.66608
       -4.89407         1.68584
       -5.85644         0.85425
       -7.80136         0.86584
       -7.77206         2.02616
       -7.72517         1.02976
       -7.70390         1.18220
       -7.66486         2.17803
       -5.65128         0.32281
       -5.61975         0.31111
       -4.61349         2.44851
       -5.58911         1.42956
       -6.58981         1.55985
       -5.57219         1.53395
       -6.57945         0.65746
       -6.56820         0.62495
       -6.58163         0.74202
       -5.57633         0.70324
       -4.59551         0.81424
       -5.59575        -0.23042
       -7.62026        -1.12511
       -7.62563        -1.17525
       -7.65504        -1.07523
       -7.66509        -0.13044
       -7.69898        -1.03527
       -6.71329        -2.09512
       -8.75123        -1.00437
      -10.76938        -2.06842
       -6.81093        -0.98163
       -6.83249        -0.04942
       -4.87724         1.03386
       -4.90179         0.96281
       -4.94933         2.04305
       -4.97645         2.96920
       -4.02637         2.04687
       -4.05567         2.97070
       -4.10757         2.04629
       -5.13866         1.96826
       -4.19217         2.04224
       -4.22468         1.96285
       -3.27942         1.03570
       -2.31300         0.95540
       -3.36863         1.02758
       -3.40293         0.94685
       -3.45913         1.01884
       -3.49384         1.93813
       -2.55029         3.01037
       -1.58511         2.93014
       -0.64154         2.00307
       -0.67621         0.92374
       -1.73235         0.99779
       -1.76660         0.91980
       -3.82223         0.99538
       -3.85585         1.91913
       -2.91075         0.99663
       -1.94355         0.92249
       -1.99753         1.00230
       -0.02935        -1.06937
       -1.08226        -1.98691
        0.88705        -1.05575
        0.83532        -0.97031
        0.80588        -0.03602
        0.75544         1.05270
        0.72732         0.99042
        1.67824         1.08271
        1.65150         1.02411
        3.60381         1.12021
        5.57847         2.06554
        6.53219         1.16567
        4.50825         0.11513
        3.46335         0.21948
        4.44079        -0.82675
        4.39724        -0.71801
        5.37598         0.24021
        5.33370        -1.64654
        6.31367        -2.68375
        6.27257        -2.56588
        6.25366        -2.59844
        6.21361        -3.47589
        6.19569        -2.50374
        7.15654        -3.37647
        7.13945        -4.39959
        8.10105        -6.26760
        8.08460        -5.28601
        8.04675        -5.14932
        7.03076        -5.16305
        5.99326        -4.02172
        6.97750        -4.03084
        5.94012        -4.88495
        5.92436        -4.88957
        3.88686        -4.73924
        4.87087        -4.73948
        5.83300        -5.58484
        3.81650        -5.58087
        4.77799        -3.42210
        4.76072        -4.41408
        5.72131        -4.25137
        5.70299        -2.23953
        4.66239        -3.07309
        3.64274        -3.05764
        1.60066        -1.88773
        0.57939        -2.86893
       -0.46444        -3.69579
       -0.48762        -3.67391
       -1.53351        -3.49783
       -3.55888        -3.47316
       -3.60711        -2.29444
       -3.63495        -2.26727
       -3.68580        -2.08622
       -3.71640        -2.05688
       -3.77014        -1.87382
       -3.80377        -1.84264
       -2.86067        -0.65791
       -0.89759        -1.62523
       -0.95790        -2.43916
        0.00164        -1.40532
       -1.06233        -2.21828
       -1.10656        -1.18363
       -0.17441        -0.99596
       -1.22263        -0.96086
        0.70542         0.22708
        0.65301        -0.73772
        0.57679        -0.54985
        0.52000         0.48509
        0.43932         0.67252
        0.37801         0.70686
        0.29274         1.89352
        0.22676         1.92691
        0.13676         2.11246
        0.06601         2.14458
       -1.02882         1.32869
       -2.10443         2.35921
       -2.20414         2.54157
       -1.28467         1.57018
       -1.38932         1.75048
       -3.47479         0.77689
       -3.58440         0.95485
       -4.67482         1.97878
       -4.78936         1.15413
       -4.88470         1.17533
       -5.00413         2.34783
       -6.10433         1.36606
       -6.22858         2.53548
       -6.33356         2.55052
       -6.46252         1.71665
       -5.57215         3.72832
       -6.70569         2.89099
       -6.81982         1.89911
       -6.95778         2.05817
       -7.07623         2.06261
       -6.21841         3.21793
       -5.34097         3.21857
       -4.48716         2.37005
       -4.61359         2.36682
       -3.76352         2.51438
       -4.89356         2.50721
       -5.04695         2.65083
       -5.18031         2.63970
       -4.33686         2.77935
       -3.47322         3.76427
       -2.63260         3.89997
       -1.77161         3.88096
       -1.93345         4.01277
       -2.07475         3.98991
       -2.23869         3.11790
       -0.38188         4.09126
       -0.54752         4.21554
       -0.69221         4.18526
        0.14087         3.30597
       -0.00487         4.27219
       -0.17264         5.38949
        0.68099         4.35239
        0.51283         4.46647
        1.36629         3.42627
        1.19819         4.53736
        1.05194         4.49428
        1.88438         4.60261
        0.73890         4.55691
        0.57234         3.66276
        0.42812         3.61472
       -0.73694         3.71839
        0.12057         3.66831
       -0.04252         4.77010
        0.81722         3.71831
        0.65659         4.81855
        2.51903         3.76540
        1.36135         3.86444
        2.22698         1.81028
        5.07272         1.90850
        5.94200         0.85370
        6.79164         0.95147
        7.66505        -0.10358
        7.51904        -1.00586
        7.39702        -1.06077
        8.25581        -1.96269
        8.13881        -3.01705
        8.00282        -3.91822
        7.89125        -2.97162
        8.76091        -2.87162
        7.65518        -1.92364
        8.53086        -2.82206
        8.43135        -3.87228
        8.31344        -2.76870
        7.22050        -1.81672
        6.10933        -0.71073
        6.02330        -0.75613
        4.91918        -0.64732
        3.84036        -0.68971
        3.74359        -0.57768
        3.67225        -0.61665
        3.58308        -0.50101
        4.51946        -1.53618
        3.43812        -0.41656
        3.38241        -0.44756
        3.30909         0.67641
        4.26149         0.64993
        4.19633        -0.22141
        4.15696        -0.24303
        5.10009         0.89065
        5.06905         0.87420
        4.02055         0.01320
        3.99789         0.00221
        2.95779         0.14681
        3.94355        -0.85844
        3.91186        -0.70798
        3.90601        -0.70725
        3.88269        -1.55071
        2.88517        -0.54379
        3.87013        -1.38096
        2.88085        -2.36768
        0.87399        -2.19839
       -0.10719        -4.17858
       -0.10604        -4.00271
       -0.07931        -2.97625
       -1.07034        -3.79369
       -1.03590        -3.76050
       -3.01935        -2.57117
       -3.97746        -3.53120
       -3.95360        -3.33507
       -3.90455        -4.28830
       -3.87370        -4.08537
       -5.81782        -3.03182
       -6.78031        -4.82214
       -7.71796        -4.76186
       -7.67418        -3.54549
       -6.60576        -4.47858
       -7.55611        -5.25564
       -7.48204        -5.18222
       -8.42697        -5.95286
       -8.34771        -5.87310
       -8.28769        -6.63749
       -8.20372        -5.55160
       -8.13924        -5.30997
       -9.05107        -6.21818
       -7.98266        -6.97078
       -8.89082        -5.87336
       -8.81901        -5.62049
       -9.72405        -7.51775
       -8.64940        -6.25972
       -8.55190        -7.15199
       -8.47499        -6.88916
       -8.37552        -5.77683
       -5.29694        -7.50959
       -6.19610        -6.39305
       -5.11644        -7.12181
       -3.01483        -7.00149
       -2.93471        -5.72670
       -3.83294        -4.60306
       -4.75296        -4.32518
       -4.65164        -4.19870
       -3.57242        -1.91823
       -2.47216        -1.78941
       -2.39431        -3.50686
       -2.29572        -2.37623
       -2.21985        -2.09215
       -2.12352        -1.96025
       -4.05021        -1.67517
       -5.95675        -0.54256
       -5.88659        -1.25706
       -5.79657        -0.12432
       -5.73013         0.16103
       -4.64411        -0.70668
       -5.58194         0.57793
       -4.50046         0.70919
       -3.44310        -0.00754
       -3.36669         0.12208
       -1.31464         1.40341
       -2.24378         2.53080
       -0.19753         0.80960
        0.86731         3.93415
        1.90731         5.20981
        1.96569         5.33093
        1.99902         4.60287
        3.05053         5.71997
        4.07680         4.98760
        4.12107         4.10010
        7.13994         4.36283
        7.17664         4.47016
        7.18779         4.72744
        7.21662         5.82903
        7.21977         7.08032
        7.24049         7.17564
        5.23542         8.42039
        5.24781         6.50893
        6.23432         7.74664
        7.23822         6.82789
        8.21617         7.05807
        9.21145         7.13156
        9.18074         7.35376
        8.16733         7.41904
        8.12791         6.63281
        7.10578         7.68947
        6.05764         7.89442
        5.02681         6.94206
        3.96999         7.13782
        3.93052         7.17609
        3.86512         6.36232
        4.81711         7.39091
        4.74326         6.56730
        3.68689         6.58592
        0.60475         6.75221
       -0.45978         5.76061
        0.45004         4.91658
       -0.62241         5.91455
       -0.72036         6.06001
       -0.80044         5.04739
       -3.90585         7.18218
       -1.99321         7.15885
       -1.10572         7.28287
       -0.19998         8.24873
        0.68081         8.36193
        0.58006         8.31694
        0.45458         8.41928
       -0.65220         7.36345
        0.21653         8.45495
       -0.89579         8.38831
       -0.03234         9.46904
       -0.14968         8.39167
       -0.29097         8.46173
       -0.41277         8.37375
       -0.55822         7.43329
       -0.68390         8.33488
       -0.83293         7.38407
       -0.96187         8.27542
       -1.11386         8.31450
       -0.24543         9.19587
       -0.39973         7.22509
       -1.53329         7.09675
       -1.68925         9.11642
       -1.82413         8.97869
       -2.98108         7.98915
       -1.11660         5.84238
       -0.27385         1.84399
        1.59066        -0.31142
        3.43380        -2.31825
        3.29904        -3.48190
        2.14325        -4.49674
        4.00992        -8.66816
        5.85590        -8.69055
        7.72467       -12.86928
        6.57310       -13.89873
        7.44466       -15.08427
        8.29622       -17.12026
        8.17125       -17.31209
        9.02661       -18.35410
        8.90576       -19.55167
        6.76556       -19.59915
        7.64948       -21.80190
        6.51436       -21.85427
        6.40366       -21.06164
        6.27423       -20.11833
        4.16952       -19.32972
        4.04636       -19.39014
        3.94820       -18.60496
        3.83186       -17.66852
        3.74079       -16.88617
        3.63180       -15.95226
        3.54832       -15.17214
        2.44717       -12.24016
        2.37175       -11.46167
        3.27887        -9.53102
        3.21194        -7.75356
        4.12775        -6.82363
        1.06969        -7.04661
       -0.00545        -5.11683
       -0.05430        -3.33967
       -1.12008        -2.40945
       -3.15943        -1.63157
       -2.21558        -0.70036
       -2.24517         1.07880
       -2.29147         1.01156
       -3.31113         1.79254
       -4.34742         1.72737
       -4.35700         1.51068
       -4.38316         1.44810
       -5.38257         0.23424
       -6.39854         0.17473
       -5.38777         0.96417
       -6.39355        -0.09181
       -6.37260        -0.29862
       -6.36825        -0.35064
       -8.33721         0.44671
       -6.32283        -0.60096
       -6.28184        -0.79907
       -5.25759         0.15799
       -6.20684         0.96478
       -5.17295         1.92690
       -7.11269         2.73890
       -8.06943         1.70637
       -6.99996         2.52386
       -7.94766         0.49694
       -6.86934         1.32016
       -7.80839         1.29908
       -8.72162         0.12824
       -8.65245         1.11318
       -8.55769         0.94842
       -9.48079         0.93952
       -9.37856         1.78099
       -9.29445         1.77835
       -9.18530         1.62611
      -10.09457         2.62980
       -9.97911         3.48390
       -8.88237         3.49393
       -9.76123         5.35437
       -9.65916         5.37072
      -10.53303         5.23745
      -10.42632         5.26006
       -8.29591         3.13300
       -6.18530         2.16176
       -4.05137         1.04080
       -3.93761        -0.92443
       -4.80094        -1.03946
       -4.68485         0.00114
       -4.54623        -0.10817
       -3.42861        -0.06195
       -4.28889         3.83422
       -6.17058         5.88580
       -7.03059         5.78719
       -7.91245         6.84383
       -7.77306         6.75013
       -7.65594         6.81151
       -8.51801         7.72238
       -8.40279         5.78815
       -7.26720         6.70321
       -7.15476         6.77298
       -7.02238         6.69185
       -6.91359         4.76521
       -3.78530         4.68744
       -1.68102         1.76396
       -0.55767         1.68912
        2.54123         0.76832
        1.65878         2.69594
        3.75147         1.77736
        4.86239         2.70694
        5.94804         2.79008
        6.05152         2.72112
        6.12932         1.80546
        6.22457         1.73745
        7.29376         0.82247
        8.38002         1.75488
       11.43987         2.84005
       12.51642         0.77233
       12.56620         1.85711
       14.63236         3.78873
       14.67143         3.87258
       14.72655         4.80300
       12.75427         4.88537
       14.79776         4.81405
       14.81357         2.89441
       13.84487         3.82081
       13.84824         3.89863
       12.86687         3.82222
       10.85734         4.89697
       11.86285         2.81723
       13.84000         2.88840
       14.83202         2.80483
       13.79550         2.87192
       12.77369         2.78404
       11.72322         1.84656
       11.68734         1.75389
       13.62269         3.81140
       14.57253         4.71347
       14.49354         4.76553
       14.42899         4.66194
       14.33557         4.70812
       14.25657         4.59847
       11.14870         4.63839
       10.05526         4.52230
        7.93298         3.55562
        6.82519         2.43275
        4.68863         3.45912
        4.56664         4.32917
        3.41598         3.34832
        4.28001         3.21100
        3.11552         1.22267
        1.96588         2.07775
        1.78788         1.08172
        1.62493        -0.07099
        1.43383        -0.07491
        0.25801        -1.23559
       -0.94572        -3.24753
       -1.13392        -2.41629
       -3.34974        -2.43637
       -1.54974        -3.61329
        0.22295        -4.64155
        2.01179        -6.82668
        2.77365        -5.86316
        1.55203        -6.05649
        0.30380        -7.10116
       -0.92753        -5.30265
       -2.18507        -5.35544
       -2.42529        -5.56502
       -2.69129        -5.62583
       -2.93953        -4.84336
       -0.21310        -4.91205
       -0.46844        -4.13737
       -0.74863        -4.21374
       -1.01011        -3.44664
       -1.29592        -3.53048
       -1.56252        -1.77072
       -1.85294        -1.86176
       -1.12361        -3.10904
       -2.41756        -1.20698
       -2.69121        -2.46099
       -4.98759        -2.56548
       -5.26311        -2.82587
       -5.56079        -1.93655
       -6.83704        -1.20291
       -8.13487        -1.31936
       -7.41068        -0.59129
       -7.70749        -0.71307
       -7.98169         0.00989
       -8.27629        -0.11676
       -6.54770        -0.39841
       -6.83890        -0.52944
       -7.10631         0.18479
       -6.39292         2.04991
       -6.65514         0.76055
       -6.93597         0.62235
       -8.19181         2.32996
       -7.46567         0.18901
       -9.71395         0.89415
      -10.97967         0.75103
      -15.21924        -0.54571
      -14.47567        -0.69041
      -12.70537        -0.98844
      -12.95138        -1.13412
      -11.17011        -3.43282
       -9.40459        -3.57887
       -9.61126        -2.87763
       -9.83315        -3.02344
       -9.02671        -3.32164
      -10.23499        -4.46658
      -10.41444        -6.76361
      -10.60811        -6.90706
      -13.77249        -6.20229
      -14.95063        -6.34365
      -15.09901        -6.63648
      -15.26073        -7.77512
      -15.39228        -8.06495
      -14.53676        -8.20029
      -12.65067        -8.48651
      -12.77714        -9.61795
      -11.87268        -9.89999
      -10.98044       -10.02697
       -9.05695       -11.30427
       -9.14537       -10.42623
      -11.20225        -9.69823
      -13.27077       -10.81464
      -12.30749       -10.08084
      -12.35563       -11.19119
      -12.37176       -12.45107
      -14.39909       -13.55487
      -14.39425       -15.80798
      -17.40047       -16.90478
      -17.37438       -19.15066
      -16.35922       -21.24002
      -15.31167       -19.47827
      -16.27498       -20.55980
      -17.20584       -20.79003
      -16.14754       -20.86337
      -15.05678       -20.08524
      -12.97688       -21.15006
      -10.86454       -18.36326
       44.23688       -10.41926
       53.37065        16.37649
       40.49342        16.32955
       37.64841        13.13448
       37.79225        12.09682
       35.96816        14.91113
       37.13273        13.88293
       35.32917        12.70677
       38.51404        12.68817
       40.73053        14.52166
       38.93519        13.51275
       34.17118        12.35596
       35.39504        11.35681
       30.64989        11.20978
       29.89227        11.22039
       27.16528        11.08312
       27.42543        14.10346
       30.71581        13.97590
       26.99292        13.00593
       23.29981        14.88800
       13.59297        14.92759
        6.91546        13.81916
        9.22372        11.86819
        9.56080        13.76911
       13.88314        17.82739
        8.23377        19.73746
        5.56911        18.80478
        2.93218        19.72377
        2.27938        19.79988
        1.65373        20.72753
       -0.98839        19.81215
       -4.60397        18.74816
       -8.23664        19.84098
      -10.84340        18.78503
       -7.46789        19.88572
      -10.06712        20.83745
      -14.68473        19.94564
      -16.27775        16.90468
      -20.88982        15.01998
      -20.47797        16.98593
      -22.08586        17.10793
      -18.67052        16.08037
      -16.27559        19.20865
      -13.85814        18.18715
      -12.46180        18.32126
      -11.04362        18.30536
      -14.64726        17.44485
      -15.22976        16.43410
      -10.83478        15.57849
       -6.41935        15.57241
       -7.02713        12.72124
       -8.61516        12.71935
      -11.22709        11.87213
      -10.81995        10.87396
       -8.43739        11.03022
       -6.03644         4.03529
       -1.66074         3.19455
        2.73270        -0.79762
        7.10024        -5.63583
        8.48486       -11.62571
        2.84295       -11.46185
        1.21750       -14.44989
        4.56490       -16.28443
        3.92815       -16.27108
        4.26367       -18.10445
        3.61446       -19.09015
        3.93694       -18.92276
        9.27414       -17.90792
        6.58249       -15.74019
        5.90504       -17.72519
        5.19823       -18.55749
        2.50513       -18.54270
        1.78219       -21.37540
        3.07249       -22.36117
        2.33251       -21.19458
        3.60536       -20.18122
        2.84751       -18.01565
       -2.89790       -20.00344
       -0.67437       -17.83915
        0.56125       -16.82834
        1.76548       -14.66556
        1.98148       -16.65637
        4.16581       -15.49529
        4.36164       -13.48789
        3.52555       -14.32869
        4.70074       -15.32322
        3.84381       -15.16599
       -0.00202       -13.16255
       -0.88014       -15.00739
        0.25271       -15.00604
       -0.64684       -11.85298
       -0.53553       -14.85373
       -1.45668       -13.70277
       -1.36701       -13.70560
       -2.30983       -14.55668
       -3.24182       -14.56152
       -6.20629       -16.41456
       -7.15989       -14.42129
      -11.14590       -15.27616
      -10.12095       -16.28463
       -6.12828       -12.14114
       -3.12453       -11.15115
       -4.15291       -10.00908
       -4.17003        -9.02039
       -4.21907        -7.87948
       -8.25662        -7.89180
      -11.32586        -7.75176
      -11.38334        -7.76476
      -13.47221        -8.62523
      -14.54903        -7.63856
      -15.65691        -7.49914
      -15.75239        -7.51239
      -16.87856        -8.37269
      -15.99194        -9.38541
      -15.13561        -5.24495
      -16.26607        -3.25668
      -17.42637        -3.11496
      -16.57300        -2.12518
      -14.74900         4.01831
      -14.91083         8.01014
      -14.10153        11.15596
      -12.27753        10.15041
       -8.48186        11.29915
       -3.67094        18.29681
       -5.88778        23.44907
       -8.08878        20.45057
       -6.31696        21.60699
       -0.52869        26.61296
        1.23303        24.77418
        6.01181        19.78528
        7.76468        28.95197
        4.53526        30.96888
        9.28058        22.14171
       17.04429        11.16511
       26.78341         9.34477
       26.54158        21.37535
       15.27585        17.56254
       14.02987         6.60100
       13.76068        -0.20358
       16.51194         0.84345
       16.24069         2.04778
       12.99058        -0.89592
       12.71868        -5.68197
       11.46863        -1.61571
       11.19748        -1.39147
       11.94890        -2.31458
        9.67992         0.92064
       11.43421         4.00883
       10.16882         7.25567
        8.92738         9.35580
        8.66695         5.61491
        8.43118         0.72763
       10.17709         3.99961
        8.94833        13.12551
        7.70194        12.41097
        7.48154        14.55063
       11.24416        12.85013
        4.03342        15.00409
        0.80633        15.31816
        1.60652        15.48694
        2.39099        13.81607
        3.20333        16.00015
        4.00054        14.34480
        3.82621        18.54462
        3.63733        11.90521
        6.47747        16.12115
        9.30359         8.49805
       19.15927        15.73048
       21.00144        13.12401
        1.87366         1.37322
       -6.26713        -7.21632
        1.62260        -5.95008
        5.49976        -9.52248
        0.40787        -0.23900
       -0.69616         5.20591
        0.23116        -0.49322
        1.14672        -4.03087
       -0.90601        -5.71252
       -2.97016        -3.23266
       -4.00227         1.10320
       -1.04550        -0.39943
      -17.05639       -13.04608
      -19.07813       -20.53125
      -10.06730       -21.16048
       -7.06709       -26.62829
      -11.03409       -33.24025
       -9.01152       -31.69088
       -7.95600       -29.28575
      -10.91077       -23.71943
       -9.83246       -20.29749
       -8.76433       -17.71449
       -9.66304        -9.27605
      -12.57186       -11.67673
       -7.44748       -10.22216
       -6.33319       -15.60693
       -6.18569       -15.13666
       -7.04830       -17.50598
       -5.87774       -11.02052
       -5.71734        -6.37490
       -0.52386         0.12521
       -1.34063        -2.21483
       -2.12443        -1.70067
        0.08137        -0.02698
        1.31999         3.50056
       -0.45196         6.18728
       -1.19128         4.72750
       -2.94139         3.42653
        0.34090         8.97867
       -2.38784        13.68922
       -3.08444        16.25247
       -2.79236        18.97371
       -2.46844        19.54722
       -3.15615        14.27828
       -2.81235        16.86116
       -5.48052        12.60113
       -4.11754        15.19244
       -2.76691        13.94037
       -3.38552        10.53915
       -2.01687        10.29404
       -3.61788         6.89929
       -3.23207         5.66014
       -5.81635         1.27083
       -4.41426        -0.96341
       -3.98272        -1.34835
       -3.56529         3.42126
       -2.11889         1.03963
       -1.68709        -0.18801
       -3.22682        -0.56744
       -3.78166        -0.79342
       -2.30855        -1.17176
       -0.85107         0.60279
       -0.36617        -0.77558
       -1.89744        -2.00162
        0.59817         1.61885
        2.07707         3.39108
        1.58229         0.00927
        3.07025         0.77864
        4.58397        -0.60660
        3.07987        -2.84121
        2.60097        -1.23100
        4.10369        -5.47073
        4.63105        -4.86618
        3.13946        -3.11213
        3.67194        -3.51435
        2.18492        -0.76762
        0.72141        -0.17771
        4.23783         1.56063
        4.77721        -0.85838
        4.29597        -1.12950
        2.83714        -3.55849
        3.35715        -3.84009
        2.89903        -5.28007
        4.41921        -5.57315
        4.96074        -7.02510
        2.48004        -7.33065
        7.02018        -4.79552
        8.53759        -1.11445
       13.07532        -5.59316
       14.58984        -2.92637
       10.12420        -7.41979
        7.63487        -4.76813
        8.16492        -2.27710
        7.67083        -2.64137
        7.19567        -4.16666
        5.69593        -4.54763
        4.21470        -2.08998
        8.70848        11.51165
       12.22038        10.95156
        8.70689        -0.46488
        4.21114        -5.04334
       -0.31036        -6.47845
        1.18553        -2.07586
        6.65534         2.46981
        4.14221        -1.14707
        0.60268       -10.62111
       -0.92009       -10.25792
       -0.46954        -9.75210
       -1.00249       -10.40925
       -0.56239       -14.92395
       -0.10604       -14.60178
        1.32315       -12.13732
        0.76837       -12.83612
        1.18622       -10.39274
        2.61991        -7.11274
        2.02606        -7.69065
        2.44790        -9.43202
       -0.15794        -6.03135
        1.25177        -2.79417
        1.63368        -2.41500
       -0.96895        -5.19934
       -2.59947        -4.84168
       -4.21461        -2.64753
       -3.85770        -1.31134
       -3.48545        -0.13861
       -6.14118        -0.82380
       -6.78160        -0.67237
       -7.45000        -2.37877
       -9.10308        -1.24847
       -6.78413         1.02412
      -10.44983         0.13354
      -10.14344        -2.61462
       -9.82165        -1.52579
       -6.52771         5.70562
       -8.21828         7.77419
       -7.93661         4.98552
       -9.63935         2.03422
      -11.36974         1.22589
      -10.08442         2.25514
      -10.82661         4.42761
       -7.55295         2.43789
       -7.30665         5.59163
       -6.04433         8.58346
       -8.80921         7.71901
       -8.55790        -0.30707
       -6.33359         2.81087
       -5.09290        -1.23254
       -4.87902        -0.13163
       -5.64854         5.80825
       -5.44467         4.89277
       -4.22398         9.81659
       -1.02966        10.88536
       -1.81830        13.79377
       -1.63309        16.84748
        1.56941        15.74117
        3.74601        15.78051
        2.94013        15.66018
        1.10860        16.68587
        0.29484        17.55224
       -2.54432        16.56499
        2.63455        19.41878
        1.78828        18.41932
        2.96029        17.26128
        1.10742        12.25035
       -3.72692         9.08120
       -3.58589         9.05954
       -3.42606         5.88002
       -1.29062         3.84836
        0.86388         6.65921
        0.99424         7.61827
        1.14390         6.42022
       -1.73032         3.37073
       -0.58500         3.16448
        2.53666         5.10715
        3.67811         4.89340
        2.79613         3.82893
        2.93415         1.60837
        3.04898         1.53742
        7.18402         3.31072
        9.29608         6.23395
        7.42856         3.00175
        6.53825         2.91978
        6.66856         3.68269
        3.77626         1.59614
        2.90476        -0.64525
        2.01082        -1.73582
        2.13785        -4.98094
        3.24260        -6.07498
        3.36846        -3.32333
        4.47219        -5.42033
        2.59716        -5.67140
        0.70013        -6.77090
        3.82446        -9.02423
        4.92689        -8.12579
        6.05078        -3.38098
        5.15288        -9.48419
        0.27651       -12.74086
        6.37842        -7.84538
        5.50193        -1.10319
        6.60377         2.79130
        3.72727        -4.46735
        2.82914        -5.57358
        4.95270        -1.83283
        1.05464        -4.93954
        3.17828        -4.19918
        3.28032        -7.30619
        0.40404       -14.56606
        1.50615       -15.67323
        2.62992       -12.93319
        2.73204       -14.04042
        2.85579       -10.30042
        4.95784        -7.40765
        2.08146        -7.66763
        3.18331        -3.77486
        2.30666        -3.03484
        2.40816        -0.14209
        3.53108        -1.40213
        1.63205        -2.50946
        0.75432        -4.76965
       -2.14545        -5.87719
       -1.02404        -7.13765
       -0.92480        -8.24555
        0.19550        -8.50645
       -1.70652        -9.61490
       -1.58761       -10.87646
       -3.49117        -8.98568
       -1.37396        -5.24813
       -0.27936        -4.35838
       -1.16417        -4.62201
       -2.07175        -2.73359
       -0.95890        -1.99870
       -2.86901        -3.11192
       -3.75886        -5.37885
       -2.67186        -1.49407
       -2.56478        -0.76319
       -0.48102        -0.88079
       -3.37738        -1.15247
       -2.29726        -1.27285
       -3.19745        -1.54752
       -3.12134        -3.67109
       -2.02574        -2.94917
       -3.95404        -5.07637
       -2.86304        -1.35832
       -0.79613         1.51039
        0.28989         3.22412
       -0.64839         1.08827
       -2.56775         0.79721
       -2.51158         4.65634
       -4.43669         2.36001
       -3.38646         3.21361
       -3.31769         1.91153
       -4.27376         4.75914
       -4.21146         4.45081
       -1.17418         6.29193
       -1.11870         3.97687
       -3.08840         1.81103
       -2.04006         3.48876
       -2.01707         5.31547
       -1.97618         3.98551
       -0.96078         4.80430
       -0.92764         4.46620
       -0.92011         3.27660
        0.10504         3.92990
        0.10445         3.73148
        2.12137         3.37573
        0.11244         2.16805
       -0.87909         1.80284
        1.10344         0.58551
        2.10330         3.21043
        1.07713         0.98304
        1.06822         1.59773
        0.03323         1.35992
       -0.98457        -0.03598
        1.97152         3.71546
        0.94476         2.30864
        1.89185         3.04902
        1.85608         2.63099
        0.79416         1.36002
       -2.25063        -0.06948
       -1.32156         2.64796
        1.62466         5.20676
        2.54476         2.91240
        2.48206        -2.54070
       -0.60673        -4.84704
        1.32174        -3.31219
        2.22420        -1.63066
        3.14398        -2.10798
        4.03782        -3.43867
        2.94909        -3.92824
        1.83453        -5.27121
        1.73749        -2.77309
        1.61475        -2.12836
        0.50966        -3.64254
        0.37900        -4.01010
        0.26615        -3.53653
       -0.87212        -1.91632
        0.00758        -1.45493
       -0.13797         1.15316
        0.73464         1.60249
       -1.41782        -0.80140
       -1.55192        -0.36396
       -2.71088        -0.77964
       -1.85127         0.64610
       -1.01630        -0.78115
       -2.16255        -1.36684
       -0.33319         0.19461
       -0.48481         1.59776
        1.33942         2.14821
        0.18293         2.54053
        0.00254         3.08033
        0.84170         3.46220
        2.65723         4.99173
        1.49257         4.36353
       -0.69544         4.88322
       -0.86334         4.24539
       -0.05431         5.75569
       -0.22489         5.10872
       -0.41824         4.61011
       -0.59090         3.95450
        0.21397         4.44752
        1.03983         3.78379
       -1.15647         5.26898
       -0.33149         4.59772
       -0.52835         5.07567
       -0.70362         6.39746
        1.09956         4.86877
        1.92465         7.18424
        1.72851         8.64954
        0.55458         7.95932
       -0.64029         7.41927
        0.18737         9.72404
       -1.00560        10.17931
        0.82426         8.47974
       -0.36622         8.93101
       -0.53357         8.22780
       -1.72095         8.67579
       -1.88493         7.96965
       -3.06865         6.41507
       -4.22868         5.70673
       -4.40818         6.15031
       -2.56371         6.44048
       -4.73845         4.88295
       -4.88895         4.17238
       -5.05840         2.61448
       -4.20337         2.90390
       -3.36704         2.34636
       -4.50600         1.63652
       -5.66342        -0.91992
       -6.79591        -0.62829
       -5.94665        -1.18290
       -6.07224        -1.88908
       -6.21590        -2.44112
       -5.33421        -3.14438
       -5.47041        -3.69315
       -3.58109        -2.39277
       -3.70949        -3.93756
       -3.81222        -4.63286
       -3.93252        -6.17297
       -3.02702        -5.86325
       -4.13897        -5.39802
       -3.22501        -7.08262
       -2.32838        -6.61138
       -3.40576        -8.28966
       -3.50039        -8.81179
       -2.56894        -9.48311
       -0.65469        -9.99799
        1.28568        -9.66177
        1.20890        -9.16880
        1.15827       -11.82447
        2.09049       -11.32310
        3.04888       -10.97010
        3.99011       -10.45981
        4.95749       -11.09762
        3.90768       -10.57791
        5.88398        -9.20606
        6.84304        -9.67644
        7.82814        -9.29447
        8.79593        -9.75453
        8.78968        -9.36203
        9.76601        -7.81135
       10.76819        -7.40793
       10.75284        -6.84615
        9.76321        -5.43146
        8.75590        -6.85827
        6.77416        -5.43200
        4.77458        -3.84709
        4.80039        -3.40897
        2.80818        -4.81208
        1.84117        -4.36188
        0.85593        -4.75281
       -0.10432        -5.29033
       -1.08302        -4.66889
       -1.03697        -4.19397
       -1.00961        -2.56002
        1.04225        -2.07254
        1.07517        -1.42599
        3.13232        -2.92586
        3.17025        -2.26664
        5.23212        -1.75382
        5.27449        -2.08190
        5.34051        -1.55639
        7.38672        -0.87179
        7.45627        -1.33361
        7.50569        -0.63636
        4.57812         0.91442
        4.63010         2.62422
        4.70476         0.18750
        6.75863         0.90974
        6.83484         1.48540
        7.88991         2.21993
        9.96697         4.80779
       12.02254         7.55443
       13.09974         7.15430
       13.15509         7.91284
       10.23172         6.52448
       11.28613         7.29468
        4.36145         5.91785
       -1.58580         4.69944
       -3.51251         3.33386
       -6.46217         3.12654
       -9.39164         3.77190
       -7.34443         2.57536
      -10.27740         3.23132
       -9.23404         3.04522
       -8.17122         3.71145
       -7.13243         1.53542
       -8.07454         2.21155
       -7.04103         1.04522
       -9.98877         1.73085
       -7.96123         3.57384
       -6.91529         3.26858
       -5.89440         3.12047
       -4.85544         2.82390
       -3.84186         4.68428
       -3.81052         3.39599
       -3.80488         4.26442
       -0.78179         5.98397
        0.21530         5.86003
        3.22955         8.58699
        4.21751         8.47023
        3.22235         9.20415
        2.20064         8.09414
        2.19554         8.83458
        3.16364         9.73088
        3.14811         9.47740
        3.10553         9.37956
        2.07911         8.13173
        0.02542         7.03931
       -2.01231         5.79669
       -1.07750         6.70927
       -1.12693         5.47144
       -1.20399         5.38859
       -2.26544         5.15513
       -3.35467         5.07645
       -4.42845         4.84694
       -4.53012         3.77203
       -5.61646         3.54609
       -4.73079         3.47455
       -4.82988         3.25181
       -4.95706         5.18328
       -5.06904         4.96336
       -5.20917         3.89749
       -3.33416         3.68006
       -2.48732         3.61650
       -0.62535         5.40124
       -1.79156         1.33969
       -2.94263         2.12629
       -4.12185         1.06646
       -4.28590        -0.14537
       -4.47806        -0.20375
       -6.65499        -1.41425
       -7.85995        -2.47143
       -9.04960        -3.68084
      -10.26717        -5.73703
      -11.46933        -6.94555
      -11.69929        -7.00095
      -11.91368        -8.20877
      -11.15574        -7.26354
      -11.38207        -3.47081
      -11.63590        -4.52509
      -11.87381        -4.73192
      -12.13901        -4.78582
      -12.38809        -5.99232
      -11.66424        -6.04593
      -11.92404        -6.25216
      -11.21067        -7.30552
      -10.48069        -7.51152
       -9.77727        -8.56466
      -10.05697        -8.77044
      -10.36295        -8.82336
      -10.65176       -10.02890
       -9.96653        -9.08155
       -8.26381        -9.28680
       -7.58674        -9.33913
       -5.89185        -9.54402
       -4.22226        -8.59594
       -1.53450        -8.80036
        1.12832        -7.85174
        2.80968        -7.05556
        4.46646        -6.10627
        3.14216        -5.30933
        4.79368        -6.35919
        4.46451        -5.56130
        2.11155        -5.61012
        2.77831        -5.81108
        3.42169        -6.85863
        4.08521        -4.05820
        7.72577        -3.10424
       12.38688        -0.30218
       13.02546        -0.34643
       12.68504         0.45755
       12.32251         0.41536
       16.98141         2.22156
       19.61865         4.18174
       19.27776         4.99047
       19.91565         4.95334
       20.57585         4.76494
       22.21528         3.73086
       19.87746         5.54567
       19.51931         4.51498
       18.18435         3.33337
       14.82951         1.30645
       12.49830         0.12879
        9.14764         1.10602
        8.82106        -1.06730
        6.47546        -0.08553
        6.15437        -0.25411
        4.81469        -0.26741
        4.49994        -1.43085
        9.16703         0.56119
        9.85945         2.40330
       11.53413         1.40110
       11.23455         3.24917
        8.91762         2.25313
        7.62683         1.10758
        8.31908         2.11812
        8.03786         1.97935
        7.74004         0.99688
        7.46912         1.86531
        8.18197         2.89024
        8.92206         3.76627
       10.64627         3.79901
       11.39806         5.68305
       10.13430         4.72399
        7.89843         3.61642
        6.64731         4.66596
        5.42440         2.56718
        4.18652         3.62568
        3.97713         3.53606
        2.75305         4.60390
        4.55770         4.52379
        4.34792         5.60132
        4.16711         4.53107
        2.97209         3.61863
        1.80626         3.55857
        0.62642         4.65648
       -0.52403         3.60692
       -0.68830         3.71548
       -0.82303         3.67672
       -1.97142         3.79621
       -3.09011         4.76852
       -3.22234         3.89920
       -4.32475         3.88282
       -2.44058         5.02494
       -2.52649         5.02010
       -3.62575         3.17386
       -5.69502         2.18076
       -8.77756         1.34636
       -9.83007         0.36518
      -11.89583         0.54278
      -14.93153        -0.42633
      -16.98047        -0.23660
      -16.99935        -0.19352
      -16.03148         0.00845
      -16.03359        -0.93618
      -19.04899        -1.72188
      -20.03441        -2.65416
      -20.03318        -2.42750
      -19.00206        -3.34739
      -16.98438        -3.10833
      -16.93690        -3.01583
      -15.90297        -3.76439
      -15.83937        -3.65952
      -15.78946        -4.39574
      -14.71001        -3.27856
      -12.64442        -4.00250
      -11.54946        -1.87310
       -9.46852        -1.58487
      -10.35841        -2.44336
       -8.26253        -2.14310
       -8.13768        -2.98963
       -9.02727        -3.67750
       -7.88813        -3.51225
       -7.76367        -3.18844
       -8.61073        -4.01163
       -9.47272        -3.67636
      -11.30649        -6.48822
       -8.15548        -5.14176
       -6.97652        -4.94256
       -2.81307        -3.58519
       -2.62198        -3.37524
       -1.44670        -2.00727
        2.75591         0.21311
        2.94239        -0.40867
        2.15588        -1.17821
        2.35290        -0.79011
       -0.42341        -0.54997
       -2.21652        -3.15238
       -1.98332        -3.90296
        1.23272        -2.49631
        2.47473        -2.23805
        5.69921        -0.82278
        9.94929         0.44386
        9.18147        -1.13273
        8.43888        -1.85819
        9.67801        -2.42713
        7.94199        -1.14519
        7.18731        -2.70700
       11.45710        -3.41819
       11.70784        -1.97340
       10.98266        -2.67827
       12.23806        -1.22744
       12.51713        -1.92655
       11.77640        -3.47024
       12.05896        -3.16417
       15.32132        -0.70297
       11.60658        -1.39232
        9.87126        -0.92683
        5.15846        -2.61219
        5.42468        -2.14304
        5.71304        -1.82504
        4.98005        -1.35284
        2.26882        -2.03210
        2.53587        -0.55749
        2.82430         0.76534
        4.09063         3.24173
        4.37799         3.56601
        1.64290         4.04353
       -2.07153         2.36860
       -3.80877         1.84660
       -6.52570         2.17182
      -11.26577         0.64964
      -11.98586         0.97436
       -8.72944         2.45134
       -9.45336         2.77490
       -7.20109         3.25040
       -4.92947         3.57215
       -6.68197         4.04550
       -6.41543         4.36479
       -6.17330         5.83537
       -6.91241         6.15156
       -5.67621         6.61871
       -7.42153         6.93116
       -9.19181         6.39425
       -5.94387         9.70233
       -7.72113         9.16075
       -2.48041         9.46385
       -2.26512         9.91699
       -2.03209         9.21449
        2.17529         7.66174
        2.40022         6.95307
        1.59929         5.39385
        2.81571         5.67842
        4.00610         4.11216
        4.21366         1.38942
        4.39502         1.81558
        6.59340         1.08498
        7.76544        -0.49699
       10.95436        -0.23596
       13.11680         0.17345
       12.29600        -1.57441
       13.44862        -1.17412
       14.61790         0.06867
       13.76050         1.45937
       14.91968         1.69235
       15.05211         2.07302
       13.20105         1.29576
       10.32318         0.66599
       11.46179         1.87808
        9.57354         2.23747
        5.70174        -0.56146
        3.80308         0.78673
        2.92084         1.97643
        1.01173         0.31307
        1.11907         0.49108
        0.19955        -1.18412
        1.29649        -1.01810
        0.36661        -0.70542
        3.45324        -0.55165
        3.51310        -2.25134
        2.58951        -3.11005
        1.63922        -3.82232
        0.70556        -4.69372
        0.74527        -3.41876
        0.80171        -4.30300
        1.83161        -4.04096
        4.87834        -2.93819
        5.89864        -2.68919
        5.93588        -2.59951
        2.94682        -3.36364
        3.97483        -3.28712
        1.97668        -4.06444
       -0.00427        -6.00112
       -1.01123        -5.79165
       -6.00083        -6.74154
       -7.01629        -6.54527
      -11.01423        -7.50834
      -16.03785       -10.32523
      -10.04378        -6.30142
       -4.07522        -6.13139
       -2.08877        -9.12062
       -1.12765        -9.96357
       -1.14846        -9.96572
       -5.19440        -7.82150
       -6.22206        -5.83641
       -6.27466        -3.70487
       -7.30878        -3.73235
       -7.36762        -4.61329
       -6.40777        -4.65313
       -4.47243        -3.54632
        0.48181        -2.59828
        5.41175        -1.50345
       10.36082        -1.56727
        9.28582        -1.48414
        7.23015        -1.55951
       -1.84936         0.51222
       -8.90931         1.42563
      -11.99289         4.48631
      -13.05668         5.38884
      -13.14387         5.43883
       -9.21105         3.33087
       -1.30141         3.37056
        0.62846         1.25250
        2.53538        -1.71770
        0.46276        -2.84544
        0.36740        -0.82510
       -2.70729         0.03793
       -2.80449         2.04926
       -2.88081         2.90352
       -4.97943         3.90632
       -5.05694         2.75229
       -6.15656         1.74705
       -6.23486         1.58522
       -5.33506         0.57244
       -4.41375        -0.59667
       -4.51414         1.38353
       -4.59282         1.20767
       -4.69301         1.18139
       -5.77130         0.99931
       -5.87092         1.96709
       -5.94846         1.77934
       -4.04715         1.74173
       -4.12359         1.54889
       -3.22102         0.50645
       -3.29604         0.30906
       -3.39187         1.26238
       -4.46515         1.06102
       -4.55910         1.01065
       -4.63034         0.80591
       -6.72211         2.75244
       -6.79105         2.54488
       -6.88039         2.48888
       -3.94677         4.27909
        1.96657         4.22115
        2.90298         2.00970
        4.81922         0.95040
        6.75863        -0.26213
        6.67796         0.67777
        7.62056         3.46473
        7.54316         3.40441
        5.48911         2.19143
        4.41514         4.13144
        2.36458         2.91908
        1.29416         2.85998
        0.24721         2.64878
       -0.81955         3.59112
       -0.86280         4.38162
        0.07418         2.32592
        1.03471         1.11865
        0.97550         2.06544
        0.93986         0.86091
        1.88448         1.81069
        1.85269         0.60939
        0.80117         1.56265
        0.77323         2.36508
        1.72556         2.32229
        1.70146         3.12889
        1.65761         2.09051
        0.63730         1.90173
        0.59721         1.86819
        0.58064         1.68446
        0.54424         1.65616
        0.53132         2.47788
        0.49853         3.45523
       -0.51084         2.28278
       -0.54014         2.26613
        0.45391         3.09986
        0.42798         1.08957
        2.42532         1.92982
        1.40260        -0.07380
       -0.59692         0.77326
       -0.61659         0.77661
        0.38685         1.63077
        1.37005        -0.35865
        0.37626         0.50287
       -0.63786         1.52091
       -0.62908         2.39002
        0.35927         1.41574
        1.37041         0.29262
        1.36100        -0.67378
        1.37428        -0.78895
        1.36689        -1.74734
        3.38207        -0.85442
        4.37645        -0.80465
        3.39328        -0.90353
        1.38918        -2.84551
        1.40741        -3.93610
        2.40458        -2.86977
        3.42395        -3.95201
        3.42213        -2.87732
        3.44236        -3.95119
        3.44128        -3.86813
        3.46211        -2.93363
        3.46149        -2.84221
        3.48266        -2.89938
        2.48223        -1.79964
        1.50345        -3.84853
        1.50294        -4.74055
        0.52394        -2.78125
       -0.47692        -2.66513
        0.54359        -2.69774
        0.54210        -3.57360
        0.56185        -3.59827
        0.55946        -3.46627
        1.57818        -4.48316
       -0.42536        -3.34347
        0.59207        -2.35277
        0.58711        -3.20559
        2.60300        -4.20751
        2.59637        -5.05308
        2.61047        -2.04785
        3.60193        -1.88640
        5.61399        -0.87430
        7.60331        -0.70610
        8.61312         0.31261
        7.60007        -0.51274
        7.60740        -0.48772
        7.59177        -1.30692
        6.59642        -1.27592
        6.57800        -0.08929
        4.57978        -1.05263
        6.55840         1.13948
        7.55712         1.18144
        5.53259         0.37867
        5.52809         0.42557
        5.50027         0.62755
        5.49240         0.67901
        4.46114         1.88536
        3.44977         0.94099
        3.41494         2.15131
        1.39994         0.21072
       -1.63856        -1.57539
       -5.65728        -2.51263
       -6.69954        -1.29558
       -7.72207        -0.22987
       -7.76818        -0.01009
       -7.79457         0.05815
       -5.84457        -1.71976
       -5.87489        -0.64942
       -5.92882        -0.42544
       -6.96308         0.64657
       -6.02097        -0.12799
       -6.05918        -1.05474
       -7.12102         0.17172
       -7.16318        -0.75421
       -6.22895        -0.52714
       -6.27503        -0.45269
       -6.34470        -0.22544
       -6.39464        -0.15103
       -5.46815        -1.92403
       -4.52190        -0.85006
       -3.59918        -1.62372
       -2.65665        -0.55062
       -1.73760         0.67466
       -1.79870        -0.25351
       -1.88321         0.97030
       -1.94781         0.04047
       -2.03576         0.26243
       -2.10372         0.33056
       -2.19496         0.55028
       -2.26614         1.61599
       -2.36052         1.83312
       -2.43475         1.89606
       -1.53208         1.11024
       -1.60917         1.17006
       -1.70928         0.38095
       -1.78904         2.43732
       -1.89170         1.64461
       -0.97392         0.69722
       -1.07894         1.90060
       -1.16339         1.94915
       -1.27052         3.14833
       -2.35697         2.19256
       -1.46599         2.38727
       -2.55419         2.42691
       -3.66483         2.61691
       -3.75454         2.65172
       -3.86655         2.83678
       -3.95749         1.86653
       -4.07061         3.04645
       -3.16252         1.07096
       -3.27646         2.24554
       -1.36906         1.26463
       -1.48355         0.43370
       -0.57656         2.44721
       -0.69131         1.61065
       -1.78444         0.61845
       -1.89918         0.77611
       -1.99215         1.77810
       -3.10657         2.92990
       -2.19909         3.92597
       -2.31291         4.07183
       -2.40468         2.06193
       -1.51763         3.20178
       -0.60837         3.18586
       -0.72013         2.31968
        0.19044         0.29773
        0.08013         0.42550
        0.99230         1.39750
        0.88372         0.51924
        1.79776         0.48522
        1.69119         0.60096
        2.60738         1.56095
        2.50308         1.67074
        2.42167         0.62482
        2.31990        -0.27128
        2.24115        -0.32304
        2.14216        -0.22493
        2.06630        -0.28242
        2.97033        -0.18999
        2.89760        -0.25311
        2.80487        -0.16623
        3.73549         0.76518
        3.64622        -1.15335
        3.58040        -0.22728
        3.49478        -1.15105
        3.43270        -1.23014
        4.35092        -2.15899
        5.29277        -1.24305
        3.21500        -1.17678
        2.16093        -1.26562
        3.08732        -2.20403
        3.03748        -2.29744
        1.96816        -1.24030
        1.92268        -1.33807
        0.85777        -1.28516
        0.81675        -1.38704
        1.75635        -2.33813
        1.71988        -2.44389
        0.66407        -1.39873
        0.63222        -0.50811
        0.58105        -0.46646
        0.55387        -1.57921
        1.50739        -1.54079
        1.48491        -1.65664
        1.44314        -1.62120
        0.42536        -1.73990
        0.38829        -1.70716
        0.37521        -0.82843
        0.34281        -1.79813
        1.33439        -1.92170
        0.30663         0.10644
        0.30282        -1.01916
       -0.72037         0.00709
       -0.71966        -0.12027
       -1.73836        -2.09564
       -0.73321        -1.22448
        0.25246        -2.20121
        1.26192        -2.33127
        1.25184        -1.30908
        2.26549        -2.44009
        2.25951        -2.41873
        3.27718        -1.55044
        3.27514        -1.52965
        2.29666        -2.66180
        1.29837        -2.64133
        1.32354        -2.77368
        1.32880        -2.75328
        1.35740        -1.88560
        0.36599        -1.86505
        0.39780        -1.99709
       -0.59052        -1.97616
       -0.55575        -2.10772
       -0.54124        -2.08620
       -1.50377        -3.21706
       -1.48670        -3.19474
       -1.44680        -2.32471
       -2.42745        -3.30140
       -1.38543        -3.43029
       -1.36410        -2.40582
       -0.32024        -0.53345
        0.70276        -1.50764
        0.74813        -1.63387
        0.77248        -0.60657
        0.81904        -0.73123
        1.84442        -0.70231
        0.89183         0.17472
       -0.08211         1.20540
        0.96582         0.08424
        0.99222         1.11679
        1.04032         1.99755
        0.06671         4.03206
       -0.88538         4.91483
        0.14065         5.95140
        1.18802         5.83625
        1.21333         4.87493
        1.25980         5.76194
        1.28403         4.80279
        1.32924         4.69199
        2.35203         3.73506
        3.39563         1.62649
        2.41663         1.67180
        2.45826         1.56548
        1.47711         2.61304
        0.51642         3.50898
       -1.46722         3.55880
       -1.43058         3.45699
       -0.41706         2.50905
       -0.38342         2.40946
       -0.37307         2.46374
       -1.34277         3.36635
       -0.33592         4.42280
       -1.30928         3.32757
       -0.30624         2.38615
       -0.28356         2.29302
       -0.28464         2.35367
       -0.26623         2.26257
       -0.27171         2.32522
       -1.25785         1.23608
       -1.26802         1.30065
       -2.25898         2.21338
       -2.27409         1.27978
       -1.27011         0.19429
       -1.29041         1.26242
       -1.29174         0.17862
       -1.31746        -0.75162
       -1.32431        -0.83385
       -1.35565        -0.76257
       -0.36822         0.15666
       -1.40536         0.22934
       -0.42383        -0.85008
       -0.46695        -1.77611
       -0.49146        -0.85431
       -1.54071        -1.77919
       -0.57141        -0.85629
       -0.62689        -0.78013
       -1.66388         0.14374
       -0.72571        -0.77919
       -0.76908        -0.85448
       -1.83733         0.22336
       -1.88714        -2.85121
       -0.96185        -1.77272
       -1.01816        -0.84671
       -1.09936        -1.76770
       -1.16216        -0.84124
       -1.24986        -1.76184
       -0.31915        -1.83504
       -0.41332        -1.75537
       -0.48906        -1.82837
       -0.58965        -2.74855
       -1.67178        -2.82146
       -0.77873        -2.74161
       -0.86716        -2.81455
       -0.98036        -1.73478
       -1.07499        -1.80785
       -1.19431        -2.72827
       -1.29499        -1.80159
       -0.42030        -1.72230
       -0.52688        -1.79595
       -1.65799        -1.71704
       -1.77029        -0.79112
       -0.90701        -1.71268
       -2.02481        -0.78727
       -2.16693        -0.70939
       -2.29001        -1.78456
       -1.43728        -1.70729
       -2.56538        -0.78312
       -2.71754        -0.70654
       -3.85040         0.21693
       -3.00717        -0.70723
       -3.14448        -1.78452
       -3.30556        -0.70946
       -3.44701        -0.78755
       -4.61207         0.28670
       -4.75735        -0.79223
       -3.92606        -0.71882
       -5.07480         0.20141
       -4.24680        -0.72604
       -4.39865        -0.80668
       -4.57357        -0.73499
       -3.72815        -0.81649
       -3.90561         0.25434
       -3.06253        -1.82801
       -3.24213        -2.75803
       -4.40099        -0.84121
       -3.58232        -1.77206
       -2.74272        -0.85605
       -1.92537        -0.78769
       -2.08687        -0.87246
       -2.27042        -0.80485
       -2.43260        -0.89036
        0.38338        -0.82345
        1.22095        -0.90963
        1.03691        -0.84338
        2.87466         1.06983
        3.69102         2.13550
        4.52939         1.04815
        7.34660         3.11331
        7.18603         4.02549
        7.00452         3.09021
        6.84546         3.00200
        7.66566         3.06637
        7.50853         3.97784
        6.33088         3.04196
        6.17612         2.95322
        5.00105         4.01716
        5.84907         2.92830
        5.67700         2.99218
        4.52823         0.90330
        4.35956        -0.03279
        4.21440         0.87841
        4.04954        -0.05754
        4.90839         0.85386
        5.74773         0.91814
        5.61097         1.82984
        4.45489         1.89447
        4.32288         1.80657
        4.17174         0.87167
        4.04485         0.78428
        3.89899         0.84994
        3.77755         0.76317
        3.63730         1.82950
        5.52163         1.74345
        4.38731         1.81056
        3.27771         0.72535
        3.14960         0.79334
        3.04636        -0.29095
        2.92473         0.77802
        1.82809        -0.30525
        1.71320        -0.23521
        2.62341        -0.31735
        2.51547        -0.24615
        1.43274        -0.32709
        1.33196        -1.25464
        0.25647        -0.33429
        0.16302        -1.26052
       -0.90505        -0.33881
       -0.99101        -1.26364
       -0.05153        -1.34050
       -0.12988        -0.26386
       -0.18274        -1.33923
       -0.25338        -1.26108
       -0.29849        -1.33490
       -0.36134        -0.25518
        0.60136        -0.32742
        0.54633        -0.24609
        1.51688         1.68330
        1.46970         2.76627
       -0.55190         0.69731
        0.40876         0.78194
        0.39499        -0.28535
        0.36346         0.80096
       -1.64253         0.73534
       -1.66632        -0.17667
       -1.66461        -0.24061
        0.31927        -1.15096
        1.32858        -0.21324
        2.32000         0.87807
       -0.66321         0.81743
       -3.66438        -1.08963
       -5.64027        -1.14866
       -5.63420        -2.05414
       -4.60294        -2.11160
       -3.58983        -2.01553
       -3.55161        -2.07147
       -2.53167        -0.97392
       -2.48673        -1.02841
       -3.46018        -1.92944
       -3.40877        -1.98254
       -4.37588        -1.88222
       -5.31827        -1.93402
       -5.27931        -0.83244
       -3.21578        -1.88301
       -4.17106        -0.78026
       -2.10192        -0.82972
       -3.05174        -1.72590
       -3.97732        -0.77433
       -2.92204        -1.66955
       -2.84267        -1.71708
       -3.78262        -0.61144
       -3.69868        -0.65819
       -2.63424        -1.55182
       -2.54608        -1.59790
       -2.47762        -0.49093
       -1.38564        -0.53647
       -0.31355        -0.42903
       -1.21815        -0.47417
       -1.14283        -0.36640
       -1.04440        -0.41127
       -0.96627        -0.30330
       -1.86524        -0.34804
       -0.78471        -0.24002
       -0.68149        -0.28478
       -1.59898        -2.17684
       -0.49400        -0.22176
       -1.40995        -0.11406
       -1.30363        -0.15929
       -1.21846        -0.05197
       -0.11124        -0.09765
       -0.02538         0.00915
        0.08231        -0.03712
       -1.83158         1.06901
       -2.72385         0.02201
       -2.63791         0.12733
       -2.53056         0.07945
       -1.44521         0.18384
       -2.33867         0.13494
       -2.25434         0.23825
       -2.14902         0.18822
       -2.06612         0.29033
       -1.96242         0.23903
       -0.88135        -0.66019
       -0.77969        -0.71288
        0.29917        -0.61354
       -0.60159         0.33228
       -0.52534         0.43007
        0.57111        -0.62571
        1.64438         0.47043
       -0.26232         0.41295
        0.80761        -0.49265
       -1.10260         0.44809
       -1.03634         0.54067
        0.04961         0.47955
        0.11188         1.57023
       -0.80633         1.50719
       -0.74837         0.59592
       -0.67103         1.53090
       -0.61768         2.61763
        0.45493         2.55059
        0.50342         2.63528
        0.57103         3.56618
        0.61440         2.64881
        0.67677         3.57765
        1.71479         3.65820
        1.77171         2.58497
        1.80417         2.66345
        1.85543         2.58815
        0.88215         2.66458
       -0.07242         3.58723
       -1.05161         4.66163
       -0.01215         2.58228
        1.00261         3.65470
        2.03595         3.57339
        3.04454         3.64388
        4.07166         2.56068
        4.07400         2.62932
        4.09482         2.54431
        3.09081         1.61118
        4.10528         0.52444
        4.09489         0.58964
        5.10296        -0.49871
        4.08617        -0.43506
        4.08782        -0.52491
        3.06463        -1.46269
        3.05988        -1.55390
        2.03030        -2.49297
        2.01919        -2.58539
        2.98327        -0.52560
        1.96586        -2.61907
        2.92366        -0.56025
        2.90002        -1.65460
        2.85164        -0.59657
        3.82186        -0.69162
        3.76741         0.36581
        3.73162         0.27026
        4.67123        -0.67272
        3.62957        -0.76857
        2.56339        -0.71173
        2.51602        -0.80766
        2.44422         0.24922
        3.39132         0.15343
        2.31408         0.21056
        2.25585         0.11516
        1.17338        -0.82721
        1.11003        -1.92199
        2.02255         0.13639
        1.95431        -0.95752
        0.86207        -2.89814
        0.78918        -2.99092
        0.69242        -2.93029
        0.61514        -2.02169
        0.51412        -3.95953
        0.43273        -4.04927
        0.32773        -2.98533
        0.24250        -3.07315
        0.13382        -3.00715
        0.04504        -4.09277
       -1.06704        -2.02444
       -1.15906        -3.10760
       -1.27423        -3.03667
       -0.36918        -3.11709
       -1.48713        -2.04328
       -1.58470        -2.12068
       -1.70511        -2.04372
       -0.80497        -2.11784
       -0.92752        -2.03746
       -1.02936        -2.10802
       -2.15372        -2.02395
       -2.25720        -2.09068
       -2.38304        -2.00266
       -3.48785        -0.06531
       -3.61484         0.02693
       -2.72064        -1.03139
       -2.84845        -0.93468
       -2.95491        -0.98840
       -2.08322        -1.88697
       -2.19001        -1.93585
       -1.31850         0.17053
       -0.42530         0.12672
       -0.55364        -0.76171
       -1.66014         0.19979
       -0.78802        -0.68323
       -0.89390        -0.71621
       -1.02100         0.40639
       -1.12596         0.37914
       -0.25199        -0.49242
       -2.35572         1.48624
       -1.48038         1.62070
       -1.58260         1.60548
       -1.70562         1.74614
       -1.80604         1.73721
       -1.92713         0.88423
       -2.02549         0.88174
       -1.14438         2.03528
       -1.24043         1.03939
       -1.35688         2.19959
       -1.45036         1.21042
       -1.56412         1.37741
       -2.65480         2.39508
       -2.76565         2.56897
       -1.85331         0.59358
       -1.96104         0.77447
       -2.04548         0.80612
       -1.14988         0.99407
       -1.23090         0.03284
       -2.33179         0.22793
       -1.40921         0.27386
       -1.50643         0.47615
       -1.58010         0.52928
       -1.67349         0.73879
       -1.74325        -0.20084
       -1.83267         0.01591
       -0.89841         1.08352
       -2.98373        -0.69249
       -3.04533         0.38236
       -2.12646         1.61357
       -2.18381         1.69563
       -1.26065         1.93404
       -2.31368         1.02327
       -1.38617         3.26882
       -1.43481         3.36517
       -0.50289         0.61781
       -0.54709         0.72120
       -0.61071         0.98084
       -0.65045         1.09120
       -0.70960         0.35775
       -0.74485         0.47495
       -0.79951         0.74830
        0.16972         0.87224
       -0.88046         0.15226
       -0.90676         0.28281
        0.04751         1.56936
       -0.97436         2.70636
       -1.01567         1.99929
       -1.03315         3.14259
       -1.07010         3.44172
       -1.08324         3.59114
       -1.11589         3.89630
       -0.12478         3.05164
       -0.15322         2.36263
       -0.15794         2.52369
       -0.18226         1.84030
       -0.18291         2.00688
       -0.20321         2.32888
       -0.19991         1.50074
        0.78368        -0.17209
        0.79082         0.00481
        0.77817         0.33690
        1.78900         0.51860
        1.77997         0.85535
        1.79435         0.04158
        2.78880         1.38273
        1.80657         0.57322
        1.80433        -0.08150
        1.82533         0.11297
        2.82623         0.46208
        3.85028         0.66024
        1.85415         1.01290
        2.88107         1.21445
        2.88772         0.57035
        2.91733        -0.22500
        4.92656        -1.86618
        3.95867         0.34124
        4.97029        -1.29731
        3.00469        -0.08744
        4.01851        -1.72370
        4.05500        -1.51170
        4.07081        -3.14600
        4.10918        -2.93221
        4.12677        -3.56488
        4.16681        -3.34962
        2.18597        -2.98101
        1.22748        -1.76464
        2.24798        -0.39508
        2.29074        -0.17794
        2.31240         0.19221
        2.35619         0.40977
        2.37877        -0.21984
        2.42339         0.99779
        3.44669         0.36807
        2.49192        -0.41460
        2.51572         0.95521
        2.56135         0.17189
        2.58546         0.54087
        3.63128        -0.24346
        3.65547        -0.87567
        3.70128        -1.66138
        2.72536        -2.29515
        2.77097        -2.08258
        2.79474        -1.71827
        2.83993        -1.50781
        4.86320        -1.14579
        3.90779        -1.93779
        2.93037        -1.57841
        2.97418        -0.37325
        1.99589         1.98312
        3.03874         0.18509
        2.05940        -1.46192
        1.10112        -2.26350
        0.12057        -2.91424
        0.16100        -3.71974
       -0.82093        -2.37458
       -0.78195        -2.18435
        0.23459        -2.84364
        0.27198        -3.65805
       -0.71314        -4.32215
        0.32251        -5.14154
        0.33560        -3.81080
        0.36939        -4.63553
       -0.61944        -3.31030
        0.41238        -2.14071
       -0.57848        -2.82134
       -0.54875        -3.65778
       -0.54174        -3.34461
       -0.51418        -4.18741
       -2.50939        -5.88077
       -2.48409        -3.73028
       -3.48160        -6.43050
       -3.45863        -6.28704
       -3.45850        -7.99445
       -4.43792        -6.85834
       -5.44021        -8.57326
       -5.42207        -7.44482
       -5.42681        -6.16757
       -6.41114        -4.04710
       -7.41837        -2.77798
       -8.40520         3.33421
       -4.41492         5.59490
       -7.40425        -0.30149
       -6.41648         0.95048
       -6.40830         2.04524
       -5.42302         7.28821
       -6.41732        10.37382
       -6.43451         9.60752
       -6.43125         9.68374
       -4.45086         8.90790
       -5.45000         9.97445
       -4.47198         8.18883
       -5.47347         8.24548
       -4.49775         5.44983
       -4.50150         2.49633
       -4.52800        -0.30956
       -3.53393        -0.27343
       -3.56256        -2.08979
       -3.57056        -3.06422
       -5.60121        -3.89126
       -5.61118        -4.87646
       -4.64489        -3.71146
       -4.66044        -1.69921
       -5.70007        -1.53359
       -8.71612        -0.52225
       -6.76520         4.62837
       -4.80021         5.63012
       -5.84860         5.78608
       -4.89009         4.79527
       -4.95070         3.95966
       -4.99281         3.96264
       -6.04548         5.10297
       -2.15868         3.13462
       -4.20070        -0.63111
       -3.28103        -4.52545
       -0.44562        -6.29297
       -3.43353        -8.19821
       -1.59303        -8.00204
       -2.63657        -5.07090
       -2.73880        -2.96924
        0.03753        -1.99110
        0.86362         0.07907
        0.75419         0.08912
        1.55798         0.25123
        0.50265         2.12630
        2.21613         4.13112
        3.00294         5.95889
        4.66850         6.99788
        5.41753         6.95983
        4.32125         7.07214
        5.04953         7.92622
        4.84878         8.91715
        6.43252        10.62212
        7.08641        14.20100
        6.87468        14.95890
        7.49896        15.85071
        7.27215        15.71656
        6.17402        15.73091
        6.78619        15.58826
        5.69743        15.59415
       11.21736        17.90819
       14.15511        14.62739
       13.82355         7.23447
       10.28255         2.53528
        9.19171         3.29677
        6.53814         6.52549
       16.26188        11.83331
       12.04662        -0.31141
        8.69387        -1.80747
       10.57873         3.55311
        9.50104         4.96910
        9.86226         2.16814
       10.22402         0.00249
        9.84127        -4.75937
        8.78739        -5.38515
        9.77584        -9.24652
        8.05931       -13.13903
        7.68395       -15.43368
        6.67962       -12.59292
        6.31503       -11.60351
        6.60245        -9.52874
        4.99054       -11.69914
        4.66094       -12.72100
        4.31117       -11.75447
        3.39767       -10.96278
        3.63878        -9.46429
        3.88224       -10.42490
        2.97547       -11.74523
        1.57096        -9.89108
        1.79033        -8.48358
        0.96872        -7.27370
        1.17321        -7.48964
        0.88109        -7.83798
        0.57140        -8.01329
       -0.19077        -8.79960
        0.45446        -9.39125
       -0.28742        -9.63724
       -0.13251       -10.60229
       -1.27727        -9.04720
       -1.97071        -8.25471
       -1.37498        -7.63870
       -1.64325        -7.29629
       -3.05966        -7.50089
       -4.42748        -6.00827
       -4.22045        -3.99264
       -4.77015        -3.37287
       -7.01980        -1.17949
       -6.10435         0.70073
       -4.89319         1.33613
       -5.69221        -0.15050
       -6.73039         0.16359
       -8.32009         0.60908
       -7.75924         1.74738
       -8.64751         1.84258
       -8.37118         2.05377
       -7.60926         2.91732
       -7.87602         2.82028
       -8.37859         2.87612
       -8.12014         2.08494
       -8.56102         1.94638
       -7.44291         2.09978
       -7.44986         1.16128
       -7.23095         0.54898
       -7.22946        -0.04670
       -7.01881        -0.72851
       -6.83751        -1.02230
       -6.80402        -0.93520
       -6.93718        -0.85218
       -6.43751        -0.46919
       -6.55161         0.17227
       -6.35636         0.21956
       -6.43588         0.79032
       -6.35249         0.69571
       -6.28087         0.76654
       -6.17771         0.90355
       -6.18310         1.17873
       -5.87271         1.37768
       -5.85180         1.95666
       -5.86548         1.77415
       -5.79516         1.98567
       -5.68249         1.96638
       -5.81811         2.16187
       -5.64536         2.30778
       -5.52795         2.57750
       -5.12784         2.76123
       -4.89625         2.92760
       -4.67322         2.35597
       -4.42189         2.55682
       -4.05089         2.62059
       -3.76896         2.81676
       -3.48733         2.67977
       -3.21922         2.78367
       -2.90437         2.79377
       -2.57997         2.89018
       -2.27633         2.83411
       -1.98570         2.97493
       -1.66490         2.96410
       -1.35153         3.09553
       -1.01134         3.09866
       -0.68706         3.23513
       -0.34052         3.23026
       -0.00270         3.38135
        0.36682         3.38230
        0.72147         3.53195
        1.10510         3.53050
