       -5.51736         1.15060
       -5.21928         1.23790
       -4.92220         1.32160
       -4.62622         1.40446
       -4.33131         1.48362
       -4.03758         1.56194
       -3.74502         1.63642
       -3.45372         1.71009
       -3.16371         1.77977
       -2.87504         1.84872
       -2.58780         1.91349
       -2.30204         1.97766
       -2.01781         2.03749
       -1.73515         2.09687
       -1.45404         2.15166
       -1.17453         2.20617
       -0.89654         2.25590
       -0.61997         2.30552
       -0.34526         2.35005
       -0.07257         2.39494
        0.19846         2.43365
        0.46704         2.47318
        0.73270         2.50703
        0.99549         2.54212
        1.25743         2.57027
        1.51641         2.59895
        1.77361         2.61980
        2.03154         2.64258
        2.28804         2.65666
        2.54003         2.67308
        2.78951         2.68476
        3.03861         2.70090
        3.28622         2.70734
        3.52919         2.71050
        3.76447         2.70604
        3.99977         2.70520
        4.22416         2.69657
        4.44378         2.69169
        4.65786         2.67007
        4.87351         2.65136
        5.08760         2.62865
        5.28417         2.61438
        5.47749         2.59142
        5.65605         2.58146
        5.81705         2.57176
        5.97344         2.56792
        6.13371         2.53722
        6.29540         2.50932
        6.46158         2.47598
        6.63721         2.46180
        6.80902         2.43872
        6.97005         2.41311
        7.15403         2.37536
        7.32477         2.35524
        7.44474         2.30217
        7.53277         2.28555
        7.61662         2.27560
        7.67268         2.27090
        7.68127         2.25041
        7.71977         2.23737
        7.77820         2.21084
        7.85253         2.17950
        8.03958         2.15417
        8.27714         2.13071
        8.46669         2.02659
        8.55533         1.95978
        8.69040         1.89391
        8.84992         1.85782
        9.04089         1.78977
        9.20292         1.76966
        9.28894         1.74320
        9.18136         1.73916
        9.06348         1.82381
        9.04670         1.89873
        9.04691         1.85596
        8.97316         1.84950
        8.93718         1.87448
        8.94651         1.92102
        8.93150         1.93047
        8.89019         1.97875
        8.92162         1.99894
        8.99364         1.98241
        8.99393         1.92921
        9.04267         1.90211
        9.03629         2.00308
        9.02581         2.03812
        9.09526         1.96766
        8.97368         2.06654
        8.81469         2.18897
        8.75674         2.30412
        8.88687         2.23927
        8.87976         2.15061
        8.79981         2.26026
        8.80340         2.29570
        8.78463         2.19026
        8.68182         2.20867
        8.64156         2.38717
        8.85288         2.43801
        8.92501         2.40688
        8.94279         2.49034
        8.95404         2.41586
        8.96944         2.27219
        8.86202         2.18503
        8.74917         2.14102
        8.73494         2.11011
        8.72636         1.98579
        8.60535         1.85951
        8.34941         1.91940
        8.17747         1.81590
        8.07881         1.67394
        8.01483         1.80654
        7.87790         1.53579
        7.55407         1.38594
        7.38796         1.42423
        7.29410         1.58046
        6.99970         0.94002
        6.51863         1.65199
        6.75866         1.61153
        7.12528         0.84295
        6.83739         1.46683
        6.81370         1.43367
        6.95510        -0.61970
        6.05806         0.02439
        5.82252         0.73634
        6.40955        -0.63365
        5.80849        -1.11982
        5.24524         0.39555
        5.34679        -0.00911
        5.44682        -1.32605
        4.97109        -0.59343
        5.29821        -0.61197
        5.57656        -1.18913
        4.82805        -0.62955
        4.97325        -0.34957
        5.23995        -0.49247
        5.10950        -0.08099
        5.20865        -0.31895
        5.02603        -0.70488
        4.62477        -0.63908
        4.46440        -0.80131
        4.61940        -1.14991
        4.12121        -1.02401
        3.57258        -0.99304
        3.54830        -1.22622
        3.04847        -0.87764
        2.55149        -1.02289
        2.50508        -1.35239
        2.24822        -1.37642
        2.32457        -1.43000
        2.11543        -1.54707
        1.87629        -1.41496
        1.99793        -1.09781
        2.03656        -1.05513
        1.90644        -1.24819
        1.64726        -1.46001
        1.39031        -1.45937
        1.11844        -1.50196
        0.86844        -1.67524
        0.63466        -1.71606
        0.71489        -1.46020
        0.90399        -1.39052
        0.70142        -1.10332
        0.54619        -1.05127
        0.37261        -1.01369
       -0.05664        -1.10424
       -0.57810        -1.37907
       -0.82291        -1.74555
       -0.86608        -1.73428
       -1.18546        -1.75582
       -1.37191        -1.75428
       -1.81288        -2.03870
       -1.81575        -1.67472
       -1.86850        -1.66603
       -2.05449        -1.97611
       -2.38387        -1.91500
       -2.12481        -1.63815
       -1.26565        -1.73861
       -0.67090        -2.29286
       -0.25071        -2.54192
        0.07807        -2.35263
       -0.28472        -3.05100
       -1.28360        -3.45818
       -1.78688        -3.62957
       -2.21040        -3.96596
       -2.99484        -4.02807
       -3.71653        -3.61604
       -3.86913        -3.84442
       -4.36148        -4.08120
       -4.87959        -3.73926
       -5.28296        -3.12140
       -5.18575        -2.75686
       -5.26547        -2.59894
       -5.17813        -2.28638
       -4.87206        -2.23249
       -4.76825        -2.55149
       -4.76656        -2.22702
       -4.08331        -2.10549
       -3.61654        -2.24555
       -3.11920        -2.25892
       -2.30252        -2.66459
       -2.06664        -3.59530
       -2.37141        -4.56253
       -2.81117        -5.11150
       -3.31260        -5.64170
       -4.30439        -5.90372
       -5.27586        -5.68253
       -6.03437        -5.56002
       -6.43993        -5.67487
       -7.26838        -5.93481
       -8.24508        -5.13982
       -8.68755        -4.44097
       -8.97395        -3.99910
       -9.15266        -3.31911
       -9.14935        -2.44747
       -9.06287        -2.11494
       -8.90425        -1.69869
       -8.99634        -1.53558
       -9.16885        -0.83032
       -8.97611        -0.56930
       -8.59883        -0.42951
       -8.19103        -0.72268
       -8.10892        -1.09649
       -8.24700        -1.01050
       -8.42151        -0.65672
       -8.46111        -0.25554
       -8.55154         0.01637
       -8.86530         0.37010
       -8.64229         0.58433
       -8.24303         0.39980
       -8.19674        -0.05346
       -8.34745         0.05729
       -8.39972         0.18406
       -8.37158         0.21095
       -8.15126         0.09561
       -8.20779        -0.28902
       -8.11641        -0.04076
       -8.03647        -0.65536
       -8.40858        -1.26064
       -8.38857        -1.79053
       -8.67621        -2.13268
       -8.95236        -2.07947
       -8.90044        -2.11678
       -8.70182        -2.38480
       -8.52609        -2.94705
       -8.72648        -3.39526
       -8.84737        -3.32859
       -8.69169        -3.35528
       -8.71283        -3.39883
       -8.41970        -3.71780
       -8.34721        -3.81852
       -8.42828        -3.90722
       -8.70648        -3.76107
       -8.81838        -3.71945
       -9.11109        -3.59970
       -9.43467        -3.55206
       -9.64724        -3.52001
       -9.52635        -3.39161
       -9.16829        -3.05236
       -8.86095        -2.29998
       -8.07114        -2.07765
       -7.53042        -1.86406
       -7.06524        -1.63339
       -6.77451        -1.17436
       -6.27571        -1.29563
       -6.09989        -1.66675
       -6.13470        -1.13487
       -5.89123        -0.30956
       -5.51709        -0.34713
       -5.49755        -1.02830
       -5.97143        -0.92688
       -6.51628         0.43257
       -7.13177         2.03838
       -7.48218         2.64954
       -7.52194         2.67238
       -7.23352         2.77634
       -7.11271         3.26895
       -7.40047         3.93535
       -7.32260         4.96120
       -6.86555         5.73480
       -6.48380         5.90233
       -6.24329         5.62677
       -6.17120         5.88712
       -5.93929         6.60186
       -5.65888         6.91950
       -4.90177         6.87018
       -4.38395         6.39359
       -4.07039         6.12402
       -3.69905         5.90684
       -3.19826         5.74068
       -2.43834         5.84974
       -1.89207         5.85315
       -1.64631         5.59744
       -1.83601         4.94544
       -1.75951         5.18831
       -1.41728         5.78155
       -1.10734         5.77735
       -0.79930         5.63436
       -0.51502         5.33410
       -0.08564         5.45074
        0.45700         5.56264
        0.58893         4.49478
        0.10313         3.85435
       -0.64939         3.93169
       -1.65762         5.17833
       -2.64838         7.44242
       -3.58304         9.45001
       -3.49889        11.25958
       -3.05997        11.57950
       -2.82141        10.91394
       -2.16007        10.17528
       -1.10460         9.08566
       -0.35370         7.53316
       -0.03683         6.65273
        0.46729         6.70328
        0.96603         6.05430
        1.50152         5.51250
        1.60828         4.34655
        1.54779         3.27451
        1.20038         3.15319
        1.12003         4.10433
        1.23493         4.72909
        1.59254         5.22185
        1.90771         4.57795
        2.57408         2.70563
        2.65467        -0.65963
        1.60527        -3.47809
        0.35390        -4.03592
       -0.39396        -1.73823
       -0.61047         0.48532
       -0.74183         1.08615
       -0.74368         0.61189
       -1.15623         0.33513
       -0.83978         0.98288
        0.13629         1.20719
        0.13568         0.65774
       -0.01965         0.51744
       -0.30567        -1.47772
       -0.53843        -2.21365
       -1.46139        -2.79837
       -2.29524        -2.66095
       -2.51130        -2.95989
       -2.70576        -2.32211
       -2.49460        -0.16912
       -1.61901         1.54932
       -1.10331         1.37391
        4.25701        12.88155
       10.69129         2.10689
        4.79100       -16.36880
        2.41451       -26.94002
        4.62849       -21.27269
        7.73961       -14.54897
        7.39852       -13.76612
        8.54994       -11.22662
       10.29202       -11.61289
       11.04545       -10.28228
       11.95756        -8.28668
       13.86939        -6.04159
       14.54910        -7.02444
       15.60321        -8.96538
       16.91759        -5.35583
       15.92975        -2.46930
       15.27153         0.43766
       16.13266         3.36370
       16.79395         5.32123
       17.21664         7.07061
       18.87022        10.23775
       20.30609        10.84248
       22.14707         9.19555
       23.31391         6.25564
       23.53245         6.99748
       23.45807        11.11110
       23.95530        11.69672
       25.49803        11.84971
       28.29780         8.62395
       28.90998         2.28631
       26.58695         1.30250
       24.72311         4.61006
       24.71217        12.22288
       25.22918         9.89613
       24.18802         1.90506
       23.77577         0.67517
       23.97032         2.93903
       21.49672         0.80382
       20.80621        -0.35506
       20.55901        -1.54444
       18.34254        -3.25242
       17.57187        -1.26500
       16.70722        -1.04709
       14.38286        -4.93539
       12.98051        -5.07430
       12.17728        -7.43717
        8.48422        -9.62393
        8.34195        -6.65109
        6.44652        -7.23740
        5.80005        -6.41922
        5.48761        -6.15564
        3.21798        -7.39532
        2.93590        -3.96706
        4.10616         0.89732
        3.28436         0.15737
        4.17542        -0.09207
        4.07211        -2.29245
        5.22408        -0.99029
        6.35273         1.37748
        6.35452        -2.97117
        6.76390        -3.47183
        6.56899        -1.59636
        6.05774        -0.54704
        5.36962         1.29528
        5.44623         2.35398
        5.25338         5.56856
        5.07636         3.13571
        3.86564        -0.62873
        2.20369         0.02927
        2.11881         4.61302
        1.04081         4.87823
        2.57915         4.75806
        2.60681         3.67752
        0.34812         2.24412
       -0.73747         4.35904
       -0.97229         6.30726
       -0.82135         6.95198
       -0.17584         7.45602
        1.58056         5.49806
        1.85518         3.12591
        0.60401         2.59627
        0.34239         4.64577
        0.36329         6.84145
        0.52540         7.18375
        0.68738         7.49072
       -2.04527         4.87098
       -4.38137         2.40972
       -6.09792         2.19106
      -11.20875        -2.16247
      -13.93017        -2.71958
      -15.85536        -3.59290
      -17.29944        -3.34685
      -19.33392        -5.38037
      -20.63510        -6.02069
      -23.82066        -8.75480
      -25.75021        -6.03108
      -25.21192        -1.92184
      -25.95725        -2.84798
      -25.17603        -3.84915
      -25.88772        -4.04107
      -24.10164        -1.15005
      -20.83408         1.22117
      -19.75752         2.41276
      -16.21577         5.14818
      -13.72113         4.91075
      -12.24239         5.96059
       -9.16870         7.70386
       -5.22951         6.39334
       -2.73930         4.63652
       -0.89752         1.89952
        1.41384         0.23650
        2.41001        -0.99646
        5.04769        -2.51983
        5.45207        -2.37320
        7.04986        -7.74291
        7.42811       -15.18151
        5.79001       -13.49336
        4.94513        -7.19085
        4.98180        -7.01633
        6.57193        -9.60903
        7.77287        -9.97331
        5.99302       -13.79439
        3.94755       -13.90546
        6.92154        -8.07093
        7.07633        -7.87647
        6.08750        -9.54800
        5.05488       -11.45136
        4.57156       -10.64663
        7.59969        -7.60749
        6.68337        -6.47720
        5.90758        -7.11709
        6.30041        -9.51141
        5.27770        -9.19836
        4.57401        -7.96534
        5.09036        -7.31271
        5.49014        -7.50905
        5.47619        -7.04553
        5.56324        -7.35942
        6.53364        -8.09357
        5.72295        -9.00023
        5.04717        -8.28075
        4.22219        -8.04571
        3.29220        -8.61731
        4.03155        -8.66978
        3.35078        -8.78900
        2.07727        -8.04638
        2.46568        -7.65293
        1.18472        -7.38408
       -2.50409        -6.26385
       -4.51273        -5.74166
       -5.04852        -3.91353
       -6.75842        -3.24655
       -7.46809        -2.80873
       -8.51234        -2.51067
       -7.90769        -1.55421
       -9.44508        -0.92446
       -8.03753        -0.30324
       -6.77369         0.46851
       -7.98754         1.65409
       -7.49525         0.46428
       -6.25485        -0.29996
       -9.44311        -0.66421
      -10.62658        -0.59283
       -7.48841        -0.94723
       -7.48111        -1.73192
      -10.67784        -1.69783
      -12.60847         0.24770
      -12.03216        -0.60393
      -12.00259        -0.07206
      -12.89578        -0.24960
      -15.76110        -0.07073
      -16.72104         0.52195
      -16.21432         0.79995
      -17.65961         0.09118
      -20.50462         0.81929
      -22.55854         4.06937
      -20.68375         7.23175
      -21.08177         6.08085
      -27.34033         5.30715
      -28.78610         8.11625
      -27.55667         9.35231
      -30.65438         8.61325
      -30.12298        11.92758
      -26.52483        10.39071
      -21.93936         7.46846
      -19.83208         7.20246
      -19.70642         7.66217
      -18.94841         5.02755
      -18.16332         3.98693
      -15.08354         4.93605
      -13.07966         3.21544
      -14.59588         1.73603
      -14.89950         0.27065
      -14.93322         0.83224
      -12.83016         1.24881
      -12.58556        -1.87422
      -13.74201        -2.09397
      -11.70427        -1.39170
      -10.98163        -3.90405
      -11.10181        -4.57725
      -12.74313        -3.11694
      -13.61616        -2.68702
      -12.54619        -1.86063
      -12.16599        -1.07882
       -9.42887        -1.40760
       -9.94758        -1.20732
       -9.49309        -0.43063
       -8.27585        -1.30342
       -9.39318        -2.89366
      -10.31068         1.33960
       -6.91867         6.42357
       -3.78743         4.26168
       -4.47664         1.31716
       -7.33989         1.22128
      -10.26303         5.87842
       -7.25569         8.20753
       -3.71070         6.42833
       -1.21987         4.20377
       -0.41003         6.13323
       -1.13282         7.67634
       -0.06443         6.54816
        2.82216         6.13731
        4.96710         5.51017
        4.56675         4.03671
        3.94007         4.24916
        2.86324         4.31599
        2.05023         6.09974
        3.30323         6.90774
        4.67201         6.02236
        5.67259         3.51910
        4.50942         2.13883
        3.98483         3.85904
        6.09245         5.96381
        5.51843         6.03277
        4.42455         6.30049
        3.55680         7.82479
        4.11948         6.38725
        5.52486         4.38934
        6.21776         5.08248
        5.52514         5.94699
        4.91477         6.66744
        4.54313         7.49466
        3.67430         6.34989
        2.54112         6.25530
        2.78499         6.96296
        1.54640         7.66754
        1.17658         7.44164
        0.66153         7.76706
       -0.54402         8.60308
       -0.51476         8.86369
        1.60356         8.72380
        1.02755         7.19377
        1.07915         7.72102
        3.54964         8.61388
        4.53693         8.97378
        3.47865         8.95256
        2.07655         9.51215
        3.59524        10.28956
        5.97013         9.30223
        7.99183         8.45882
        9.68060         8.21510
        9.74205         7.31593
       10.06841         6.82407
       12.15580         6.22953
       14.31481         4.69076
       15.14303         3.08911
       16.68705         2.60283
       16.69480         1.06395
       15.72186        -0.16491
       14.86234        -0.48509
       13.59564         0.02371
       13.51755        -0.29700
       12.73364        -0.18879
       11.84436        -0.70129
       10.54992        -0.60222
        9.27747        -0.18006
        7.72639         0.28696
        7.73647         0.54254
        7.98645         0.64612
        7.97661         0.16340
        8.14369        -0.23970
        7.65080        -0.59945
        6.12953        -0.35593
        5.11181         0.90089
        5.05724         1.12846
        4.15726         0.94232
        4.25578         0.90773
        3.96176         1.30973
        4.55878         1.80493
        5.70063         1.59269
        7.00622         1.75446
        8.26002         1.20576
        8.75095         0.94238
       10.16330         0.61600
       11.24300         0.54793
       11.92101         1.01133
       12.71808         0.77650
       13.07937         1.45196
       13.06912         0.61233
       12.23815         0.91545
       11.94055         1.27529
       12.59281         0.00919
       14.39219        -1.49289
       15.48901        -0.64344
       15.77304        -0.39067
       15.72977        -1.81957
       15.45481        -2.69085
       13.98033        -2.53083
       13.06759        -2.03723
       12.31961        -1.31102
       12.52732        -1.57562
       12.28491        -2.04749
       11.85084        -2.52536
       11.86560        -2.88771
       11.48517        -3.52160
       12.23206        -4.13036
       12.23622        -3.00322
        9.45137        -4.83699
       11.12881        -6.22239
       10.67587        -5.99577
        9.19756        -5.76752
        8.45891        -5.06145
        8.49523        -3.65532
       10.85340        -4.39460
       11.12874        -5.48820
       11.23879        -6.85345
       11.42174        -7.19777
       11.32128        -7.26180
       10.42876        -6.88681
        9.71325        -6.50561
        9.23841        -6.02296
        8.68782        -5.04052
        8.17515        -4.37938
        7.88382        -4.39054
        7.32334        -4.73824
        7.82148        -5.08434
        6.97759        -5.86341
        5.71475        -5.61798
        5.53202        -4.80430
        4.15213        -4.57837
        2.73499        -4.48948
        2.57485        -4.76111
        2.52544        -5.32438
        2.43702        -5.75630
        2.24967        -5.62765
        3.38850        -6.49110
        3.73923        -6.78043
        2.58266        -6.29133
        1.80421        -6.05126
        1.82464        -5.04238
        0.61691        -3.99750
        2.16513        -4.37979
        2.91057        -4.24639
        3.64869        -5.30632
        4.24277        -5.96588
        5.81796        -6.06258
        6.85168        -5.86674
        9.03144        -7.33155
        9.35634        -7.98765
       10.09006        -8.85640
        9.97220        -8.90495
       10.93678        -9.00566
       11.33675        -9.19601
       11.35379        -9.28306
       11.47103        -9.69560
       11.20599        -9.67185
        9.97915        -9.82062
        9.23968        -9.59382
        8.29909        -8.21558
        7.93289        -7.74978
        8.93457        -7.64677
        9.17167        -7.45477
        8.86518        -7.43426
        8.49081        -7.52963
        7.65091        -8.10656
        6.93649        -7.73445
        6.32309        -7.24529
        6.02741        -6.40731
        4.12398        -5.78553
        2.67752        -6.35601
        3.28603        -6.32144
        3.27093        -6.03972
        3.41040        -5.96720
        3.40301        -5.84061
        2.82946        -5.75414
        2.59865        -5.60189
        1.81312        -5.07685
        0.49144        -4.77362
        0.31017        -4.57655
       -0.44630        -4.63175
       -0.85441        -4.75804
       -1.08824        -4.39238
       -1.68925        -4.42511
       -1.07335        -5.11384
       -0.86481        -5.17375
        0.24829        -5.94096
        1.22783        -6.45583
        1.20677        -6.67845
        3.21147        -7.12886
        2.72338        -6.76034
        2.75673        -7.01977
        1.89162        -7.05990
        1.08845        -6.92327
       -1.17802        -5.95969
       -1.07453        -4.78768
       -2.09366        -4.23802
       -3.26150        -3.40842
       -3.08727        -2.97851
       -2.95724        -3.09349
       -3.93845        -2.78382
       -6.24817        -2.14788
      -10.27730        -1.50279
      -13.31174        -1.20727
      -16.55122         0.78973
      -18.49468         2.46198
      -17.80648         2.68286
      -15.06973         1.90081
      -14.76315         1.85123
      -15.28031         1.12403
      -18.04294         1.38543
      -20.52398         2.17487
      -23.16180         3.92422
      -24.97482         5.22144
      -25.74811         6.16586
      -25.02608         6.71596
      -26.82013         7.20491
      -26.42150         7.46918
      -26.14945         7.05377
      -29.54137         6.62331
      -30.65151         7.60016
      -31.88462         8.82526
      -30.10277         9.23279
      -26.87405         8.60355
      -24.32820         7.05072
      -20.94798         5.92525
      -20.71913         4.73516
      -22.02458         4.46157
      -22.02723         5.45731
      -22.80571         5.62786
      -21.65822         6.36506
      -19.74658         7.64852
      -19.58401         8.27510
      -20.78380         8.55758
      -24.95536         7.91265
      -25.55564         9.86026
      -25.06090        11.91411
      -21.95410        12.50579
      -18.15699        11.22517
      -15.67886         9.56437
      -15.21781         8.51375
      -13.55932         7.69209
      -13.25148         7.35775
      -14.31360         6.96052
      -14.88211         6.45142
      -16.41483         6.55907
      -18.17422         7.08818
      -19.41740         7.38218
      -21.20435         8.04678
      -22.42373         8.75494
      -22.62247         9.16554
      -23.67243         9.88351
      -24.93889         9.59574
      -24.94936         9.51833
      -24.39483         9.84635
      -25.23296        10.98057
      -25.02807        11.47305
      -24.28984        11.29690
      -23.81193        10.32419
      -23.94370        10.20202
      -22.74047         9.95563
      -23.16680         9.57747
      -25.21983         9.32393
      -27.01961        10.70999
      -25.53901        11.01968
      -25.76188        11.49033
      -27.06726        11.27864
      -29.15336        11.76678
      -27.83340        12.18245
      -28.90343        12.17231
      -28.40281        12.06174
      -27.30364        12.15708
      -26.86612        11.96004
      -24.97183        12.12313
      -21.69217        11.85672
      -20.38440        10.73066
      -16.59424         9.36768
      -14.63196         8.64743
      -13.19697         8.08668
      -12.57121         7.97273
      -12.21378         7.76385
       -9.43978         6.11818
       -5.09682         4.78334
       -0.92216         3.75247
        3.33722         3.01768
        4.21371         2.72213
        3.58070         2.33659
        5.57819         0.80989
        8.14808        -0.13751
       11.48904        -0.46413
       13.61911        -2.16551
       16.21179        -3.02814
       14.56743        -3.19991
       16.15387        -4.08814
       17.46896        -3.87037
       19.46903        -3.42592
       19.68539        -3.40516
       19.74204        -3.96774
       20.71280        -4.23336
       21.72599        -4.27750
       19.95574        -4.85319
       19.63786        -4.78989
       21.67333        -4.88163
       23.41210        -5.81139
       23.30147        -5.46234
       23.76588        -5.88596
       26.59947        -6.31792
       27.93016        -6.83503
       30.05373        -7.72011
       30.16181        -6.74847
       33.54732        -7.04510
       33.45600        -5.77013
       34.37698        -5.62123
       32.83199        -4.85684
       30.32846        -4.29629
       28.80563        -4.54003
       28.28458        -5.16489
       30.09638        -5.80762
       31.33410        -6.25489
       29.96565        -5.85131
       30.29190        -5.96269
       29.15278        -5.12545
       31.13482        -5.72459
       27.41072        -4.34302
       29.07624        -4.67924
       29.41140        -4.89514
       28.23009        -5.37271
       26.38349        -4.89470
       22.92316        -3.34225
       17.76879        -0.95743
       11.46842         1.16412
        4.19489         3.16533
       -1.04608         4.51556
       -7.08715         5.50458
      -11.38345         6.87176
      -11.51533         7.74970
      -14.20991         8.63995
      -17.91452         9.81360
      -19.82915         9.95387
      -20.22296         9.92721
      -18.92960         9.29266
      -21.12107         9.30231
      -25.52220        10.03042
      -28.02833        10.56190
      -31.99628        11.42199
      -36.68122        12.40447
      -39.29381        13.49339
      -41.58275        14.68189
      -43.72335        14.67034
      -43.38047        14.92087
      -42.71209        14.57472
      -41.16207        14.07933
      -40.61758        14.48777
      -38.91598        14.25335
      -36.32442        13.28861
      -31.49425        11.82371
      -26.33265        10.60902
      -21.00213         9.11103
      -17.97021         7.81330
      -15.02056         6.16563
       -8.61685         4.21292
       -3.29210         2.29432
       -0.26448         1.24656
        5.34483        -0.72289
        7.62632        -1.89063
       11.91415        -3.39816
       18.43199        -5.01461
       23.99598        -6.15398
       26.46979        -6.58136
       30.38975        -7.37829
       35.39703        -8.31903
       38.93328        -7.99775
       42.46351        -8.71672
       46.36022        -8.96163
       47.33641        -8.93092
       49.86725        -9.57941
       51.30626        -8.60339
       50.20660        -7.54153
       47.93495        -6.56877
       49.83499        -7.17961
       51.38957        -7.35167
       51.00021        -7.34711
       52.09943        -7.87655
       54.18058        -8.17983
       52.29803        -7.96155
       50.61179        -8.60688
       51.34858        -9.72944
       53.04325       -11.07458
       54.03035       -12.42589
       55.30374       -13.19424
       53.80749       -14.04754
       51.00462       -15.03566
       50.74620       -16.17887
       50.86294       -16.28570
       49.05991       -17.31173
       48.81182       -18.51934
       50.05226       -19.53280
       51.02845       -19.73397
       49.66797       -19.37011
       45.92291       -18.96010
       44.78584       -18.66304
       46.48368       -20.57064
       46.67838       -21.54299
       46.85949       -21.69532
       44.91266       -21.60622
       42.64779       -21.64974
       41.96253       -21.83467
       42.30580       -21.66086
       41.85807       -21.38845
       39.65545       -21.19947
       38.31226       -20.71006
       38.34394       -20.75225
       37.66516       -20.71916
       34.67739       -20.13153
       32.72679       -20.02147
       33.02583       -21.11505
       32.50252       -21.78572
       31.87887       -20.83837
       29.19472       -19.15232
       26.53056       -18.34878
       24.30376       -18.12356
       24.57552       -16.32891
       22.10853       -15.70877
       21.53699       -15.63724
       21.67662       -14.71363
       21.81228       -15.56366
       20.83372       -15.44684
       18.25415       -15.10524
       14.16898       -14.17133
       12.99893       -13.82972
       13.27311       -13.72538
       12.86925       -13.16092
       10.62229       -11.97532
        9.78197       -10.31801
        9.01642       -10.49866
        8.15608       -10.39786
        6.95490        -9.60079
       10.45481        -8.35305
        8.29665        -8.53932
        7.63036        -8.33502
        5.96643        -9.05920
       -0.07334        -6.69795
       -3.22710        -4.21212
       -4.19572        -4.80317
       -5.30053        -3.90096
       -8.62199        -3.36676
      -11.06845        -3.12712
      -11.56139        -2.93849
      -13.48842        -1.26257
      -15.52088        -0.00217
      -18.51536        -0.28115
      -23.02883        -1.94965
      -22.83941        -2.10855
      -22.28656        -5.73850
      -27.69900        -7.15770
      -32.27653        -7.01630
      -35.82889        -7.15570
      -36.37301        -7.08521
      -41.43962        -6.73089
      -46.14681        -4.37556
      -48.71895        -2.99312
      -51.90848        -0.76107
      -52.88122         0.97019
      -54.91445         3.94549
      -56.85767         7.32143
      -57.43394         9.38266
      -56.15044        11.41045
      -55.16105        12.79111
      -54.75975        14.59439
      -55.10992        17.20945
      -53.84723        18.44436
      -50.83285        18.80160
      -48.60943        19.83225
      -45.82798        20.77328
      -43.85347        22.13876
      -42.78556        22.96583
      -41.71390        23.54922
      -42.33477        24.34388
      -42.63449        24.88074
      -41.75902        25.35206
      -40.66181        25.23341
      -40.41617        25.47759
      -40.70350        25.80563
      -40.37413        25.64683
      -40.23662        25.56391
      -39.86078        24.38081
      -40.60718        23.50923
      -39.36159        23.16380
      -39.29443        22.86772
      -41.16696        23.39459
      -42.53241        22.68213
      -43.42038        21.77710
      -44.49826        20.14420
      -46.54847        19.55720
      -50.70306        19.25729
      -52.77846        19.50608
      -55.68219        19.81575
      -60.23968        20.50139
      -62.88895        21.53822
      -65.35042        21.48329
      -67.08878        21.10115
      -66.60694        19.59005
      -64.18525        18.76882
      -61.60193        18.27274
      -60.29903        18.27282
      -56.95740        18.08180
      -55.09444        17.52954
      -52.47434        17.49893
      -49.81845        16.56700
      -47.77400        15.83182
      -44.35716        14.45092
      -41.41798        13.48651
      -40.92430        13.17980
      -42.36051        14.27700
      -42.87610        14.75497
      -41.79697        14.74944
      -43.35611        15.52658
      -44.34324        15.52997
      -45.52618        15.76178
      -44.08383        15.32425
      -42.97385        13.54855
      -44.52812        13.74474
      -44.57648        13.47316
      -44.00330        14.05821
      -44.85476        14.98573
      -47.93807        16.72030
      -50.75973        19.18857
      -52.87714        20.64629
      -54.32929        21.53196
      -55.41090        22.08347
      -54.63032        21.39766
      -54.12892        21.19428
      -54.31125        20.74998
      -54.28066        20.61919
      -54.25319        20.59771
      -54.12072        20.57348
      -52.64211        20.24731
      -51.93076        20.77579
      -52.03853        21.15124
      -53.51332        21.82109
      -56.13265        23.32349
      -59.22595        24.08703
      -62.68924        24.67338
      -65.60761        25.54328
      -68.87576        26.90808
      -73.33595        28.96885
      -78.01488        30.51544
      -82.17150        32.07942
      -85.16503        33.05499
      -87.41173        34.06954
      -91.30250        35.74794
      -95.60294        37.47777
      -97.06280        38.65438
      -99.65586        40.03835
      -99.48521        40.35304
      -99.75296        40.26922
     -100.17271        40.52056
     -100.42125        41.14317
      -99.45570        40.61489
      -83.18703        34.37917
       11.17933         0.17354
       72.22506        -6.10676
      114.55817       -25.07649
       68.94237        -7.35825
       58.26034        -9.09214
       59.00591       -12.63690
       70.91077       -27.08482
       90.50357       -39.89695
      100.56115       -47.51026
      105.74832       -45.88345
      108.32424       -44.51682
      105.72137       -45.39874
      117.68003       -52.25483
      119.62699       -51.93012
      120.17157       -52.26239
      122.10803       -51.30586
      129.88635       -48.99361
      132.84925       -52.93153
      148.70703       -61.79254
      152.61175       -58.05383
      148.07820       -50.64201
      144.01843       -40.80577
      136.81552       -34.75451
      137.07735       -34.46794
      138.96968       -33.21731
      142.75669       -37.43045
      148.71394       -42.39313
      146.63612       -40.23550
      139.03811       -31.76848
      146.45423       -35.77141
      158.65288       -41.30853
      165.28701       -43.67232
      158.57998       -38.36754
      145.39162       -27.86098
      141.76791       -22.76255
      136.41464       -19.46108
      135.03930       -17.63912
      142.09384       -17.92997
      141.06740       -18.68636
      126.36040       -16.67459
      124.59297       -15.64754
      121.81069       -15.59901
      117.82599       -13.62405
      112.40379       -12.54011
      102.35716        -8.43824
       96.71717        -9.29487
       96.27488       -11.23556
       95.90501       -16.57474
       99.45428       -22.93494
      110.31036       -25.52127
      114.58700       -26.71258
      113.54101       -29.18883
      114.08527       -31.31934
      107.28493       -29.38055
      103.72150       -31.51915
      109.04631       -33.16705
      112.44201       -32.44726
      119.45390       -32.59054
      125.71430       -28.92489
      127.35050       -43.25188
      115.46561       -44.89151
      111.69059       -44.97886
      113.30756       -49.53709
      108.62510       -52.25409
       86.51148       -54.80836
       79.95461       -51.19162
       73.24443       -48.36703
       65.81248       -42.08663
       63.16884       -33.85576
       39.77890       -36.62029
       18.73257       -40.09768
        7.47785       -42.51483
       -4.26502       -43.16587
       -5.68103       -42.67868
      -16.69812       -48.04021
      -33.92398       -47.48552
      -51.26107       -47.11672
      -70.15707       -49.50385
      -81.49161       -50.63004
      -73.13557       -55.27713
      -83.23259       -56.07493
      -68.16123       -44.03445
      -47.09614       -34.90432
      -28.72887       -27.05721
      -24.55461       -16.77357
        7.93275       -10.53959
       26.40952        32.22113
       21.98480        39.82490
       35.22637        29.33447
        9.98617        61.45780
      -18.37769        74.81098
      -25.55263        50.65799
      -36.38588        49.82658
      -29.25238        46.79373
      -46.79083        46.26819
      -90.06287        44.48245
      -73.68640        38.55993
      -50.60069        21.99029
      -64.87018        49.78211
      -42.31998        31.99456
      -64.69985        48.84456
      -79.86026        51.29444
      -64.35297        46.00395
      -97.48679        41.36459
      -89.78449        43.89448
     -104.99005        27.02542
     -101.27475        30.82152
      -99.04824        34.23396
     -109.53798        35.03048
     -100.51028        28.53777
      -94.56627        26.63259
      -87.43429        19.86394
      -99.14428        20.21659
     -107.63209        17.02405
     -102.86217        14.34940
      -95.38421        11.34102
      -99.18717         9.42663
     -103.30323         8.96328
     -105.73518         8.36404
     -108.80122        12.16344
     -108.49547        15.20489
     -102.67413        12.91625
      -99.71115        14.93495
      -91.37340        15.52117
      -93.00003        18.97884
      -96.64037        23.19963
     -104.19325        23.96997
     -108.96617        24.70356
     -113.00128        30.51229
     -109.61944        35.21021
     -105.44980        37.66605
      -98.66401        40.85017
      -95.47659        43.14633
      -93.29519        45.50286
      -86.75897        45.00320
      -83.68528        46.74368
      -81.42258        46.99672
      -78.08606        49.07300
      -73.80602        50.25861
      -65.98830        48.52606
      -57.29738        48.34924
      -44.00442        45.74185
      -37.02923        40.92995
      -35.43280        34.38273
      -35.65610        30.05857
      -34.18329        23.94251
      -34.74766        17.26260
      -38.66804        10.28218
      -37.65139         8.24898
      -35.91117         6.20083
      -40.89985         4.81264
      -46.29556         5.94090
      -49.66327         4.58784
      -47.99142         3.41895
      -42.19713         4.58761
      -39.13686         4.59068
      -38.04621         3.87951
      -37.92763         3.38593
      -34.82521         7.34167
      -27.14491         9.28069
      -22.22647         5.40757
      -22.78599         4.97442
      -20.12504         6.34131
      -15.39241         5.71053
      -14.18447         2.95630
      -13.55500         0.32657
      -10.90519         0.16140
       -9.89682         1.09290
       -9.88390         0.08012
       -8.69102         2.18717
       -7.86838         4.05408
       -8.20354         5.79782
       -7.01168         7.16223
       -6.35404         5.75794
       -5.38593         4.09980
        1.90343         0.72924
        5.63919         1.83346
       11.30985        -1.09411
       10.66024        -4.43730
        9.81801        -7.85616
        9.30485       -10.30035
        8.31760       -10.60797
        8.41278        -5.67098
        5.97808        -3.59064
        3.20389        -3.72031
        3.02553         0.07830
        4.44776         2.85866
        5.58010         6.25652
        3.74513         7.97553
       -2.19828         5.74476
       -4.56020         8.55620
        5.89960        14.63141
       16.82255        16.88772
       18.04355        13.39084
       19.60439        11.35358
       23.89766        12.77266
       29.69865        11.22905
       32.18696         5.57796
       31.07889         1.68405
       32.70173        -0.77702
       35.62449        -7.05958
       32.61043       -11.00578
       27.08525       -13.81482
       24.68890       -15.39219
       21.14308       -16.98225
       19.25478       -15.65499
       20.93835       -16.20311
       21.74583       -17.44996
       22.31689       -17.22422
       25.43491       -14.45158
       30.44578       -12.68958
       34.76253       -11.60322
       37.58106       -12.22890
       37.59992       -14.26595
       35.75921       -16.16345
       32.31682       -15.75472
       33.92601       -14.70368
       32.86470       -16.79783
       31.51967       -19.81242
       32.00135       -22.57214
       29.56535       -24.96989
       25.63080       -24.35903
       25.61516       -21.71782
       23.64422       -22.40127
       13.86497       -21.56464
       14.55054       -15.88280
       19.59311       -13.01319
       23.74150       -10.49097
       23.72670       -12.41211
       22.08205       -13.16231
       22.71643       -10.72231
       22.31365        -9.93118
       21.09711       -12.58751
       22.78549       -12.51453
       24.09784       -11.95117
       25.06937       -11.27014
       27.02697       -10.17923
       28.12836        -9.92499
       29.55978       -10.00171
       29.62797       -10.75743
       26.87001       -11.97562
       25.18314       -12.47282
       21.84679       -13.72600
       20.04505       -13.72739
       19.92954       -13.41743
       20.54684       -13.48204
       19.48642       -12.96901
       18.94754       -11.47539
       18.82020       -10.00767
       18.87464        -9.72523
       20.39187       -10.27989
       21.28234        -9.69219
       19.65005        -8.07930
       19.59878        -7.21827
       19.08105        -7.52608
       18.49667        -6.85414
       19.80516        -7.68524
       19.19181        -8.01699
       19.93767        -7.22098
       19.22971        -6.21533
       16.78332        -2.12216
       16.81432        -0.56023
       17.70359        -1.36484
       20.55146        -4.03189
       18.89416        -6.18088
       17.73752        -6.97955
       18.72629        -6.86337
       21.24513        -6.33675
       22.62945        -6.16318
       22.96762        -6.01990
       23.16603        -4.95490
       23.93290        -4.87608
       26.07477        -4.99291
       27.31589        -6.94682
       27.69381        -9.05646
       29.46925       -10.53023
       40.37448       -11.85194
       50.74920       -12.56600
       51.48284       -15.06124
       45.51144       -17.33938
       41.47512       -19.15574
       41.19525       -19.66924
       33.12894       -18.20484
       28.67892       -11.69378
       25.94862        -9.53989
       22.19594        -9.81039
       17.13131       -10.25742
       12.94415        -8.41022
       10.59904        -5.23461
       10.07757        -3.15364
       11.45050        -0.63679
       14.35591         1.21688
       17.96258         2.03189
       18.36406         2.67718
       20.01231         3.20495
       22.55140         2.79865
       23.62210         2.02664
       23.76015         1.63803
       24.12501         2.12534
       22.03988         2.88588
       22.09024         2.86600
       24.43630         1.59616
       25.26267        -0.73711
       24.01026        -2.54301
       21.90135        -3.86450
       23.66866        -4.85297
       25.27928        -6.13653
       22.85631        -7.47505
       18.58349        -6.26380
       16.11671        -5.15518
       13.04458        -5.12845
       10.35531        -6.87765
        7.09752        -6.39388
        4.29907        -6.43385
        1.85573        -6.57398
        2.68789        -8.89249
        3.54177       -12.40795
        3.03594       -15.19956
        2.63748       -17.49992
        5.74725       -15.43004
        8.79449        -9.71735
       13.19408       -12.68570
       17.42892       -18.02868
       22.87503       -22.66429
       29.11947       -28.90743
       33.70045       -31.51248
       27.80900       -27.59113
       20.13514       -22.03081
       21.83592       -16.18666
       23.85452       -12.11221
       24.28149        -9.16221
       21.32315        -5.86464
       16.65519        -3.21723
       12.04179        -0.93864
        6.25763         2.07992
       -1.62131         4.90244
       -7.79548         8.48439
      -12.17811        12.90094
      -21.46451        14.88323
      -35.42388        22.38793
      -39.31471        31.13450
      -38.67689        32.87449
      -34.68326        28.74500
      -33.68669        25.81659
      -31.63939        26.76004
      -27.25623        26.28773
      -27.49708        25.24731
      -24.93286        25.00063
      -23.42008        24.11886
      -25.35333        23.72953
      -26.65033        23.13279
      -27.22618        23.14254
      -26.43642        24.02859
      -22.23734        25.11882
      -20.09164        25.37491
      -20.42013        24.97291
      -20.43472        24.52647
      -23.15418        25.67051
      -28.39195        26.86970
      -26.65850        27.65325
      -22.54558        27.14452
      -21.06884        25.41124
      -20.77709        22.97943
      -20.01261        22.25867
      -18.18003        22.63529
      -18.06754        23.10240
      -18.21577        21.51065
      -20.17554        19.88199
      -21.32419        19.20710
      -22.04539        20.23906
      -19.95898        21.22008
      -16.69116        20.67025
      -15.19108        18.26943
      -19.67947        16.24972
      -19.71785        18.55716
      -17.79960        19.44467
      -18.92957        17.60713
      -20.37734        17.57199
      -21.60994        18.75744
      -21.58229        20.31194
      -21.42394        20.51752
      -21.88664        21.66913
      -34.42362        23.48016
      -43.81782        28.22887
      -45.20980        33.73551
      -39.08319        35.71350
      -35.07506        33.92692
      -33.39953        31.82187
      -27.27271        27.55525
      -24.52789        21.95251
      -19.27485        15.82489
      -14.90289         7.11217
      -14.40731         1.45991
      -13.16392        -0.71941
       -9.65452        -5.35858
       -9.48378       -10.06546
      -10.71899       -12.45716
      -13.25468       -12.96438
      -14.25682       -13.88570
      -14.82394       -16.73700
      -15.66419       -19.26156
      -15.97677       -22.05271
      -16.06335       -23.69841
      -15.03647       -23.34618
      -14.26799       -23.54945
      -15.13027       -23.29857
      -19.50785       -20.27598
      -22.89995       -18.31621
      -23.21861       -18.27069
      -23.11472       -18.09409
      -19.52300       -20.10620
      -17.82751       -22.14953
      -18.46815       -22.80050
      -22.31717       -20.96281
      -26.93796       -16.83874
      -30.65396       -12.94762
      -30.15989       -10.21706
      -29.70052        -7.43508
      -28.88411        -5.78110
      -28.39758        -4.20731
      -28.96336        -0.69416
      -28.70375         3.02483
      -26.97947         7.17474
      -27.82052        11.12588
      -31.54748        14.36098
      -34.10282        20.49401
      -35.62913        23.81588
      -36.03042        25.14539
      -35.47127        26.57677
      -34.77717        28.39266
      -32.17290        29.60797
      -28.69913        29.58283
      -28.75347        28.53595
      -28.91307        29.60983
      -30.59724        28.63334
      -32.62899        25.61446
      -30.83792        24.09341
      -28.59057        20.08950
      -28.75188        19.03943
      -30.36321        19.52852
      -30.40721        20.46147
      -26.07988        19.81191
      -21.90087        15.23257
      -21.82319         8.77106
      -21.86451         3.39794
      -20.43050        -1.03967
      -29.09915        -6.25839
      -35.04283        -4.55679
      -30.48536        -6.30246
      -22.80258        -8.94130
      -12.77867       -20.20845
       -3.03017       -36.15313
       -0.67555       -54.00078
        4.53947       -50.31465
       14.93107       -45.76902
       13.27556       -40.77064
       10.17358       -38.10246
       13.04861       -37.23323
       13.68848       -40.02526
       18.35716       -42.38627
       20.97930       -43.64258
       21.48723       -45.12561
       19.90740       -45.01033
       16.17863       -42.87598
        9.50576       -39.92471
        2.90723       -35.32163
       -4.95094       -29.28421
      -11.02213       -25.90520
      -12.25236       -21.38477
      -12.74097       -18.48184
      -14.60830       -16.94725
      -17.17941       -15.93277
      -16.91912       -13.08121
      -15.31645        -9.18286
      -15.29242        -8.32855
      -17.97923        -1.75256
      -19.02085         4.58161
      -12.61183         6.66266
      -11.85967        13.64959
      -14.40772        14.67244
       -9.91382        14.88771
       -4.53748        17.33359
        1.43747        13.65357
        4.61000        10.10068
        3.52864         8.05172
       10.76519        10.62090
       16.23100        11.92202
       25.41824        11.33746
       33.50389         4.96581
       39.17781         0.11962
       44.61418        -4.07149
       49.57215        -3.26817
       54.72325        -3.30280
       59.02865        -2.95787
       61.54904        -7.68225
       63.06092       -12.02379
       67.40634       -15.10168
       70.26230       -18.61027
       72.09034       -20.19712
       73.93731       -23.20439
       74.22674       -27.89699
       71.42350       -32.39907
       65.94430       -37.80239
       62.76965       -40.39363
       59.46346       -43.47916
       54.92175       -45.20087
       52.69425       -44.67316
       46.80200       -42.38636
       39.44889       -40.16708
       32.78914       -38.09583
       29.12715       -34.35287
       26.68030       -30.58140
       24.84751       -27.80333
       22.66216       -24.75936
       23.72051       -21.53094
       24.03845       -18.97358
       23.36141       -14.86823
       23.09596        -7.63426
       22.16502        -0.25760
       21.35435         4.11604
       16.64171         8.06103
       17.35419        12.31202
       17.88506        17.41456
       15.38809        17.65224
       12.35689        17.17364
       10.65589        14.59203
       10.29356        17.71611
       16.24816        18.02701
       22.55550        19.80611
       30.76002        19.68750
       36.82970        19.75590
       43.15165        19.53708
       50.67237        21.19606
       57.62863        23.77681
       61.74160        28.40833
       61.31710        32.34840
       59.97459        37.29206
       60.50524        41.56573
       60.88921        46.43861
       60.00881        51.42079
       58.79058        58.08814
       56.00082        64.12275
       51.85721        68.06197
       52.49528        71.44057
       57.49470        72.82940
       54.29998        71.71738
       45.28734        69.97403
       40.84143        69.88495
       34.82831        67.22666
       23.68935        55.38873
       14.25841        49.09886
       10.72852        42.23612
        2.72358        31.61322
       -4.26537        20.18140
      -12.82459         8.30533
      -25.72723        -1.49090
      -37.03186       -10.73192
      -44.37728       -21.53317
      -49.72638       -32.46846
      -51.68764       -36.30421
      -48.56161       -33.21189
      -46.68990       -28.13327
      -43.25342       -22.04348
      -47.50643       -20.63246
      -51.46748       -26.91685
      -45.06216       -31.60806
      -42.95054       -39.23375
      -44.99370       -39.96433
      -50.00667       -40.48478
      -57.73037       -39.39786
      -68.14802       -43.33221
      -82.67017       -48.66325
      -91.45337       -53.63346
      -89.57517       -61.13540
      -91.56009       -67.86725
      -89.10821       -72.48674
      -80.51053       -76.20534
      -57.06828       -77.14065
      -32.64047       -72.49345
      -29.37481       -54.64617
      -25.73247       -39.21011
      -25.32483       -23.38118
      -25.76522        -1.73584
      -14.27018        12.93782
       -5.17170        21.67900
        5.16104        28.02913
       23.46452        27.25241
       38.69574        28.26129
       50.92755        27.05362
       58.88442        25.53351
       58.56339        17.89115
       52.36610        14.70616
       47.14824        13.82424
       46.90131        13.96500
       44.91301        17.67933
       45.08817        15.76133
       47.28083        15.13453
       48.21348        15.23057
       46.52451        14.24699
       49.20808        15.43257
       48.87326        16.31355
       46.26320        13.76303
       46.04978        18.20591
       42.44922        13.86748
       45.45803        12.28330
       38.83393         6.44400
       37.43063         7.96716
       39.85298        16.66205
       43.18472        20.46760
       45.30787        21.34544
       46.95983        20.41781
       46.30096        21.09617
       47.48167        22.24211
       50.26914        14.46846
       54.20714         1.02110
       43.60517       -17.47979
       33.79551       -33.69280
       31.66883       -46.70177
       23.86022       -43.29595
       12.24906       -39.07085
       -5.21291       -41.74086
      -14.66432       -36.18317
      -26.28473       -30.33615
      -30.81845       -24.48965
      -35.83656       -12.53190
      -45.18668        -1.79838
      -46.67605         7.85867
      -41.66196        19.14861
      -39.08648        25.09222
      -36.56724        31.28585
      -35.62146        36.52978
      -33.84229        40.05637
      -29.71145        41.35825
      -22.55522        45.42494
      -16.78985        50.58808
      -11.43444        51.49119
       -6.69307        49.97707
       -4.21969        51.85044
       -5.72304        50.33176
      -11.47455        47.77558
      -14.29481        46.97469
      -15.58525        45.83451
      -18.86078        45.44065
      -17.96701        44.92136
      -24.71234        39.15160
      -30.23656        38.81129
      -32.07106        39.10256
      -33.28228        35.48617
      -36.04465        28.91059
      -35.29758        25.23073
      -37.66617        22.23709
      -40.48001        20.40458
      -44.58435        24.85604
      -44.15612        22.56938
      -42.27491        23.97494
      -39.07198        23.51298
      -36.00958        15.54032
      -39.53349        11.94409
      -42.98311         9.20978
      -46.05505        13.75898
      -44.90540        15.65739
      -44.29293        10.00995
      -47.48420         2.24450
      -54.76752        -7.73885
      -64.56596       -18.33157
      -72.91544       -19.10922
      -77.88291       -14.51827
      -85.84863       -15.34259
      -91.63468       -18.05334
      -88.59869       -18.47370
      -86.88724       -28.07034
      -88.09010       -32.40227
      -93.57587       -41.05763
      -94.44667       -44.86246
      -82.89923       -48.24355
      -73.40287       -49.66743
      -67.69331       -48.04371
      -58.44620       -42.38928
      -46.60379       -40.28390
      -34.45071       -35.89978
      -23.36004       -36.63603
      -13.94291       -36.34968
       -8.47608       -33.60383
       -9.76185       -30.59567
       -8.77631       -25.25165
       -5.79976       -21.48311
       -6.86780       -19.50401
      -11.25723       -17.31900
      -11.61366       -11.87138
       -6.10820        -3.11666
        4.36785        -1.39509
       12.69722        -1.30020
       16.89844        -8.35542
       16.34954       -14.32492
       10.79360       -20.34780
        8.38529       -20.38955
        7.04519       -16.97764
       10.21995       -17.35870
        9.14282       -21.09718
        5.04282       -23.41425
        0.71299       -21.59151
        2.65584       -16.41510
        1.15577       -18.43115
       -1.87788       -19.15713
       -2.74125       -17.15832
       -3.42329       -15.61970
       -3.98049       -13.15606
       -1.76300       -10.11020
        2.51106        -7.36139
        6.30169        -4.88679
        9.92742        -7.01267
       10.22794        -7.94486
       13.70494        -8.99744
       14.60458       -10.88724
       12.97491       -11.97803
       11.85574       -11.63064
       13.03927        -8.29931
       13.86218        -5.82372
       14.34630        -5.94364
       11.40381        -7.68104
       11.65123        -6.88454
       11.98104        -5.73862
       12.73278        -4.72388
       14.31274        -3.42766
       12.91196        -2.15804
       11.90258        -1.86987
       14.58245        -0.96724
       16.22373        -2.56248
       17.77057        -2.56986
       17.37530        -1.14972
       20.10560         2.64602
       24.94009         1.60884
       21.56881        -0.71001
       20.37103        -0.66756
       18.58444        -0.06057
       15.53884        -1.48404
       14.77689        -0.25009
       14.72189         1.74029
       14.94586         3.18414
       17.32272         1.81445
       18.71601         0.08078
       18.49766        -0.61055
       19.31467         1.12384
       18.11284         4.65494
       19.27699         8.83562
       18.80239         7.21304
       18.24456         3.00208
       16.12908        -0.45613
       15.14663        -2.12020
       12.68298        -2.30132
       12.19579        -0.24097
       14.51248         2.21418
       14.85856         5.33582
       17.14461         6.82059
       21.15147         7.62869
       23.27472         5.13657
       22.83952         4.53743
       22.08080         5.04892
       18.01752         8.58254
       24.12947         6.09375
       23.68327         1.06893
       21.41986        -2.68717
       21.91754        -3.34566
       20.57890         0.68621
       18.77340         7.32730
       22.76448        12.94638
       28.22158        14.80531
       26.03816        14.09636
       21.66230        17.57104
       17.67663        18.52775
       12.66975        19.80588
        7.06207        16.90198
        6.41707        11.53776
        8.56198        12.59778
       12.28826        15.23238
       17.01132        14.37914
       25.44077        14.71157
       28.55170        14.02424
       26.69604        12.59297
       26.15973         7.69117
       18.76951         9.73433
       21.55896        13.72719
       21.21321        12.90339
       23.86798        11.43300
       24.84588         9.56884
       24.87148         9.00129
       25.48671         6.14550
       21.30096         7.38168
       24.81003         7.83448
       27.85145         8.32279
       28.82300         7.98722
       32.17774         5.13466
       33.99660         3.10775
       33.84330        -0.64865
       33.39910        -1.29824
       36.68040        -2.47484
       37.86044        -2.52846
       38.32112        -3.69509
       36.01269        -7.11328
       39.28055       -10.38567
       40.17792       -12.23764
       38.18838       -12.37083
       34.80334       -12.61515
       32.88602       -13.26224
       30.12164       -11.99715
       30.19527        -8.50090
       29.85631        -7.13369
       27.10898        -7.26803
       25.31935        -6.24547
       24.33664        -6.74952
       26.38539        -7.15892
       31.23535       -11.76685
       32.13139       -16.09185
       27.44723       -12.62330
       24.41894        -5.42608
       24.59504        -5.56205
       26.74761        -8.16295
       28.72302       -10.88330
       27.37315        -8.79885
       25.06404        -8.07079
       25.14759       -11.38403
       21.34449       -10.16944
       14.01629        -0.66160
        9.49437         4.48247
        7.47360         7.71499
        7.14451         9.37727
        4.66134        15.12540
        6.69042        15.18248
        5.65031        14.49095
        2.78653        16.89308
        2.22847        14.09010
        2.54798        12.26215
        2.98093        10.17462
       -1.89332        10.91381
       -6.29305        11.87610
      -10.70544        13.09513
      -14.94242        13.75427
      -11.06834        13.69382
      -10.29746        14.84434
      -11.60963        14.86594
      -13.24779        13.55466
      -13.65494        13.97998
      -13.29706        12.02859
      -13.97412         9.78163
      -18.93127        10.77479
      -21.04017         9.46485
      -24.30594         9.81939
      -29.14276        12.95432
      -32.62759        13.49255
      -36.18311        15.16899
      -35.97146        15.22505
      -36.49496        15.54181
      -37.47142        17.47533
      -38.39686        16.24956
      -40.72441        15.12586
      -38.04508        14.96101
      -37.88785        16.04805
      -39.00689        15.52693
      -38.67202        11.28834
      -44.02890         7.07874
      -45.61504         3.51365
      -45.74861         3.01503
      -46.50191         3.57657
      -43.36330         1.40638
      -41.03444        -1.81365
      -37.96367        -2.20293
      -34.94281        -5.03625
      -31.81405        -5.51734
      -27.70954        -6.70715
      -27.20048        -5.53641
      -26.22201        -6.67059
      -23.65666        -6.90123
      -17.31677        -7.19730
      -12.02117        -7.35720
      -11.65321        -7.38620
      -11.65957        -6.59586
      -12.27041        -8.92366
      -13.27628        -9.26831
      -13.39965       -10.50824
      -13.74505       -11.83288
      -15.75916       -12.42633
      -15.36301       -11.80181
      -15.92759       -10.73195
      -16.95728       -11.11580
      -16.75240       -10.10996
      -13.62950        -9.34467
      -12.08655        -7.65687
      -12.23780        -9.41228
      -11.48855       -11.46217
      -10.96717        -9.61077
       -5.51503        -8.80584
       -3.10313        -8.75861
       -3.72301        -8.34885
       -4.71618       -10.29027
       -7.50150        -9.82932
       -9.89433        -9.30886
      -12.10037        -6.94283
      -14.52279        -3.52362
      -15.65363        -1.77515
      -16.11309         0.00021
      -14.66834         0.45685
      -12.53677        -1.05242
       -9.22937        -0.54053
       -7.12521         0.07914
       -6.37728        -1.29699
       -7.75147         0.29720
       -8.36863         2.52714
       -7.83229         1.10696
       -4.96797        -1.24760
       -2.45772        -6.09505
       -2.96738        -6.88115
       -2.99500        -9.05810
       -8.34626        -8.05880
      -12.53421        -7.63777
      -12.12337       -11.61225
      -13.54727       -11.70478
      -16.01709       -11.66824
      -17.04773       -12.76415
      -17.38119       -12.45692
      -14.25986       -13.44805
      -12.85408       -12.60079
      -14.72623        -8.60414
      -16.76017        -5.16866
      -14.90676        -4.51453
      -13.85220        -3.30363
      -12.27019        -1.59614
      -10.14542        -0.89644
      -10.01209        -1.14837
       -9.93890         0.07436
       -8.77922         1.89141
       -9.04605         2.15758
      -10.29679         2.62253
       -9.63277         4.37488
       -9.54754         6.63582
       -9.26994         6.03597
       -8.05603         3.33651
       -8.44914         2.58690
      -10.08582         3.44199
       -9.46923         3.57725
      -10.65376         3.95236
       -8.77776         2.04396
       -7.29958         0.86842
       -7.12842         1.28019
       -4.86314         0.26298
       -4.97457        -0.48492
       -4.83927        -0.50113
       -3.75956        -1.82601
       -4.59064        -4.73353
       -9.98388        -4.06753
      -13.22727        -2.66182
      -12.55851        -3.74541
       -9.75194        -5.54943
       -7.08509        -4.66205
       -5.20847        -4.53207
       -4.13742        -4.15417
       -6.32964        -3.32612
       -6.79795        -2.81111
       -6.98588        -1.96543
       -6.25892        -3.41206
       -6.31409        -3.07997
       -6.02474        -2.53848
       -2.49987        -1.37888
       -0.69064        -2.23866
       -1.18924        -1.50228
        0.72884        -1.62822
        1.13759        -3.02776
        0.30303        -1.24523
        1.51196         0.18794
        3.64608        -0.13176
        4.09754        -0.38407
        4.41020         1.20017
        5.71037         1.72734
        6.57359         3.11515
        7.30234         3.04833
        8.27333         2.26471
        9.07488         2.50804
       10.44853         2.23916
       10.35026         3.04732
       10.79112         3.54003
       12.40644         2.77120
       13.11926         2.03001
       14.08108         2.36088
       14.92778         2.76615
       16.18505         1.51324
       16.74408         0.73633
       17.43456         0.62733
       17.48685         0.60211
       17.94900         0.59307
       16.40921         3.61107
       14.85117         2.79803
       14.12827         2.81595
       15.04253        -0.99705
       14.38802        -1.85148
       13.93292        -2.00157
       13.68630        -1.73599
       15.65618        -1.54379
       19.67800        -2.30945
       21.79908        -2.97474
       22.35052        -3.54662
       21.64135        -3.02085
       21.73348        -2.46423
       21.64763        -2.03151
       22.33703        -1.91583
       22.96724        -2.37312
       22.14751        -0.77133
       22.38039        -1.39706
       21.16545         0.00222
       21.73645         0.89458
       22.16195        -2.73044
       21.20570        -3.64227
       19.70944        -5.11837
       18.08926        -5.95216
       14.40075        -6.40713
       13.50797        -6.51169
       13.89086        -8.18566
       14.14602        -8.37162
       11.07320        -4.89171
        8.62148         0.34147
        5.44731         3.26495
        3.05579         6.51497
        3.04434         5.37855
        5.47057         2.97044
        8.21943         0.71882
        8.92651         2.40192
        9.02743         6.00827
        8.62498         9.56377
        8.44209        11.86261
       10.38905        13.84769
       14.14614        14.69934
       17.51165        14.46132
       21.05039        12.52063
       21.37829        10.19084
       20.56082         9.86430
       19.36578        10.84873
       20.02598         8.84880
       19.84669         7.37559
       19.60892         5.43094
       18.47709         3.95872
       14.76206         3.66579
       15.27011         3.70803
       16.05422         4.75277
       14.01720         8.07042
       14.14421        10.08612
       15.83072         7.29810
       16.39207         5.86104
       16.38021         8.57930
       15.64201         7.16204
       14.68026         4.60883
       12.03930         6.85213
       11.84679         7.87052
       10.96623         6.09613
        7.96644         3.75668
        9.38510        -0.13469
        9.39637         3.63657
        2.36278        12.98978
       -2.93487        13.55248
       -5.81037        14.91878
       -9.55675        12.95444
       -6.92562         8.18188
       -7.15968         5.69816
       -6.83870         2.61842
       -7.55022         3.43268
       -8.95900         4.20275
       -7.23505         2.18648
       -6.25285         1.04385
       -3.62088         0.37087
       -2.53577        -1.24449
        1.01616        -3.79104
        5.12261        -5.24650
        6.69042        -3.42367
        5.92515        -2.96759
        3.34032        -0.07476
        1.64711         1.34027
        0.51991         2.16586
        0.90007         2.06928
        2.15996         1.84005
        0.76179         1.93695
       -0.13875         0.93766
       -1.06160        -2.37524
       -1.68824        -4.15588
       -1.21646        -4.78316
       -2.76355        -5.36109
       -3.29281        -5.91690
       -5.34086        -6.82541
       -9.84198        -7.87536
       -9.20297        -9.42542
      -10.36628       -10.08400
       -8.39839       -10.77626
       -8.50239        -9.34429
       -7.29841        -8.40707
       -5.94474        -7.54970
       -7.13817        -6.48951
      -10.97749        -5.35843
      -13.47480        -4.56712
      -16.26923        -3.21517
      -16.55290        -1.37293
      -15.71859        -1.01265
      -16.82926         0.61399
      -17.25302         0.69575
      -15.37483        -1.53726
      -13.73979        -3.73926
      -12.38571        -4.31895
      -10.95400        -3.82994
      -10.75783        -5.38455
      -10.97928        -3.62840
      -11.51949        -1.06051
      -11.58105        -2.11813
      -12.78178        -2.51148
      -14.59111        -1.78030
      -15.20050        -1.00214
      -15.56939        -0.68490
      -15.08843        -0.52298
      -14.14353        -0.38063
      -12.10668        -0.41404
       -9.13283        -2.08800
       -8.36126        -2.31503
       -7.76492        -0.92124
       -7.01445        -2.65167
       -5.86212        -2.53007
       -4.25091        -3.64249
       -4.26760        -4.69271
       -5.39732        -2.93509
       -4.01835        -1.16608
       -3.39552        -2.52538
       -2.35275        -0.43259
       -0.73988        -0.24093
       -0.16651         0.63050
       -2.05711         1.27333
       -0.71415         1.15128
       -0.99144         1.59348
        1.39922         0.31597
        0.30103        -0.06793
       -1.80748        -1.25119
       -2.44679        -2.33734
        1.90564        -3.51215
        2.35448        -2.34116
        0.97393        -2.52449
       -2.22032        -1.55017
       -4.05393        -1.01666
       -2.97087        -1.66348
       -3.51811        -1.59308
       -7.05885         0.50132
       -7.57302         1.68679
       -7.46899         2.46663
       -7.84421         2.13438
       -5.66787         1.08502
       -0.83994        -0.03974
        2.80138        -1.42810
        7.59132        -2.29633
       13.86664        -3.58163
       16.07158        -4.79361
       16.53657        -5.13531
       10.97382        -3.52017
        2.04129        -1.45055
        5.68116        -3.16472
       -1.95359        -0.47422
       -0.61681        -0.61498
        5.75565        -1.49219
        7.66845        -1.59897
        7.85423        -2.51634
        5.26663        -1.55123
        1.29929        -1.11033
       -2.18413         0.20507
       -4.02718         0.78448
       -3.98020         2.19429
       -6.66025         2.79914
       -7.97735         2.23410
       -6.03488         2.09499
       -3.73636         2.33355
       -3.51753         1.94894
       -2.06523         0.23938
       -1.34854         0.40469
       -2.19948         1.34998
       -2.97613         2.22136
       -3.87386         3.35545
       -4.86607         3.98372
       -4.35313         3.10909
       -4.25845         2.13239
       -2.83392         0.08871
       -0.21380        -1.90696
        2.27656        -2.96386
        7.54671        -6.44700
       12.68245       -10.05961
       12.20285       -11.51019
       13.42650       -12.09515
       16.46364       -14.17598
       16.78156       -14.81408
       13.59997       -13.86878
        8.36580       -11.91380
        1.97013        -8.52331
       -4.13645        -5.55686
       -7.48007        -2.75979
       -6.95929        -2.89162
       -7.54790        -2.99586
       -9.74517        -0.92489
      -10.20117        -1.04668
      -10.90737        -0.40780
      -13.30570         1.68895
      -15.44526         3.55253
      -14.45935         4.05396
      -12.43490         3.47353
      -10.61520         2.42512
      -10.16186         1.25217
      -10.04885         1.51773
      -10.90977         2.03159
      -10.35694         1.62395
       -9.84663         1.69895
      -10.20032         1.39063
      -10.05662         1.39597
       -9.42985         1.43852
       -9.17796         1.50824
      -10.93628         1.95251
      -11.07009         2.70582
      -12.81837         4.31005
      -13.35994         5.01835
      -12.87710         4.83529
      -11.42584         4.92434
      -10.95498         4.74556
       -9.78098         4.20028
       -8.80268         4.12857
       -7.04205         3.29140
       -5.66727         2.30536
       -4.26231         1.58627
       -2.86600         0.97004
       -1.75534         1.07733
       -1.18382         1.28788
       -0.04742         0.86386
        0.88248         0.67020
        0.54893         0.51289
        0.80640         0.91617
        0.71891         1.24306
        0.63260         1.24932
        0.55214         0.88378
       -1.73614         0.86821
       -4.12042         1.61344
       -6.04270         2.27158
       -6.58015         3.10732
       -6.72315         3.54406
       -6.01318         3.54318
       -5.74176         3.63493
       -4.87740         3.72918
       -4.26647         2.83019
       -4.32879         2.16916
       -4.82156         2.40652
       -5.39547         3.42679
       -5.91769         4.22894
       -6.10591         4.69415
       -5.46033         4.51402
       -4.86362         4.23328
       -3.02497         3.60267
       -1.25692         3.40560
       -0.52013         3.37349
        0.12703         3.49355
        1.82036         3.43591
        3.99052         2.99076
        4.51047         2.66124
        3.68438         2.65220
        3.34903         3.16746
        3.08625         3.50170
        4.11882         3.02006
        3.13343         3.17174
       -0.54099         3.92723
       -1.79744         4.40087
       -1.54995         4.62731
       -1.24622         4.85393
       -0.92976         4.85970
       -0.17193         4.35614
        0.05491         4.26508
        0.38889         4.36221
        0.54351         4.67685
        0.51024         4.66355
        1.06688         4.71692
        1.60009         4.62221
        1.97350         4.39386
        1.22362         4.03528
        0.70421         4.15525
        0.08397         4.10167
       -0.95915         4.78850
       -0.32132         5.39547
        0.60543         5.09337
        0.96543         4.46259
        4.30782         3.47061
        8.56860         2.67497
       11.64625         1.69232
       14.55625        -0.07980
       16.79808        -1.37808
       18.47258        -2.35781
       18.76840        -3.21750
       16.34104        -2.29629
       11.30648        -0.84952
       10.00172        -0.79100
        8.14092        -0.92590
        6.59093        -0.42485
        3.23088         1.00696
        6.84461        -1.78726
       14.48130        -4.36255
       18.30913        -4.54268
       17.80073        -4.78220
       12.86031        -4.23639
        8.01819        -3.03577
        4.67822        -1.74847
        4.48223        -1.73737
        2.29025        -1.33974
        2.34027        -2.05780
        4.28749        -3.03601
        4.85975        -3.16556
        5.35525        -3.15459
        5.13999        -2.80228
        4.74216        -2.74929
        4.71495        -2.45666
        3.41140        -1.68167
        3.46836        -1.57654
        5.51419        -2.27307
        9.27592        -3.65997
        8.01992        -3.35520
        6.46088        -3.32249
        4.25686        -2.46530
        1.83587        -1.64286
        0.88781        -1.65780
        0.33620        -1.58433
       -0.77040        -1.60178
        2.42421        -3.68169
        6.36409        -5.04256
       12.87278        -6.50042
       10.72752        -5.84544
        6.08484        -4.69651
        4.17197        -4.53593
        4.17763        -4.11280
        4.91807        -4.04241
        7.05300        -5.08217
        9.75815        -6.42024
       10.56844        -6.97337
       10.48325        -7.31002
        9.75233        -7.09679
        9.55776        -7.27134
        8.38360        -6.81242
        7.71526        -6.91585
        7.73084        -6.69039
        6.29591        -5.49019
        4.99222        -4.40303
        3.71803        -3.38956
        2.89491        -2.46721
        1.28847        -1.55850
        0.43029        -1.28784
       -0.81552        -1.14775
       -2.49637        -0.82300
       -4.34033        -0.16926
       -5.31665         0.03836
       -3.96568        -0.33081
       -2.04386        -0.65841
        0.12327        -1.42909
        1.76448        -2.01999
        2.60506        -2.04695
        3.04411        -1.96843
        3.53891        -1.89077
        4.21076        -1.97212
        3.62344        -1.83315
        2.48339        -1.38484
        1.46026        -0.94453
        0.70631        -0.53337
        0.38704        -0.38056
        0.05771        -0.05489
        0.29162        -0.00291
        0.54426        -0.11692
        1.22858        -0.52613
        3.49488        -1.12883
        3.72731        -0.80744
        2.50351        -0.32623
        0.74427         0.20805
       -0.75141         0.33111
       -1.40306         0.48072
       -2.05672         0.64039
       -2.35505         0.63974
       -1.41124         0.40827
       -0.53448         0.53376
        0.12722         0.67471
       -0.00248         0.86156
       -0.59743         1.08049
       -1.58481         1.16459
       -2.28196         1.41903
       -3.32272         1.73423
       -5.38092         2.48370
       -5.97091         2.86104
       -4.28869         2.29921
       -2.95259         2.20233
       -1.63395         1.75088
       -0.78594         1.78596
       -3.38238         2.67637
       -5.90194         3.35254
       -3.85029         2.74011
        0.96875         1.52851
        4.70801         0.75538
        8.54251        -0.52786
        8.10058         0.10208
        7.59640        -0.52420
       11.84981        -1.67057
       10.25281        -0.14412
        4.18393         1.70945
        2.43916         0.80972
        7.63753        -1.33900
        9.44721        -0.94249
        8.25305         0.10256
        8.10356         0.05921
        6.82107         1.05543
        2.46113         2.65297
       -0.51193         2.85093
       -2.96742         3.24688
       -4.51719         3.16130
        0.00032         1.21023
        4.51042         0.05882
        4.86016         0.34627
        5.11636         0.13222
        5.71140        -0.42827
        6.24427        -0.77109
        6.93350        -1.26150
        6.17276        -1.13056
        4.74309        -1.32636
        4.87032        -1.95647
        5.24647        -2.49183
        3.14290        -1.55830
        2.30328        -1.77734
        1.02711        -1.61134
       -6.70506         1.84326
      -14.21022         4.55725
      -17.29938         5.00600
      -14.33102         3.73148
       -8.81210         3.02724
       -5.68681         3.11554
       -3.90727         3.05796
       -3.80733         3.08260
       -2.63079         2.76069
       -1.17982         2.46684
       -1.36657         2.41943
       -3.62954         2.62775
       -6.00919         2.61702
       -7.60738         2.60817
       -8.75510         2.94394
       -9.08166         3.26978
       -9.12372         3.29641
       -8.47464         3.13209
       -6.65721         3.01940
       -4.56295         3.19312
       -2.73836         2.93045
       -1.58509         2.66504
       -0.71015         1.91342
       -0.90171         1.73555
        0.22856         1.42431
        0.53916         1.61717
       -1.51058         2.12185
       -2.77251         2.08214
       -3.17195         1.85808
       -4.19543         2.12498
       -5.80545         2.35707
       -8.24219         2.79128
       -9.60650         3.11087
      -10.07072         3.33844
      -10.12970         3.39407
       -9.53829         3.06171
       -8.16268         2.63776
       -6.81023         2.21252
       -6.59327         2.25540
       -6.93518         2.34451
       -8.48130         2.76226
       -9.77634         3.05980
      -10.59998         3.13051
      -10.98975         3.54121
      -11.17936         3.84296
      -10.82115         4.30341
      -10.59285         4.66797
      -10.19048         5.00792
      -11.01856         5.34122
      -11.59318         5.50879
       -9.09882         4.36460
       -5.57323         3.24575
       -4.83610         3.09469
       -5.86148         3.19572
       -6.25408         2.90625
       -5.94729         2.32728
       -5.07183         1.85307
       -5.90024         2.00626
       -8.04274         2.73778
      -13.33574         4.84712
      -19.32377         6.99489
      -22.72841         7.93489
      -23.17837         8.14607
      -19.48472         6.91259
      -14.14287         4.90638
      -10.66886         3.55228
       -9.37778         2.54056
      -11.26186         2.53788
      -16.03416         4.15786
      -17.82960         4.14518
      -11.64292         0.85926
       -2.47719        -2.51520
        5.62853        -5.33444
       11.12195        -7.80894
       12.62818        -8.81556
       12.89814        -8.95865
       12.96541        -9.19308
       12.05590        -9.14198
       11.74702        -8.87707
       12.89735        -8.94351
       13.26614        -8.71130
        9.77128        -7.01478
        5.29286        -5.40431
       -0.10756        -4.00152
       -2.45157        -3.54329
        0.09121        -4.23157
        4.62404        -4.98356
        7.76014        -5.53557
        7.70107        -5.49744
        6.97989        -5.15814
        7.15483        -5.91202
        8.07062        -6.84503
        9.23498        -7.30821
        6.08745        -6.45933
        3.89044        -4.98359
        5.46583        -5.25342
        6.19483        -5.88766
        4.28883        -5.65378
        1.50422        -4.38177
       -1.73064        -3.03876
       -4.29068        -1.28907
       -5.39305        -1.09766
       -4.12351        -2.40817
       -1.32505        -3.99173
        1.64709        -5.18733
        4.44988        -6.11590
        4.00376        -6.22028
        1.43272        -5.68823
       -1.55484        -5.10791
       -4.58974        -4.08309
       -7.53525        -3.16175
       -7.87887        -2.61448
       -6.08554        -2.43095
       -7.96391        -1.71224
      -12.41294         1.23334
      -13.70611         2.40169
      -14.67504         2.58148
      -15.39872         2.90532
      -15.19678         2.50139
      -13.82936         1.59943
      -12.52993         1.07029
      -11.22214         0.69224
      -10.15511         0.18080
       -8.64469         0.14039
       -6.96247        -0.01214
       -5.15564        -0.54552
       -3.26132        -1.56956
       -1.82482        -2.06016
       -1.00329        -2.15148
       -0.32905        -2.43424
       -0.29222        -2.66173
       -0.53082        -2.93838
       -1.48463        -2.85948
       -1.35229        -2.90942
       -0.49548        -3.21785
        0.38634        -3.49133
        0.79202        -4.08131
        0.44957        -4.48555
        0.45970        -4.59217
       -0.62492        -4.60722
       -2.17778        -4.74468
       -3.85602        -4.22510
       -4.25894        -3.88712
       -5.00456        -3.99478
       -5.42315        -4.65607
       -4.87538        -4.99186
       -3.66507        -5.45979
       -3.01952        -5.80093
       -2.85221        -5.73554
       -2.11314        -5.80138
       -1.84994        -6.10006
       -1.73693        -6.51064
       -1.54908        -6.79025
       -1.42623        -7.67244
       -1.20131        -8.28485
       -1.27219        -8.02836
       -1.62448        -7.55094
       -1.32550        -6.48880
       -1.46555        -6.32040
       -2.54847        -5.72516
       -2.04036        -4.33851
       -0.11741        -4.31485
        0.57644        -3.87365
        0.82853        -3.82111
        1.04306        -3.95739
        1.50287        -4.30220
        2.16869        -4.39301
        3.53733        -5.08237
        4.60938        -5.88858
        5.68965        -6.00203
        6.17270        -6.57820
        6.88319        -6.27413
        8.02070        -5.53513
        9.20972        -4.86144
        9.64448        -3.94051
        9.01665        -2.67524
        8.41430        -1.58177
        8.60375        -0.94499
        7.03559         0.44346
        5.78497         2.09050
        4.42763         4.34835
        3.63293         5.67341
        2.44824         5.79608
        2.41326         6.45809
        3.36072         6.69397
        4.24680         6.85534
        5.06307         6.94437
        7.20422         6.49948
        8.14080         6.85121
        7.91952         7.49096
        7.94795         8.67294
        7.56477         9.82239
        7.56737        11.09634
        7.40681        12.62920
        6.54064        13.02333
        5.34607        14.07629
        6.56500        16.24412
        9.97579        16.52871
       12.29336        17.36142
       15.83958        18.56999
       17.77323        19.60525
       19.36006        21.34354
       21.30727        22.53226
       23.14555        23.13005
       24.87494        23.82245
       25.40774        23.84664
       26.11293        24.50045
       27.59596        24.14196
       29.47120        22.47815
       31.15513        20.60385
       32.87300        17.76135
       33.52019        15.57669
       33.37374        13.81794
       32.65698        12.11659
       31.98431        10.19344
       31.63196         8.74303
       31.03106         6.84956
       29.34129         6.12547
       27.61859         4.91450
       25.15170         3.83742
       21.76779         4.67946
       18.80331         5.56796
       16.55180         5.98742
       14.91040         6.01565
       14.03692         5.45020
       13.55119         4.74235
       12.51830         4.41152
       11.18305         4.35031
       10.35987         4.19735
       10.49714         3.14413
       10.50790         1.69987
       10.26676         0.43552
        9.32687        -0.59373
        8.42155        -1.40528
        7.57930        -2.44186
        6.50928        -3.23681
        5.76640        -3.89395
        4.48386        -4.49909
        3.45697        -5.03668
        2.72213        -5.33056
        1.90060        -5.23516
        1.28149        -5.22299
        0.76291        -5.12325
       -0.13326        -4.99176
       -1.00637        -4.56023
       -1.25814        -4.14482
       -1.33016        -4.20687
       -1.47411        -4.51512
       -1.97701        -4.34991
       -2.57907        -3.94588
       -3.25827        -3.58480
       -3.83320        -3.23270
       -4.12698        -3.37043
       -4.44836        -3.78657
       -4.62725        -4.24692
       -4.69165        -5.01857
       -4.73779        -5.69509
       -4.71369        -6.07544
       -4.87186        -6.32398
       -5.20054        -6.62770
       -5.62058        -6.75180
       -6.09940        -6.79404
       -6.63169        -6.95973
       -7.17086        -7.19991
       -7.65089        -7.61751
       -8.14342        -7.98963
       -8.72784        -8.19539
       -9.45627        -8.34410
      -10.12481        -8.29924
      -10.72973        -8.33571
      -11.38575        -8.33409
      -12.01801        -8.13623
      -12.66300        -7.81981
      -13.16925        -7.55794
      -13.54823        -7.45668
      -13.80712        -7.46226
      -14.05436        -7.47718
      -14.24280        -7.41955
      -14.35244        -7.48945
      -14.56322        -7.54792
      -14.86935        -7.47156
      -15.17023        -7.21338
      -15.39588        -6.86718
      -15.57117        -6.49441
      -15.68220        -6.20427
      -15.67555        -5.98774
      -15.65341        -5.89928
      -15.66993        -5.82571
      -15.69373        -5.78075
      -15.70167        -5.67540
      -15.70912        -5.57035
      -15.76418        -5.42754
      -15.80092        -5.26499
      -15.82995        -5.08384
      -15.83635        -4.92746
      -15.83994        -4.76913
      -15.81599        -4.64088
      -15.80333        -4.49248
      -15.76607        -4.33070
      -15.68753        -4.19145
      -15.62989        -4.07120
      -15.56799        -3.92629
      -15.47428        -3.77973
      -15.34750        -3.65211
      -15.21106        -3.54681
      -15.07832        -3.43379
      -14.93600        -3.32252
      -14.77872        -3.19993
      -14.62308        -3.07849
      -14.44823        -2.94842
      -14.27019        -2.82325
      -14.08854        -2.69089
      -13.90108        -2.56553
      -13.70660        -2.43778
      -13.51072        -2.31214
      -13.30826        -2.17606
      -13.09696        -2.04308
      -12.87962        -1.90652
      -12.65090        -1.77666
      -12.41694        -1.64592
      -12.17966        -1.51993
      -11.93455        -1.38939
      -11.68640        -1.26457
      -11.43776        -1.13558
      -11.18376        -1.01017
      -10.92406        -0.88409
      -10.66162        -0.76207
      -10.39562        -0.63894
      -10.12682        -0.52007
       -9.85541        -0.40025
       -9.58113        -0.28400
       -9.30370        -0.16736
       -9.02332        -0.05481
       -8.74041         0.05749
       -8.45539         0.16605
       -8.16832         0.27454
       -7.87930         0.37942
       -7.58861         0.48390
       -7.29637         0.58483
       -7.00273         0.68521
       -6.70778         0.78204
       -6.41166         0.87817
       -6.11440         0.97073
       -5.81609         1.06248
