     3.878
     4.289
     4.554
     4.952
     5.205
     5.589
     5.830
     6.201
     6.430
     6.793
     6.977
     7.272
     7.450
     7.795
     7.898
     8.148
     8.198
     8.375
     8.435
     8.653
     8.582
     8.729
     8.679
     8.790
     8.729
     8.895
     8.692
     8.729
     8.526
     8.514
     8.313
     8.235
     7.834
     7.720
     7.520
     6.962
     6.729
     6.596
     6.102
     5.906
     5.571
     4.792
     4.430
     3.890
     2.910
     2.589
     2.397
     1.431
     0.707
     0.143
    -0.383
    -0.799
    -1.462
    -2.416
    -3.447
    -4.107
    -4.731
    -5.867
    -5.901
    -5.587
    -6.897
    -7.168
    -6.503
    -5.748
    -6.039
    -6.356
    -6.063
    -4.176
    -4.324
    -3.885
    -2.295
    -2.171
    -2.262
    -2.817
    -2.315
    -2.716
    -1.472
    -2.096
    -1.947
    -1.400
    -0.895
    -1.041
    -0.287
     0.969
     3.267
     3.807
     2.470
     0.800
    -0.835
    -1.296
    -3.351
    -3.839
    -6.784
    -8.313
    -9.231
   -10.971
   -13.372
   -10.550
   -10.463
    -8.953
    -6.345
    -5.455
    -4.314
    -3.701
    -3.785
    -3.817
    -3.749
    -4.042
    -3.443
    -1.887
    -2.493
    -3.544
    -4.768
    -3.928
    -5.046
    -5.571
    -5.239
    -6.002
    -4.912
    -3.392
    -3.631
    -4.352
    -4.985
    -3.980
    -5.070
    -4.194
    -3.519
    -2.475
    -0.935
    -0.957
    -1.060
    -1.522
    -1.522
    -1.034
    -1.096
    -0.958
     0.109
     0.944
    -0.178
     0.531
     1.243
     1.224
     2.482
     3.365
     3.894
     2.752
     4.287
     4.135
     1.797
     3.014
     2.133
     3.706
     4.209
     3.391
     4.174
     4.756
     4.113
     4.136
     7.644
     5.065
     4.475
     5.275
     7.683
     8.792
     8.721
     8.978
     6.874
     6.911
     7.617
     7.526
     6.797
     6.443
     5.662
     5.952
     4.455
     1.276
     2.814
     2.708
     1.920
     2.939
     3.634
     1.309
     0.073
     0.200
     1.456
     1.780
     1.763
     0.762
     3.308
     3.988
     1.934
    -0.768
    -1.075
    -2.424
    -1.784
    -1.776
    -0.079
     3.651
     5.422
     4.804
     6.203
     5.550
     3.534
    -0.178
    -0.022
     3.954
     7.480
     7.320
     7.158
     8.247
     8.938
    10.505
    11.072
     9.508
    13.260
    13.962
    12.224
    12.319
    13.699
    12.264
    12.726
    13.066
     8.330
     3.132
     3.157
     3.390
     0.890
    -2.335
    -3.406
    -5.307
    -6.142
    -6.348
    -8.357
    -4.770
    -8.810
    -9.615
    -8.735
   -10.954
   -14.666
   -15.806
   -16.755
   -16.245
   -18.072
   -18.566
   -18.317
   -19.337
   -19.309
   -18.385
   -17.950
   -18.939
   -14.926
   -14.188
   -12.035
   -14.335
   -16.991
   -18.833
   -18.695
   -15.396
   -15.172
   -16.403
   -14.832
   -13.906
   -13.539
   -13.832
   -10.232
    -8.580
    -8.317
    -6.121
    -6.184
    -4.608
    -2.134
    -3.753
    -4.039
    -4.709
    -0.810
    -0.377
    -0.601
     0.411
     2.299
     2.020
     1.849
     3.517
     3.664
     5.137
     4.890
     5.282
     6.833
     6.969
     8.382
     8.034
     7.252
     8.780
     8.496
     8.297
     7.773
     9.015
     9.457
     9.605
     9.064
     9.039
     8.939
    11.699
    12.854
    13.586
    14.533
    11.575
    12.626
    13.306
    11.698
     9.955
     9.723
     8.883
     8.586
     4.720
     6.526
     9.151
     4.675
     3.517
     6.442
     8.496
     8.795
     6.587
     5.270
     3.905
     3.081
     5.467
     7.540
     8.201
     5.765
     5.642
     5.412
     5.391
     3.977
     2.847
     2.333
     3.316
     5.802
     7.906
     5.212
     5.227
     4.271
     4.508
     2.676
     4.949
     5.975
     6.895
     7.051
     4.900
     2.386
     2.291
     5.776
     5.908
     4.382
     2.667
     1.150
     1.932
     2.558
     0.217
    -0.192
    -1.447
    -1.999
    -2.742
    -3.604
    -2.987
     0.013
    -1.045
    -2.242
    -6.465
    -9.393
    -8.712
    -9.129
    -9.821
    -9.356
    -9.519
    -9.434
   -10.913
   -13.472
   -12.682
   -13.997
   -14.419
   -13.468
   -13.688
   -12.151
   -12.890
   -12.438
   -13.091
   -12.527
   -13.526
   -14.210
   -11.648
   -12.117
   -11.702
   -11.162
   -10.713
    -9.340
    -8.473
    -7.607
    -7.944
    -6.888
    -7.067
    -3.940
    -3.415
    -4.500
    -3.710
    -4.740
    -5.584
    -3.808
    -1.155
    -0.599
     0.097
    -1.306
    -1.969
    -0.637
     1.948
     2.091
    -0.619
     1.330
     1.578
    -0.337
    -2.932
    -3.748
    -2.670
    -2.423
    -3.376
    -2.533
     0.650
     2.151
     6.432
     6.119
     6.456
     2.636
     1.440
    -0.009
    -0.129
     0.869
     3.031
     3.428
     2.113
    -0.238
    -0.035
    -1.016
     0.292
    -2.014
    -2.932
    -3.394
    -0.954
     2.263
     5.011
     4.744
     8.955
     7.816
     9.487
     7.319
     6.859
     8.211
    11.440
    17.440
    19.789
    22.378
    21.140
    20.620
    18.714
    23.787
    22.262
    20.764
    20.226
    19.976
    17.789
    15.059
    15.758
    14.237
    13.530
    10.095
    11.410
    10.072
    11.287
     9.624
     8.368
     5.673
     4.685
     3.341
     2.192
    -0.728
    -1.463
    -2.165
    -2.090
    -4.052
    -7.298
   -10.005
   -11.029
    -8.737
   -11.170
   -11.535
   -10.066
    -6.500
    -6.709
    -7.922
    -9.584
    -9.727
    -9.030
    -8.846
    -8.997
    -7.962
    -8.640
    -7.777
    -9.516
   -10.758
    -9.210
   -10.649
    -9.794
    -9.043
   -10.441
   -13.689
   -12.878
   -10.083
    -8.084
    -6.029
    -6.639
    -8.718
    -9.469
    -8.292
    -7.818
    -7.524
    -8.840
    -9.849
    -8.056
    -7.167
    -5.519
    -6.723
    -7.967
    -9.140
    -7.815
    -6.264
    -5.893
    -3.412
    -3.698
    -4.683
    -6.891
    -7.997
    -7.377
    -5.028
    -2.894
    -3.262
    -3.398
    -2.334
    -2.755
    -1.868
     0.469
     0.110
     2.006
     2.842
     3.584
     4.957
     6.180
     7.630
     5.780
     4.452
     4.145
     6.266
     6.965
     7.691
    10.692
     9.285
     9.455
     9.395
    10.632
    11.651
    11.952
    12.418
    12.681
    12.489
    10.817
    10.390
    10.780
    10.487
     8.405
     8.050
     7.924
     8.254
     8.642
     6.336
     8.510
     9.421
     9.421
     7.854
     5.180
     3.811
     1.603
     0.365
    -0.415
    -1.834
    -2.785
    -4.012
    -3.233
    -1.837
    -3.408
    -4.382
    -3.379
    -1.692
    -0.196
     1.043
     2.261
     0.747
     0.562
     2.002
     1.302
     2.015
     1.983
     1.281
     0.500
     0.252
     1.324
     1.430
    -1.009
    -1.712
    -2.284
    -3.297
    -3.905
    -4.007
    -3.075
    -2.949
    -4.359
    -6.840
    -7.518
    -5.931
    -7.127
    -7.179
    -8.085
    -7.545
    -6.534
    -8.510
    -7.462
    -9.024
    -9.660
    -8.516
    -9.370
    -8.659
    -6.588
    -6.158
    -7.049
    -6.112
    -6.807
    -7.263
    -7.411
    -5.891
    -3.268
    -3.620
    -3.290
    -3.005
    -3.455
    -2.650
    -1.027
    -1.618
    -1.902
    -1.038
    -1.272
     0.008
    -0.438
    -0.122
     1.012
     1.002
     0.563
    -0.369
     2.594
     1.249
    -0.375
    -0.879
    -0.343
    -1.056
     0.287
     0.827
     1.666
    -0.210
     4.480
     5.428
     3.805
     6.679
     5.535
     9.249
     8.464
     9.476
     9.640
     9.308
     9.063
    10.704
     8.764
     8.784
    10.651
     9.274
     9.688
     7.840
     8.610
     6.325
     5.898
     5.113
     4.563
     5.224
     3.892
     3.335
     3.838
     3.884
     5.069
     5.239
     4.107
     4.622
     7.038
     5.663
     4.030
     4.260
     5.484
     6.721
     6.658
     6.075
     6.699
     6.034
     6.706
     4.791
     3.494
     3.829
     3.012
     1.090
     1.404
    -0.033
    -1.953
    -1.248
    -3.361
    -3.947
    -6.340
    -7.581
    -9.378
    -9.197
    -8.420
    -8.712
    -9.745
   -11.397
   -12.262
   -11.117
   -12.314
   -12.083
   -12.058
   -12.141
   -12.171
   -11.762
   -13.347
   -13.751
   -11.677
   -11.806
   -10.420
    -7.625
    -8.201
    -6.775
    -4.032
    -3.765
    -5.685
    -5.389
    -3.737
    -2.755
    -1.139
    -3.096
    -1.605
    -2.680
    -3.222
    -4.624
    -6.871
    -6.868
    -4.946
    -4.933
    -5.380
    -3.945
    -2.188
    -3.862
    -1.954
    -1.480
    -0.295
     2.043
     2.617
     3.264
     2.573
     2.904
     3.575
     4.271
     3.639
     4.552
     6.437
     4.974
     5.263
     4.565
     5.371
     3.133
     4.063
     6.094
     6.383
     7.331
     8.039
     7.223
     8.025
     7.178
     5.566
     4.903
     4.568
     3.186
     3.412
     3.275
     5.470
     5.470
     3.276
     2.357
     0.151
    -0.963
    -0.032
    -0.533
    -3.304
    -2.859
    -0.936
     1.006
     2.677
     3.652
     3.955
     2.874
     2.901
     2.513
     1.995
     2.650
     1.583
     2.412
     0.971
     3.010
     3.164
     2.769
     2.424
     2.804
     3.206
     2.918
     3.210
     0.946
    -1.753
    -0.109
    -0.860
    -1.738
     1.136
     1.273
     1.507
     0.266
     3.893
     2.972
     5.886
     5.336
     5.934
     7.128
     7.735
     8.350
     7.418
     6.087
     6.616
     4.573
     4.602
     4.687
     3.812
     3.874
     5.642
     5.256
     4.334
     6.491
     5.657
     5.331
     4.912
     5.443
     5.809
     3.901
     2.090
     1.909
    -0.989
    -2.238
    -4.591
    -3.705
    -2.784
    -3.889
    -3.538
    -4.796
    -5.588
    -5.750
    -6.326
    -7.130
    -7.699
    -7.086
    -8.460
    -8.062
    -7.328
    -6.407
    -7.783
    -7.109
    -5.145
    -7.299
    -8.896
    -8.326
    -8.558
    -9.214
    -7.161
    -9.641
   -10.221
   -12.409
   -13.051
   -12.425
   -11.670
   -12.042
   -11.622
   -12.018
   -11.187
   -10.089
   -11.836
   -11.997
   -12.210
   -11.859
    -8.979
    -4.191
    -3.648
    -4.612
    -3.834
    -5.196
    -5.412
    -4.906
    -4.971
    -8.791
   -10.978
   -10.430
   -11.983
   -12.970
   -14.614
   -13.702
   -12.444
   -11.879
   -12.596
   -10.473
    -6.822
    -3.301
    -0.912
     2.366
     2.269
     5.886
     7.735
     9.556
    10.621
    11.082
    12.659
    14.152
    16.795
    18.000
    20.747
    20.453
    21.333
    22.033
    22.092
    20.391
    19.548
    19.724
    19.153
    18.365
    15.235
    13.841
    15.752
    16.723
    20.086
    17.480
    14.268
    13.652
    14.211
    15.424
    16.765
    15.462
    14.918
    14.452
    13.309
    10.800
    10.144
     6.914
     4.848
     3.431
     1.660
     1.800
     1.795
     1.474
    -0.794
    -1.449
    -2.170
    -2.160
    -2.220
    -3.093
    -3.691
    -5.519
    -2.072
    -0.168
     1.224
     0.133
    -0.391
    -0.353
    -2.064
    -3.394
    -3.568
    -3.707
    -2.921
    -1.584
    -1.036
    -1.326
    -2.781
    -3.701
    -3.224
    -2.177
    -1.039
    -2.918
    -5.664
    -7.155
    -6.458
    -8.177
   -10.103
   -11.036
   -10.129
    -9.201
    -9.100
    -7.329
    -7.517
    -7.803
    -8.809
    -7.492
    -7.708
    -6.520
    -7.172
    -9.093
   -10.074
   -13.697
   -16.327
   -15.407
   -13.118
   -11.448
    -7.944
    -7.523
    -7.707
    -8.568
    -7.852
    -8.728
    -9.782
   -10.278
   -12.513
   -14.577
   -16.502
   -14.317
   -13.534
   -14.186
   -12.041
   -10.676
    -9.615
    -7.622
    -6.137
    -6.571
    -9.577
   -12.850
   -11.487
   -11.703
   -12.767
   -13.002
   -15.942
   -18.518
   -18.690
   -15.744
   -13.579
   -15.691
   -17.513
   -15.656
   -14.706
   -11.903
    -4.583
    69.687
    60.209
    38.171
    38.489
    38.989
    37.425
    35.509
    36.607
    40.633
    40.325
    36.152
    32.599
    30.333
    25.522
    26.223
    21.432
    23.450
    26.823
    20.002
    15.753
     4.892
     0.949
     8.577
    10.892
    12.746
     8.657
     3.358
    -0.091
    -0.185
    -1.149
    -8.036
   -12.813
   -17.389
   -17.195
   -13.613
   -16.394
   -22.661
   -25.568
   -26.374
   -25.525
   -24.068
   -17.416
   -14.147
   -13.379
    -9.249
    -9.514
   -13.112
   -13.076
    -4.666
    -3.431
    -4.470
    -9.518
    -9.871
    -6.540
    -3.223
     2.873
     7.252
    12.383
    14.072
    14.802
    10.301
     8.506
    10.280
     9.216
     8.659
     9.686
    12.844
    18.952
    11.906
     8.768
     7.687
     4.681
     3.025
     3.255
     5.953
     8.153
     1.827
    -3.712
     2.930
     4.236
     2.858
     5.496
     7.120
     6.024
     5.716
     6.725
     6.076
     2.000
     0.662
     4.750
     1.402
    -0.827
     1.760
     3.035
     1.754
     0.196
    -1.427
    -5.424
    -9.584
    -5.293
    -0.871
    -0.518
    -5.032
    -5.300
    -8.282
   -14.302
   -19.161
   -21.446
   -25.266
   -23.279
   -26.791
   -26.569
   -28.787
   -28.815
   -27.443
   -32.561
   -34.927
   -30.942
   -31.505
   -30.771
   -32.874
   -29.663
   -19.596
    -9.402
   -16.274
   -18.400
    -6.229
    -5.111
    -3.418
    10.516
    15.567
     6.572
    12.238
    24.153
    46.966
    35.389
    15.597
    13.204
    20.448
    25.338
    18.462
    15.671
    17.397
    16.476
    14.824
    17.424
    15.896
    15.513
    15.463
    10.474
     6.057
    12.236
    18.159
    12.337
    10.240
    13.572
    16.834
     7.606
     3.257
     4.626
     5.649
     8.090
    12.312
     3.426
    12.059
    12.672
    17.597
    26.022
    22.024
    -4.292
    -7.101
     5.028
     9.249
     5.275
    -0.882
     1.991
     5.864
     3.155
     0.574
    -2.687
    -6.920
   -30.549
   -24.200
   -12.027
   -13.925
   -15.107
   -10.289
    -7.081
    -8.837
   -10.491
    -6.986
   -10.485
   -12.405
    -7.838
    -8.654
    -7.668
    -6.147
    -4.035
    -3.062
     2.560
    -0.271
    -0.739
     1.135
     1.515
    -1.800
    -4.436
    -0.190
     2.831
     0.498
    -4.760
    -1.808
    -4.900
    -3.546
    -3.612
    -5.379
    -5.412
    -4.033
    -3.430
    -6.984
    -6.740
    -7.715
   -10.331
    -9.273
    -6.685
    -7.396
    -5.357
    -8.472
    -7.098
    -9.050
    -5.572
    -4.428
    -5.436
    -3.253
    -0.130
     0.088
    -0.111
     4.134
     1.282
     2.658
    -0.221
     2.630
     4.827
     3.444
     3.335
     2.351
     1.726
     4.685
     5.460
     2.163
     2.257
     2.179
     1.544
     2.048
     2.443
     2.804
     6.184
     6.619
    20.524
    16.865
    14.529
    12.115
    12.193
    11.945
     8.871
     7.966
    14.659
    17.186
    13.003
     5.997
     2.741
     1.938
     8.094
     8.943
     1.004
    -1.521
    -3.480
    -0.928
    -5.465
    -3.911
    -1.325
     1.434
     2.759
     6.214
     5.246
     4.411
     4.335
     4.218
     7.510
     3.075
    -0.388
    -0.110
     0.104
    -0.510
    -6.295
    -4.101
    -6.349
    -8.598
    -7.485
    -3.554
   -10.012
   -11.580
    -6.708
    -4.001
    -7.683
   -13.610
   -15.165
   -12.342
   -10.135
   -13.909
    -6.843
    -6.888
    -4.790
   -17.095
   -10.632
   -13.096
    -9.687
    -7.013
    -6.640
    -1.644
    -4.487
     1.086
     0.035
     2.125
     4.144
     5.886
     5.317
     4.894
     0.356
     4.744
     6.139
     4.726
     1.293
    -0.650
    -3.893
    -3.784
    -5.434
    -1.169
     1.228
     0.271
    -3.278
    -5.673
     1.257
     4.028
     3.654
     2.431
     1.811
     1.561
    11.689
     6.955
     3.783
     6.918
     6.074
     1.891
    -0.501
    -2.231
    -2.596
     0.982
     0.072
    -1.099
    -3.371
    -2.599
     3.683
     5.550
     1.102
     0.059
     0.046
    11.094
    15.589
     0.154
     0.202
     4.937
     1.703
    -0.787
     2.198
    -2.819
    -2.628
     1.276
     1.548
     2.379
     5.135
     2.593
     2.804
     3.094
     3.248
     4.144
     2.486
     0.279
    -3.451
    -4.441
    -3.691
    -3.232
    -2.110
    -2.919
    -2.758
    -3.317
     1.237
     1.070
    -0.744
     1.706
     0.827
    -2.686
    -2.911
     0.603
     0.504
    -0.624
    -2.200
    -0.676
    -2.675
    -3.851
    -4.751
    -3.794
     0.488
     2.288
     3.600
    -1.634
     3.908
     0.468
     0.072
    -0.451
     3.740
     1.584
     1.044
     3.217
     1.402
     1.268
     2.078
     1.925
    -0.201
     0.247
    -1.635
     0.399
     0.554
     4.218
     3.715
    -1.519
     1.094
     4.856
     3.396
     3.876
     0.975
    -1.815
     0.898
     5.397
     1.590
     0.656
    -1.123
    -1.804
    -3.443
     4.208
     3.324
    -1.100
     0.251
    -1.128
     1.304
     3.020
     2.590
     1.802
     2.301
     1.009
    -0.040
     0.412
     0.778
     1.044
     0.434
    -2.142
     1.891
     1.605
    -2.895
    -2.088
    -3.082
    -4.205
    -2.094
    -3.963
    -2.575
    -1.047
    -0.991
     0.317
    -0.268
     0.660
     1.497
    -0.615
     0.467
    -1.172
     0.484
    -1.462
    -1.852
    -2.708
    -2.269
    -2.440
    -1.363
    -2.140
    -2.962
    -3.193
    -2.168
     0.867
     1.839
     0.263
    -1.539
    -1.143
    -2.378
    -0.992
    -1.785
    -2.725
    -3.744
    -4.344
    -4.789
    -6.507
    -6.854
    -4.853
    -5.640
    -6.951
    -6.748
    -7.404
    -6.143
    -6.016
    -7.305
   -10.341
    -9.138
    -9.366
    -8.793
    -9.540
    -8.033
    -7.984
    -6.979
    -6.603
    -6.725
    -5.092
    -5.490
    -4.752
    -4.724
    -4.986
    -4.147
    -5.800
    -4.245
    -0.866
     0.828
    -0.195
     0.089
     1.336
     3.651
     4.867
     6.713
     7.980
     6.457
    10.190
    11.920
    14.014
    14.369
    16.107
    16.108
    16.804
    13.992
    12.489
    11.448
    10.010
     7.903
     4.505
     3.928
     6.351
     4.694
     1.921
     3.531
     2.259
     2.469
     4.233
     5.458
     9.407
     9.232
    11.409
     9.724
    10.148
    11.261
     9.844
     6.951
     6.965
     7.803
     9.302
     9.372
     9.192
    14.064
    16.788
    18.799
    14.377
    15.357
    13.356
     2.346
     0.109
    -2.205
    -7.008
    -8.136
    -9.347
   -12.933
   -11.523
    -9.933
   -10.758
    -9.819
   -10.690
    -9.841
    -7.850
    -7.378
    -7.842
    -5.028
    -3.630
    -3.988
    -1.178
     2.241
     3.853
     7.512
     6.902
     3.410
     3.446
     4.586
     4.784
     5.070
     3.136
     1.903
    -2.148
    -1.720
    -1.628
    -1.901
    -2.224
    -2.606
    -5.946
    -8.997
    -9.092
   -10.025
    -8.858
    -8.742
    -9.570
    -8.740
    -7.308
    -5.861
    -5.138
    -4.803
    -7.895
    -8.680
   -10.408
   -10.586
   -10.509
   -11.814
   -14.237
   -15.680
   -19.786
   -19.294
   -19.926
   -20.172
   -19.580
   -18.992
   -18.972
   -17.874
   -19.177
   -19.117
   -17.188
   -18.916
   -16.498
   -16.702
   -15.841
   -14.822
   -15.140
   -14.388
   -13.465
   -14.144
   -10.445
    -8.136
    -4.749
    -1.548
     1.002
     3.922
     6.128
     5.853
     8.288
     6.690
     5.307
     5.745
     5.157
     9.445
    15.457
    18.665
    19.548
    18.434
    23.083
    27.400
    28.222
    27.162
    28.355
    30.251
    29.608
    29.305
    28.370
    23.811
    19.319
    18.356
    15.506
    11.855
     9.591
     9.950
     8.289
     9.561
    13.049
    13.255
    16.080
    15.434
    13.947
    11.652
    11.152
    11.175
    10.186
    11.270
    13.574
    13.749
    15.483
    15.401
    12.893
    12.127
    10.563
     8.628
     7.715
     5.799
     5.406
     5.879
     6.432
     5.681
     3.871
     2.418
     1.030
    -0.679
    -1.890
    -0.384
    -2.626
    -4.214
    -6.257
    -5.132
    -5.178
    -3.540
    -6.320
    -9.155
   -12.134
   -13.931
   -16.310
   -18.516
   -20.741
   -20.726
   -21.608
   -21.177
   -26.181
   -24.992
   -25.489
   -24.167
   -21.272
   -20.654
   -20.954
   -19.862
   -20.016
   -17.953
   -15.795
   -15.065
   -12.718
   -13.675
   -12.954
   -12.035
   -10.567
   -10.973
   -12.228
   -12.432
   -14.027
   -16.433
   -10.764
   -10.788
    -5.011
    -4.489
    -0.878
     2.439
     1.658
     1.142
     0.258
    -2.622
    -5.351
    -2.516
     2.238
     3.154
     9.149
    12.174
    10.536
     9.840
    10.706
     8.417
     3.786
    11.256
    13.818
    13.111
    13.832
    13.976
    10.634
    15.604
    19.471
    14.974
     9.172
     6.248
     6.874
     8.473
     8.238
     4.329
     5.761
     6.581
     8.638
     8.530
     2.979
    -2.846
    -4.700
    -8.088
   -12.683
   -10.671
   -10.835
    -9.692
    -6.681
    -6.381
    -8.121
    -5.363
    -5.002
    -6.153
    -6.335
    -8.712
    -8.665
    -2.285
    -9.452
    -4.282
    -3.445
    -1.619
     3.343
     0.947
    -2.695
     0.376
    -0.280
     0.622
    -0.304
     1.394
     3.441
     7.856
     9.152
     9.735
    14.939
    16.373
    19.663
    21.418
    20.437
    19.230
    16.170
    19.073
    13.906
     8.547
     6.846
     5.086
     2.885
     1.806
     0.861
     2.495
     1.824
     5.304
     2.785
     1.399
    -0.366
     0.423
     0.147
     0.980
     2.573
     5.798
     7.256
     6.191
     3.833
     4.115
     2.826
     0.977
    -0.577
    -5.088
    -7.395
   -13.602
   -15.533
    -4.673
    -0.744
     0.528
     2.705
     0.831
    -3.051
    -4.251
    -5.121
    -7.129
    -7.049
    -5.117
    -0.342
     4.176
     9.724
    13.712
    10.645
     6.021
    -5.936
   -11.571
   -15.029
   -17.649
   -16.745
    -9.998
    -1.758
     0.911
     1.900
     1.907
    -0.128
    -2.727
    -3.176
    -3.601
    -5.450
    -6.418
    -7.298
    -6.455
    -5.112
    -5.390
    -6.036
    -5.249
    -6.068
    -7.286
    -7.469
    -6.992
    -6.372
    -5.103
    -4.391
    -4.604
    -5.369
    -6.472
    -6.562
    -6.895
    -8.286
    -7.806
    -7.472
    -2.291
     1.795
     4.265
     6.992
     7.074
     8.032
     6.520
     5.379
     3.815
     1.772
     0.388
    -1.202
    -2.592
    -3.085
    -3.527
    -3.195
    -2.229
    -1.846
    -0.625
     1.138
    -0.361
    -0.448
     0.869
     1.003
     1.432
     0.961
    -1.319
    -0.850
    -2.908
    -1.990
    -1.088
    -1.769
    -2.264
    -2.222
    -0.597
    -0.135
     2.429
    -1.596
    -1.691
    -2.561
     0.148
     0.417
     0.222
    -0.675
     0.490
     1.143
     1.117
     0.570
     1.703
     2.637
     3.873
     4.242
     4.239
     3.731
     3.466
     3.983
     4.229
     6.102
     5.967
     6.042
     6.246
     6.083
     6.675
     4.357
     4.276
     4.048
     2.822
     3.676
     3.365
     0.869
     2.836
     2.116
     1.980
     0.763
     2.570
     2.046
     2.648
     4.196
     5.250
     5.643
     9.408
     8.605
     9.966
    10.320
    10.849
     9.979
     9.983
     6.712
     7.373
     9.394
     8.268
     5.975
     6.815
     8.758
     6.381
     5.742
     3.550
     2.689
    -0.404
    -3.232
    -3.713
    -5.530
    -7.170
    -8.065
    -8.239
    -5.681
    -7.408
    -6.747
    -6.239
    -7.316
    -7.388
    -7.538
    -6.277
    -7.503
    -6.300
    -7.434
    -6.969
    -6.461
    -5.857
    -3.959
    -1.999
    -1.884
    -1.659
    -1.403
    -0.236
    -2.202
    -2.874
    -2.218
    -3.484
    -3.567
    -3.637
    -3.446
    -3.933
    -2.732
    -3.284
    -2.979
    -2.387
    -1.809
    -2.013
    -3.963
    -3.645
    -4.145
    -4.650
    -4.792
    -4.888
    -4.801
    -5.494
    -5.531
    -4.124
    -3.280
    -3.177
    -2.717
    -1.676
    -1.542
    -2.036
    -2.754
    -3.309
    -3.441
    -2.500
    -2.661
    -3.236
    -2.461
    -2.053
    -1.346
    -0.538
     0.685
     0.616
     1.717
     1.695
     2.270
     3.527
     2.628
     3.252
     3.049
     2.853
     2.538
     1.789
     2.736
     2.565
     2.908
     3.983
     3.440
     3.389
     3.218
     2.959
     3.485
     3.134
     2.284
     1.274
     0.950
     0.167
     1.080
     0.676
     0.091
     0.983
    -0.249
     0.298
     0.887
     0.332
     0.652
     1.535
     1.504
     1.136
     1.527
     1.034
     1.774
     1.517
     1.029
     1.612
     0.663
     0.480
    -0.352
    -0.048
    -0.733
     0.462
     0.121
     2.282
     2.814
     2.615
     3.179
     4.067
     3.974
     2.314
     2.653
     1.926
     1.350
     1.770
     0.521
     0.421
     0.067
     0.811
    -0.209
    -1.603
    -1.808
    -2.061
    -1.745
    -1.467
    -0.675
     0.010
     1.554
     2.756
     1.608
     1.403
     1.128
     1.159
     2.774
     1.415
     1.869
    -0.067
    -0.131
    -0.552
     0.640
     2.140
     0.570
     0.783
     2.029
     2.178
     3.268
     2.991
     1.533
     2.374
     2.686
     1.548
     1.007
     1.527
     0.377
     1.373
     2.058
     1.620
     1.689
     1.150
    -0.055
     1.327
     0.556
    -0.575
     0.272
    -0.818
    -0.616
    -2.020
     0.463
    -0.789
    -0.340
    -0.839
    -1.348
    -0.306
    -0.632
    -0.921
    -1.243
    -0.589
    -0.869
    -0.365
    -1.397
    -1.197
    -2.100
    -1.317
    -0.743
    -1.490
    -1.450
    -2.619
    -1.568
    -1.581
    -1.231
    -1.418
    -1.655
    -2.454
    -0.657
    -1.306
    -0.936
    -0.460
    -0.977
    -0.400
    -1.708
    -2.034
    -1.307
    -1.365
    -1.601
    -3.291
    -2.718
    -2.064
    -2.729
    -3.151
    -3.950
    -3.010
    -4.033
    -3.763
    -3.344
    -3.443
    -6.076
    -6.519
    -6.204
    -5.864
    -5.626
    -5.628
    -5.402
    -5.460
    -5.027
    -6.307
    -5.267
    -5.777
    -5.620
    -7.175
    -7.554
    -7.490
    -7.132
    -7.467
    -8.024
    -5.523
    -5.674
    -5.261
    -2.216
    -0.177
     1.548
     4.094
     4.805
     7.779
     9.650
     9.518
     9.617
     9.088
     9.607
     9.702
     7.387
     6.477
     6.748
     5.845
     5.769
     5.354
     4.963
     4.653
     6.350
     6.492
     6.541
     6.894
     6.710
     5.888
     6.531
     4.565
     4.891
     4.341
     5.478
     5.976
     4.046
     4.154
     3.528
     3.719
     2.577
     2.475
     2.862
     3.429
     3.623
     2.346
     1.838
     1.360
    -0.241
    -0.775
     0.335
     1.280
     1.048
     1.698
     1.952
     1.012
     1.628
     1.837
     2.143
     3.324
     0.766
     0.563
     1.234
     1.771
    -0.342
    -1.984
    -1.451
    -0.272
     0.801
     2.514
     2.708
    -1.966
    -5.005
    -6.895
    -5.159
    -4.318
    -3.345
    -2.160
    -1.548
    -2.413
    -2.829
    -3.615
    -5.404
    -6.221
    -6.249
    -3.986
    -2.528
    -2.386
    -1.747
    -2.598
    -2.242
    -4.023
    -3.205
    -3.836
    -3.610
    -1.342
    -0.359
     0.427
     0.284
    -0.309
    -0.579
    -0.977
    -0.684
    -1.529
    -0.434
    -0.355
    -2.061
    -1.802
     0.255
    -0.174
     1.509
     0.477
     0.056
    -0.633
    -2.861
    -2.727
    -2.929
    -3.021
    -2.677
    -2.028
    -3.264
    -2.290
    -1.965
    -1.648
    -1.341
    -1.497
    -0.037
     0.381
     0.501
     1.986
     0.653
     0.079
    -0.885
    -1.313
    -0.935
    -1.380
    -1.900
    -2.889
    -2.153
    -1.778
    -1.263
    -1.787
    -0.636
    -1.158
    -0.472
    -0.734
    -0.240
    -0.658
     0.476
     0.009
    -1.804
    -4.158
    -3.884
    -3.546
    -1.718
    -0.088
     1.525
     2.902
     3.609
     1.456
     2.078
     2.723
     3.943
     4.361
     1.948
     1.233
     1.655
     2.129
     2.274
     1.373
     1.952
     1.645
     2.594
     3.253
     3.333
     2.910
     3.285
     3.097
     4.458
     2.746
     3.131
     2.050
     3.186
     2.677
     2.151
     2.169
     1.271
     2.493
     1.913
     2.073
     2.018
     1.713
     1.396
     1.885
     2.302
     2.330
     1.346
     1.663
     1.223
     1.227
     1.323
     0.392
     0.636
     0.076
    -0.209
    -0.384
     0.244
    -0.069
     0.123
     0.899
    -0.646
    -1.673
    -1.670
    -1.844
    -3.121
    -2.732
    -3.116
    -1.376
    -0.621
    -0.361
     1.008
     0.703
     0.608
     0.274
     0.408
     1.206
     2.123
     0.996
     2.201
    -0.439
    -0.536
    -1.812
    -1.922
    -0.841
    -1.369
    -0.412
     0.684
     0.456
    -0.221
     0.356
    -0.246
    -0.826
    -1.498
    -2.234
    -2.886
    -1.110
    -1.007
    -0.587
    -0.658
    -0.690
     0.195
    -1.344
    -0.691
    -0.686
    -0.585
    -1.150
    -1.716
    -1.354
    -1.608
    -2.576
    -1.081
    -1.522
    -1.352
    -1.779
    -1.489
    -0.467
    -1.898
    -3.183
    -3.435
    -2.705
    -2.165
    -1.292
    -2.135
    -1.988
    -2.112
    -2.626
    -3.064
    -2.727
    -2.856
    -3.142
    -2.100
    -2.442
    -1.283
     0.121
    -0.235
    -0.387
    -1.873
    -0.895
    -1.515
    -0.086
     0.596
    -0.978
    -0.764
     0.235
     1.509
     0.952
    -0.051
    -0.213
     1.616
     0.728
     0.910
     0.775
     1.142
     0.689
     0.566
     1.119
     3.181
     1.967
     2.100
     1.734
     2.327
     2.922
     2.948
     2.173
     2.095
     2.230
     2.980
     2.269
     2.090
     2.871
     3.252
     3.579
     4.314
     3.975
     3.196
     3.906
     4.274
     4.639
     4.811
     5.105
     4.929
     5.146
     5.282
     5.062
     5.317
     5.233
     2.614
     3.994
     3.344
     2.796
     2.490
     2.330
     0.404
     1.001
     1.017
     2.152
     0.169
     0.684
    -0.368
    -0.189
    -0.141
    -2.385
    -0.611
    -0.243
    -0.262
    -0.198
    -1.578
    -2.442
    -3.396
    -4.687
    -5.420
    -7.027
    -7.316
    -7.586
    -7.725
    -7.855
    -8.775
    -7.211
    -9.651
    -7.188
    -5.185
    -7.857
    -5.184
    -3.949
    -2.522
    -3.379
    -3.352
    -2.216
    -1.451
    -0.946
    -0.978
    -1.835
     0.439
    -1.064
    -2.304
    -2.300
    -2.766
    -3.831
    -5.223
    -4.787
    -4.025
    -5.272
    -6.670
    -7.171
    -4.278
    -5.230
    -5.370
    -2.481
    -3.386
    -3.079
    -4.838
    -1.059
    -6.322
    -4.361
    -3.564
    -5.875
    -5.406
    -5.649
    -3.613
    -0.174
    -0.635
     0.222
     1.291
     2.290
     2.662
     6.243
     5.513
     5.655
     7.448
     8.325
     9.436
    11.225
    12.653
    11.342
    11.891
    11.830
    11.550
    11.636
    13.437
    16.421
    13.685
    12.884
    11.052
     9.268
    16.053
    12.581
    10.567
     9.846
    14.995
     7.060
    10.913
     7.161
     8.268
     5.069
     4.298
     2.477
     4.642
     5.074
     4.735
     1.972
    -0.722
     0.053
    -0.448
    -0.608
    -1.521
    -1.747
    -1.406
    -1.773
    -1.591
    -3.216
    -2.432
    -2.358
    -3.098
    -3.706
    -1.441
    -2.746
    -1.354
    -3.854
    -4.102
    -4.687
    -5.161
    -6.073
    -6.067
    -6.632
    -6.771
    -7.708
    -5.824
    -7.382
    -6.708
    -8.177
    -9.282
    -8.660
    -9.172
    -8.415
    -7.850
    -8.599
    -8.882
    -8.972
    -8.471
    -7.943
    -8.188
    -7.900
    -8.480
    -8.269
    -7.779
    -7.463
    -7.078
    -6.611
    -6.594
    -6.091
    -6.126
    -5.890
    -5.742
    -5.408
    -5.325
    -4.740
    -4.739
    -4.531
    -4.521
    -4.302
    -4.373
    -3.872
    -3.649
    -3.212
    -3.342
    -2.660
    -2.300
    -1.679
    -1.576
    -1.156
    -0.886
    -0.457
    -0.202
     0.214
     0.478
     0.877
     1.161
     1.560
     1.823
     2.231
     2.510
     2.919
     3.192
     3.605
