     5.821
     5.614
     5.515
     5.284
     5.166
     4.911
     4.771
     4.522
     4.364
     4.068
     3.941
     3.651
     3.382
     3.073
     2.859
     2.427
     2.172
     1.749
     1.347
     0.903
     0.596
     0.013
    -0.247
    -0.591
    -0.589
    -1.372
    -1.416
    -1.678
    -2.421
    -2.695
    -2.905
    -3.337
    -3.934
    -4.733
    -5.253
    -5.991
    -6.517
    -6.684
    -7.097
    -7.352
    -7.733
    -7.476
    -8.122
    -8.677
    -8.997
    -9.318
    -9.621
    -9.804
    -9.634
   -10.757
   -10.828
   -11.746
   -11.688
   -11.786
   -11.750
   -13.638
   -13.019
   -13.013
   -14.747
   -15.040
   -14.515
   -14.227
   -15.268
   -15.371
   -13.637
   -12.167
   -11.415
   -11.276
    -8.843
    -7.558
    -4.558
    -4.394
    -3.272
    -0.919
     1.599
     1.617
     0.623
     2.427
     4.170
     4.924
     6.123
     6.691
     6.394
     7.077
     8.420
     7.908
     9.609
     9.552
     9.542
     9.862
    10.687
    12.320
    12.844
    14.998
    13.655
    13.497
    14.134
    11.966
    12.127
    10.971
     9.932
     9.069
     7.522
     7.929
     4.923
     4.801
     4.688
     4.364
     4.650
     2.677
     3.506
     4.791
     4.607
     4.845
     4.774
     3.529
     1.896
     1.428
     1.889
     0.784
     0.491
     0.633
     0.509
    -0.155
     0.621
    -1.837
     0.181
    -0.708
    -0.522
    -1.572
    -1.587
    -1.296
    -1.893
    -1.904
    -2.326
    -1.529
    -2.744
    -3.356
    -2.873
    -3.457
    -3.344
    -4.033
    -4.076
    -4.067
    -3.285
    -2.272
    -2.962
    -2.529
    -3.345
    -3.427
    -2.610
    -3.074
    -1.573
    -2.381
    -0.835
    -2.366
    -3.618
    -4.868
    -3.815
    -5.875
    -6.362
    -6.025
    -3.506
    -3.728
    -0.288
     0.552
     1.069
     1.097
     1.977
     1.226
     2.562
     3.753
     1.712
     2.363
     4.197
     4.195
     3.240
     3.768
     4.169
     4.194
     4.690
     5.276
     3.146
     4.004
     3.078
     2.565
     2.632
     2.876
     1.981
     3.441
     4.631
     3.531
     0.368
    -0.775
    -0.412
     1.405
     3.811
     3.824
     2.135
     1.700
     2.171
     0.915
    -1.247
    -2.593
    -5.683
    -6.280
    -5.275
    -1.620
    -2.332
    -3.205
    -2.972
    -5.045
    -6.422
   -10.755
   -12.308
   -12.016
   -10.977
   -11.015
   -11.416
   -11.934
   -11.319
   -10.027
    -9.508
   -10.020
    -8.589
    -7.326
    -6.110
    -4.029
    -1.750
    -0.944
     1.373
     2.938
     3.611
     8.466
     8.560
     8.176
    11.626
    11.539
    12.447
    11.394
    12.933
    11.259
    12.078
    10.614
     7.778
     5.814
     5.470
     3.333
     5.076
     4.962
     6.731
     0.641
     7.422
     5.190
    -3.119
     1.857
     2.965
     1.344
     1.013
     1.342
     0.813
    -0.359
    -0.479
    -2.821
    -2.951
    -3.302
    -2.681
    -4.443
    -2.978
    -3.130
    -2.378
    -1.926
    -1.863
    -1.177
    -1.778
    -2.350
    -2.634
    -2.986
    -3.930
    -4.207
    -3.862
    -3.034
    -4.788
    -6.848
    -7.537
    -6.242
    -5.589
    -5.391
    -5.011
    -5.196
    -2.464
    -3.167
    -3.899
    -3.491
    -3.440
    -3.940
    -5.219
    -4.252
    -4.440
    -5.190
    -3.232
    -4.171
    -4.039
    -2.096
    -0.585
     0.224
    -0.756
    -1.433
    -0.455
    -0.661
    -1.582
     1.379
     2.506
     4.269
     4.665
     4.793
     5.632
     6.715
     6.388
     6.360
     6.525
     6.771
     6.232
     8.114
     8.608
     6.823
     8.179
     6.677
     6.285
     6.969
     6.593
     7.071
     5.800
     4.850
     4.648
     4.915
     2.980
     2.049
     2.811
     3.564
     2.355
     4.975
     4.690
     5.423
     4.640
     3.679
     3.351
     0.490
     0.856
     1.432
     0.382
    -1.320
     0.954
     0.511
     0.216
    -0.224
    -1.027
    -0.662
    -3.202
    -3.521
    -5.164
    -5.381
    -4.015
    -2.509
    -4.447
    -7.046
    -5.958
    -2.805
    -2.225
    -0.011
     0.222
    -1.477
     0.155
     0.263
     0.442
     0.771
     1.850
     1.131
     2.151
     2.396
     0.432
     1.632
     0.799
     0.483
    -0.088
     0.398
    -0.379
    -1.843
    -1.193
    -1.640
    -1.983
    -2.966
    -2.099
    -2.895
    -4.311
    -5.170
    -5.150
    -4.726
    -5.196
    -4.950
    -3.850
    -4.546
    -4.192
    -5.859
    -4.725
    -5.026
    -5.722
    -5.076
    -7.786
    -8.108
   -10.352
    -9.562
    -8.005
    -7.361
    -5.946
    -6.664
    -6.111
    -7.377
    -5.481
    -2.877
    -2.475
    -1.835
    -2.793
    -0.682
     0.680
     4.929
     8.297
     7.835
     6.061
     1.801
     3.206
     1.202
     3.682
     4.730
     5.860
     5.778
     5.131
     1.927
     1.114
     4.288
     4.713
     3.984
     1.786
     2.675
     3.024
     2.745
     2.780
     2.278
     3.076
     2.363
     1.991
     0.377
     0.662
    -0.232
     1.116
    -0.142
     1.500
    -1.766
    -0.678
    -1.838
    -0.617
     2.348
     2.692
     1.420
     2.669
     3.555
     2.988
     3.336
     2.592
     0.221
    -1.657
    -3.266
    -0.551
    -0.113
     0.759
    -0.672
     0.833
     0.511
     1.183
     0.447
     0.687
     2.255
     0.531
     2.720
     1.616
     0.784
     2.257
     2.343
     1.576
     3.949
     4.126
     1.733
     2.755
     2.978
     2.811
     1.006
     1.827
     3.067
     3.626
     3.633
     1.142
     0.902
     0.708
    -0.251
    -0.326
    -0.629
    -0.597
    -1.199
    -1.266
    -0.027
    -0.394
    -1.596
     0.132
    -0.331
     0.632
     1.900
     0.310
    -0.146
     1.575
     3.124
     2.644
     3.971
     3.248
     3.256
     2.648
     3.295
     4.066
     2.202
     1.238
     1.111
     2.303
     3.300
     4.475
     3.451
     2.034
     0.134
    -1.073
     0.601
     0.568
     1.359
    -0.041
     0.113
    -0.193
    -2.144
    -2.501
    -1.395
    -1.004
    -0.684
     0.505
    -2.335
    -0.185
    -0.209
     0.727
     1.913
    -1.793
    -1.500
    -1.205
    -1.390
    -1.773
    -2.925
    -3.348
    -5.767
    -6.397
    -6.941
    -6.936
    -7.141
    -7.883
    -9.267
   -10.439
    -9.361
    -9.050
    -8.685
    -8.004
    -7.322
    -7.598
    -8.002
    -7.917
    -6.961
    -7.807
    -8.574
    -5.985
    -6.374
    -5.766
    -4.882
    -5.645
    -4.253
    -3.601
    -3.668
    -3.610
    -3.502
    -2.273
    -1.201
    -1.481
    -1.676
    -2.675
    -1.589
    -0.812
     0.181
     0.690
    -1.643
    -3.524
    -2.385
    -1.947
    -0.727
    -1.442
    -0.451
     0.117
    -0.167
     0.382
     1.485
     1.996
     2.793
     3.180
     3.798
     5.688
     5.095
     5.601
     6.866
     6.489
     4.698
     5.402
     4.716
     4.424
     5.651
     4.727
     4.331
     4.504
     5.275
     5.374
     5.329
     7.172
     7.081
     7.150
     5.839
     5.972
     5.960
     6.015
     3.946
     5.677
     5.786
     4.455
     5.184
     5.734
     5.627
     6.653
     6.494
     6.740
     6.169
     5.873
     6.339
     5.815
     5.639
     5.555
     5.818
     7.553
     8.461
     5.885
     4.544
     5.958
     4.620
     5.616
     5.958
     5.133
     4.098
     3.965
     4.778
     5.290
     6.047
     7.323
     7.570
     6.156
     5.023
     5.753
     0.545
    -2.029
    -1.657
    -3.375
    -7.676
    -8.658
    -7.615
    -9.533
    -9.875
    -9.168
    -9.392
    -8.482
    -7.161
    -8.078
    -7.815
    -9.211
    -7.091
    -5.866
    -5.943
    -3.501
    -3.720
    -2.703
    -1.600
    -1.078
    -1.294
    -0.786
    -1.422
     0.156
    -0.465
    -2.518
    -0.244
     0.049
    -1.313
    -0.697
    -1.736
    -2.141
    -1.874
    -1.328
    -4.380
    -4.015
    -5.375
    -5.297
    -6.333
    -6.410
    -7.057
    -6.947
    -7.439
    -6.918
    -6.720
    -6.354
    -4.445
    -5.910
    -3.641
    -3.223
    -1.583
    -2.674
    -2.057
    -1.767
    -1.498
    -2.477
    -3.029
    -3.357
    -4.135
    -3.738
    -3.785
    -3.471
    -3.881
    -4.555
    -5.755
    -4.591
    -4.738
    -5.569
    -7.169
    -5.041
    -5.721
    -5.212
    -6.841
    -6.693
    -8.892
    -8.281
    -6.496
    -5.162
    -3.247
    -2.794
    -3.022
    -4.467
    -4.600
    -3.541
    -2.355
    -1.031
     0.383
    -0.712
    -1.223
    -0.021
     1.169
     1.495
     0.481
     0.882
     0.734
     0.654
     1.453
     1.862
     2.567
     4.885
     6.467
     6.278
     7.568
     7.011
     5.914
     6.892
     6.917
     6.538
     7.689
    10.699
    10.979
    10.262
    10.451
     9.855
    11.739
    11.537
    11.221
    11.272
    11.294
    11.610
    12.473
    11.617
    12.119
    11.860
    11.403
    10.388
     9.026
     9.211
    10.014
    10.005
    11.173
    10.398
    10.750
    10.059
    11.704
    11.646
    11.486
    10.994
     9.842
    10.553
    10.541
    10.994
    10.391
    11.125
    10.978
    11.229
    11.455
    11.608
    11.967
    11.251
    10.369
     9.899
    10.051
     9.501
     8.697
     7.810
     7.026
     8.838
    11.132
     8.352
     4.721
     2.434
    -2.883
    -4.960
    -8.976
   -10.078
   -16.759
   -19.303
   -24.016
   -24.368
   -27.076
   -29.789
   -31.289
   -31.828
   -33.052
   -34.812
   -36.924
   -34.545
   -32.991
   -31.502
   -29.484
   -28.383
   -29.493
   -28.314
   -26.600
   -24.502
   -22.251
   -20.278
   -17.017
   -13.837
   -11.475
    -8.111
    -5.860
    -3.170
    -0.456
     2.534
     3.860
     5.080
     5.190
     5.656
     5.463
     4.753
     4.957
     3.230
     3.589
     4.050
     3.908
     2.801
     2.322
     1.762
     1.769
     0.439
     0.693
     2.223
     2.364
     2.078
     3.156
     3.597
     6.048
     3.859
     0.759
     3.023
     3.597
     4.415
     3.691
     5.434
     3.754
     3.519
     4.954
     4.736
     5.812
     7.132
     7.988
     8.449
     8.776
     6.065
     2.463
    -0.645
    -2.824
    -3.460
    -3.301
    -2.321
     1.121
     4.672
    10.109
    15.642
    18.161
    16.984
    18.987
    18.569
    20.316
    19.992
    18.796
    18.295
    17.711
    15.328
    12.492
     9.633
     7.194
     3.293
     5.072
     0.909
     0.858
    -3.376
    -3.430
    -3.899
    -6.385
    -8.194
    -7.032
    -7.608
    -7.689
    -8.001
    -6.923
    -6.135
    -3.674
    -4.666
    -3.604
    -4.115
    -3.481
    -2.588
    -1.038
     0.343
    -1.582
    -0.589
    -2.406
     0.891
     3.464
     3.672
     2.926
     4.881
     6.417
     6.287
     5.822
     5.961
     7.514
     6.881
     6.387
     6.209
     6.204
     6.478
     8.387
     9.041
     8.053
     9.475
     7.906
     6.068
     4.373
     3.951
     1.329
    -1.369
    -0.034
     0.551
    -2.276
    -5.193
    -6.440
    -6.183
    -7.482
    -6.107
    -6.134
    -4.036
    -2.810
    -3.463
    -4.549
    -5.903
    -4.897
    -2.771
    -2.089
    -0.453
    -0.592
    -1.339
    -1.425
    -0.507
     1.106
     1.189
     0.095
     0.804
     1.903
     4.497
     0.886
    -0.018
     1.508
     0.055
    -0.443
    -1.364
     0.094
     1.248
    -0.297
    -0.605
     1.798
    -0.045
     0.359
     1.136
     0.779
    -0.149
    -3.366
    -6.685
    -9.754
    -9.364
    -9.450
    -8.943
   -10.436
   -11.621
   -11.699
   -14.231
   -11.922
   -10.896
   -10.697
   -13.679
   -13.979
   -15.055
   -17.380
   -19.155
   -19.292
   -20.780
   -23.120
   -22.747
   -19.888
   -19.148
   -20.360
   -21.695
   -23.691
   -25.724
   -28.150
   -28.207
   -31.535
   -35.214
   -36.423
   -34.832
   -33.188
   -34.400
   -33.312
   -35.129
   -40.268
    -7.932
    19.516
    18.945
    13.142
    12.893
    15.329
    13.125
    13.125
    17.260
    19.122
    22.509
    21.717
    18.845
    20.347
    19.602
    21.170
    24.581
    24.205
    26.070
    33.398
    36.951
    31.965
    30.282
    29.374
    36.597
    45.175
    45.464
    45.789
    46.820
    48.094
    51.804
    51.189
    53.388
    52.237
    51.315
    49.883
    47.438
    42.432
    36.915
    37.575
    34.224
    31.924
    32.487
    32.689
    25.599
    26.380
    26.066
    25.584
    21.217
    20.255
    16.564
    15.962
    11.678
     7.597
     0.363
    -7.355
   -15.968
   -15.948
   -29.376
   -36.354
   -34.518
   -39.655
   -41.929
   -43.056
   -43.059
   -43.738
   -43.413
   -41.296
   -35.414
   -36.110
   -37.055
   -36.506
   -39.732
   -38.670
   -41.866
   -40.118
   -36.686
   -36.338
   -37.293
   -34.021
   -31.879
   -33.575
   -32.475
   -29.647
   -28.229
   -29.657
   -30.344
   -26.975
   -29.922
   -29.816
   -25.744
   -26.017
   -24.509
   -26.673
   -27.635
   -29.323
   -32.318
   -29.948
   -28.992
   -30.042
   -25.698
   -21.653
   -19.585
   -16.663
   -11.496
    -7.418
    -3.328
    -1.171
     0.338
     0.323
     4.898
     6.476
     6.461
    10.113
    17.009
    24.335
    27.418
    29.069
    34.730
    41.743
    47.586
    46.242
    44.185
    51.561
    63.125
    63.389
    57.693
    64.983
    60.526
    49.096
    57.265
    69.851
    51.020
    29.381
    12.829
    37.709
    34.474
    17.127
     0.068
     2.892
    -3.333
    -9.739
   -15.884
   -12.555
   -20.760
   -24.261
   -15.911
   -13.979
   -11.602
    -8.917
   -11.256
   -20.247
   -19.502
    -8.153
    -7.407
   -12.251
   -11.677
    -3.611
    -2.286
    -2.265
    -3.606
    -2.475
    -1.779
     3.921
    -4.425
    -0.727
     0.074
     0.820
    -1.639
    -4.958
   -14.872
   -21.347
   -21.293
    -1.460
    -0.579
   -11.062
   -16.205
   -14.999
   -11.196
    -2.902
     7.074
    11.078
    -3.194
   -13.398
   -13.223
   -23.865
   -24.807
   -21.682
   -13.124
    -8.856
    -7.058
     0.460
     0.578
    -6.540
   -14.758
   -14.697
   -12.211
    -7.496
    -1.485
     3.028
     2.112
     5.675
     3.917
    10.637
    12.040
     8.872
     7.493
    15.225
    20.728
    27.785
    24.556
    21.538
    18.191
    15.763
    14.823
    18.417
    12.996
    10.603
    11.634
     6.588
     5.237
     2.060
     3.431
    -1.081
     7.424
     3.262
     4.777
     6.186
     2.783
     0.787
     4.713
     3.861
     2.219
     5.990
     7.143
     5.177
     4.534
     4.922
    -0.029
     0.200
    -5.884
    -2.860
    -1.927
     1.385
     2.425
     3.248
     0.268
    -1.250
     0.048
    -5.858
    -4.861
    -2.967
    -5.191
   -10.725
    -7.470
    -2.966
    -1.834
   -22.523
   -18.696
   -19.143
    -9.339
   -10.850
   -13.013
    -9.099
   -10.059
    -0.336
    12.490
     0.387
    -4.907
   -10.846
   -12.424
    -6.657
    -4.782
    -9.951
   -21.962
   -15.009
   -17.293
   -20.436
   -23.459
   -23.744
   -24.034
   -19.753
   -16.027
   -13.622
   -12.969
   -15.064
   -11.847
    -7.820
   -11.778
   -11.572
   -10.453
    -4.817
    -5.462
    -6.712
    -7.676
    -9.255
    -5.736
    -9.166
    -3.825
    -2.420
    -1.962
    -1.863
     8.412
     7.351
    12.087
     6.898
     3.711
     5.963
     8.022
     6.511
    10.569
    15.323
    16.380
     9.459
    11.324
     8.687
     9.159
    10.765
    12.037
    16.108
    18.489
    22.738
    22.639
    22.525
    24.617
    22.868
    23.935
    28.579
    20.070
    33.698
    27.182
    28.872
    19.372
    14.296
    19.077
    17.454
    15.231
    15.836
    16.787
    18.345
    14.680
     7.681
     9.978
     9.991
     4.926
     4.465
     3.740
     5.382
    12.181
     2.764
    -2.512
     1.643
     0.555
    -5.390
    -5.226
    -8.266
   -10.106
    -7.130
    -5.864
    -8.158
    -8.943
   -16.521
    -4.704
    -0.808
   -21.454
   -21.809
    -9.656
    -5.735
     1.085
   -13.721
   -12.512
    -2.352
   -12.993
   -12.647
   -15.822
   -27.521
   -25.537
   -18.395
   -22.925
   -21.141
   -10.387
   -13.290
   -10.254
    -5.589
    -0.025
    -3.531
    -3.918
    -4.441
    -7.006
    -7.057
    -9.249
   -10.118
   -10.621
   -10.406
   -10.590
    -5.373
    -4.844
    -4.220
    -5.241
     2.571
    -0.404
    -3.249
    -0.576
     1.937
     5.166
     4.014
     3.811
     1.171
     3.468
     2.185
    -0.879
     3.211
     6.736
     4.496
    -0.101
    -3.622
     3.679
     3.560
     2.619
     3.893
     6.047
    10.558
     7.035
     4.419
     4.693
     2.879
     6.605
     3.851
     4.561
     5.845
     0.161
     1.181
     0.358
    -0.705
    -0.774
    -3.824
    -4.600
     0.787
     0.979
     3.795
    -1.674
    -1.502
     1.196
     4.108
     3.631
     1.672
    -4.776
    -3.798
    -1.325
     7.379
    -1.357
   -16.108
   -15.625
    -8.756
    -8.762
    -8.885
   -13.039
   -12.255
   -11.045
    -9.234
    -7.760
   -10.536
    -7.489
    -5.867
    -2.851
    -1.265
     2.792
     3.958
    -4.830
    -1.078
     0.490
     1.693
     2.586
    -0.368
     0.194
     1.965
     1.311
     1.619
     6.318
     3.334
     7.742
     6.439
     7.959
     9.067
    10.369
     9.342
     9.272
     8.711
     9.395
    10.965
    11.572
    11.107
    11.963
    12.565
    11.321
    13.639
    14.191
    14.105
    15.877
    18.200
    18.681
    18.228
    16.697
    16.795
    16.492
    16.081
    17.181
    13.937
    15.410
    14.925
    10.960
    10.324
     9.588
     7.945
     8.541
     7.631
     6.451
     5.258
     5.555
     5.217
     3.151
     1.408
    -1.192
    -0.522
    -2.271
    -3.324
    -5.224
    -5.651
    -5.136
    -5.028
    -6.421
    -9.367
    -9.556
   -11.492
   -12.519
   -13.196
   -13.983
   -17.651
   -19.032
   -20.986
   -19.758
   -20.603
   -20.687
   -19.058
   -22.269
   -22.605
   -23.849
   -23.949
   -23.362
   -20.197
   -20.053
   -17.860
   -19.319
   -15.528
   -15.135
   -11.236
   -13.234
   -10.206
   -13.497
    -8.626
    -9.146
    -5.331
    -6.745
    -5.300
    -8.912
    -5.442
    -7.107
    -7.217
    -7.877
    -7.558
    -6.419
    -4.540
    -1.891
     0.674
     2.215
     0.769
     1.466
     1.285
     1.676
     3.723
     5.883
     6.389
     6.923
     6.932
    10.656
     7.641
     8.910
     9.091
    12.968
    13.359
    11.502
    10.459
    11.945
    10.022
    10.678
     9.135
     9.294
     9.254
     9.265
     8.344
     9.259
    10.935
    10.701
     7.864
     8.001
     6.559
     6.932
    10.113
     9.361
     9.501
     8.588
     8.974
    10.253
    10.420
     8.791
     9.297
     8.824
     6.814
     7.805
     5.984
     6.764
     6.071
     5.758
     7.448
     5.620
     6.927
     7.265
     7.690
     8.875
    10.496
     5.482
     6.240
     4.958
     4.087
     3.882
     1.678
     0.140
    -1.366
    -1.671
    -4.142
    -5.155
    -5.886
    -6.654
    -7.381
    -7.712
    -7.412
    -6.510
    -5.749
    -6.333
    -6.669
    -6.852
    -5.516
    -5.411
    -5.614
    -5.609
    -6.379
    -5.478
    -6.530
    -5.641
    -6.919
    -6.549
    -6.894
    -8.597
   -10.414
    -9.870
   -10.999
    -9.828
   -10.457
    -9.019
    -9.722
    -9.299
    -9.764
    -6.943
    -9.148
    -9.530
    -7.407
    -6.353
    -4.659
    -3.172
    -2.572
    -1.836
    -0.509
     1.319
     4.647
     4.027
     2.953
     2.772
     0.507
     1.234
     0.893
    -0.167
    -1.522
    -2.158
    -0.862
     0.684
    -0.502
    -1.222
    -0.452
    -1.608
     1.788
     0.997
     1.888
     1.508
     1.344
     3.891
     3.086
     3.934
     3.709
     1.953
     4.631
     5.865
     7.012
     4.617
     2.874
     5.174
     3.531
     3.421
     5.213
     6.234
     6.566
     6.812
     6.792
     7.245
     5.679
     6.080
     6.799
     6.568
     6.016
     6.109
     6.223
     6.441
     5.571
     5.987
     7.632
     5.159
     4.811
     3.404
     3.147
     3.132
     0.766
     0.305
     1.090
     1.643
    -0.819
    -2.414
    -4.456
    -1.869
    -4.136
    -3.704
    -5.215
    -6.426
    -6.991
    -5.441
    -4.512
    -4.692
    -4.801
    -4.194
    -3.724
    -4.548
    -4.368
    -5.452
    -4.168
    -4.308
    -4.801
    -6.305
    -6.924
    -5.461
    -6.427
    -2.565
    -3.696
    -0.291
     1.638
    -0.250
    -2.918
    -2.158
    -3.201
    -4.323
    -4.369
    -4.506
    -1.845
    -1.591
     0.020
    -2.756
    -0.922
    -1.431
    -1.184
    -3.866
    -7.317
    -9.001
    -8.031
    -6.482
    -7.074
    -6.595
    -6.760
    -3.362
    -4.517
    -6.294
    -5.756
    -5.890
    -2.822
    -4.836
    -1.691
    -1.257
     1.593
     1.339
     2.707
     3.409
     2.751
     4.039
     0.806
     2.972
     5.336
     6.903
     6.074
     8.422
     8.279
     9.704
     9.675
    11.413
    12.098
    13.514
    12.235
    14.107
    14.114
    15.976
    16.225
    14.145
    14.831
    13.338
    13.150
    15.295
    11.187
     8.279
     7.221
     6.942
     1.710
     1.894
    -0.946
    -0.795
    -5.206
    -5.784
    -6.129
    -6.239
    -4.838
    -3.885
    -5.757
    -4.590
    -2.615
     1.725
     0.891
     0.619
     1.561
     2.269
     2.390
     0.434
     0.819
    -0.565
     0.263
    -1.751
    -5.290
    -3.111
    -3.981
    -4.864
    -5.117
    -5.054
    -5.523
    -3.586
    -5.095
    -2.824
    -3.359
    -4.054
    -6.209
    -4.904
    -9.323
    -9.292
   -11.053
   -11.165
    -1.472
   -10.395
   -10.219
   -11.436
    -9.043
    -7.566
    -3.269
    -3.771
    -5.466
    -4.663
    -5.366
    -2.291
    -3.021
    -1.010
    -1.438
    -2.878
     1.141
    -0.642
     1.832
     5.944
     4.924
     3.020
     2.930
     5.395
    -1.741
    -3.589
    -5.687
    -3.210
    -1.707
     1.025
     1.066
     1.233
     1.357
    -0.866
    -1.213
    -0.573
    -0.787
    -0.731
    -1.178
     0.374
    -0.650
    -1.193
     0.034
    -0.190
    -0.175
    -0.124
    -0.666
    -0.048
     0.501
    -0.845
     0.024
    -0.034
     1.716
     0.460
     4.011
     2.818
    -1.903
    -1.054
    -0.370
     2.013
     3.613
     5.141
     4.737
     5.460
     4.349
     3.044
     3.142
     3.768
     3.091
     3.180
     1.471
     0.720
     0.372
     1.680
     1.224
     1.728
     4.938
     5.008
     5.918
     5.715
     5.920
     5.276
     5.014
     5.751
     5.347
     6.623
     7.322
     6.282
     6.902
     5.402
     2.524
     2.235
     2.505
     4.624
     3.711
     1.615
     2.007
     2.688
     3.083
     2.889
     2.740
     1.867
     0.602
    -1.249
    -0.941
    -0.916
    -2.758
    -4.203
    -4.635
    -4.318
    -2.933
    -5.068
    -6.717
    -6.003
    -3.739
    -3.389
    -4.449
    -3.171
    -4.463
    -4.451
    -3.037
    -3.624
    -3.982
    -3.022
    -3.667
    -3.959
    -4.242
    -2.992
    -4.187
    -5.665
    -6.067
    -5.715
    -4.781
    -3.002
    -2.323
    -1.489
    -1.096
    -3.061
    -3.639
    -2.130
    -0.812
     0.164
     0.176
     1.612
     1.944
     2.548
     0.517
    -1.200
     0.365
     0.816
     3.120
     2.976
     0.095
    -1.846
    -0.698
     1.610
     3.688
     5.291
     3.713
     1.178
     1.449
     0.938
     1.481
     0.970
     1.393
     2.048
     0.864
     0.094
    -1.564
    -0.443
    -1.360
    -1.475
    -0.904
    -1.490
    -2.543
    -2.147
    -2.279
    -1.286
    -1.203
    -1.525
    -1.394
    -1.561
    -0.420
    -1.126
    -0.937
    -1.127
     0.735
     0.209
     0.317
     2.255
     1.366
     0.625
     2.286
     2.418
     3.079
     2.941
     2.227
     1.720
     2.385
     1.031
     0.594
     2.114
     1.163
     0.928
     1.064
     1.687
     1.273
     0.266
    -0.094
     0.298
     1.644
     2.552
     3.134
     2.149
     3.170
     2.146
     0.911
     0.155
    -0.593
    -1.222
    -2.459
    -1.479
    -1.489
    -1.437
    -0.774
    -0.979
    -1.645
    -2.797
    -2.072
    -1.739
    -1.954
    -0.549
    -1.163
    -0.912
    -0.952
    -1.224
    -0.485
     0.025
    -1.475
    -0.499
    -2.008
    -1.491
    -1.284
    -0.792
    -0.067
    -0.782
    -1.343
    -1.619
    -0.826
     0.136
     0.243
    -0.433
     0.160
    -0.093
     0.389
    -0.214
     0.000
    -1.515
    -0.543
     0.177
    -0.051
     0.064
     2.017
     1.117
     1.036
     0.966
    -0.177
     0.302
     1.378
     0.708
    -0.037
    -0.675
    -0.724
    -0.080
     0.229
     0.005
     0.007
    -0.394
    -0.336
     0.779
     1.033
     0.931
     1.330
     1.370
    -0.178
    -1.238
    -0.733
    -0.579
    -0.615
    -1.110
    -1.549
    -1.313
    -0.194
    -0.575
    -1.602
    -0.986
    -0.506
     0.921
     1.644
     1.173
     1.282
     3.681
     5.188
     6.718
     6.472
     7.752
     7.251
     7.852
     7.536
     5.064
     3.716
     3.288
     2.524
     1.903
     0.777
    -0.399
     0.159
    -0.546
    -0.493
    -0.672
    -0.133
     0.781
     0.479
    -0.319
    -0.035
     1.676
     0.396
     0.573
     1.183
    -0.362
    -0.809
    -0.681
    -1.735
    -2.156
    -2.415
    -2.215
    -2.195
    -2.524
    -2.591
    -3.514
    -4.435
    -3.618
    -4.288
    -3.697
    -3.113
    -2.658
    -2.250
    -2.377
    -2.566
    -2.176
    -2.587
    -3.939
    -3.711
    -3.449
    -3.719
    -4.294
    -4.414
    -3.625
    -3.695
    -3.784
    -3.311
    -3.331
    -3.917
    -4.760
    -3.516
    -2.957
    -2.252
    -1.606
    -3.010
    -1.358
    -1.364
    -1.169
    -1.462
    -0.274
     0.120
     0.159
    -0.068
     1.120
     0.306
     1.266
     0.212
     0.840
     0.795
     1.192
     1.334
     1.611
     1.737
     1.703
     0.855
     1.642
     1.360
     2.219
     1.792
     2.269
     2.782
     1.941
     2.766
     2.392
     2.971
     2.666
     2.414
     3.922
     2.607
     0.909
     0.448
    -1.741
    -0.127
     0.157
     0.660
     1.574
     1.594
     2.608
     4.143
     5.841
     5.326
     5.300
     4.575
     4.676
     4.128
     2.730
     1.804
     1.773
     1.531
     0.583
     0.075
     0.189
    -0.115
    -0.715
     0.195
     0.478
     0.364
     0.431
     0.832
     0.829
     2.179
     2.646
     1.229
    -0.080
     0.546
     0.277
    -0.976
    -0.572
    -0.410
     0.187
    -1.738
    -0.962
    -0.868
    -1.831
    -2.133
    -2.635
    -1.321
    -2.526
    -1.849
    -1.859
    -0.850
    -1.460
    -1.981
    -0.916
    -0.111
     1.005
     0.376
     0.490
    -0.382
     0.447
     0.546
    -0.978
    -0.753
    -1.630
    -1.250
     0.045
     0.309
    -0.394
     0.319
    -0.340
    -1.441
     0.519
     0.312
     0.082
    -0.747
    -0.957
    -0.550
     0.291
     0.762
     1.031
    -0.942
    -1.114
     0.286
    -1.991
    -1.282
    -1.622
    -1.307
    -1.009
    -0.659
    -0.920
    -1.475
    -2.222
    -2.931
    -2.276
    -1.549
    -1.717
    -0.867
    -1.115
    -0.763
    -1.648
    -1.812
    -2.513
    -2.312
    -2.785
    -0.951
    -1.156
    -1.437
    -1.295
    -1.761
     0.037
     0.270
     1.426
    -0.148
     0.535
     1.833
     0.609
    -1.198
    -1.945
    -1.920
    -1.712
    -1.451
    -1.084
    -1.557
    -0.766
    -0.502
    -0.224
    -1.471
    -0.447
     0.149
     0.793
     1.402
     1.732
     2.552
     1.152
     1.500
     2.636
     1.974
     3.722
     4.832
     5.265
     4.675
     4.081
     3.328
     3.982
     6.102
     5.818
     4.519
     5.164
     5.468
     4.921
     2.645
     1.718
     1.665
     2.268
     2.466
     0.408
    -0.766
    -1.063
    -0.460
    -1.304
    -2.831
    -2.798
    -2.925
    -2.611
    -2.571
    -2.321
    -2.089
    -3.605
    -2.542
    -1.175
    -1.233
     0.723
    -1.176
    -0.944
    -2.323
    -1.194
     0.237
    -0.945
    -0.172
     0.938
     0.839
    -0.588
    -1.397
    -2.042
    -2.300
    -1.743
    -1.851
    -1.356
    -1.917
    -2.493
    -3.299
    -3.385
    -4.665
    -3.122
    -3.896
    -2.607
    -1.314
    -2.246
    -1.907
    -2.133
    -1.381
    -2.268
    -2.455
    -1.125
    -2.324
    -0.535
    -0.065
     0.067
    -0.535
     1.367
    -0.066
     0.888
    -1.402
     0.064
     0.403
     0.570
     2.115
     0.714
     0.794
     0.350
    -0.895
    -0.834
    -0.356
    -0.120
     3.051
     3.410
     3.335
     3.769
     4.398
     3.721
     2.270
     3.273
     3.798
     4.341
     3.323
     3.248
     2.050
     2.822
     2.567
     1.046
     0.010
     0.757
     0.997
     1.705
     1.430
     0.701
     0.659
     0.714
     0.684
     1.015
     1.193
     0.809
     0.565
     2.288
     1.249
     0.743
     1.408
     2.350
     1.437
     0.710
     0.402
     0.649
     1.323
     1.087
     1.301
     0.988
     1.353
     0.189
     0.121
     0.673
     0.521
     1.028
     0.513
     0.585
     1.434
     1.786
     0.740
     0.333
     0.696
    -0.158
     0.332
    -0.123
     0.955
    -0.840
    -0.631
    -0.443
    -0.148
     0.034
     0.176
    -0.780
    -1.597
    -0.986
    -0.258
    -0.877
    -0.070
     0.602
     0.964
    -0.414
    -0.428
    -0.452
    -1.470
    -2.758
    -1.904
    -3.615
    -4.323
    -5.705
    -7.601
    -7.312
    -5.767
    -5.143
    -3.601
    -2.717
    -1.049
    -0.547
    -2.132
    -0.457
    -1.553
    -3.343
    -2.617
    -0.589
    -1.371
    -1.839
    -1.680
    -3.203
    -3.458
    -4.418
    -3.607
    -3.849
    -2.382
    -3.581
    -3.447
    -2.633
    -0.628
    -0.072
    -0.300
    -2.740
    -4.133
    -4.129
    -3.631
    -2.307
    -3.659
    -3.809
    -4.372
    -4.646
    -5.702
    -3.739
    -2.326
    -1.388
    -1.922
    -2.827
    -2.456
    -3.439
    -0.749
    -0.229
     0.527
    -1.479
    -1.001
    -0.998
    -1.227
    -1.225
     0.835
     0.668
     2.207
     4.614
    10.673
     9.052
     5.523
     5.745
    10.764
    12.390
    14.258
    12.598
     9.381
    10.256
     7.186
     6.947
     5.181
     0.963
    -0.306
    -2.967
    -0.902
    -2.916
    -0.106
    -1.150
    -0.726
     0.616
     3.944
     5.188
     9.312
    10.974
    12.090
    10.325
     7.578
     7.955
     8.893
     7.875
     1.765
     3.435
    -5.303
    -4.266
    -3.720
    -2.487
     2.068
     2.017
     2.746
     4.935
     4.553
     5.201
     4.625
     6.486
     7.272
     7.046
     7.551
     6.844
     6.017
     6.212
     8.520
    11.060
    13.017
    12.994
    13.414
    13.149
    11.535
    10.432
     8.945
     5.579
    -5.372
    -8.704
    -2.779
    -7.125
     0.472
   -13.710
   -11.881
    -3.257
    -2.974
   -10.007
   -11.604
   -14.863
   -17.129
   -21.161
   -27.903
   -31.299
   -27.632
   -23.213
   -19.424
   -18.919
   -20.537
   -17.591
   -15.809
   -13.492
   -15.126
   -15.657
   -11.470
    -7.438
    -5.408
    -5.345
    -6.931
    -6.863
    -7.384
    -8.401
    -8.970
   -11.013
    -8.674
    -6.145
    -5.203
    -4.951
    -4.616
    -3.658
     1.065
     2.023
     4.188
     5.514
     6.527
     4.602
     6.114
     6.757
     7.946
     6.661
     6.541
     7.301
     8.203
     7.554
     7.158
     6.105
     7.142
     4.267
     3.636
     3.000
     1.539
     1.335
     1.832
     1.609
     2.831
     3.468
     3.060
     4.363
     4.121
     4.200
     4.844
     4.968
     5.084
     5.624
     5.572
     6.170
     6.193
     6.461
     6.979
     7.198
     7.587
     7.642
     6.532
     7.024
     6.904
     7.137
     6.794
     6.839
     6.879
     6.861
     6.714
     6.743
     6.656
     6.672
     6.521
     6.493
     6.354
     6.324
     6.157
     6.095
     5.901
