     5.800
     5.615
     5.479
     5.271
     5.116
     4.884
     4.709
     4.480
     4.288
     4.016
     3.849
     3.585
     3.301
     3.012
     2.756
     2.359
     2.082
     1.675
     1.279
     0.847
     0.501
    -0.031
    -0.304
    -0.591
    -0.762
    -1.334
    -1.503
    -1.801
    -2.463
    -2.771
    -2.937
    -3.414
    -3.936
    -4.635
    -5.250
    -5.874
    -6.474
    -6.619
    -6.981
    -7.309
    -7.658
    -7.523
    -8.032
    -8.505
    -8.879
    -9.080
    -9.421
    -9.802
    -9.658
   -10.409
   -10.488
   -11.621
   -11.423
   -11.524
   -11.507
   -13.236
   -12.633
   -12.770
   -14.108
   -14.759
   -14.112
   -13.804
   -14.969
   -14.791
   -13.365
   -12.040
   -11.170
   -10.734
    -8.890
    -7.356
    -4.377
    -4.385
    -3.235
    -1.031
     1.388
     1.652
     0.522
     2.802
     3.690
     4.452
     5.306
     5.999
     6.053
     6.501
     7.158
     7.378
     8.454
     8.663
     8.959
     9.158
    10.407
    11.983
    12.296
    14.317
    13.506
    13.035
    14.153
    11.870
    12.121
    11.307
     9.870
     9.131
     7.237
     8.078
     5.286
     5.222
     4.692
     4.375
     4.592
     2.868
     3.793
     4.467
     4.746
     5.046
     4.355
     3.086
     1.956
     1.183
     1.983
     0.899
     0.208
     0.367
     0.414
    -0.220
     0.748
    -1.441
     0.333
    -0.897
     0.199
    -1.239
    -1.738
    -1.124
    -1.697
    -2.082
    -2.452
    -1.075
    -2.618
    -3.302
    -2.928
    -3.795
    -3.007
    -4.004
    -4.528
    -4.362
    -3.461
    -2.256
    -3.283
    -2.256
    -3.650
    -2.933
    -2.484
    -3.146
    -1.727
    -2.711
    -0.572
    -2.878
    -3.784
    -3.665
    -3.493
    -5.075
    -5.369
    -4.928
    -2.489
    -2.820
     0.175
     0.974
     1.379
     2.175
     1.927
     1.154
     3.129
     3.350
     1.996
     2.836
     4.081
     3.826
     3.353
     4.145
     4.358
     4.231
     5.079
     5.391
     3.672
     3.900
     3.195
     2.513
     2.891
     3.310
     2.291
     2.819
     4.776
     3.085
     0.593
    -0.195
     0.551
     1.277
     4.142
     3.198
     1.811
     1.561
     1.821
     0.769
    -0.865
    -2.210
    -4.834
    -5.991
    -5.523
    -2.848
    -3.018
    -3.545
    -3.379
    -5.964
    -7.483
   -10.894
   -12.767
   -13.327
   -11.610
   -11.677
   -12.992
   -12.632
   -11.967
   -11.324
   -10.265
   -10.679
    -9.180
    -7.737
    -7.001
    -5.023
    -2.556
    -1.622
     0.695
     1.695
     2.931
     7.327
     8.360
     8.346
    11.101
    11.214
    12.572
    11.564
    13.408
    12.050
    13.198
    11.218
     8.084
     7.108
     5.577
     4.412
     5.596
     5.837
     6.599
     2.474
     6.912
     4.962
    -1.759
     3.105
     3.718
     2.485
     1.201
     2.220
     1.981
     0.422
    -0.506
    -2.495
    -2.982
    -2.966
    -2.618
    -4.271
    -3.076
    -2.654
    -3.009
    -1.115
    -1.734
    -0.942
    -1.664
    -2.354
    -2.514
    -3.098
    -4.203
    -4.642
    -3.949
    -3.182
    -5.180
    -6.663
    -7.303
    -6.179
    -5.431
    -5.453
    -4.964
    -5.061
    -2.641
    -3.199
    -4.732
    -3.775
    -3.475
    -3.575
    -5.448
    -4.170
    -4.399
    -5.073
    -2.924
    -4.615
    -4.582
    -1.730
    -0.829
     0.130
    -1.353
    -1.286
    -1.079
    -1.097
    -1.335
     1.445
     2.503
     4.088
     5.287
     4.318
     6.289
     6.383
     5.666
     6.041
     5.541
     6.296
     6.150
     8.134
     8.241
     6.881
     8.076
     6.702
     6.415
     6.619
     7.078
     7.375
     6.095
     4.429
     4.774
     5.365
     3.897
     2.022
     2.829
     3.592
     2.942
     5.177
     4.527
     5.215
     5.171
     4.174
     3.600
     0.705
     1.171
     1.389
     0.757
    -1.305
     0.289
     0.356
     0.348
    -0.222
    -1.697
    -1.131
    -3.333
    -3.264
    -4.570
    -5.253
    -4.505
    -1.899
    -4.815
    -6.964
    -6.251
    -3.103
    -2.695
     0.242
     0.568
    -1.542
    -0.213
     0.382
     0.494
     0.223
     1.531
     0.663
     1.962
     2.474
     0.912
     1.395
     0.891
     0.622
    -0.523
     0.200
     0.081
    -1.276
    -0.954
    -1.289
    -2.285
    -3.241
    -2.483
    -2.531
    -4.056
    -4.877
    -4.867
    -4.866
    -5.543
    -5.574
    -3.887
    -4.529
    -4.062
    -6.198
    -5.024
    -4.994
    -5.386
    -5.377
    -7.839
    -8.807
   -10.638
    -9.855
    -8.257
    -6.740
    -6.447
    -5.793
    -6.410
    -8.032
    -5.062
    -3.067
    -2.106
    -1.535
    -3.053
    -0.019
     0.627
     4.147
     7.957
     7.180
     5.467
     1.859
     3.104
     1.453
     3.576
     4.873
     6.146
     5.595
     5.600
     2.232
     1.632
     4.605
     5.190
     3.716
     2.413
     3.348
     3.787
     2.277
     3.151
     2.033
     3.464
     2.059
     2.626
     0.131
     0.366
     0.123
     1.549
    -0.085
     1.180
    -1.715
    -0.518
    -1.931
    -0.926
     2.948
     1.659
     1.130
     2.506
     3.449
     2.287
     2.895
     2.607
     0.128
    -1.543
    -3.248
    -0.534
     0.101
     0.835
    -0.368
     0.997
     0.421
     1.612
     0.343
     0.987
     2.056
     0.750
     3.052
     1.422
     0.034
     2.553
     2.897
     1.446
     4.015
     3.733
     2.027
     2.408
     3.197
     2.998
     1.107
     1.917
     2.695
     3.770
     3.893
     1.006
     0.663
     0.663
    -0.529
    -0.639
    -0.191
    -0.232
    -1.182
    -1.147
     0.507
    -0.104
    -1.654
    -0.132
     0.424
     1.068
     2.100
     0.913
    -0.103
     1.938
     3.255
     2.627
     4.349
     3.062
     2.942
     2.548
     3.186
     3.730
     2.607
     1.029
     0.993
     2.350
     3.247
     3.947
     2.669
     1.994
     0.063
    -1.464
     0.535
     0.885
     1.463
     0.299
     0.066
    -0.012
    -2.160
    -1.740
    -1.225
    -1.115
    -0.468
     0.379
    -2.092
    -0.722
    -0.727
     0.480
     1.651
    -2.300
    -1.424
    -0.934
    -1.856
    -1.447
    -2.863
    -3.486
    -5.717
    -6.554
    -7.133
    -7.013
    -7.172
    -8.025
    -9.458
   -11.029
    -9.563
    -8.925
    -8.964
    -8.435
    -7.579
    -8.156
    -7.810
    -7.929
    -7.181
    -8.551
    -8.487
    -6.419
    -6.824
    -6.075
    -5.100
    -5.732
    -4.547
    -4.241
    -3.984
    -4.365
    -3.953
    -2.558
    -1.194
    -1.455
    -1.904
    -3.088
    -2.031
    -0.832
     0.185
     0.757
    -1.796
    -3.480
    -2.524
    -1.781
    -0.486
    -1.935
    -0.040
    -0.128
     0.062
     0.820
     1.859
     2.015
     2.952
     3.220
     4.155
     5.723
     4.525
     5.345
     6.755
     6.575
     4.566
     5.559
     5.228
     4.634
     6.177
     5.297
     5.282
     5.817
     6.320
     6.474
     5.347
     7.853
     7.962
     8.070
     6.420
     6.917
     6.719
     6.542
     4.589
     6.358
     6.248
     4.748
     6.011
     6.644
     5.905
     7.752
     6.695
     7.025
     6.161
     6.740
     6.342
     6.048
     6.032
     5.620
     6.229
     7.285
     8.939
     5.435
     4.294
     6.308
     4.640
     5.355
     5.895
     4.714
     3.741
     3.899
     4.291
     4.465
     5.752
     7.210
     7.149
     5.476
     4.686
     5.640
     0.535
    -1.907
    -1.275
    -3.684
    -7.753
    -8.664
    -8.567
   -10.432
   -10.228
    -9.782
    -9.935
    -9.132
    -7.438
    -8.722
    -8.342
   -10.060
    -7.766
    -6.404
    -6.874
    -4.183
    -4.504
    -2.959
    -2.188
    -1.972
    -2.184
    -1.918
    -1.747
    -0.498
    -1.466
    -3.070
    -0.722
     0.053
    -1.158
    -0.947
    -1.915
    -2.021
    -1.509
    -1.162
    -4.588
    -4.026
    -5.364
    -5.743
    -6.081
    -6.760
    -6.851
    -6.860
    -7.638
    -7.053
    -7.060
    -6.876
    -4.796
    -5.773
    -3.549
    -2.749
    -1.768
    -2.494
    -1.884
    -1.713
    -1.157
    -2.795
    -2.774
    -2.937
    -3.841
    -3.298
    -3.091
    -3.198
    -3.851
    -4.528
    -5.372
    -3.767
    -4.534
    -4.943
    -6.949
    -4.808
    -4.881
    -4.834
    -6.181
    -6.385
    -8.131
    -7.453
    -6.535
    -5.146
    -2.952
    -2.438
    -3.162
    -4.230
    -4.178
    -3.076
    -1.726
    -0.733
     1.011
    -0.176
    -0.366
    -0.206
     1.140
     1.846
     1.157
     1.270
     1.819
     1.248
     2.243
     2.659
     3.313
     5.262
     7.623
     6.799
     8.759
     7.886
     6.029
     6.275
     6.117
     5.886
     6.996
    10.561
     9.628
     9.714
    10.445
     9.270
    11.224
    11.141
    10.671
    10.621
    10.705
    10.853
    12.511
    11.556
    11.915
    11.679
    11.390
    10.352
     8.675
     9.087
     9.937
     9.822
    11.161
    10.277
    11.231
    10.262
    11.956
    11.628
    11.354
    11.367
     9.770
     9.917
    10.019
    10.967
     9.834
    10.685
    10.991
    11.194
    11.043
    11.653
    11.813
    11.279
    10.362
     9.578
    10.031
     9.179
     8.219
     6.959
     6.497
     8.241
     9.971
     7.655
     4.361
     2.444
    -3.371
    -4.881
    -8.617
    -9.901
   -16.645
   -18.930
   -23.768
   -23.847
   -26.496
   -29.289
   -31.117
   -31.662
   -33.047
   -34.676
   -36.821
   -34.542
   -32.562
   -31.499
   -29.755
   -28.760
   -29.376
   -28.096
   -26.693
   -24.665
   -21.948
   -20.630
   -17.658
   -14.825
   -11.887
    -9.131
    -6.502
    -3.318
    -0.899
     1.727
     3.631
     4.475
     4.981
     5.518
     5.696
     4.411
     4.343
     2.702
     3.511
     4.248
     4.520
     3.316
     2.266
     1.459
     2.209
     0.922
     0.976
     2.434
     2.398
     1.902
     2.545
     3.434
     6.599
     4.388
     0.799
     3.063
     4.120
     4.475
     3.841
     5.657
     3.713
     3.922
     5.182
     4.704
     6.235
     7.726
     7.966
     8.677
     8.885
     6.558
     2.844
     0.211
    -2.329
    -2.614
    -3.068
    -1.640
     2.059
     5.496
    10.394
    15.562
    17.917
    17.362
    19.930
    19.259
    20.452
    21.116
    19.607
    19.908
    19.530
    16.354
    13.651
    10.744
     8.553
     4.853
     6.118
     1.367
     1.199
    -3.250
    -3.910
    -4.225
    -6.112
    -8.263
    -7.488
    -8.707
    -8.262
    -9.279
    -7.858
    -7.890
    -5.105
    -6.023
    -5.060
    -5.485
    -4.325
    -3.797
    -1.987
    -0.399
    -2.094
    -1.386
    -3.001
     0.541
     2.903
     3.513
     2.775
     4.196
     5.521
     5.945
     5.549
     5.592
     7.011
     6.922
     6.068
     6.222
     6.033
     6.352
     7.984
     8.902
     8.333
     9.347
     7.785
     6.661
     4.807
     4.210
     1.383
    -0.224
     0.220
     1.099
    -2.032
    -4.627
    -6.042
    -6.730
    -7.460
    -5.959
    -6.337
    -4.727
    -2.507
    -3.891
    -4.592
    -6.147
    -5.085
    -2.869
    -2.634
    -0.542
    -1.037
    -1.342
    -1.593
    -0.957
     0.609
     0.625
     0.308
     0.609
     1.847
     4.312
     0.425
    -0.038
     1.531
     0.611
    -0.658
    -1.280
    -0.028
     0.708
     0.076
    -0.378
     1.792
     0.263
     0.528
     1.242
     0.773
    -0.207
    -3.071
    -6.235
    -9.224
    -9.043
    -9.644
    -8.413
   -10.719
   -11.572
   -11.152
   -13.875
   -11.310
   -10.386
   -10.432
   -12.882
   -13.482
   -14.875
   -16.574
   -18.765
   -18.612
   -20.825
   -22.926
   -22.339
   -20.614
   -18.732
   -20.177
   -21.419
   -23.646
   -25.007
   -27.922
   -27.413
   -30.577
   -33.609
   -35.466
   -34.206
   -32.739
   -34.021
   -32.602
   -34.053
   -36.749
    -9.918
    13.062
    15.556
    11.904
    11.697
    14.278
    11.866
    12.763
    16.531
    18.358
    21.672
    21.858
    18.769
    20.721
    19.877
    21.622
    25.199
    24.277
    26.957
    33.430
    37.218
    33.583
    31.036
    29.923
    34.947
    43.204
    44.588
    45.248
    46.325
    48.073
    51.317
    51.290
    53.580
    53.180
    51.881
    50.447
    47.927
    42.562
    38.215
    37.850
    35.028
    31.886
    32.293
    32.156
    26.042
    26.483
    26.394
    25.996
    21.972
    20.034
    16.677
    16.378
    12.308
     8.194
     0.857
    -6.746
   -14.561
   -16.095
   -28.304
   -34.876
   -33.197
   -38.771
   -41.180
   -42.863
   -42.842
   -42.666
   -42.513
   -41.387
   -36.635
   -35.874
   -36.931
   -36.167
   -38.764
   -38.022
   -41.068
   -39.811
   -37.613
   -37.058
   -37.740
   -35.692
   -33.680
   -34.095
   -34.073
   -31.460
   -29.775
   -30.528
   -31.492
   -29.370
   -30.737
   -30.576
   -27.635
   -27.655
   -26.082
   -28.552
   -29.577
   -30.434
   -33.393
   -31.123
   -29.960
   -30.437
   -27.141
   -23.402
   -19.975
   -17.537
   -12.919
    -8.525
    -3.976
    -1.148
     0.698
     0.191
     4.967
     6.390
     6.911
    11.542
    17.633
    25.077
    28.365
    30.319
    36.055
    42.875
    48.541
    48.425
    47.589
    52.490
    62.693
    64.331
    60.491
    63.957
    60.118
    51.174
    57.933
    67.418
    51.007
    31.295
    16.548
    34.030
    32.166
    18.135
     3.994
     4.186
    -2.712
    -7.516
   -12.925
   -12.267
   -20.105
   -22.756
   -15.949
   -14.344
   -11.989
   -11.045
   -12.432
   -18.876
   -17.975
    -9.790
    -9.016
   -12.080
   -11.600
    -3.769
    -2.797
    -3.182
    -2.972
    -3.845
    -2.089
     2.303
    -3.308
    -1.220
     0.862
     0.389
    -3.365
    -5.001
   -11.169
   -19.819
   -18.734
    -2.252
    -1.711
    -9.579
   -14.831
   -13.586
    -9.692
    -2.163
     4.677
    11.583
    -1.111
   -12.304
   -12.957
   -20.481
   -22.464
   -19.938
   -13.524
    -9.419
    -6.843
    -1.093
     0.369
    -7.275
   -14.095
   -15.296
   -12.017
    -8.248
    -2.225
     0.377
     0.788
     4.607
     2.443
     9.250
    10.184
     7.961
     7.510
    13.715
    18.266
    25.351
    21.602
    19.198
    17.569
    14.124
    14.130
    17.584
    11.964
    10.286
    10.043
     5.872
     4.473
     2.358
     3.079
    -0.148
     5.879
     2.354
     3.818
     5.392
     2.698
     1.145
     3.532
     3.447
     2.344
     5.791
     5.967
     5.881
     4.692
     4.341
     0.871
     0.340
    -4.640
    -2.239
    -1.291
     1.448
     2.309
     3.234
    -0.259
    -0.564
     0.069
    -5.062
    -4.003
    -2.420
    -5.766
   -10.366
    -6.013
    -2.985
    -3.797
   -20.898
   -17.860
   -16.985
    -8.475
    -9.898
   -11.138
    -8.264
    -9.066
     2.033
    10.523
    -0.536
    -3.813
    -9.114
    -9.570
    -4.983
    -6.261
    -9.521
   -18.460
   -13.441
   -15.934
   -19.519
   -21.400
   -22.093
   -22.861
   -18.874
   -15.577
   -13.728
   -12.683
   -14.506
   -11.278
    -8.953
   -11.816
   -11.329
   -10.148
    -5.900
    -5.900
    -6.098
    -7.971
    -8.810
    -6.034
    -7.614
    -5.088
    -3.274
    -2.518
    -0.744
     6.163
     5.988
    10.400
     7.144
     4.372
     5.113
     7.070
     5.741
     9.848
    14.059
    14.886
    11.050
    11.495
     9.031
    10.350
    10.853
    12.102
    15.704
    18.084
    22.334
    21.572
    21.774
    23.256
    21.976
    22.643
    26.554
    21.077
    31.487
    26.742
    27.152
    19.495
    15.953
    18.593
    17.038
    14.066
    14.137
    15.479
    17.814
    15.140
     8.080
     9.257
     8.701
     4.647
     4.225
     4.092
     5.230
    10.101
     2.901
    -2.469
     1.260
    -0.135
    -5.311
    -5.762
    -7.100
    -9.143
    -7.396
    -6.609
    -6.751
    -8.288
   -14.815
    -4.318
    -2.888
   -19.842
   -19.243
    -9.731
    -7.130
    -1.684
   -13.300
   -11.305
    -4.432
   -12.197
   -12.591
   -16.227
   -26.146
   -23.935
   -18.777
   -21.692
   -19.814
   -11.871
   -12.558
   -10.116
    -5.522
    -1.160
    -3.359
    -3.746
    -4.008
    -6.141
    -6.936
    -8.358
    -9.902
    -9.899
    -9.266
    -8.877
    -5.614
    -4.300
    -3.560
    -3.657
     2.554
    -0.519
    -1.967
     0.249
     2.659
     4.986
     5.121
     3.523
     2.037
     3.704
     2.300
     0.099
     3.204
     6.308
     3.543
    -0.276
    -3.004
     2.449
     2.874
     2.826
     3.432
     5.696
     9.606
     6.453
     4.481
     4.883
     3.579
     5.466
     4.296
     4.108
     5.482
     0.769
     1.277
     0.625
    -0.727
    -0.805
    -2.630
    -4.555
     0.061
     0.732
     3.141
    -0.572
    -0.653
     0.315
     4.446
     3.540
     1.868
    -4.067
    -2.871
    -0.574
     6.056
    -1.596
   -15.543
   -13.997
    -8.713
    -9.249
    -8.751
   -13.490
   -12.491
   -11.314
    -9.443
    -7.579
   -10.742
    -7.790
    -5.955
    -3.379
    -1.575
     2.140
     2.372
    -4.883
    -1.554
    -0.252
     1.248
     1.748
    -0.766
    -0.547
     2.026
     0.724
     1.326
     4.946
     2.908
     6.586
     5.664
     7.165
     7.898
     9.255
     8.733
     8.684
     7.817
     9.027
    10.554
    11.043
    10.851
    12.025
    12.221
    11.277
    13.319
    13.366
    13.875
    15.184
    17.862
    17.490
    17.996
    16.357
    16.776
    16.034
    16.466
    17.240
    13.892
    15.315
    14.929
    10.965
    10.966
    10.324
     8.289
     8.749
     8.410
     7.518
     6.753
     6.619
     6.556
     3.997
     2.702
     0.016
    -0.005
    -1.113
    -2.477
    -3.670
    -4.808
    -4.146
    -4.160
    -5.766
    -8.287
    -8.218
   -10.437
   -11.586
   -12.599
   -12.733
   -16.623
   -18.242
   -20.507
   -19.320
   -20.159
   -19.794
   -18.765
   -21.949
   -22.431
   -23.643
   -23.362
   -23.136
   -20.946
   -19.807
   -17.837
   -19.084
   -15.700
   -15.011
   -12.079
   -13.188
    -9.682
   -13.182
    -8.641
    -8.880
    -5.594
    -6.287
    -5.782
    -7.647
    -5.805
    -6.935
    -7.312
    -7.653
    -8.012
    -7.212
    -4.979
    -2.538
    -0.251
     1.811
     0.327
     0.944
     0.730
     1.492
     3.370
     4.285
     4.808
     5.340
     6.595
     8.152
     7.552
     8.176
     8.666
    12.100
    13.157
    10.323
    10.447
    11.773
     9.617
    10.018
     8.974
     8.856
     8.905
     8.977
     7.781
     8.974
    10.320
    10.233
     7.716
     7.290
     5.717
     6.135
     8.680
     8.249
     8.724
     7.958
     8.236
     9.218
     9.255
     8.098
     8.416
     8.121
     7.245
     7.223
     5.943
     6.276
     5.784
     6.131
     6.973
     6.004
     6.762
     7.203
     7.812
     9.311
    10.516
     6.358
     6.134
     5.087
     4.128
     4.539
     2.669
     1.186
    -0.550
    -1.303
    -2.771
    -3.876
    -4.920
    -5.271
    -6.185
    -6.502
    -6.524
    -5.110
    -4.809
    -5.376
    -5.445
    -6.216
    -4.342
    -4.865
    -4.709
    -4.742
    -5.008
    -4.863
    -5.643
    -4.697
    -6.074
    -6.191
    -5.687
    -7.157
    -9.445
    -9.077
   -10.584
    -9.136
    -9.622
    -8.600
    -9.452
    -9.008
    -9.525
    -6.570
    -8.955
    -9.115
    -7.025
    -6.138
    -5.886
    -3.989
    -3.046
    -1.804
    -1.204
     0.872
     3.735
     3.754
     2.738
     2.302
    -0.315
    -0.011
     0.317
    -0.941
    -1.893
    -2.504
    -0.746
     0.440
    -0.455
    -1.340
    -0.505
    -1.654
     1.164
     0.732
     1.098
     1.087
     1.410
     3.759
     3.012
     4.069
     3.496
     1.342
     4.249
     5.294
     6.217
     3.565
     2.596
     4.191
     2.994
     3.094
     4.503
     5.168
     6.232
     5.410
     6.084
     6.314
     5.005
     5.410
     6.480
     6.149
     5.469
     5.537
     5.724
     6.277
     4.862
     5.206
     6.923
     4.756
     4.637
     3.471
     2.825
     3.091
     1.014
     0.940
     1.661
     1.667
    -0.781
    -2.219
    -3.839
    -1.626
    -3.449
    -3.439
    -5.194
    -5.945
    -6.255
    -5.359
    -4.660
    -5.129
    -5.699
    -5.114
    -3.776
    -4.712
    -4.419
    -5.443
    -3.975
    -3.985
    -4.606
    -5.896
    -5.767
    -5.277
    -5.774
    -2.077
    -2.795
     0.423
     1.420
    -0.195
    -2.295
    -1.549
    -2.388
    -2.908
    -2.910
    -3.933
    -1.677
    -1.262
    -0.178
    -1.857
    -0.625
    -1.684
    -1.428
    -3.468
    -6.599
    -8.600
    -7.553
    -6.364
    -7.088
    -5.786
    -6.421
    -4.392
    -4.844
    -6.184
    -4.925
    -5.413
    -2.834
    -4.809
    -1.514
    -1.091
     1.489
     1.341
     2.136
     3.550
     3.115
     4.127
     1.653
     3.324
     5.964
     6.955
     6.688
     8.259
     8.159
     9.975
     8.954
    10.913
    11.735
    13.093
    12.038
    14.074
    13.615
    15.849
    15.631
    14.092
    14.565
    13.097
    13.026
    15.402
    11.086
     9.432
     8.309
     7.197
     2.751
     2.235
    -0.408
    -0.427
    -4.562
    -5.449
    -6.269
    -6.109
    -5.014
    -4.360
    -6.443
    -5.054
    -3.422
     0.282
     0.301
    -0.058
     0.553
     1.702
     1.516
     0.147
     0.715
    -1.061
    -0.522
    -2.226
    -6.096
    -3.476
    -4.418
    -5.296
    -5.327
    -5.448
    -6.553
    -4.701
    -6.041
    -3.478
    -3.884
    -4.256
    -6.031
    -5.302
    -9.109
    -9.365
   -10.570
    -9.884
    -2.717
   -10.807
   -10.624
   -10.963
    -9.770
    -6.791
    -3.663
    -3.616
    -5.593
    -3.998
    -4.214
    -2.596
    -3.002
    -0.680
    -2.187
    -2.951
     0.182
    -0.379
     1.971
     5.353
     4.883
     3.589
     3.377
     4.745
    -1.189
    -3.561
    -4.568
    -3.412
    -1.392
     0.769
     1.369
     0.918
     1.535
     0.037
    -0.057
    -0.203
    -0.045
    -0.325
    -0.628
     0.861
    -0.022
    -0.587
     1.122
    -0.118
     0.214
     0.234
    -0.422
     0.153
     1.032
    -0.463
     0.205
     0.016
     2.250
     0.779
     4.203
     2.619
    -1.855
    -0.640
    -0.729
     2.217
     3.257
     4.731
     4.714
     5.004
     4.368
     2.785
     3.123
     3.896
     2.807
     3.523
     1.534
     1.116
     1.191
     1.631
     0.932
     1.985
     5.045
     5.121
     5.912
     5.796
     5.684
     5.943
     4.991
     5.572
     5.271
     6.397
     7.290
     6.008
     6.439
     5.713
     2.640
     2.494
     1.888
     4.461
     3.481
     1.522
     2.328
     2.541
     2.680
     2.534
     2.646
     1.657
     0.324
    -2.060
    -1.238
    -0.863
    -2.680
    -4.648
    -4.864
    -4.583
    -3.083
    -4.948
    -6.550
    -6.116
    -3.738
    -4.015
    -4.443
    -3.397
    -4.468
    -4.487
    -2.901
    -3.700
    -4.669
    -3.085
    -3.375
    -4.177
    -4.148
    -2.918
    -4.143
    -5.764
    -5.534
    -5.651
    -4.748
    -3.469
    -2.509
    -1.903
    -2.151
    -3.377
    -3.598
    -2.107
    -1.053
    -0.142
     0.476
     1.452
     1.378
     2.499
     0.780
    -0.918
    -0.111
     0.764
     2.684
     2.188
     0.397
    -1.424
    -0.226
     1.774
     3.545
     5.956
     3.668
     2.004
     1.557
     0.452
     1.376
     0.844
     1.820
     1.652
     1.309
     0.676
    -1.436
    -0.312
    -1.297
    -1.399
    -1.321
    -1.346
    -2.233
    -2.240
    -2.077
    -1.114
    -1.037
    -1.861
    -1.227
    -1.770
    -0.227
    -1.081
    -0.794
    -0.598
     0.815
     0.360
     0.308
     2.248
     1.614
     0.972
     2.023
     2.255
     3.469
     2.679
     2.197
     1.605
     2.160
     1.171
     0.424
     2.441
     1.122
     0.978
     1.092
     1.607
     1.216
     0.380
    -0.164
     0.261
     1.637
     2.656
     3.464
     2.550
     3.313
     2.681
     1.211
    -0.015
    -0.302
    -1.105
    -2.036
    -1.210
    -1.190
    -1.650
    -0.880
    -0.701
    -1.606
    -2.718
    -2.157
    -2.028
    -2.125
    -0.195
    -1.108
    -0.873
    -0.999
    -1.108
    -0.586
     0.034
    -1.693
    -0.779
    -2.139
    -1.846
    -1.267
    -1.022
     0.279
    -0.940
    -1.307
    -1.648
    -0.688
    -0.254
     0.240
    -0.451
     0.232
    -0.498
    -0.111
    -0.631
    -0.305
    -1.418
    -1.144
    -0.222
    -0.481
    -0.413
     2.282
     1.213
     1.547
     1.165
     0.229
     0.514
     1.268
     0.823
    -0.034
    -0.526
    -0.695
    -0.160
     0.451
    -0.594
    -0.408
    -0.848
    -0.159
     0.824
     0.874
     0.943
     1.268
     1.529
    -0.030
    -1.376
    -0.487
    -0.224
     0.070
    -1.162
    -1.639
    -1.013
    -0.465
    -0.632
    -1.838
    -0.850
    -0.407
     0.840
     1.697
     0.999
     1.531
     4.016
     5.093
     6.774
     5.838
     7.358
     6.886
     7.547
     7.298
     4.896
     4.315
     3.585
     2.092
     1.865
     0.604
    -0.195
     0.150
    -0.552
    -0.556
    -0.482
    -0.272
     0.806
     0.152
    -0.502
     0.096
     1.946
     0.456
     0.535
     0.919
    -0.568
    -0.604
    -1.021
    -2.010
    -1.838
    -2.303
    -2.285
    -1.954
    -2.695
    -2.248
    -3.594
    -4.830
    -3.471
    -4.515
    -3.542
    -3.083
    -3.078
    -2.115
    -2.478
    -2.600
    -2.225
    -2.833
    -4.368
    -3.506
    -3.081
    -3.802
    -4.109
    -4.221
    -3.618
    -3.611
    -3.535
    -2.705
    -3.023
    -3.261
    -4.661
    -3.255
    -2.651
    -1.923
    -1.535
    -3.006
    -1.132
    -1.530
    -1.097
    -1.322
    -0.343
    -0.239
     0.425
    -0.303
     0.944
     0.438
     1.608
     0.454
     1.124
     1.430
     1.464
     1.663
     2.251
     1.826
     1.730
     1.234
     1.943
     2.090
     2.730
     2.304
     2.219
     2.907
     1.498
     2.672
     1.794
     2.855
     2.654
     2.237
     3.742
     2.513
     0.884
    -0.104
    -1.672
    -0.632
     0.186
     0.457
     0.747
     0.711
     1.704
     3.255
     5.214
     4.328
     4.917
     4.579
     4.690
     4.087
     2.857
     1.506
     2.176
     2.073
     0.928
     0.125
     0.325
    -0.100
    -0.899
     0.508
     0.485
     0.160
     0.695
     0.703
     0.581
     2.034
     2.574
     0.760
    -0.206
     0.353
     0.256
    -1.203
    -0.962
    -0.568
     0.563
    -1.369
    -0.902
    -0.572
    -1.388
    -2.397
    -2.539
    -1.327
    -2.598
    -2.165
    -1.754
    -0.768
    -1.535
    -1.827
    -0.978
    -0.734
     0.617
     0.126
     0.203
    -0.564
    -0.049
     0.113
    -0.857
    -0.412
    -1.797
    -1.686
    -0.273
    -0.280
     0.125
     1.293
     0.498
    -0.701
     0.636
     0.604
     0.494
    -0.069
    -0.656
    -0.298
     0.667
     1.151
     1.557
    -0.805
    -0.684
     0.308
    -1.340
    -0.860
    -1.642
    -0.970
    -1.028
    -0.309
    -0.752
    -1.374
    -2.229
    -2.553
    -2.130
    -1.853
    -2.180
    -1.508
    -1.214
    -0.911
    -1.822
    -1.875
    -2.619
    -2.064
    -2.990
    -0.737
    -1.422
    -1.732
    -1.536
    -2.213
     0.201
     0.162
     1.655
    -0.088
     0.830
     2.273
     0.644
    -1.151
    -2.320
    -2.343
    -1.741
    -1.743
    -1.192
    -1.747
    -1.240
    -0.533
    -0.407
    -1.465
    -0.392
     0.372
     0.338
     1.596
     1.704
     2.493
     0.966
     2.127
     2.780
     2.154
     3.728
     4.883
     5.483
     4.406
     4.420
     3.351
     4.203
     6.015
     5.695
     4.222
     4.628
     4.799
     4.386
     2.134
     1.073
     1.118
     2.024
     1.949
     0.058
    -0.638
    -0.464
    -0.295
    -1.486
    -2.680
    -2.834
    -2.925
    -2.271
    -1.954
    -1.944
    -2.025
    -2.944
    -2.393
    -1.402
    -1.521
     0.642
    -1.352
    -1.093
    -2.398
    -0.735
     0.630
    -1.134
    -0.453
     0.832
     0.804
    -0.810
    -1.119
    -2.013
    -2.150
    -1.618
    -1.627
    -1.355
    -1.927
    -2.300
    -3.279
    -2.751
    -4.281
    -2.985
    -3.752
    -2.101
    -0.844
    -1.802
    -1.331
    -1.918
    -1.499
    -2.074
    -2.628
    -1.339
    -2.170
    -0.623
    -0.201
    -0.029
    -1.122
     1.230
    -0.064
     0.897
    -2.042
    -0.016
     0.259
     0.393
     1.658
     0.594
     0.067
     0.585
    -0.328
    -0.741
    -0.597
    -0.267
     2.508
     3.060
     2.978
     3.351
     4.473
     3.746
     2.653
     3.118
     3.550
     4.156
     3.339
     3.029
     1.890
     3.200
     2.914
     1.235
    -0.168
     0.996
     1.039
     1.793
     1.337
     0.642
     1.064
     0.694
     0.323
     1.268
     1.557
     1.192
     0.868
     2.341
     1.486
     1.010
     1.634
     1.808
     1.461
     0.933
     0.368
     0.208
     1.287
     1.090
     1.329
     1.182
     1.337
     0.342
     0.311
     0.637
     0.532
     1.215
     0.712
     0.819
     1.212
     1.707
     0.685
     0.491
     0.396
    -0.415
     1.094
     0.107
     1.041
    -0.596
    -1.098
    -0.064
    -0.386
     0.665
    -0.201
    -0.850
    -2.256
    -1.206
    -0.197
    -1.160
    -0.154
     0.212
     0.668
    -0.827
    -0.843
    -0.788
    -1.436
    -2.333
    -2.144
    -3.106
    -3.723
    -5.082
    -7.161
    -6.945
    -4.962
    -4.437
    -4.071
    -2.687
    -0.992
    -0.969
    -1.692
    -0.975
    -1.272
    -3.452
    -2.583
    -0.509
    -1.667
    -1.900
    -1.776
    -3.639
    -3.689
    -4.557
    -3.929
    -3.943
    -2.764
    -3.485
    -3.628
    -3.038
    -0.823
    -1.193
    -0.428
    -3.357
    -4.074
    -4.482
    -3.951
    -2.673
    -4.026
    -3.770
    -3.864
    -4.385
    -5.540
    -4.012
    -2.653
    -1.564
    -2.185
    -2.688
    -2.257
    -3.462
    -0.748
    -0.375
     0.834
    -1.105
    -0.857
    -0.888
    -0.781
    -0.607
     0.727
     1.681
     2.855
     5.630
    10.023
     8.078
     6.186
     6.094
    10.385
    11.596
    13.983
    12.042
     9.503
    10.055
     6.458
     6.834
     4.960
     1.453
    -0.151
    -2.192
    -0.884
    -2.141
    -0.077
    -1.115
    -0.198
     1.412
     4.202
     5.262
     9.591
    10.841
    11.410
     9.806
     7.894
     8.026
     8.425
     8.220
     2.241
     3.756
    -3.882
    -3.019
    -3.011
    -1.124
     2.597
     2.818
     3.338
     4.830
     4.866
     5.231
     5.001
     6.217
     6.357
     6.616
     6.611
     6.581
     5.688
     5.817
     7.691
    10.036
    12.143
    11.621
    12.542
    12.345
    10.950
    10.128
     8.057
     4.967
    -5.415
    -7.689
    -2.748
    -5.840
    -2.261
   -13.008
   -10.576
    -4.014
    -4.419
   -10.274
   -12.534
   -15.223
   -17.231
   -21.103
   -26.949
   -29.915
   -26.676
   -23.104
   -19.992
   -18.513
   -20.061
   -17.254
   -15.683
   -13.636
   -14.688
   -14.991
   -11.001
    -7.461
    -5.372
    -5.355
    -6.137
    -6.636
    -7.208
    -8.538
    -9.031
   -10.477
    -8.568
    -6.169
    -5.186
    -5.243
    -4.420
    -3.124
     0.505
     2.003
     4.063
     5.229
     5.881
     4.257
     5.885
     6.804
     7.503
     6.680
     6.651
     6.902
     7.833
     7.317
     7.094
     6.198
     6.702
     4.351
     3.656
     3.099
     1.795
     1.556
     1.956
     1.811
     2.854
     3.443
     3.236
     4.237
     4.123
     4.234
     4.822
     4.967
     5.185
     5.554
     5.655
     6.140
     6.229
     6.520
     7.002
     7.259
     7.588
     7.517
     6.696
     7.053
     6.985
     7.166
     6.884
     6.920
     6.943
     6.898
     6.798
     6.787
     6.716
     6.701
     6.576
     6.513
     6.396
     6.330
     6.187
     6.088
     5.917
