     3.378
     3.763
     4.117
     4.489
     4.830
     5.189
     5.514
     5.857
     6.179
     6.511
     6.792
     7.071
     7.334
     7.644
     7.867
     8.066
     8.216
     8.393
     8.518
     8.686
     8.803
     8.837
     8.842
     8.831
     8.987
     9.010
     8.995
     9.015
     8.803
     8.886
     8.731
     8.617
     8.382
     8.091
     8.012
     7.506
     7.146
     7.039
     6.543
     6.142
     6.044
     5.428
     4.924
     4.671
     3.397
     3.207
     3.041
     2.015
     1.598
     1.158
     0.421
     0.116
    -0.883
    -1.511
    -2.532
    -3.089
    -3.756
    -5.058
    -5.008
    -4.752
    -6.380
    -6.609
    -5.737
    -5.594
    -5.977
    -5.872
    -5.172
    -4.270
    -4.298
    -3.506
    -1.879
    -1.584
    -1.918
    -2.538
    -1.552
    -1.342
    -0.814
    -1.374
    -1.112
    -1.789
    -1.311
    -1.588
    -1.105
    -0.275
     2.425
     3.179
     1.936
     0.559
    -0.756
    -1.415
    -3.492
    -3.768
    -7.233
    -8.307
    -9.905
   -11.362
   -13.423
   -11.359
   -11.010
    -9.603
    -7.292
    -5.810
    -4.806
    -4.290
    -4.285
    -4.965
    -5.011
    -5.084
    -3.519
    -2.026
    -2.826
    -3.829
    -4.771
    -4.823
    -4.665
    -4.183
    -5.104
    -6.014
    -5.130
    -3.571
    -3.531
    -4.376
    -5.136
    -4.554
    -4.766
    -4.677
    -3.000
    -2.781
    -0.773
    -1.297
    -1.067
    -1.319
    -1.405
    -0.160
    -0.441
    -0.588
    -0.065
     1.027
     0.253
     1.024
     1.665
     1.683
     2.593
     3.368
     3.702
     3.550
     4.148
     4.268
     2.287
     2.694
     2.268
     3.390
     4.790
     4.215
     4.152
     4.982
     3.188
     3.364
     7.478
     5.103
     4.155
     4.738
     7.349
     7.222
     7.795
     8.125
     7.205
     7.146
     7.621
     7.118
     6.900
     6.961
     5.666
     5.998
     4.556
     1.914
     2.705
     2.266
     1.182
     1.626
     1.591
     0.531
    -1.154
     0.112
     0.474
     1.659
     0.160
     0.148
     1.656
     3.164
     1.791
     0.436
    -1.867
    -2.415
    -3.206
    -2.298
    -1.130
     3.015
     4.342
     4.666
     5.813
     6.013
     4.242
     0.421
    -0.390
     2.999
     5.420
     6.618
     7.249
     8.601
     9.728
    11.410
    11.879
    11.236
    13.040
    14.699
    13.572
    13.342
    14.214
    14.108
    13.125
    13.954
     9.647
     4.865
     5.362
     4.017
     1.979
    -1.555
    -1.919
    -3.664
    -5.346
    -4.813
    -7.317
    -3.166
    -7.572
    -8.068
    -7.680
   -10.054
   -12.934
   -14.646
   -15.304
   -14.699
   -16.468
   -17.124
   -17.405
   -17.991
   -17.974
   -18.394
   -17.291
   -18.646
   -14.328
   -15.542
   -12.871
   -12.833
   -17.676
   -19.600
   -19.326
   -16.731
   -16.468
   -17.240
   -15.781
   -14.567
   -13.253
   -14.111
   -11.328
    -9.528
    -9.790
    -7.705
    -7.149
    -5.437
    -3.495
    -4.836
    -5.352
    -5.735
    -2.735
    -1.392
    -1.704
    -0.606
     0.499
     1.782
     1.137
     3.003
     3.039
     3.895
     3.667
     4.121
     5.729
     5.816
     7.200
     8.092
     7.655
     8.796
     8.501
     8.421
     8.079
     8.294
     9.473
     9.084
     8.559
     8.308
     8.469
    11.220
    11.927
    12.554
    14.007
    11.887
    12.713
    13.183
    12.090
    10.548
     9.728
     9.087
     8.539
     6.095
     7.492
    10.091
     6.164
     5.051
     6.730
     8.469
     9.435
     6.918
     5.877
     4.818
     3.726
     5.425
     7.332
     8.569
     6.117
     6.155
     5.844
     5.741
     4.398
     3.129
     2.941
     3.808
     4.982
     7.482
     5.100
     4.059
     3.622
     3.718
     2.573
     4.433
     6.390
     7.369
     8.090
     4.782
     2.442
     3.410
     5.877
     6.345
     4.670
     3.925
     2.930
     2.743
     3.893
     2.460
     0.264
    -0.947
    -2.044
    -2.855
    -4.069
    -3.982
    -0.719
    -1.851
    -3.695
    -6.700
    -9.731
    -9.491
    -9.758
    -9.625
   -10.343
   -10.648
    -9.723
   -12.146
   -12.497
   -12.866
   -13.809
   -14.141
   -13.696
   -14.262
   -12.546
   -13.072
   -13.052
   -13.155
   -12.546
   -13.600
   -13.809
   -12.142
   -11.605
   -10.598
   -10.258
   -10.397
    -9.503
    -8.179
    -7.714
    -7.852
    -6.784
    -7.074
    -4.265
    -3.536
    -3.677
    -3.869
    -4.727
    -4.944
    -3.748
    -0.147
    -0.045
     0.702
    -0.601
    -1.811
    -0.912
     1.755
     1.745
    -1.757
     0.131
     1.586
    -1.174
    -2.801
    -3.896
    -2.156
    -2.429
    -4.178
    -2.879
    -0.132
     2.162
     6.649
     7.326
     6.630
     3.516
     1.537
     0.339
     0.560
     1.450
     4.052
     4.956
     3.462
    -0.346
     0.668
     0.378
     1.374
    -1.660
    -1.991
    -3.101
    -1.262
     1.209
     4.192
     3.968
     8.357
     7.742
     9.114
     7.413
     7.373
     8.256
    10.413
    16.478
    18.425
    21.275
    19.723
    19.307
    18.151
    23.406
    21.877
    21.120
    19.208
    19.434
    17.898
    14.653
    15.707
    14.202
    12.999
    10.799
    10.881
    10.087
    11.286
     9.634
     7.211
     6.131
     4.231
     2.797
     1.552
    -0.118
    -1.694
    -1.885
    -2.521
    -4.415
    -6.809
    -9.672
   -11.255
    -8.773
   -11.470
   -11.598
    -9.343
    -6.230
    -6.810
    -8.106
    -9.177
    -9.679
    -9.193
    -8.849
    -9.564
    -8.052
    -7.977
    -7.833
    -9.060
    -9.839
    -9.295
   -10.500
   -10.258
    -9.963
   -11.386
   -14.350
   -13.802
   -10.808
    -9.051
    -6.885
    -8.039
    -8.590
    -8.961
    -7.851
    -6.874
    -6.991
    -8.009
    -8.957
    -6.891
    -6.433
    -5.935
    -7.088
    -7.876
    -8.409
    -7.534
    -5.126
    -4.480
    -2.510
    -3.137
    -4.108
    -6.388
    -7.241
    -7.464
    -4.211
    -2.467
    -2.561
    -3.126
    -1.927
    -1.900
    -1.442
     0.609
     0.407
     1.091
     2.680
     2.928
     4.389
     6.629
     7.355
     5.544
     4.250
     4.445
     6.112
     6.917
     8.319
     9.714
     8.750
     8.570
     9.361
    10.451
    11.271
    11.950
    11.932
    11.952
    11.445
    10.455
    10.085
    10.277
    10.636
     8.671
     7.865
     8.472
     7.666
     7.478
     6.743
     8.360
     9.423
     9.634
     8.094
     5.508
     4.069
     2.058
     0.931
    -0.018
    -0.825
    -2.585
    -3.235
    -2.381
    -1.813
    -2.769
    -3.464
    -3.235
    -0.961
     0.460
     1.443
     1.995
     0.930
     0.387
     1.139
     1.310
     1.466
     0.992
     0.650
     0.153
     0.033
     1.345
     0.672
    -0.511
    -1.609
    -1.818
    -2.786
    -3.533
    -3.506
    -3.013
    -2.889
    -3.945
    -6.344
    -7.458
    -6.469
    -6.755
    -6.786
    -8.088
    -7.876
    -7.468
    -7.889
    -8.228
    -8.766
    -9.705
    -8.774
    -8.843
    -8.629
    -6.898
    -6.956
    -7.383
    -6.154
    -7.297
    -7.353
    -6.967
    -5.696
    -3.979
    -4.258
    -3.024
    -3.649
    -3.687
    -2.744
    -1.905
    -2.150
    -2.045
    -1.594
    -1.924
     0.107
    -0.955
    -0.655
     0.716
     0.612
     0.220
    -0.044
     1.464
     0.187
    -0.619
    -1.010
    -1.343
    -0.546
     0.924
     0.181
     1.347
     0.090
     3.736
     5.121
     4.524
     7.068
     6.848
     9.261
     8.984
    10.143
     9.716
     8.628
     8.838
     9.532
     8.996
     8.540
    10.328
     8.890
     8.777
     8.075
     8.159
     6.746
     5.456
     4.378
     3.838
     4.867
     4.360
     4.400
     4.516
     3.818
     4.772
     4.950
     4.233
     4.931
     7.063
     5.766
     4.797
     4.196
     6.202
     6.916
     7.488
     6.617
     7.535
     6.842
     6.182
     4.366
     3.344
     3.296
     2.703
     1.669
     1.470
    -0.634
    -1.299
    -1.668
    -2.944
    -4.578
    -6.138
    -7.146
    -8.829
    -7.641
    -7.367
    -8.437
    -9.100
   -10.685
   -11.195
   -10.290
   -11.533
   -10.759
   -11.119
   -10.615
   -11.675
   -11.573
   -12.095
   -11.829
   -11.453
   -10.991
   -10.009
    -6.849
    -7.291
    -5.476
    -4.028
    -3.202
    -5.127
    -5.260
    -3.836
    -2.490
    -0.860
    -3.376
    -2.367
    -3.655
    -3.936
    -5.353
    -7.367
    -7.413
    -6.354
    -6.188
    -5.715
    -4.255
    -3.473
    -3.762
    -2.807
    -1.769
    -0.730
     0.553
     1.546
     2.166
     2.644
     2.749
     3.865
     4.375
     4.004
     5.828
     5.760
     5.163
     5.060
     4.744
     5.880
     3.681
     3.689
     5.570
     6.139
     7.091
     7.752
     7.349
     7.472
     7.041
     5.886
     4.909
     4.523
     3.669
     4.126
     3.470
     5.006
     5.022
     2.973
     1.313
    -0.560
    -1.867
    -0.025
    -1.277
    -3.150
    -3.850
    -1.745
     0.211
     2.134
     1.929
     2.863
     1.711
     1.742
     2.034
     0.620
     1.864
     0.857
     0.989
     0.345
     1.519
     1.051
     1.305
     0.472
     1.363
     1.669
     2.177
     1.155
     0.163
    -1.273
     0.707
    -0.962
    -0.049
     2.883
     2.172
     2.108
     2.065
     4.836
     5.464
     7.299
     6.815
     6.742
     8.070
     8.798
     9.360
     7.838
     7.474
     7.676
     5.938
     5.461
     5.180
     4.970
     4.539
     5.141
     5.376
     3.765
     5.637
     5.643
     4.583
     4.109
     4.997
     4.922
     3.937
     1.957
     1.611
    -1.284
    -2.321
    -3.098
    -2.824
    -1.817
    -2.794
    -2.506
    -3.570
    -4.009
    -4.519
    -5.950
    -6.923
    -6.209
    -6.392
    -7.567
    -7.436
    -6.112
    -6.255
    -6.871
    -6.360
    -4.261
    -6.991
    -7.955
    -7.767
    -7.856
    -7.816
    -7.206
    -8.430
    -9.845
   -10.679
   -11.481
   -11.718
   -11.132
   -11.411
   -11.272
   -11.614
   -10.674
   -10.119
   -11.863
   -11.140
   -11.511
   -11.056
    -8.746
    -4.457
    -3.942
    -5.633
    -4.596
    -6.184
    -6.393
    -7.127
    -6.591
   -10.027
   -11.366
   -11.342
   -11.957
   -13.046
   -13.673
   -13.385
   -13.003
   -12.104
   -12.845
   -10.825
    -6.901
    -3.651
    -0.774
     1.405
     1.699
     4.260
     6.348
     6.349
     8.168
     9.381
    10.768
    11.649
    13.738
    16.217
    18.502
    19.024
    19.611
    20.316
    19.637
    19.002
    18.821
    18.623
    18.545
    17.473
    14.564
    14.098
    15.609
    16.948
    18.642
    16.699
    14.097
    13.264
    13.769
    15.208
    15.801
    15.219
    15.195
    14.230
    13.203
    11.166
    10.997
     7.579
     5.982
     4.548
     2.145
     2.663
     2.594
     2.059
     0.131
    -0.321
    -1.721
    -1.159
    -1.381
    -2.946
    -3.301
    -4.480
    -0.339
     0.226
     2.057
     0.849
    -0.185
     0.141
    -1.939
    -2.274
    -3.257
    -2.379
    -2.252
    -0.672
    -0.258
    -1.602
    -2.219
    -2.300
    -2.072
    -1.311
    -0.653
    -2.757
    -3.656
    -6.165
    -6.176
    -6.852
    -8.607
    -9.573
    -8.132
    -7.912
    -7.765
    -6.724
    -7.375
    -7.570
    -8.539
    -6.616
    -6.504
    -7.054
    -7.154
    -8.527
    -9.437
   -13.245
   -15.621
   -14.466
   -12.904
   -10.487
    -7.791
    -7.417
    -7.858
    -8.733
    -8.081
    -8.916
    -9.468
   -10.450
   -13.806
   -14.973
   -16.959
   -14.570
   -14.208
   -13.315
   -12.262
   -11.604
   -10.799
    -8.585
    -7.368
    -7.734
   -10.225
   -13.824
   -11.813
   -12.126
   -12.735
   -12.940
   -17.595
   -18.631
   -18.829
   -16.924
   -15.313
   -17.702
   -19.084
   -17.432
   -16.007
   -13.489
    -5.473
    54.217
    54.819
    39.896
    40.176
    38.978
    39.171
    36.472
    37.513
    41.269
    41.039
    37.006
    34.875
    32.205
    27.225
    27.003
    22.259
    25.107
    28.382
    21.349
    16.139
     7.178
     3.884
     9.929
    11.093
    11.707
     9.674
     3.952
     0.600
     0.828
    -1.037
    -6.670
   -10.966
   -16.503
   -15.911
   -13.768
   -15.559
   -21.035
   -23.543
   -26.769
   -25.222
   -25.626
   -19.501
   -16.232
   -14.195
   -11.332
   -11.562
   -14.484
   -12.654
    -6.289
    -3.780
    -5.334
    -9.704
    -9.183
    -6.654
    -2.732
     1.975
     5.353
    12.448
    14.082
    13.072
     9.238
     8.037
     8.887
     8.204
     7.608
     7.559
     9.869
    15.656
     9.899
     8.218
     6.536
     5.173
     3.212
     3.117
     5.309
     6.522
     1.414
    -2.097
     2.857
     3.919
     3.873
     5.862
     6.928
     5.412
     6.255
     7.142
     5.785
     2.792
     0.893
     3.666
     1.711
     0.124
     2.101
     3.690
     3.164
     1.549
    -1.215
    -4.352
    -7.134
    -5.172
    -0.638
    -1.094
    -3.987
    -5.223
    -6.635
   -12.973
   -16.127
   -17.830
   -21.431
   -20.478
   -23.713
   -23.696
   -25.310
   -27.051
   -26.433
   -30.056
   -31.844
   -29.755
   -29.511
   -28.662
   -29.946
   -26.606
   -18.679
   -11.521
   -15.758
   -17.155
    -6.973
    -7.115
    -2.169
     7.351
     7.880
     6.053
    14.240
    25.755
    38.440
    30.664
    19.287
    16.597
    20.062
    22.995
    18.694
    16.385
    16.065
    15.591
    16.463
    15.049
    13.012
    13.816
    13.640
    11.534
     9.036
    12.787
    14.089
    11.432
    11.994
    13.007
    13.728
     6.045
     2.922
     4.663
     4.746
     6.575
     9.746
     3.875
    10.320
    11.261
    14.747
    26.193
    22.033
    -1.842
    -5.424
     6.755
     4.057
     1.602
     1.951
     2.529
     4.365
    -0.276
    -2.079
    -2.838
    -8.762
   -28.146
   -21.990
   -11.757
   -15.043
   -16.423
   -13.078
   -11.529
   -12.628
   -13.082
   -10.357
   -11.836
   -12.431
    -5.900
    -9.928
    -7.377
    -8.904
    -5.006
    -5.769
     3.475
     0.062
    -1.427
     1.664
     1.132
     0.382
    -2.127
    -0.333
     1.696
     1.322
    -3.146
     0.513
    -0.562
    -1.445
     0.766
    -4.443
    -2.111
    -0.569
    -2.037
    -3.892
    -3.812
    -5.173
    -6.866
    -6.707
    -5.707
    -6.059
    -4.121
    -5.957
    -5.004
    -5.858
    -4.929
    -2.633
    -3.757
    -3.456
    -0.446
     0.914
     0.011
     3.399
     2.192
     2.973
     1.614
     1.843
     3.788
     3.094
     1.922
     2.775
     1.680
     5.606
     5.727
     3.075
     1.218
     1.511
     0.562
     3.480
     2.982
     0.906
     4.650
    10.026
    17.511
    15.836
    10.926
    10.576
    11.153
    10.270
     8.519
     6.213
     9.659
    17.028
    16.007
     7.612
     4.447
    -0.258
     5.118
     9.136
     4.066
    -1.815
    -4.424
    -0.869
    -4.535
    -4.571
    -2.320
    -0.159
     0.844
     3.472
     3.504
     3.715
     2.617
     1.685
     5.423
     3.071
    -0.905
    -1.633
    -1.121
    -0.957
    -5.440
    -5.129
    -5.906
    -8.698
    -8.674
    -5.574
    -9.411
   -11.952
    -9.830
    -5.732
    -7.414
   -12.258
   -13.476
   -11.731
    -9.845
   -12.004
    -8.185
    -8.254
    -5.709
   -13.771
   -10.204
   -11.895
    -7.994
    -7.495
    -6.782
    -3.942
    -4.549
     0.381
    -1.004
     3.484
     4.667
     5.785
     5.798
     4.513
     2.266
     3.253
     4.962
     6.009
     2.896
     0.974
    -3.312
    -2.745
    -5.143
    -0.124
     0.532
     0.934
    -2.665
    -4.640
     1.425
     4.124
     4.143
     3.549
     2.118
     1.319
     9.179
     8.878
     7.089
     6.905
     6.813
     4.700
     1.776
    -0.168
    -0.806
     1.531
     1.371
     0.952
    -2.474
     0.046
     2.792
     3.157
     5.309
     1.981
    -1.619
     7.913
    13.642
     3.768
     2.908
     3.203
     2.701
     0.298
     3.209
    -0.314
    -0.472
    -1.290
     1.467
     2.456
     2.802
     1.828
     2.089
     2.055
     0.650
     4.273
     2.290
     0.061
    -3.212
    -4.290
    -3.308
    -3.091
    -3.104
    -4.661
    -5.230
    -5.807
    -1.604
    -1.033
    -1.722
    -0.616
    -0.656
    -2.998
    -3.606
    -1.944
    -2.207
    -1.409
    -2.136
    -0.159
    -2.548
    -4.435
    -3.436
    -3.511
    -0.115
     1.935
     3.309
     0.271
     2.109
    -0.024
     0.142
     0.307
     3.365
     0.809
     0.789
     3.605
     0.844
     1.778
     1.545
     1.283
    -0.436
    -0.074
    -0.498
     1.215
     0.559
     4.251
     3.338
    -1.305
     0.890
     3.640
     2.869
     2.588
     1.681
    -1.250
    -0.241
     4.511
     0.698
     0.305
    -0.664
    -0.230
    -3.980
     2.791
     3.753
     3.397
     2.086
    -1.648
     0.695
     3.009
     2.984
     2.308
     1.819
     0.581
    -0.208
     0.826
     0.897
     0.829
     0.204
    -1.653
     0.651
     0.969
    -0.223
    -1.624
    -1.308
    -3.028
    -1.606
    -0.980
    -1.590
    -0.659
    -0.194
     1.588
     0.270
     1.315
     1.561
     0.471
     0.603
     0.124
    -0.202
    -1.112
    -1.326
    -2.213
    -1.449
    -2.070
    -0.620
    -2.222
    -3.534
    -3.472
    -1.822
    -0.156
     1.284
    -0.112
    -1.311
    -1.616
    -1.949
     0.018
    -1.030
    -2.294
    -3.377
    -3.987
    -4.669
    -5.739
    -6.400
    -4.757
    -4.575
    -6.216
    -6.202
    -7.029
    -5.698
    -6.279
    -7.003
   -10.317
    -9.655
    -9.419
    -8.967
    -9.419
    -8.455
    -8.509
    -6.468
    -6.968
    -7.154
    -6.103
    -5.724
    -6.142
    -5.004
    -4.641
    -5.378
    -5.699
    -5.237
    -1.528
     0.103
    -0.670
    -0.032
     0.554
     3.141
     3.583
     6.339
     7.002
     6.507
     9.585
    11.058
    12.835
    13.062
    14.463
    14.975
    15.409
    13.926
    11.903
    10.822
     9.949
     7.464
     4.495
     3.535
     5.755
     3.904
     0.981
     3.264
     2.666
     3.497
     4.224
     4.822
     8.667
     8.295
     9.930
     9.421
    10.137
    10.022
     9.415
     7.319
     8.060
     8.115
     9.889
     9.621
     9.045
    13.626
    16.086
    18.267
    14.349
    14.567
    12.969
     3.776
     1.030
    -2.342
    -6.790
    -7.950
    -8.283
   -12.563
   -11.938
    -9.572
   -10.290
    -9.674
   -11.339
   -10.586
    -8.500
    -7.459
    -7.916
    -5.994
    -3.908
    -3.999
    -1.926
     2.143
     2.588
     7.428
     7.069
     3.725
     4.021
     5.345
     5.529
     6.295
     4.222
     3.839
     0.162
    -0.930
     0.504
    -0.630
    -0.830
    -1.506
    -4.509
    -5.668
    -6.685
    -7.905
    -7.161
    -7.230
    -7.973
    -6.352
    -6.229
    -4.774
    -4.501
    -2.511
    -5.673
    -7.295
    -7.819
    -8.646
    -8.494
   -10.563
   -13.797
   -15.322
   -18.294
   -19.358
   -19.511
   -20.523
   -20.519
   -19.441
   -19.301
   -19.512
   -20.240
   -18.914
   -18.302
   -19.883
   -17.549
   -17.983
   -17.950
   -15.898
   -16.516
   -15.963
   -15.256
   -15.707
   -11.798
   -10.321
    -6.408
    -4.231
    -0.891
     1.783
     3.870
     4.474
     6.648
     4.777
     3.994
     4.301
     3.137
     7.277
    12.884
    15.468
    18.350
    17.371
    20.736
    25.191
    26.814
    27.322
    27.938
    30.141
    29.314
    29.171
    28.234
    24.927
    20.818
    18.665
    16.514
    12.835
    11.237
    10.733
     8.819
     9.733
    13.514
    13.803
    16.566
    15.677
    14.007
    11.693
    11.622
    10.714
    10.852
    11.404
    14.243
    13.394
    15.375
    15.676
    13.515
    11.793
    10.656
     9.411
     7.531
     6.087
     5.688
     6.885
     7.186
     6.817
     4.348
     2.661
     1.162
    -0.060
    -0.378
     0.268
    -1.776
    -2.762
    -3.884
    -4.179
    -3.847
    -2.233
    -4.944
    -8.399
   -10.934
   -13.347
   -15.504
   -17.044
   -19.716
   -20.603
   -20.207
   -19.505
   -24.522
   -25.186
   -26.082
   -24.439
   -20.633
   -20.242
   -20.747
   -21.203
   -21.269
   -18.418
   -15.861
   -15.771
   -13.162
   -14.027
   -13.101
   -11.660
   -10.361
   -11.093
   -11.131
   -12.833
   -13.939
   -18.267
   -11.789
   -11.256
    -6.068
    -6.239
    -1.659
     2.344
     1.649
     0.828
     0.034
    -3.375
    -5.488
    -3.341
     0.942
     2.043
     8.446
    11.254
     9.897
     9.471
    10.173
     8.315
     4.310
    11.598
    14.121
    12.064
    13.833
    14.962
    11.329
    14.622
    20.589
    15.275
     9.927
     6.537
     6.536
     9.062
     7.278
     3.431
     5.088
     5.841
     7.723
     7.666
     2.690
    -3.111
    -3.724
    -8.353
   -13.219
   -11.367
   -10.979
   -10.708
    -7.442
    -6.250
    -8.825
    -6.019
    -5.767
    -7.064
    -5.900
    -9.018
    -9.637
    -2.507
    -9.624
    -4.308
    -3.146
    -1.524
     3.976
     1.738
    -1.359
     0.585
    -0.016
     2.303
     1.414
     2.250
     4.959
     9.742
    10.603
    11.103
    16.121
    16.807
    19.910
    20.929
    21.488
    19.363
    15.604
    18.348
    14.377
     8.635
     7.114
     4.653
     3.176
     3.127
     1.090
     2.940
     1.989
     5.707
     3.616
     1.672
     0.439
     1.105
     0.052
     1.075
     3.026
     4.946
     7.125
     5.989
     4.017
     4.612
     3.968
     1.393
     1.495
    -4.673
    -6.700
   -13.260
   -17.392
    -5.195
     0.648
    -0.122
     0.697
    -0.503
    -4.646
    -5.686
    -5.833
    -7.122
    -7.647
    -7.075
    -1.952
     2.942
     7.758
    12.576
     9.075
     5.544
    -5.517
   -12.316
   -14.187
   -16.255
   -15.384
   -10.162
    -1.327
     1.432
     2.166
     0.332
    -1.608
    -3.827
    -3.894
    -4.286
    -5.943
    -6.997
    -7.331
    -7.167
    -5.779
    -5.403
    -5.950
    -5.942
    -6.249
    -7.256
    -7.871
    -6.625
    -6.014
    -5.556
    -5.140
    -5.204
    -5.675
    -6.997
    -6.850
    -6.905
    -8.335
    -8.085
    -8.350
    -3.596
     2.566
     4.101
     7.315
     6.572
     7.228
     5.861
     5.835
     4.040
     2.566
     0.903
    -1.128
    -2.248
    -2.422
    -2.332
    -2.310
    -1.201
    -0.794
    -0.342
     0.798
     0.293
    -0.100
     1.039
     1.122
     1.572
     1.854
    -0.564
    -0.565
    -1.356
    -0.930
     0.032
    -0.853
    -0.317
    -0.906
     1.346
     1.647
     3.704
    -0.007
    -1.111
    -1.978
     1.101
     1.570
     0.913
    -0.365
     0.509
     1.132
     2.134
     0.742
     1.460
     2.611
     4.133
     4.591
     4.975
     4.122
     3.953
     3.934
     5.492
     6.286
     6.239
     4.903
     6.386
     6.121
     6.506
     4.697
     3.988
     2.954
     2.879
     3.614
     2.168
     0.994
     3.089
     2.118
     0.884
     0.652
     2.551
     1.803
     2.600
     3.205
     4.659
     6.125
     8.114
     8.021
     9.576
     9.912
     9.963
     8.506
     8.372
     6.863
     6.518
     8.053
     6.760
     5.382
     6.522
     7.926
     5.105
     4.976
     2.925
     3.421
    -0.524
    -4.391
    -5.913
    -7.422
    -9.016
    -8.355
    -8.934
    -7.727
    -8.682
    -7.177
    -7.571
    -8.242
    -8.240
    -8.737
    -7.228
    -7.680
    -6.815
    -8.192
    -6.836
    -6.427
    -5.932
    -4.407
    -2.175
    -1.959
    -2.119
    -1.524
    -0.761
    -2.075
    -1.864
    -2.396
    -3.323
    -3.493
    -3.345
    -3.182
    -2.972
    -2.707
    -2.695
    -2.197
    -2.016
    -1.122
    -1.592
    -3.150
    -2.840
    -3.041
    -4.493
    -3.649
    -3.951
    -4.139
    -3.975
    -4.758
    -3.665
    -2.994
    -2.684
    -2.017
    -1.314
    -1.235
    -1.710
    -2.562
    -2.807
    -2.546
    -1.158
    -2.670
    -2.016
    -0.886
    -0.790
    -0.398
     0.457
     0.839
     1.456
     1.426
     2.278
     3.067
     3.391
     2.855
     3.208
     3.061
     2.666
     2.964
     3.399
     3.353
     3.661
     3.865
     4.792
     4.911
     4.345
     4.231
     3.355
     3.364
     3.428
     2.936
     0.927
     0.748
     0.631
     1.046
     1.055
     0.258
     0.468
    -0.128
     0.571
     0.429
     0.041
     0.446
     1.470
     1.316
     1.285
     0.672
     0.963
     1.263
     1.200
     0.302
     1.477
     0.016
    -0.097
    -0.998
    -0.416
    -1.420
     0.212
     0.133
     1.752
     2.023
     2.318
     2.919
     2.918
     3.232
     2.766
     2.256
     1.501
     1.399
     0.871
     0.642
    -0.156
    -0.414
     0.205
    -0.588
    -2.253
    -1.924
    -2.607
    -2.910
    -2.767
    -1.551
    -0.121
     0.322
     1.957
     1.109
     0.716
     0.923
     0.710
     1.561
     0.725
     1.167
    -0.467
    -0.182
    -0.339
    -0.393
     1.511
     0.723
     1.167
     2.107
     1.831
     2.396
     2.308
     1.434
     1.295
     1.388
     1.420
     1.276
     2.045
     0.883
     1.330
     1.857
     1.083
     1.151
     1.577
     0.288
     1.437
     1.029
    -0.219
     0.523
    -0.283
    -0.353
    -2.345
    -0.059
    -0.320
    -0.532
    -0.746
    -1.059
    -0.823
    -1.076
    -1.008
    -1.178
    -0.124
    -0.084
    -0.346
    -1.129
    -1.281
    -1.337
    -0.748
    -0.288
    -0.317
    -1.322
    -1.345
    -0.983
    -1.578
    -0.717
    -0.693
    -1.708
    -1.950
    -0.267
    -0.704
    -0.649
    -0.614
     0.157
    -0.323
    -1.191
    -1.304
    -0.773
    -0.661
    -0.772
    -1.866
    -1.844
    -1.776
    -1.095
    -2.329
    -3.280
    -2.619
    -3.329
    -3.343
    -3.324
    -3.611
    -5.136
    -5.664
    -5.485
    -5.138
    -4.759
    -5.194
    -4.870
    -4.662
    -4.658
    -4.955
    -4.641
    -5.740
    -5.574
    -7.002
    -7.643
    -7.482
    -7.752
    -7.028
    -7.697
    -5.578
    -5.390
    -4.295
    -1.571
    -0.219
     0.714
     2.613
     3.642
     5.435
     9.157
     7.871
     8.720
     7.962
     8.873
     9.465
     7.672
     6.427
     5.908
     5.670
     5.028
     4.384
     4.142
     4.228
     5.017
     4.953
     6.166
     5.990
     6.209
     5.525
     6.271
     4.490
     4.037
     3.832
     4.630
     5.689
     4.108
     3.436
     3.924
     3.334
     2.333
     3.164
     2.397
     3.323
     3.281
     1.501
     1.461
     1.192
    -0.285
    -0.942
     1.316
     1.432
     1.146
     1.420
     2.158
     1.744
     0.670
     1.232
     1.147
     2.220
     0.966
     0.490
     1.752
     1.070
    -0.312
    -1.772
    -1.379
    -0.289
     0.297
     2.086
     2.905
    -1.801
    -4.610
    -5.587
    -5.241
    -4.027
    -3.377
    -1.573
    -1.121
    -2.711
    -2.906
    -3.824
    -4.853
    -5.495
    -4.649
    -3.859
    -1.998
    -2.829
    -2.058
    -2.293
    -2.108
    -3.652
    -3.381
    -3.172
    -3.545
    -1.301
    -0.239
    -0.400
     0.152
    -0.079
    -0.412
    -0.683
    -0.585
    -0.692
    -0.170
    -0.024
    -1.963
    -1.627
    -0.166
     0.314
     0.993
    -0.098
     0.058
    -1.115
    -2.144
    -1.713
    -3.222
    -2.833
    -2.285
    -1.762
    -2.315
    -2.356
    -2.059
    -1.788
    -1.287
    -1.439
    -0.314
     0.071
     0.747
     1.113
    -0.033
    -0.455
    -1.044
    -1.756
    -0.751
    -1.460
    -1.948
    -2.076
    -2.163
    -1.516
    -1.387
    -1.650
    -1.110
    -0.634
    -0.249
    -0.168
    -0.214
    -0.273
     0.417
     0.095
    -0.723
    -3.106
    -3.223
    -3.311
    -0.894
     0.458
     2.124
     2.729
     3.307
     1.536
     2.711
     3.413
     4.216
     4.338
     2.267
     2.183
     2.212
     2.284
     2.333
     1.820
     1.489
     2.489
     2.943
     2.788
     3.166
     2.526
     3.192
     3.475
     3.731
     2.419
     2.387
     2.248
     2.539
     2.274
     1.396
     1.883
     1.749
     2.499
     2.126
     1.873
     2.349
     1.461
     1.274
     2.033
     1.626
     1.484
     0.487
     0.805
     0.411
     0.772
     0.620
     0.207
     0.657
    -0.659
    -0.425
    -0.271
     0.166
     0.009
    -0.304
     0.506
    -0.796
    -1.120
    -1.214
    -1.661
    -2.415
    -2.274
    -2.345
    -1.288
    -0.366
    -0.800
     0.673
     0.868
     0.333
    -0.124
     0.318
     0.785
     1.087
     0.471
     0.856
    -1.256
    -1.172
    -2.224
    -2.405
    -0.954
    -0.957
    -0.654
     0.023
     0.170
    -1.058
    -0.546
    -0.526
    -1.407
    -1.871
    -2.336
    -3.235
    -0.776
    -1.525
    -0.816
    -0.900
    -0.411
    -0.043
    -1.185
    -0.791
    -0.898
    -0.419
    -1.214
    -2.254
    -1.924
    -2.416
    -2.695
    -1.610
    -1.865
    -0.956
    -1.762
    -0.819
    -0.422
    -1.128
    -1.718
    -2.426
    -2.233
    -1.365
    -1.364
    -1.993
    -1.484
    -1.791
    -2.454
    -3.108
    -2.101
    -2.571
    -2.293
    -1.453
    -1.537
    -0.901
     0.381
    -0.038
    -0.045
    -0.532
    -0.140
    -0.352
     0.085
     0.536
     0.602
     0.653
     0.281
     1.238
     1.350
     0.952
    -0.166
     1.498
     1.126
     1.510
     1.462
     1.711
     1.526
     1.295
     1.566
     2.812
     2.194
     2.107
     1.818
     2.320
     2.454
     2.239
     1.687
     1.538
     1.395
     2.592
     2.155
     1.624
     2.290
     2.947
     3.180
     3.856
     3.051
     3.510
     2.994
     3.831
     5.068
     4.573
     5.411
     4.645
     5.361
     4.920
     4.990
     4.785
     4.926
     2.346
     3.453
     3.487
     3.540
     2.394
     2.279
     1.331
     0.542
     0.864
     2.357
     1.500
     1.271
    -0.038
     0.155
     0.172
    -1.696
    -0.439
     0.724
     0.018
     0.298
    -1.691
    -2.069
    -3.378
    -4.128
    -4.893
    -6.580
    -6.810
    -7.124
    -7.952
    -8.391
    -9.171
    -7.680
   -10.393
    -7.046
    -4.970
    -7.805
    -5.172
    -5.456
    -3.804
    -4.356
    -3.340
    -2.558
    -1.956
    -0.988
    -2.041
    -1.848
    -0.563
    -2.285
    -3.496
    -2.428
    -3.309
    -3.966
    -5.178
    -5.876
    -5.633
    -6.039
    -7.535
    -7.728
    -4.372
    -5.492
    -5.009
    -3.707
    -3.737
    -4.519
    -4.409
    -0.687
    -4.787
    -4.232
    -3.997
    -5.990
    -6.650
    -6.613
    -4.165
    -1.179
    -0.897
    -0.137
     0.804
     1.640
     1.738
     5.016
     5.621
     5.146
     7.074
     8.028
     8.445
    10.124
    11.690
    11.326
    11.928
    11.577
    11.587
    11.803
    12.413
    17.143
    15.835
    14.618
    10.477
     9.005
    13.656
    13.801
    11.767
     7.892
    13.590
    10.532
    12.827
     9.219
    10.032
     8.133
     7.883
     4.638
     5.324
     5.112
     5.385
     2.711
     1.060
     0.675
    -0.041
    -0.174
     0.329
    -0.452
    -1.040
    -1.407
    -1.179
    -1.993
    -1.709
    -1.316
    -1.740
    -2.416
    -0.629
    -1.228
    -0.996
    -3.494
    -4.040
    -4.213
    -4.455
    -5.682
    -5.872
    -6.589
    -7.309
    -7.807
    -5.753
    -7.066
    -6.355
    -8.089
    -9.437
    -8.694
    -8.988
    -8.885
    -8.126
    -8.719
    -8.841
    -8.994
    -8.347
    -8.026
    -8.088
    -7.984
    -8.295
    -8.248
    -8.132
    -7.832
    -7.734
    -7.499
    -7.216
    -7.047
    -6.777
    -6.467
    -6.399
    -6.175
    -6.087
    -5.687
    -5.424
    -5.342
    -5.325
    -5.177
    -5.056
    -4.757
    -4.559
    -4.035
    -3.830
    -3.537
    -3.105
    -2.647
    -2.354
    -2.001
    -1.703
    -1.307
    -0.953
    -0.605
    -0.271
     0.094
     0.449
     0.823
     1.162
     1.536
     1.894
     2.274
     2.632
     3.017
