     6.758
     6.658
     6.583
     6.455
     6.354
     6.199
     6.079
     5.928
     5.783
     5.586
     5.434
     5.212
     4.964
     4.705
     4.453
     4.092
     3.819
     3.457
     3.079
     2.670
     2.304
     1.792
     1.494
     1.272
     0.987
     0.468
     0.211
    -0.175
    -0.705
    -0.996
    -1.324
    -1.730
    -2.445
    -3.104
    -3.802
    -4.481
    -4.964
    -5.384
    -5.561
    -5.736
    -6.149
    -6.516
    -6.962
    -7.410
    -8.101
    -8.627
    -8.990
    -8.992
    -9.513
   -11.040
   -11.169
   -11.787
   -11.674
   -12.044
   -12.477
   -13.983
   -14.048
   -14.126
   -15.357
   -15.598
   -14.837
   -14.681
   -15.268
   -14.358
   -13.249
   -12.955
   -11.899
   -10.613
    -7.695
    -5.670
    -3.120
    -2.229
    -1.435
     0.490
     2.000
     1.168
     1.889
     3.059
     4.456
     4.719
     5.486
     5.784
     7.034
     8.651
     9.609
     9.228
    10.852
     8.983
     8.903
     8.482
     8.134
     9.322
     9.958
     9.253
     9.888
     9.098
     8.212
     7.755
     8.538
     8.403
     7.521
     7.076
     5.587
     6.369
     4.234
     3.914
     3.939
     4.226
     2.307
     2.272
     3.268
     2.353
     2.163
     3.224
     3.405
     0.663
     2.402
     0.082
     0.341
     0.022
     0.079
    -0.552
    -0.834
    -0.970
    -2.190
    -1.727
    -1.497
    -1.001
    -1.333
    -1.480
    -0.683
    -1.933
    -1.954
    -3.450
    -3.545
    -2.233
    -1.588
    -2.327
    -2.970
    -3.426
    -3.388
    -4.207
    -2.475
    -2.764
    -1.830
    -2.765
    -2.615
    -3.671
    -3.660
    -3.548
    -1.730
    -1.318
    -2.123
    -2.848
    -1.694
    -1.228
    -0.484
    -0.911
    -0.440
    -1.874
    -2.860
    -2.808
     0.512
     1.328
     2.641
     3.752
     2.200
     2.422
     3.263
     4.040
     2.697
     2.864
     1.922
     3.273
     2.354
     2.316
     1.746
     2.739
     3.275
     3.908
     5.132
     3.826
     2.456
     1.088
     3.624
     4.375
     4.012
     2.702
     3.907
     4.363
     2.966
    -0.435
     0.045
    -1.947
    -0.105
     1.066
     1.604
     2.660
     2.452
     2.433
     2.165
     0.371
    -0.792
    -3.777
    -5.330
    -3.387
    -0.325
     0.176
     0.458
    -0.551
    -1.508
    -2.654
    -3.913
    -8.396
    -6.020
    -5.709
    -6.230
    -5.195
    -7.031
    -7.812
    -6.286
    -4.954
    -4.791
    -5.825
    -6.814
    -5.061
    -4.712
    -2.742
    -1.881
    -1.628
     0.302
     1.516
     2.433
     4.302
     6.328
     6.717
     7.094
     8.481
     6.065
     6.614
     6.093
     4.893
     5.208
     4.569
     2.837
     0.837
     0.325
    -0.167
     0.813
     0.999
     2.229
     2.012
     5.440
    -0.014
    -3.498
    -1.062
    -0.588
    -0.746
    -0.315
    -1.511
    -1.954
    -3.182
    -3.826
    -5.315
    -3.758
    -3.670
    -3.789
    -2.426
    -2.413
    -2.451
    -1.901
    -3.401
    -1.543
    -2.932
    -0.684
    -1.193
    -3.555
    -3.597
    -2.368
    -2.647
    -2.422
    -2.527
    -3.578
    -4.744
    -4.914
    -5.228
    -3.110
    -2.978
    -2.184
    -4.423
    -2.476
    -2.833
    -2.409
    -3.422
    -4.029
    -3.401
    -3.211
    -1.565
    -1.852
    -3.314
    -2.118
    -0.359
    -0.047
     0.452
     0.703
     2.374
     1.821
     1.956
     1.210
     0.452
     1.139
     2.723
     2.459
     2.204
     2.032
     2.703
     3.602
     4.952
     4.727
     5.472
     5.629
     6.541
     5.667
     5.594
     7.164
     6.381
     7.985
     7.401
     6.873
     5.921
     6.116
     4.522
     5.953
     5.971
     4.684
     3.925
     4.320
     4.655
     4.397
     5.560
     5.232
     5.825
     6.330
     5.437
     5.492
     5.643
     3.587
     2.739
     2.266
     1.003
     0.630
     0.577
    -0.258
    -0.545
    -0.898
    -0.378
    -1.235
    -2.842
    -3.193
    -4.333
    -4.045
    -5.131
    -2.952
    -1.655
    -2.498
    -4.058
    -2.344
    -3.418
    -2.584
    -0.897
    -0.563
    -1.047
     0.438
     0.562
     0.446
     0.030
    -0.597
     0.111
     0.697
     0.599
     0.904
     0.145
    -0.578
    -0.784
    -0.284
    -0.830
    -0.918
    -2.950
    -1.777
    -2.766
    -2.624
    -2.881
    -2.444
    -3.899
    -3.875
    -4.020
    -4.174
    -4.775
    -3.901
    -3.995
    -3.076
    -3.746
    -6.254
    -4.961
    -5.032
    -4.887
    -5.831
    -6.785
    -7.282
    -8.852
    -9.196
    -8.684
    -7.912
    -5.875
    -3.960
    -4.616
    -4.709
    -5.188
    -4.073
    -3.007
    -3.369
    -4.609
    -2.552
    -1.224
     1.348
     4.973
     6.031
     5.665
     4.372
     2.947
     1.590
     1.213
     2.600
     2.979
     4.009
     3.009
     1.083
    -0.074
     1.148
     1.222
     1.689
     0.711
     0.429
    -0.355
     0.013
     0.479
     1.831
     1.646
     1.688
     1.641
     1.464
     1.271
     0.195
    -2.789
    -0.001
     1.367
     0.925
     1.741
     1.869
     1.507
     2.379
     2.666
     2.709
     4.297
     1.907
     3.705
     3.734
     3.065
     2.612
     1.884
     1.391
     3.193
     0.818
     2.323
     3.030
     1.868
     2.775
     3.364
     1.665
     2.020
     1.821
     1.857
     0.587
     2.395
     2.423
     2.300
     0.726
     0.225
     1.521
     0.606
     2.741
     0.937
     1.120
     1.369
     0.482
     1.366
     1.487
     2.079
     2.392
     1.443
     1.320
     2.501
     1.195
    -0.147
     0.149
    -0.553
    -0.044
     0.299
    -0.947
     0.094
    -0.335
     0.388
    -1.443
    -0.995
     0.725
     0.564
     0.987
     1.909
     2.040
     2.849
     2.455
     3.363
     1.781
     2.489
     1.997
     2.648
     2.715
     2.903
     2.455
     2.608
     1.014
     3.996
     3.917
     3.632
     1.909
     1.032
     0.022
     1.068
     2.595
     2.191
     0.732
     0.976
     1.087
    -0.586
    -0.754
    -0.387
     0.025
    -1.295
    -0.982
    -1.534
    -0.287
     0.997
     1.556
     0.038
    -1.151
    -2.508
    -2.427
    -2.221
    -2.257
    -2.028
    -3.176
    -3.297
    -5.141
    -5.161
    -5.645
    -5.318
    -6.435
    -7.216
    -7.274
    -7.309
    -5.974
    -7.730
    -6.431
    -5.631
    -6.949
    -8.093
    -6.816
    -8.053
    -8.059
    -8.265
    -7.451
    -5.642
    -5.118
    -5.068
    -4.554
    -4.911
    -4.574
    -4.482
    -4.647
    -3.217
    -4.056
    -3.962
    -4.809
    -4.497
    -3.935
    -3.049
    -3.606
    -2.680
    -3.766
    -3.428
    -4.010
    -3.859
    -2.995
    -1.300
    -0.636
    -1.321
    -0.433
    -0.054
     0.721
    -0.619
     1.176
     1.044
     2.211
     2.324
     3.192
     3.168
     4.210
     4.415
     2.687
     3.459
     2.043
     0.637
     1.636
     2.466
     4.041
     4.741
     4.394
     4.803
     5.985
     5.816
     5.525
     6.384
     6.041
     5.585
     4.588
     5.548
     4.324
     6.012
     5.342
     4.301
     4.698
     5.214
     4.719
     5.650
     5.148
     7.121
     6.806
     6.770
     6.650
     6.247
     5.772
     7.256
     6.802
     6.664
     7.367
     7.489
     5.447
     5.016
     6.545
     6.160
     6.392
     7.870
     6.496
     7.651
     6.790
     5.585
     7.824
     7.100
     7.268
     7.359
     8.594
     7.017
     6.622
     2.142
    -0.682
    -1.775
    -3.175
    -5.371
    -5.454
    -4.867
    -6.852
    -8.514
    -7.626
    -6.619
    -5.857
    -5.460
    -5.149
    -5.070
    -4.007
    -3.782
    -4.564
    -2.268
    -1.848
    -1.365
     0.371
     1.029
     0.448
    -1.002
    -0.207
     0.074
     0.926
     0.614
     0.374
     0.746
     0.570
    -0.388
    -0.038
    -0.066
    -0.602
    -0.762
    -0.464
    -1.952
    -3.662
    -2.650
    -4.184
    -2.147
    -4.207
    -4.693
    -4.989
    -4.600
    -4.623
    -4.643
    -3.234
    -5.423
    -4.189
    -4.070
    -3.846
    -3.673
    -5.625
    -5.532
    -5.442
    -5.717
    -5.413
    -6.740
    -8.443
    -8.581
    -9.277
    -9.405
    -9.798
    -9.773
   -10.828
   -10.801
    -9.641
   -11.178
   -11.586
   -10.435
    -9.759
    -9.821
   -10.803
   -11.185
   -12.809
   -11.763
    -9.593
    -8.911
    -6.309
    -4.291
    -5.256
    -4.824
    -5.099
    -4.609
    -2.920
    -4.449
    -2.170
    -2.689
    -3.034
    -2.487
    -0.289
    -1.425
    -1.645
     0.595
    -0.657
     0.568
    -0.349
    -0.209
     1.757
     2.645
     5.241
     5.914
     6.823
     6.399
     6.904
     5.783
     6.016
     7.426
     7.798
    10.240
    11.860
    12.793
    12.180
    12.142
    11.998
    13.976
    13.718
    13.886
    12.983
    14.136
    13.598
    12.483
    12.935
    13.306
    11.569
    11.044
    10.122
    11.917
    11.567
    11.804
    12.652
    11.974
    11.741
    11.167
    12.099
    11.412
    12.035
    12.347
    12.350
    11.792
    13.180
    13.561
    13.932
    14.150
    13.351
    14.348
    13.918
    15.017
    14.733
    13.912
    14.981
    15.542
    14.720
    15.199
    14.360
    13.981
    12.163
    13.143
    12.689
    12.154
     7.589
     6.822
     1.799
    -2.990
    -6.133
    -8.358
   -11.568
   -16.133
   -20.488
   -24.658
   -26.305
   -27.664
   -28.886
   -29.022
   -30.718
   -31.559
   -33.214
   -34.147
   -34.078
   -32.238
   -29.768
   -29.380
   -28.725
   -28.864
   -26.922
   -24.731
   -23.298
   -21.522
   -18.307
   -15.688
   -12.010
    -9.504
    -7.550
    -5.905
    -4.121
    -2.262
     0.002
    -0.712
     1.203
     2.588
     3.164
     0.854
     2.681
     1.677
     1.326
     0.917
     0.637
    -0.460
    -0.286
    -1.149
    -1.581
    -2.041
    -2.114
    -1.956
    -2.726
    -1.083
     1.847
     1.004
     1.116
     0.443
     0.315
     0.342
    -0.393
     0.950
    -0.408
    -0.013
     0.369
     0.487
     1.210
     1.487
     1.930
     2.443
     4.805
     5.347
     4.944
     4.545
     1.540
    -0.733
    -1.891
    -4.167
    -3.967
    -3.482
    -3.948
    -0.813
     2.699
     8.707
    13.035
    12.180
    12.930
    13.088
    13.171
    13.383
    13.069
    12.897
    13.222
    12.721
    11.568
     9.037
     6.209
     4.297
     5.068
     6.923
     5.583
     4.623
     5.950
     5.413
     3.303
     2.574
     1.823
     3.723
     3.325
     2.257
     2.788
     4.631
     5.695
     5.992
     5.589
     4.127
     3.726
     5.554
     5.306
     5.866
     5.677
     3.469
     2.890
     4.503
     5.987
     7.468
     5.842
     5.997
     9.079
    10.451
     9.085
     7.772
     7.982
     8.875
     8.198
     6.757
     7.347
     5.626
     5.419
     6.304
     5.792
     5.016
     6.267
     4.720
     1.548
     1.713
     0.704
    -2.893
    -4.192
    -2.068
    -3.060
    -7.196
    -6.833
    -8.594
    -6.790
    -6.629
    -7.017
    -5.655
    -6.070
    -5.857
    -5.431
    -7.162
    -6.798
    -6.204
    -3.353
    -2.873
    -3.221
    -3.146
    -4.467
    -3.475
    -2.153
    -2.789
    -1.998
    -1.697
    -1.768
    -0.668
    -0.644
    -2.012
    -3.152
    -1.346
    -2.455
    -1.884
    -1.564
    -0.874
    -0.726
    -2.500
    -1.091
     0.244
    -1.066
    -1.489
    -1.064
    -2.171
    -4.550
    -5.501
    -8.453
   -10.272
   -10.155
    -8.819
    -9.197
    -8.833
   -10.424
   -13.479
   -13.823
   -11.962
   -12.688
   -12.572
   -14.819
   -13.605
   -16.483
   -18.512
   -17.546
   -17.803
   -20.620
   -21.116
   -19.734
   -18.412
   -18.215
   -19.929
   -21.334
   -24.007
   -25.471
   -27.304
   -29.784
   -33.141
   -34.945
   -34.166
   -31.609
   -31.323
   -33.264
   -30.792
   -32.211
   -28.154
     3.523
    39.962
    28.670
    18.594
    20.303
    19.839
    19.641
    19.075
    20.634
    22.269
    24.938
    21.239
    19.255
    18.966
    18.343
    20.833
    22.620
    22.170
    23.926
    29.248
    27.143
    22.388
    21.444
    25.816
    34.598
    37.584
    38.665
    38.871
    37.189
    39.469
    41.222
    38.028
    41.502
    37.867
    40.058
    38.654
    35.965
    30.995
    27.708
    28.932
    28.840
    30.428
    33.200
    31.147
    29.172
    29.637
    27.554
    23.782
    21.908
    22.511
    18.534
    16.031
    13.978
    10.620
     3.767
     0.010
    -3.959
   -10.166
   -21.062
   -24.430
   -24.129
   -30.772
   -31.426
   -31.396
   -33.258
   -33.192
   -30.474
   -26.412
   -22.382
   -29.253
   -28.185
   -30.902
   -35.093
   -35.824
   -36.087
   -33.916
   -30.375
   -35.901
   -33.620
   -26.857
   -26.697
   -29.570
   -26.464
   -23.243
   -25.459
   -26.397
   -23.399
   -22.322
   -27.570
   -24.577
   -21.817
   -23.625
   -21.529
   -22.862
   -26.214
   -27.640
   -29.150
   -29.466
   -30.442
   -29.237
   -21.946
   -16.343
   -17.340
   -14.737
   -12.556
   -11.305
   -11.990
   -13.785
   -13.886
   -12.222
   -10.473
   -11.702
    -9.898
    -6.287
    -0.185
     3.085
     3.509
     6.061
    13.009
    18.781
    22.916
    20.737
    25.445
    40.954
    47.068
    44.767
    47.232
    63.480
    51.496
    46.952
    69.328
    71.134
    47.267
    28.703
    34.924
    59.244
    36.067
    13.955
     6.435
    12.573
     5.092
    -5.591
    -7.134
    -3.206
   -13.034
   -12.574
    -2.049
    -3.021
    -0.798
    -1.072
    -9.262
   -16.726
    -7.729
     6.740
    -0.719
    -2.968
     2.151
     5.681
     6.466
     3.956
     2.249
     5.515
     7.024
     6.138
    -0.089
     6.200
     2.494
     6.545
     4.631
   -11.631
   -24.900
   -26.782
   -20.624
    -0.574
    -7.450
   -19.851
   -17.205
   -12.655
    -5.664
     0.146
     6.081
    -2.656
   -16.805
   -20.197
   -19.992
   -29.872
   -25.961
   -19.033
   -11.593
    -9.856
    -7.273
    -1.088
    -4.280
   -10.262
   -13.992
   -13.609
   -11.824
    -1.229
     4.705
     4.520
     2.505
     7.838
     6.683
    11.895
    10.726
     7.782
     7.467
    17.977
    23.430
    23.976
    24.417
    19.301
    16.610
    13.914
    14.922
    15.665
    10.398
     9.064
     8.601
     2.512
     1.989
    -2.314
    -2.661
    -0.882
     5.995
     1.975
     0.356
    -2.130
    -2.342
    -0.701
     3.949
     1.492
     0.472
     4.482
     6.509
     4.556
     5.642
     6.579
     0.593
    -0.161
    -3.305
     0.641
     1.662
     5.577
     5.653
     6.227
     1.128
     2.208
     2.513
     0.764
    -0.603
     0.414
    -1.588
    -5.291
    -2.020
     3.751
    -3.186
   -15.429
   -15.799
   -16.428
   -10.032
   -11.681
   -12.611
   -13.269
   -13.011
    -0.198
    10.282
    -1.217
   -12.018
   -16.314
   -13.277
    -5.701
    -4.809
   -15.937
   -24.885
   -18.680
   -21.452
   -23.641
   -25.943
   -24.235
   -21.969
   -18.145
   -11.823
   -11.397
   -12.632
   -12.770
    -8.290
    -4.443
    -9.169
   -10.305
    -8.790
    -3.267
    -5.461
    -7.208
    -7.191
    -7.900
    -5.608
    -5.643
     1.398
    -2.312
    -6.161
     1.096
    11.641
     7.639
     6.445
     0.102
    -1.424
     1.814
     3.563
     3.955
     8.744
    13.470
    10.509
     5.553
     8.862
     2.529
     6.251
    11.707
    14.833
    17.502
    16.808
    22.923
    23.148
    23.061
    24.985
    24.273
    26.321
    25.813
    23.459
    33.187
    27.943
    25.727
    16.803
    15.077
    16.304
    15.089
    14.043
    14.434
    15.653
    12.884
    10.415
    10.128
    12.277
    11.551
     5.918
     4.486
     6.254
    10.898
    11.926
     2.156
     2.039
     4.116
     0.056
    -5.069
    -5.980
   -11.071
    -8.105
    -3.475
    -7.197
    -9.044
   -10.704
   -10.534
    -0.950
    -5.617
   -21.082
   -15.903
    -6.132
     0.151
    -1.227
   -16.414
    -8.422
    -2.638
   -12.050
   -11.167
   -13.545
   -25.232
   -21.134
   -15.938
   -19.307
   -12.413
    -7.595
   -10.319
    -5.713
    -1.743
     0.266
    -3.465
    -2.600
    -7.000
    -8.058
    -9.436
   -10.641
   -10.885
   -10.541
   -10.048
    -7.433
    -3.462
    -4.464
    -4.354
    -4.593
     0.194
    -2.655
    -7.139
     0.607
     2.482
     0.459
    -1.863
    -2.144
    -3.644
    -1.624
    -6.011
    -8.010
    -0.542
     4.550
     4.308
    -2.480
     0.066
     7.459
     3.253
     0.763
     2.741
     6.398
     9.596
     5.333
     3.719
     2.696
     3.156
     7.482
     3.943
     5.891
     3.076
    -0.197
     1.049
    -0.637
     0.309
    -2.563
    -3.177
    -1.533
     1.931
     0.810
     0.878
    -3.233
    -0.390
     4.612
     5.890
     4.828
     0.589
    -5.346
    -3.997
     0.525
     8.663
    -5.429
   -13.776
   -13.533
    -5.894
    -5.277
    -7.730
    -9.801
    -8.637
    -9.535
    -5.949
    -6.961
    -7.327
    -6.091
    -3.273
    -1.667
     0.444
     4.095
     0.524
    -2.902
    -1.919
    -0.265
     1.896
    -0.628
    -0.842
     1.312
     2.140
     1.595
     3.405
     6.071
     6.590
     8.530
     5.691
     6.456
    10.088
     9.181
     8.954
     8.523
     8.553
     8.760
    10.535
    12.098
    11.147
    11.502
    11.454
    13.991
    14.440
    14.097
    14.643
    16.544
    17.868
    16.057
    15.511
    15.491
    14.845
    14.440
    13.044
    12.538
    11.407
    11.529
    11.532
     8.460
     7.047
     6.405
     6.227
     5.671
     4.230
     3.156
     2.139
     2.367
     2.062
     0.411
    -0.924
    -3.151
    -3.320
    -4.190
    -4.732
    -6.054
    -6.737
    -5.574
    -7.309
    -9.527
   -10.246
   -11.054
   -12.071
   -12.869
   -13.564
   -14.258
   -17.849
   -16.839
   -17.600
   -16.908
   -18.169
   -17.479
   -17.482
   -18.379
   -17.273
   -17.939
   -17.793
   -16.292
   -13.828
   -13.593
   -13.321
   -12.349
   -11.128
   -10.555
    -7.906
   -11.711
   -10.159
   -10.555
    -7.154
    -7.574
    -5.884
    -5.320
    -7.003
    -7.763
    -3.608
    -4.866
    -4.465
    -3.676
    -4.555
    -3.562
    -0.051
     0.639
     2.621
     2.611
    -0.423
     1.359
     1.457
     3.332
     5.318
     8.380
    10.199
     9.023
     8.314
    11.994
     7.696
     7.913
     7.872
     9.791
     7.990
     5.814
     5.654
     6.675
     5.851
     4.628
     4.869
     6.099
     5.980
     6.816
     5.766
     5.531
     9.559
     8.666
     7.225
     8.506
     8.086
     9.370
    10.434
    10.198
    11.039
    10.231
     9.540
    11.219
    10.732
     9.473
     9.859
     7.350
     5.719
     5.881
     6.361
     5.733
     5.176
     4.032
     2.265
     1.705
     3.783
     3.515
     4.854
     5.032
     4.300
     4.045
     4.246
     4.901
     2.577
     0.291
    -0.285
    -3.167
    -4.323
    -4.430
    -3.914
    -4.555
    -5.623
    -8.812
    -8.100
    -9.013
    -9.157
    -8.052
    -6.560
    -7.413
    -6.254
    -7.021
    -7.296
    -6.392
    -7.129
    -7.084
    -7.497
    -6.803
    -7.237
    -7.117
    -7.916
    -8.434
    -7.932
    -8.497
    -9.253
    -9.133
    -8.626
    -8.254
    -6.105
    -5.682
    -5.641
    -6.037
    -5.406
    -4.712
    -6.007
    -5.726
    -4.428
    -2.478
     1.897
     2.565
     2.436
     3.735
     6.078
     6.332
     8.140
     7.374
     5.714
     5.869
     4.791
     4.789
     2.695
    -0.814
     0.311
    -0.453
    -1.564
    -1.620
    -1.219
    -1.456
    -2.673
    -1.029
     2.367
     2.255
     3.203
     2.337
     1.881
     4.047
     3.740
     2.533
     4.100
     4.375
     5.759
     5.254
     5.994
     6.489
     4.264
     5.841
     2.237
     3.965
     4.289
     3.746
     5.022
     5.620
     4.512
     5.493
     4.057
     4.692
     5.036
     5.333
     5.439
     7.186
     6.069
     3.840
     3.454
     5.093
     6.458
     6.128
     4.479
     0.742
     1.784
     0.308
    -1.268
    -2.683
    -2.407
    -3.606
    -4.983
    -6.122
    -7.377
    -6.149
    -6.255
    -6.745
    -7.314
    -7.462
    -8.439
    -6.161
    -5.613
    -6.026
    -4.603
    -4.121
    -4.383
    -4.332
    -3.660
    -4.992
    -4.736
    -5.664
    -5.258
    -7.383
    -6.173
    -6.986
    -5.799
    -4.343
    -1.915
    -1.227
     2.599
    -0.209
    -1.082
    -2.892
    -2.155
    -5.542
    -4.899
    -2.759
    -0.489
     0.128
     3.123
     1.347
    -0.654
    -0.290
    -0.468
    -3.913
    -7.813
    -7.235
    -4.505
    -3.479
    -5.387
    -4.372
    -2.130
    -0.618
    -1.573
    -3.426
    -3.960
    -1.741
    -0.102
     0.434
     1.768
     2.077
     2.639
     3.772
     5.038
     5.661
     2.598
     1.462
     2.171
     2.559
     3.126
     4.343
     5.323
     6.437
     5.778
     8.923
     8.256
     9.624
    10.917
    10.656
    11.484
    13.558
    12.732
    15.854
    12.736
    12.330
    11.681
    10.007
    11.300
    10.289
     8.147
     4.352
     0.743
    -1.759
    -3.526
    -4.084
    -7.274
    -7.255
    -7.880
    -9.396
    -5.608
    -4.024
    -2.018
    -2.122
    -1.886
    -0.308
     2.014
     3.514
     2.797
     3.616
     4.203
     3.702
     2.260
     0.894
     1.602
     0.895
     1.322
    -0.667
    -1.476
    -2.661
    -3.208
    -2.870
    -3.659
    -2.605
    -1.159
    -0.779
    -1.399
    -0.545
    -2.286
    -2.908
    -4.720
    -6.071
    -7.799
    -7.638
   -10.101
    -7.702
    -2.570
    -8.655
    -7.878
    -7.320
    -5.978
    -5.789
    -2.660
    -4.188
    -6.250
    -6.007
    -4.997
    -2.463
    -2.664
    -0.875
    -0.102
    -0.039
     1.177
    -0.217
     1.970
     2.999
     2.032
     0.007
     0.408
     1.977
    -2.573
    -5.466
    -4.936
    -0.179
    -0.006
     2.693
     2.470
     2.293
    -0.334
    -0.308
    -1.091
    -0.634
    -1.620
    -2.042
    -1.515
    -1.759
    -2.510
    -0.825
    -2.473
    -1.764
    -1.764
    -0.991
    -0.792
    -0.952
    -0.791
    -0.283
    -1.648
     0.100
     0.377
     1.647
     4.292
     2.553
     0.006
    -1.732
    -0.716
     1.849
     4.623
     4.037
     3.948
     2.911
     3.725
     3.159
     1.712
     1.797
     1.382
     0.250
    -0.882
    -1.039
    -0.748
     1.860
    -0.516
     0.450
     2.331
     4.005
     3.953
     3.403
     3.261
     3.467
     6.222
     5.461
     6.086
     6.811
     5.520
     6.751
     5.478
     4.051
     2.586
     2.320
     3.662
     4.805
     3.568
     3.267
     3.181
     4.341
     3.242
     3.999
     3.435
     2.937
     1.428
    -0.144
    -0.221
    -0.219
    -1.803
    -3.688
    -4.556
    -3.152
    -3.156
    -3.341
    -5.693
    -3.132
    -3.849
    -3.023
    -3.576
    -3.403
    -3.003
    -2.840
    -4.118
    -3.506
    -1.836
    -2.451
    -3.818
    -3.357
    -3.361
    -2.957
    -4.138
    -5.286
    -7.488
    -4.919
    -4.090
    -3.605
    -1.083
     0.957
     0.711
    -1.765
    -3.214
    -0.441
     0.548
     1.318
     0.647
     2.248
     3.935
     3.560
     0.908
    -0.075
     3.320
     3.140
     3.263
     2.104
    -1.473
    -1.913
    -0.005
     2.373
     3.614
     3.028
     2.587
     0.658
     1.564
     0.637
     1.502
     1.933
     1.854
     1.038
     1.574
    -0.148
    -0.651
    -1.449
    -2.058
    -1.296
    -2.007
    -2.000
    -0.893
    -1.933
    -1.302
    -0.842
    -1.189
    -1.369
    -2.726
    -0.082
    -0.794
    -1.512
    -1.695
    -1.397
    -1.611
    -0.274
    -0.983
     0.026
    -0.009
     0.475
     0.672
     1.549
     1.989
     1.152
     0.734
     0.270
     1.244
     0.630
    -0.069
    -0.158
     0.017
     0.177
    -0.098
    -0.423
     0.307
     0.570
    -0.088
     0.685
     1.125
     2.045
     2.180
     2.470
     1.248
     0.798
     0.298
     0.676
    -1.570
    -0.861
    -1.339
     0.464
     0.237
     0.038
     1.354
     1.273
     0.190
    -0.631
    -0.597
    -1.144
    -2.227
    -1.009
    -2.560
    -1.628
    -1.811
    -1.690
    -1.259
    -1.813
    -0.529
    -0.520
    -1.154
    -0.885
    -0.178
    -1.054
    -1.083
    -0.663
    -1.568
    -1.430
    -0.338
    -0.320
    -0.496
    -0.821
    -0.074
     0.053
    -0.262
    -0.259
    -0.207
     0.260
    -0.118
     0.834
     0.184
     1.194
    -0.318
     0.609
     1.360
     1.473
     1.205
     1.125
    -0.082
    -0.514
    -0.734
    -0.641
    -1.034
    -0.062
     0.315
     0.508
    -1.546
    -0.881
    -1.162
    -1.833
     0.704
    -0.652
     0.368
    -0.177
    -0.201
    -0.482
    -1.257
    -2.427
    -1.544
    -1.654
    -0.051
    -1.055
    -0.909
     0.209
     0.153
     1.072
     0.970
     1.073
     2.346
     3.206
     3.131
     3.649
     5.042
     5.917
     6.322
     8.053
     7.534
     7.627
     7.003
     6.377
     4.294
     4.368
     3.506
     2.583
     2.075
     2.232
     1.575
     1.249
     1.625
     1.198
     1.647
     1.540
     2.617
     3.149
     1.804
     1.785
     1.669
     1.979
     0.597
     0.643
     0.698
    -0.424
    -0.875
    -0.463
    -1.141
    -1.344
    -1.603
    -2.258
    -1.857
    -3.089
    -4.113
    -3.849
    -4.897
    -4.496
    -3.848
    -3.173
    -3.364
    -3.999
    -3.660
    -3.632
    -4.433
    -3.407
    -5.815
    -5.037
    -5.277
    -4.622
    -4.700
    -4.287
    -4.310
    -4.233
    -4.611
    -4.264
    -4.078
    -4.237
    -2.702
    -2.231
    -3.007
    -2.805
    -2.702
    -2.815
    -3.779
    -2.817
    -2.421
    -2.051
    -1.747
    -0.951
    -1.113
    -1.506
    -1.092
    -0.282
    -0.648
    -1.404
    -1.271
    -1.827
    -0.640
    -0.571
    -0.520
    -1.349
    -0.786
    -0.376
    -0.611
    -0.176
    -0.126
     0.335
    -0.689
     0.090
     0.130
     0.579
    -0.981
    -0.451
     0.393
     2.150
     1.194
     0.481
     1.076
     1.769
     2.865
     3.857
     5.576
     5.287
     8.006
     8.410
     9.024
     8.029
     7.693
     7.159
     6.387
     6.775
     5.212
     4.251
     4.406
     4.990
     2.379
     2.430
     2.866
     1.765
     2.941
     1.953
     1.204
     1.743
     1.461
     2.097
     1.426
     1.757
     2.450
     3.311
     2.733
     0.015
    -0.395
     0.344
     0.111
    -0.609
    -1.192
     0.032
     0.631
     0.535
    -1.376
    -2.761
    -2.424
    -2.679
    -2.215
    -2.048
    -1.255
     0.059
    -1.743
    -1.228
    -0.855
     0.983
     1.138
     1.260
     0.760
    -1.101
     0.642
     0.286
    -0.117
    -1.933
    -2.194
    -0.754
    -1.500
    -0.250
     0.394
    -2.320
    -2.843
    -2.529
    -2.018
    -0.972
    -1.893
    -1.718
    -1.190
    -2.625
    -2.082
    -1.709
    -2.007
    -2.827
    -1.931
    -2.371
    -0.709
    -1.561
    -2.146
    -2.423
    -2.345
    -1.681
    -2.888
    -3.001
    -2.293
    -2.677
    -1.637
    -2.341
    -2.283
    -1.505
    -0.859
    -2.138
    -2.414
    -2.013
    -2.103
    -2.103
    -2.174
    -2.466
    -0.966
     0.190
    -0.111
    -0.363
    -0.264
     0.325
    -1.571
     0.134
    -0.148
    -0.245
     0.937
    -0.460
    -0.758
    -0.070
    -1.230
    -0.938
    -1.331
    -1.024
    -0.356
    -0.242
     0.563
     0.793
     0.216
    -0.159
     1.995
     1.176
     2.318
     1.771
     2.508
     1.803
     1.085
     3.932
     2.968
     4.957
     3.473
     4.824
     4.721
     4.481
     4.087
     5.448
     5.502
     4.796
     3.573
     4.743
     3.735
     3.062
     3.960
     3.956
     3.098
     4.151
     3.194
     0.719
    -1.137
    -0.613
    -0.561
    -1.670
    -3.354
    -2.843
    -2.874
    -2.532
    -3.847
    -1.327
    -1.927
    -3.309
    -1.375
    -0.832
    -0.419
    -0.317
    -0.857
     0.623
    -0.016
     0.049
     0.221
     0.686
     0.134
     1.333
     1.021
    -0.297
    -0.728
    -1.713
    -1.146
    -2.159
    -2.932
    -1.698
    -2.316
    -2.876
    -2.375
    -2.672
    -3.181
    -2.151
    -3.794
    -2.644
    -3.481
    -1.931
    -2.405
    -1.496
    -2.952
    -1.796
    -1.843
    -2.069
    -1.846
    -1.750
    -1.734
    -2.179
    -1.581
    -2.041
    -2.171
    -2.262
    -1.673
    -1.233
     0.241
     0.008
    -0.064
    -0.167
    -0.145
    -1.601
    -1.234
    -0.444
     0.571
     0.709
     3.344
     4.259
     3.568
     3.798
     3.377
     2.179
     2.847
     3.716
     3.679
     4.590
     5.015
     3.375
     2.891
     1.837
     1.795
     1.430
     0.848
     2.198
     1.881
     2.204
     1.290
     2.483
     0.492
     0.212
     0.284
    -0.308
    -0.970
     0.005
     0.326
     1.924
     2.634
     2.360
     2.626
     2.292
     1.438
    -0.755
     1.061
     1.085
    -1.147
    -0.799
    -0.628
    -0.428
     1.071
     0.737
     0.341
     0.139
     1.476
     0.394
     0.114
     1.141
     0.697
     0.568
     1.437
     0.407
    -0.065
     0.886
     0.050
    -0.271
    -0.230
    -1.538
    -1.279
    -0.248
    -1.185
    -0.947
     0.547
     2.078
     0.066
    -0.568
    -0.468
     1.075
     1.236
     1.315
     0.940
     1.264
     0.570
     0.302
    -0.830
    -0.175
    -0.648
    -2.780
    -5.336
    -6.244
    -5.922
    -4.274
    -4.337
    -4.239
    -1.394
     0.038
    -0.341
     0.653
     0.755
     1.069
    -0.346
    -1.056
    -0.041
     0.906
     1.097
    -0.188
    -0.319
    -0.262
    -2.859
    -2.010
    -1.942
    -1.682
    -1.405
    -2.146
    -2.085
    -0.838
     0.779
     2.227
    -2.451
    -2.999
    -3.484
    -4.837
    -3.537
    -3.275
    -2.962
    -5.858
    -5.733
    -6.757
    -6.449
    -4.720
    -4.903
    -2.962
    -4.785
    -4.538
    -3.336
    -3.642
    -4.710
    -3.229
    -3.523
    -5.798
    -6.514
    -7.773
    -7.071
    -6.928
    -5.599
    -4.829
    -0.654
     1.669
     5.872
     6.646
     1.118
     2.659
     8.362
    12.936
    14.125
    11.894
    10.417
    11.546
     9.572
     8.513
     7.075
     2.892
     0.886
    -0.896
     0.334
    -1.702
    -1.901
    -2.758
    -2.022
    -0.819
     2.609
     4.626
     7.816
    11.433
    11.579
     9.308
     8.564
     7.209
     8.806
     8.934
     2.998
    -0.045
    -5.306
    -6.122
    -5.352
    -3.932
    -1.511
    -1.368
     1.450
     3.336
     2.881
     3.468
     5.059
     7.804
     8.779
     6.456
     8.785
     6.896
     8.951
     9.664
    12.335
    16.297
    16.721
    16.021
    17.508
    16.439
    15.419
    17.975
    16.178
     9.852
    -0.604
    -2.575
     1.586
     4.509
     8.290
    -8.717
    -3.600
     3.695
    -0.365
    -6.215
    -7.987
   -12.918
   -15.967
   -22.266
   -26.800
   -28.224
   -22.790
   -19.767
   -16.356
   -18.816
   -18.926
   -16.875
   -14.758
   -14.886
   -15.716
   -15.236
   -11.575
    -8.297
    -7.708
    -8.026
    -9.773
    -9.049
   -10.007
   -11.165
   -12.890
   -13.792
   -10.574
    -8.849
    -8.330
    -8.737
    -8.300
    -6.422
    -2.653
    -1.920
     1.842
     2.856
     3.179
     0.889
     2.112
     3.013
     3.957
     3.132
     4.040
     4.922
     5.052
     4.051
     3.721
     3.097
     3.938
     1.516
     1.327
     0.162
    -0.819
    -0.771
    -0.060
     0.375
     1.789
     2.217
     2.478
     3.122
     2.783
     3.098
     3.843
     4.232
     4.608
     5.028
     4.952
     5.557
     5.678
     5.779
     6.329
     6.784
     7.079
     6.760
     6.207
     6.791
     6.945
     7.017
     6.852
     6.948
     7.023
     7.010
     6.988
     7.060
     7.067
     7.084
     7.041
     7.037
     7.006
     7.000
     6.937
     6.899
     6.812
