     4.394
     4.770
     5.033
     5.396
     5.647
     5.994
     6.230
     6.569
     6.791
     7.115
     7.309
     7.569
     7.725
     8.022
     8.118
     8.327
     8.373
     8.498
     8.513
     8.722
     8.620
     8.718
     8.659
     8.738
     8.703
     8.768
     8.632
     8.651
     8.358
     8.404
     8.129
     8.035
     7.581
     7.360
     7.097
     6.492
     6.343
     6.116
     5.588
     5.451
     5.002
     4.324
     3.825
     3.073
     2.458
     1.965
     1.587
     0.969
    -0.061
    -0.786
    -1.279
    -1.664
    -2.321
    -3.200
    -4.204
    -5.418
    -6.119
    -6.804
    -7.239
    -6.931
    -7.896
    -8.423
    -7.919
    -7.221
    -7.088
    -7.221
    -7.058
    -5.311
    -4.607
    -4.033
    -2.806
    -2.313
    -2.174
    -2.364
    -2.104
    -2.255
    -1.289
    -1.654
    -1.158
    -0.835
    -0.184
    -0.481
     0.406
     1.792
     4.078
     4.445
     3.670
     2.348
    -0.060
    -0.351
    -2.302
    -2.711
    -4.934
    -6.440
    -7.948
    -9.571
   -11.781
    -9.231
    -8.919
    -8.021
    -5.244
    -4.640
    -3.474
    -3.440
    -3.737
    -4.223
    -3.440
    -3.909
    -3.463
    -2.480
    -3.297
    -3.614
    -4.941
    -4.552
    -4.405
    -5.514
    -5.321
    -5.715
    -4.950
    -4.107
    -4.082
    -4.680
    -4.926
    -4.514
    -4.970
    -4.443
    -3.639
    -1.997
    -1.750
    -2.134
    -1.771
    -2.263
    -1.749
    -1.357
    -1.824
    -1.423
     0.260
     0.899
     0.196
     0.767
     0.660
     1.367
     2.862
     3.153
     3.823
     2.872
     3.684
     3.253
     2.011
     2.171
     2.178
     3.772
     4.208
     3.618
     3.688
     4.339
     4.101
     3.862
     6.732
     3.950
     3.464
     4.396
     6.232
     7.482
     8.720
     9.124
     7.235
     6.581
     7.944
     7.713
     6.871
     6.397
     5.109
     5.207
     4.425
     2.190
     2.637
     2.682
     2.268
     3.104
     3.846
     1.197
     0.015
     0.542
     2.015
     2.006
     2.031
     1.534
     3.595
     4.863
     1.707
     0.504
    -0.892
    -2.239
    -2.250
    -1.165
     0.113
     4.062
     5.716
     5.033
     6.115
     5.635
     2.959
    -0.074
    -0.365
     3.577
     7.778
     7.719
     6.461
     7.686
     8.146
     9.772
    10.010
     8.747
    12.555
    13.586
    11.397
    11.281
    12.936
    11.567
    12.669
    12.861
     8.284
     3.486
     3.276
     3.552
     2.203
    -1.218
    -2.879
    -4.283
    -4.568
    -4.293
    -6.308
    -3.254
    -7.336
    -7.541
    -6.422
    -9.348
   -13.246
   -13.929
   -14.878
   -15.620
   -16.833
   -17.570
   -17.541
   -18.698
   -17.930
   -18.442
   -18.008
   -18.736
   -14.211
   -15.194
   -11.133
   -13.904
   -18.088
   -19.062
   -17.790
   -16.091
   -15.339
   -16.835
   -15.832
   -14.228
   -13.951
   -13.794
   -10.599
   -10.157
    -9.029
    -7.022
    -6.544
    -5.394
    -2.139
    -4.936
    -5.009
    -4.852
    -1.156
    -1.005
    -1.473
    -0.339
     1.554
     0.353
     1.130
     2.673
     2.550
     3.093
     2.398
     3.928
     5.007
     5.534
     7.239
     6.466
     6.402
     7.728
     8.017
     7.341
     6.397
     7.511
     8.020
     8.519
     7.009
     7.809
     8.690
    10.827
    11.537
    12.624
    13.209
    10.590
    12.546
    12.354
    10.823
    10.152
     8.907
     8.383
     8.884
     6.363
     7.170
     9.477
     6.318
     5.572
     8.226
     9.527
    10.235
     8.089
     6.271
     5.899
     5.036
     6.702
     9.085
     8.912
     7.569
     6.711
     6.491
     6.311
     4.910
     4.376
     3.361
     3.756
     6.402
     8.179
     6.142
     6.421
     5.130
     5.103
     3.975
     4.956
     6.399
     7.850
     7.432
     5.317
     2.163
     3.420
     6.224
     5.601
     4.765
     3.210
     1.329
     2.369
     3.565
     0.562
    -0.232
    -1.444
    -2.016
    -2.088
    -3.420
    -2.333
     0.565
    -0.885
    -2.101
    -6.895
    -8.977
    -8.479
    -9.031
    -9.525
    -9.538
    -8.582
    -9.467
   -10.549
   -13.000
   -12.019
   -14.049
   -14.585
   -14.089
   -13.613
   -12.202
   -13.355
   -12.582
   -13.030
   -13.364
   -14.367
   -14.684
   -12.341
   -12.670
   -12.624
   -11.492
   -11.384
   -10.183
    -9.192
    -8.693
    -8.217
    -7.638
    -6.925
    -4.939
    -4.667
    -5.464
    -4.940
    -5.758
    -6.179
    -4.995
    -2.272
    -1.823
    -0.402
    -2.241
    -2.181
    -1.217
     1.264
     1.760
    -1.131
     1.431
     1.360
    -0.712
    -2.785
    -4.361
    -2.692
    -2.003
    -3.626
    -2.383
     1.216
     2.716
     6.341
     6.005
     6.211
     2.853
     1.186
     0.264
     0.015
     1.255
     2.730
     2.987
     1.639
    -0.148
    -0.248
    -1.391
     0.454
    -2.582
    -3.029
    -3.408
    -0.778
     1.885
     4.930
     4.799
     9.011
     8.504
     9.307
     7.731
     6.587
     7.905
    11.359
    16.798
    18.979
    21.254
    21.001
    20.342
    19.460
    24.134
    22.321
    20.617
    20.923
    20.677
    18.581
    15.656
    15.625
    14.549
    13.868
    10.635
    11.811
    10.592
    11.291
     9.903
     7.985
     5.124
     5.144
     3.329
     2.464
    -0.708
    -0.967
    -1.353
    -1.746
    -4.724
    -7.557
    -9.302
   -10.101
    -8.720
   -10.712
   -10.744
    -9.655
    -6.238
    -6.376
    -7.552
    -8.576
    -9.481
    -8.575
    -8.347
    -8.300
    -7.436
    -7.780
    -7.049
    -9.036
   -10.057
    -8.741
   -10.424
    -9.549
    -9.167
    -9.729
   -12.960
   -12.720
    -9.695
    -7.888
    -6.427
    -6.466
    -8.348
    -8.696
    -7.457
    -7.257
    -7.132
    -9.320
    -9.487
    -7.920
    -6.857
    -6.325
    -6.644
    -7.771
    -9.050
    -8.194
    -5.811
    -5.089
    -3.498
    -3.740
    -4.592
    -6.602
    -8.185
    -7.460
    -5.413
    -3.351
    -3.456
    -3.489
    -2.891
    -2.927
    -2.145
     0.259
    -0.021
     1.287
     2.660
     3.621
     4.635
     5.535
     6.589
     4.598
     3.515
     3.364
     5.012
     5.925
     7.553
    10.111
     8.580
     9.298
     9.138
     9.651
    11.133
    11.386
    12.171
    12.308
    11.709
    10.330
    10.188
    10.394
     9.854
     8.028
     7.298
     7.297
     8.115
     8.010
     6.485
     8.341
     9.197
     9.077
     7.616
     4.691
     3.522
     1.429
     0.817
    -0.010
    -1.232
    -3.046
    -4.327
    -3.132
    -1.886
    -3.286
    -4.558
    -3.639
    -2.600
    -0.998
     0.315
     1.962
     0.759
     0.765
     2.041
     0.969
     2.425
     1.951
     1.087
     0.743
     0.380
     0.759
     1.557
    -0.395
    -0.575
    -1.001
    -2.108
    -2.915
    -3.184
    -2.474
    -2.964
    -3.923
    -5.951
    -7.260
    -5.950
    -6.697
    -7.381
    -7.855
    -7.581
    -6.146
    -8.451
    -7.754
    -8.185
    -8.083
    -8.846
    -9.497
    -8.557
    -6.302
    -6.193
    -6.304
    -5.542
    -6.970
    -6.812
    -6.398
    -6.159
    -2.704
    -3.239
    -3.112
    -3.583
    -2.965
    -2.703
    -1.201
    -0.751
    -1.479
    -0.699
    -1.251
     0.041
    -0.190
    -0.065
     0.877
     1.367
     0.538
     0.305
     2.508
     1.077
    -0.009
     0.291
     0.261
    -0.388
     0.739
     1.135
     2.328
     0.217
     4.136
     4.544
     3.201
     5.782
     5.269
     8.204
     7.541
     9.077
     8.619
     8.531
     8.566
    10.112
     8.308
     8.348
     9.605
     9.653
     9.372
     7.344
     8.179
     6.271
     5.778
     4.862
     5.184
     5.891
     4.592
     3.977
     3.919
     4.741
     5.749
     5.590
     5.062
     5.544
     6.219
     5.581
     4.696
     4.476
     5.234
     6.613
     6.504
     6.149
     6.217
     6.624
     6.555
     5.212
     3.584
     3.696
     3.247
     1.167
     2.172
     0.686
    -1.439
    -1.361
    -3.456
    -4.040
    -6.496
    -7.595
    -9.047
    -9.059
    -8.674
    -8.539
   -10.215
   -11.918
   -11.799
   -11.207
   -12.154
   -12.659
   -11.965
   -12.477
   -12.534
   -12.298
   -13.814
   -13.984
   -11.921
   -11.711
   -11.368
    -8.623
    -9.304
    -8.084
    -5.515
    -5.265
    -6.059
    -6.103
    -4.733
    -3.711
    -2.293
    -3.769
    -2.928
    -3.194
    -3.336
    -4.583
    -7.119
    -7.239
    -5.856
    -4.923
    -5.328
    -4.621
    -2.992
    -4.791
    -2.790
    -2.260
    -1.562
     0.804
     1.852
     2.727
     0.878
     2.221
     2.330
     3.328
     3.415
     4.772
     6.198
     5.953
     6.335
     5.480
     6.672
     4.669
     5.147
     6.804
     7.835
     8.061
     9.113
     8.723
     9.022
     8.388
     6.636
     5.800
     5.670
     4.393
     4.299
     4.340
     6.562
     6.658
     4.286
     2.509
     0.531
     0.156
    -0.159
     0.274
    -2.075
    -1.722
     0.214
     1.022
     3.104
     4.947
     4.450
     3.801
     3.987
     3.560
     2.913
     3.179
     3.145
     3.325
     2.434
     3.981
     4.665
     4.342
     3.697
     4.120
     4.658
     4.321
     4.796
     2.412
     0.161
     0.751
    -0.286
    -1.309
     1.006
     1.438
     0.963
    -0.641
     2.184
     1.094
     3.179
     3.547
     3.559
     4.530
     5.534
     5.725
     5.051
     3.725
     3.909
     3.116
     2.172
     2.761
     1.580
     2.298
     3.793
     3.376
     3.148
     4.638
     3.737
     4.282
     3.888
     4.940
     5.035
     3.920
     2.246
     1.975
    -0.115
    -1.096
    -3.695
    -2.465
    -1.836
    -3.060
    -3.418
    -4.199
    -4.827
    -5.035
    -5.943
    -6.819
    -7.961
    -6.896
    -8.055
    -7.953
    -8.182
    -7.120
    -7.845
    -7.538
    -5.195
    -7.282
    -8.183
    -8.238
    -8.483
    -9.130
    -7.291
    -9.907
   -10.066
   -11.945
   -12.187
   -11.724
   -11.424
   -11.804
   -11.163
   -11.834
   -10.696
    -9.939
   -10.769
   -12.043
   -11.064
   -11.507
    -9.038
    -5.268
    -4.048
    -4.720
    -4.632
    -5.941
    -5.889
    -4.900
    -4.200
    -7.438
    -9.166
    -9.681
   -11.110
   -11.591
   -12.953
   -12.746
   -11.047
   -11.388
   -11.625
    -9.508
    -6.832
    -3.385
    -1.325
     1.142
     1.244
     4.863
     6.407
     8.634
    10.028
    10.196
    11.293
    12.897
    15.247
    17.074
    19.334
    19.727
    20.704
    21.649
    21.568
    19.933
    19.828
    20.849
    18.561
    18.284
    15.780
    13.962
    15.020
    16.787
    19.327
    17.224
    14.110
    13.514
    14.023
    15.950
    17.030
    15.665
    15.531
    15.264
    14.160
    11.143
    10.810
     8.195
     6.078
     4.999
     3.777
     2.650
     2.746
     2.419
     0.347
    -1.207
    -1.411
    -1.781
    -2.479
    -3.663
    -3.409
    -5.793
    -2.652
    -1.063
     0.292
     0.535
    -0.106
    -0.791
    -2.256
    -3.080
    -4.163
    -4.285
    -3.233
    -1.555
    -1.084
    -1.506
    -1.911
    -3.020
    -2.802
    -2.354
    -1.603
    -2.837
    -4.906
    -6.030
    -6.873
    -7.884
    -9.330
   -10.331
    -8.524
    -8.218
    -7.965
    -6.972
    -6.129
    -7.169
    -7.780
    -6.823
    -6.987
    -5.730
    -6.387
    -8.670
    -9.997
   -12.773
   -15.291
   -14.617
   -12.819
   -12.067
    -8.834
    -7.773
    -8.019
    -8.970
    -7.972
    -8.870
   -10.336
   -11.117
   -13.015
   -15.159
   -16.351
   -15.578
   -14.693
   -15.669
   -14.095
   -11.807
   -11.156
    -9.379
    -7.800
    -8.432
   -10.610
   -14.148
   -13.282
   -13.642
   -14.488
   -15.432
   -17.371
   -20.735
   -20.937
   -18.554
   -16.964
   -17.789
   -19.266
   -17.987
   -16.883
   -14.511
    -6.595
    67.822
    60.041
    38.150
    37.862
    39.270
    37.920
    36.298
    36.064
    40.094
    40.433
    37.162
    32.116
    31.024
    25.871
    26.479
    22.692
    24.612
    26.752
    20.236
    17.501
     7.035
     2.105
    10.104
    12.072
    15.342
    11.396
     6.353
     2.932
     2.873
     1.903
    -4.147
    -9.373
   -13.406
   -13.998
   -11.001
   -14.395
   -19.603
   -22.431
   -23.743
   -22.619
   -21.820
   -14.865
   -11.794
   -10.624
    -7.970
    -8.162
   -11.358
   -11.865
    -4.474
    -2.809
    -3.809
    -8.369
    -9.573
    -6.524
    -4.219
     2.236
     4.789
    10.712
    10.777
    12.206
     6.893
     6.120
     7.969
     7.148
     6.523
     6.602
    10.605
    16.847
    10.608
     6.837
     6.373
     1.928
     1.074
     0.924
     3.861
     5.963
     0.347
    -5.178
     1.025
     3.392
     1.634
     3.268
     5.861
     5.138
     4.416
     5.625
     5.802
     1.934
    -0.118
     3.443
     1.519
    -0.276
     1.912
     2.304
     1.201
    -1.111
    -2.348
    -5.927
   -10.259
    -5.851
    -1.414
     0.111
    -5.420
    -4.859
    -7.163
   -13.356
   -18.651
   -20.731
   -24.703
   -22.453
   -25.621
   -25.928
   -28.223
   -27.928
   -26.059
   -30.692
   -32.326
   -29.665
   -29.717
   -28.877
   -29.163
   -27.217
   -18.825
    -6.996
   -11.983
   -14.783
    -3.777
     1.617
     0.477
    12.654
    19.419
    12.519
    14.943
    23.535
    45.818
    39.212
    17.956
    13.501
    18.667
    24.664
    18.321
    12.548
    14.770
    15.100
    11.914
    14.451
    14.399
    13.386
    13.965
     9.539
     4.990
     8.075
    14.453
    10.887
     8.808
    11.267
    14.142
     5.782
     2.708
     3.477
     4.210
     7.269
    10.292
     2.667
     8.980
    10.683
    15.342
    23.184
    20.192
    -6.013
   -10.580
     1.046
     6.445
     4.844
    -3.185
    -1.888
     2.616
     0.199
    -0.761
    -1.715
    -3.208
   -26.705
   -22.938
   -10.519
   -12.237
   -15.303
   -10.669
    -6.914
    -7.199
    -8.390
    -6.017
    -9.086
   -11.511
    -8.072
    -8.894
    -7.747
    -4.820
    -3.232
    -1.356
     3.246
     0.580
     0.746
     2.479
     3.253
    -0.631
    -3.540
     0.314
     4.695
     2.528
    -1.471
     0.058
    -3.230
    -2.800
    -3.234
    -4.045
    -5.141
    -4.202
    -3.578
    -5.740
    -6.044
    -7.651
   -10.813
    -8.562
    -7.502
    -6.043
    -4.513
    -7.832
    -6.327
    -8.148
    -5.553
    -3.246
    -4.305
    -2.683
     0.836
     1.794
     1.348
     5.164
     2.766
     2.447
     0.761
     3.563
     5.608
     4.412
     5.245
     4.364
     4.737
     5.878
     6.850
     4.071
     3.911
     3.640
     3.235
     4.591
     3.636
     4.259
     8.352
     8.387
    16.473
    12.526
    10.639
    10.175
     9.874
     8.773
     6.383
     6.175
    13.102
    17.947
    10.891
     4.067
    -0.203
    -0.062
     5.980
     8.039
    -2.329
    -6.118
    -5.114
    -4.253
    -8.302
    -7.002
    -4.491
    -1.720
     0.664
     4.342
     3.608
     2.082
     1.753
     2.709
     6.539
     1.545
    -1.161
    -1.187
     0.121
    -1.302
    -7.083
    -4.619
    -7.741
    -9.009
    -9.030
    -3.216
   -10.058
   -11.380
    -6.900
    -2.316
    -7.415
   -12.099
   -14.939
   -13.553
    -9.286
   -12.709
    -5.993
    -6.073
    -3.409
   -14.807
   -10.343
   -11.843
    -8.920
    -7.211
    -6.057
    -0.438
    -3.540
     2.510
     1.918
     4.462
     6.037
     7.776
     7.127
     7.368
     3.546
     6.150
     9.746
     6.349
     4.645
     0.592
    -3.285
    -1.612
    -3.447
     0.996
     3.975
     1.121
    -1.941
    -4.579
     1.391
     5.190
     4.386
     2.631
     2.235
     2.553
    12.223
     8.056
     3.676
     6.764
     5.582
     1.775
    -1.016
    -1.976
    -3.625
    -0.319
    -0.563
    -1.521
    -5.457
    -3.804
     2.788
     5.273
     0.467
    -3.121
    -1.591
    10.958
    14.938
     1.310
    -1.238
     4.553
     2.672
    -2.037
     0.991
    -3.370
    -5.068
     0.489
     0.354
     0.557
     3.538
     3.377
     1.949
     2.322
     3.451
     4.357
     2.190
     0.432
    -3.402
    -4.229
    -4.110
    -4.093
    -2.942
    -3.658
    -3.585
    -4.509
     1.155
    -0.184
    -1.317
     0.382
     1.066
    -2.578
    -3.335
     1.065
     0.590
    -0.099
    -2.062
    -0.108
    -2.790
    -2.831
    -4.435
    -3.784
     1.155
     3.584
     4.190
    -1.313
     3.689
     1.585
     0.908
    -0.764
     3.859
     2.785
     3.176
     3.870
     2.019
     0.719
     2.235
     2.737
     0.120
     1.900
    -0.881
    -0.166
     0.676
     3.742
     3.889
    -0.906
     0.253
     4.490
     3.566
     3.864
     1.306
    -2.770
     0.541
     5.335
     1.613
     1.375
    -0.886
    -3.057
    -3.429
     4.050
     2.930
    -2.780
    -2.274
    -3.115
     0.356
     2.083
     1.635
     0.837
     0.714
    -0.139
    -0.172
    -0.558
    -0.412
     0.029
    -0.207
    -1.889
     1.646
     2.037
    -2.486
    -2.708
    -3.624
    -4.028
    -2.464
    -4.642
    -3.016
    -1.379
    -1.758
    -0.162
    -0.536
     1.774
     1.955
     0.059
     0.952
    -0.053
     1.348
    -0.549
    -1.357
    -1.772
    -1.015
    -2.143
    -0.627
    -1.250
    -1.970
    -1.525
    -0.576
     2.050
     2.106
     1.494
     0.314
     0.528
    -0.208
     0.662
    -0.718
    -1.119
    -2.192
    -2.573
    -3.356
    -4.832
    -5.555
    -3.642
    -4.661
    -5.858
    -6.676
    -6.799
    -6.166
    -5.339
    -7.508
   -10.160
    -9.345
    -8.933
    -8.668
    -9.780
    -8.775
    -8.469
    -7.060
    -7.291
    -6.814
    -5.867
    -6.255
    -5.155
    -5.266
    -5.617
    -5.346
    -6.646
    -5.432
    -2.297
    -0.473
    -2.419
    -2.103
     0.182
     2.114
     3.477
     4.513
     5.436
     5.149
     8.233
     9.936
    11.788
    12.021
    14.940
    15.608
    15.391
    12.603
    11.717
    10.799
     9.435
     8.775
     4.708
     4.188
     5.938
     5.440
     2.135
     3.899
     2.190
     3.435
     3.752
     6.518
     9.466
     9.712
    11.218
     9.288
    10.662
    10.877
    10.014
     7.972
     7.442
     7.977
     8.917
     8.640
     9.446
    14.040
    16.660
    18.912
    15.452
    15.667
    15.362
     2.905
     1.878
    -0.681
    -5.171
    -6.523
    -7.767
   -11.383
   -10.466
    -9.516
    -9.190
    -9.297
    -9.659
    -8.904
    -7.532
    -6.998
    -7.172
    -4.108
    -3.239
    -4.024
    -0.661
     1.819
     3.963
     7.313
     6.116
     3.989
     3.499
     4.518
     5.782
     5.049
     3.023
     1.942
    -1.834
    -2.156
    -1.477
    -1.912
    -2.131
    -2.512
    -5.804
    -8.410
    -9.256
    -9.520
    -9.314
    -8.507
    -9.121
    -8.483
    -7.635
    -5.408
    -5.335
    -5.314
    -8.256
    -9.216
   -11.408
   -11.282
   -11.077
   -12.788
   -15.063
   -16.467
   -20.547
   -20.188
   -21.072
   -21.041
   -20.308
   -19.171
   -18.800
   -18.656
   -19.134
   -19.544
   -17.234
   -18.386
   -16.887
   -16.687
   -15.669
   -15.259
   -15.137
   -14.748
   -13.584
   -14.590
   -11.270
    -8.236
    -5.484
    -2.235
     0.327
     2.592
     5.097
     5.137
     7.700
     6.425
     5.265
     5.439
     5.394
     8.771
    14.762
    19.340
    19.349
    19.135
    23.041
    28.128
    27.785
    27.716
    28.817
    30.223
    29.532
    29.508
    28.479
    24.010
    19.910
    18.462
    15.099
    12.166
    10.410
    10.163
     8.427
     9.667
    13.340
    14.142
    15.744
    15.518
    13.499
    11.536
    12.008
    11.287
    10.526
    11.630
    13.097
    14.018
    15.413
    16.062
    13.643
    11.934
    10.887
     8.682
     7.970
     6.041
     6.435
     6.670
     7.737
     5.846
     4.384
     2.484
     1.773
     0.247
    -0.728
     0.416
    -1.715
    -3.125
    -5.407
    -4.362
    -4.591
    -3.638
    -5.501
    -8.588
   -11.835
   -13.077
   -15.585
   -18.506
   -20.995
   -21.013
   -21.336
   -21.845
   -26.033
   -25.813
   -25.944
   -24.565
   -21.897
   -21.341
   -21.559
   -20.969
   -20.436
   -17.911
   -16.368
   -14.443
   -12.965
   -14.358
   -13.187
   -12.208
   -11.350
   -11.602
   -12.506
   -12.843
   -14.678
   -15.860
   -11.425
   -11.223
    -5.493
    -5.489
    -1.361
     2.243
     1.040
     0.383
    -0.581
    -3.384
    -5.974
    -3.544
     1.794
     2.939
     8.574
    11.541
    10.061
     9.967
    10.703
     8.528
     4.201
    10.021
    12.438
    12.442
    12.534
    13.125
    10.242
    15.171
    18.846
    14.709
     9.118
     5.919
     6.576
     8.797
     8.325
     5.142
     6.457
     7.185
     8.752
     8.798
     3.203
    -2.595
    -3.633
    -7.872
   -11.400
    -9.693
    -9.809
    -8.943
    -5.113
    -5.345
    -6.168
    -3.697
    -3.821
    -4.796
    -5.182
    -7.633
    -6.869
    -1.465
    -7.374
    -2.434
    -3.136
    -0.357
     3.764
     1.540
    -2.130
     1.119
    -0.506
    -0.709
    -0.094
     0.216
     2.729
     6.511
     7.530
     8.304
    12.441
    15.221
    17.057
    19.771
    19.251
    18.025
    15.840
    18.233
    14.332
     9.162
     7.517
     5.683
     3.244
     1.734
     1.445
     2.618
     2.585
     4.478
     2.001
     1.159
    -0.613
    -0.046
    -0.496
     0.308
     1.966
     5.481
     6.712
     5.831
     4.037
     4.134
     1.815
     0.332
    -1.639
    -5.004
    -7.922
   -14.256
   -15.777
    -4.300
    -1.990
     0.122
     2.518
     1.456
    -2.482
    -3.085
    -4.665
    -6.793
    -6.829
    -5.301
     0.302
     4.088
    10.011
    13.881
    10.614
     7.228
    -5.395
   -10.649
   -13.679
   -16.507
   -17.043
    -9.374
    -1.213
     0.573
     2.065
     1.034
     0.947
    -2.210
    -2.460
    -3.077
    -4.547
    -6.206
    -6.446
    -5.895
    -4.949
    -5.588
    -5.418
    -5.283
    -6.129
    -6.995
    -7.270
    -7.142
    -6.468
    -5.126
    -4.642
    -4.226
    -5.154
    -5.965
    -6.677
    -6.761
    -7.929
    -8.014
    -7.627
    -1.880
     1.294
     4.122
     6.220
     6.546
     6.869
     6.550
     5.427
     4.246
     2.096
    -0.325
    -1.395
    -2.525
    -3.221
    -3.484
    -3.469
    -2.359
    -1.946
    -1.294
     0.352
    -0.066
    -0.929
     0.442
     1.014
     1.712
     0.763
    -0.774
    -0.832
    -2.549
    -2.066
    -1.097
    -1.712
    -2.662
    -1.941
    -0.712
    -0.607
     1.037
    -1.824
    -1.612
    -2.133
    -0.470
    -0.188
    -0.068
    -0.775
     0.384
     1.255
     0.932
     0.940
     1.942
     2.407
     3.428
     4.062
     3.415
     3.340
     3.330
     3.770
     4.360
     5.251
     5.145
     5.976
     6.058
     6.518
     6.120
     4.636
     4.091
     4.250
     2.403
     3.465
     3.831
     1.569
     2.295
     2.103
     1.490
     0.830
     1.700
     1.849
     2.145
     4.010
     4.561
     5.856
     8.864
     8.823
    10.286
    10.039
    10.257
     9.728
     9.685
     7.148
     7.322
     9.883
     8.775
     6.437
     6.504
     8.566
     7.777
     6.237
     4.583
     3.123
     0.740
    -3.024
    -3.452
    -4.892
    -5.894
    -8.049
    -7.108
    -5.633
    -6.645
    -5.793
    -5.467
    -6.676
    -6.525
    -6.717
    -6.242
    -7.026
    -6.064
    -7.206
    -6.373
    -6.123
    -5.069
    -3.896
    -2.054
    -2.064
    -1.901
    -2.008
    -1.075
    -2.160
    -2.987
    -2.120
    -3.283
    -3.371
    -3.548
    -4.152
    -3.826
    -3.177
    -3.567
    -2.881
    -2.719
    -2.675
    -2.087
    -3.039
    -3.932
    -3.913
    -4.482
    -4.830
    -5.008
    -5.029
    -5.430
    -5.353
    -3.937
    -3.299
    -3.270
    -3.151
    -1.948
    -2.117
    -2.323
    -2.660
    -2.873
    -3.569
    -2.721
    -3.179
    -3.820
    -2.968
    -1.721
    -1.373
    -0.909
     0.255
     0.206
     1.929
     1.269
     2.565
     3.356
     2.327
     3.061
     3.009
     2.914
     2.414
     1.650
     2.552
     2.820
     2.892
     4.102
     3.014
     3.681
     3.126
     3.036
     3.317
     2.997
     2.496
     1.768
     0.967
    -0.095
     0.648
     0.165
    -0.180
     0.485
    -0.269
     0.124
     0.386
     0.231
     0.871
     1.144
     1.275
     1.093
     1.377
     1.021
     1.605
     1.416
     1.221
     0.942
     0.518
    -0.206
    -0.503
    -0.464
    -0.722
     0.443
     0.224
     1.928
     2.163
     2.469
     2.775
     4.109
     3.731
     2.166
     2.567
     1.803
     0.816
     1.861
     0.564
     0.661
    -0.396
     0.223
    -0.336
    -1.328
    -2.100
    -2.168
    -1.383
    -0.837
    -0.715
     0.672
     1.648
     2.507
     1.732
     1.602
     1.365
     1.923
     3.119
     1.702
     1.466
     0.488
    -0.197
     0.871
     2.000
     2.535
     1.470
     1.567
     1.702
     1.862
     2.738
     3.041
     1.677
     2.361
     2.984
     2.276
     1.857
     2.163
     0.977
     2.192
     2.484
     2.362
     2.078
     1.192
     0.013
     1.320
     0.718
     0.163
     0.932
    -0.286
    -0.533
    -1.064
     0.128
    -0.476
     0.126
    -0.786
    -1.092
    -0.763
    -0.835
    -0.445
    -0.847
    -0.563
    -0.707
    -0.472
    -0.886
    -1.484
    -1.567
    -1.378
    -1.049
    -1.641
    -1.386
    -2.752
    -1.685
    -1.534
    -1.704
    -1.859
    -1.879
    -2.448
    -1.070
    -1.831
    -1.121
    -0.850
    -1.544
    -0.724
    -1.982
    -2.372
    -2.145
    -1.550
    -2.438
    -3.740
    -3.327
    -2.973
    -3.567
    -3.189
    -3.648
    -3.079
    -4.346
    -4.234
    -3.934
    -4.006
    -6.279
    -6.372
    -6.441
    -6.315
    -6.282
    -5.753
    -5.725
    -5.850
    -5.760
    -6.516
    -6.157
    -6.115
    -5.820
    -7.624
    -7.216
    -7.991
    -7.183
    -7.379
    -7.261
    -5.337
    -5.706
    -5.172
    -2.537
    -0.031
     0.893
     3.970
     4.281
     7.267
     9.292
     9.848
     9.878
    10.231
    10.082
    10.120
     8.472
     6.776
     7.067
     6.151
     5.914
     5.857
     4.864
     4.729
     5.734
     6.352
     6.598
     6.706
     6.145
     5.663
     6.293
     5.294
     5.278
     4.964
     5.891
     6.533
     4.773
     4.460
     3.467
     3.732
     3.142
     2.898
     3.115
     3.240
     3.042
     2.562
     2.055
     1.248
     0.043
    -0.415
    -0.092
     1.074
     1.098
     1.915
     2.100
     0.978
     1.579
     1.676
     2.415
     3.051
     0.995
     1.049
     1.151
     1.707
     0.465
    -0.856
    -1.472
    -0.254
     1.290
     2.610
     2.515
    -1.438
    -4.726
    -6.762
    -4.947
    -4.128
    -3.143
    -2.201
    -1.867
    -1.963
    -2.753
    -3.662
    -5.756
    -5.975
    -6.704
    -3.624
    -3.169
    -1.934
    -2.545
    -3.127
    -2.855
    -4.087
    -2.905
    -4.119
    -3.137
    -1.641
    -0.659
     0.047
    -0.208
    -0.628
    -0.786
    -0.433
    -1.177
    -1.690
    -0.420
    -0.257
    -1.567
    -1.474
    -0.320
    -0.679
     0.995
     0.452
     0.116
     0.228
    -3.362
    -3.281
    -3.133
    -2.622
    -2.809
    -2.708
    -3.241
    -2.042
    -1.815
    -1.756
    -1.461
    -1.283
    -0.262
     0.114
    -0.179
     1.278
     0.669
     0.164
    -0.877
    -0.952
    -1.183
    -0.918
    -1.694
    -2.306
    -2.076
    -1.887
    -1.118
    -1.521
    -0.893
    -0.769
    -0.478
     0.069
    -0.145
    -0.421
     0.909
     0.211
    -1.559
    -3.737
    -3.604
    -2.768
    -1.063
     0.933
     2.158
     2.919
     3.764
     2.547
     2.434
     2.232
     3.446
     3.437
     1.796
     0.907
     1.750
     2.116
     1.608
     0.668
     1.538
     1.435
     1.336
     2.469
     2.933
     2.880
     3.621
     3.249
     3.956
     2.563
     2.995
     1.841
     2.893
     3.317
     2.678
     2.349
     1.178
     1.923
     2.266
     1.553
     1.651
     1.660
     1.244
     1.537
     1.878
     2.335
     0.780
     1.054
     0.931
     0.670
     0.830
    -0.246
     0.264
    -0.436
    -0.102
    -0.526
    -0.086
    -0.267
    -0.103
     0.193
    -0.538
    -1.816
    -1.906
    -1.766
    -2.663
    -2.960
    -2.720
    -1.109
    -0.843
    -0.273
     0.909
     0.668
     0.555
     0.508
    -0.021
     1.042
     1.972
     1.206
     1.943
     0.018
    -0.104
    -0.804
    -0.908
    -0.643
    -1.143
    -0.325
     1.331
     0.372
     0.164
     0.189
    -0.092
    -0.336
    -1.302
    -1.858
    -2.141
    -1.047
    -0.193
    -0.087
    -0.194
    -0.331
     0.562
    -1.356
    -0.985
    -0.652
    -0.825
    -1.639
    -1.893
    -1.265
    -1.086
    -1.940
    -1.170
    -1.407
    -1.152
    -1.404
    -1.379
    -0.304
    -1.544
    -2.550
    -2.626
    -2.046
    -2.023
    -1.057
    -1.720
    -1.527
    -1.580
    -2.532
    -2.672
    -2.563
    -2.265
    -2.624
    -1.959
    -1.870
    -1.364
    -0.281
    -0.396
    -1.009
    -2.070
    -1.502
    -1.938
    -0.148
     0.298
    -0.668
    -1.069
     1.007
     1.676
     1.111
     0.404
     0.556
     1.464
     0.893
     1.193
     0.738
     1.237
     1.511
     1.521
     1.114
     2.886
     2.026
     1.320
     0.959
     1.280
     2.671
     2.397
     1.393
     1.391
     2.002
     1.753
     1.485
     1.592
     2.193
     3.388
     3.031
     3.742
     3.370
     2.753
     3.936
     3.995
     3.816
     4.871
     4.321
     4.346
     4.511
     4.915
     4.372
     4.527
     4.592
     3.649
     3.425
     3.483
     1.536
     2.679
     1.282
     0.175
     0.766
     0.825
     1.122
    -0.715
    -0.571
    -0.763
    -0.784
    -0.683
    -1.735
    -0.704
    -1.080
    -0.654
    -0.451
    -1.934
    -2.691
    -3.408
    -5.415
    -5.660
    -7.354
    -7.239
    -7.829
    -7.720
    -7.503
    -8.174
    -7.138
    -9.728
    -6.300
    -4.922
    -7.493
    -4.933
    -2.995
    -1.845
    -2.767
    -3.216
    -2.477
    -1.026
    -0.404
    -0.916
    -1.723
    -0.824
    -1.358
    -2.562
    -1.609
    -2.458
    -3.055
    -4.510
    -4.200
    -3.775
    -3.753
    -4.920
    -5.060
    -2.798
    -3.661
    -3.441
    -1.431
    -2.067
    -0.900
    -3.813
    -1.624
    -5.491
    -4.625
    -3.493
    -5.570
    -4.705
    -4.803
    -3.027
     0.175
    -0.033
     0.499
     1.512
     2.609
     3.978
     7.197
     5.894
     6.701
     7.381
     8.914
     9.611
    11.870
    13.493
    11.966
    12.991
    12.920
    12.124
    12.500
    13.915
    16.927
    14.165
    12.022
    10.630
     9.459
    14.841
    13.139
     9.014
     9.283
    15.113
     7.037
     9.435
     7.013
     7.153
     3.454
     2.644
    -0.124
     1.924
     2.551
     3.207
     0.902
    -2.220
    -1.640
    -1.884
    -2.127
    -2.290
    -2.829
    -2.636
    -2.695
    -2.427
    -3.820
    -3.160
    -3.438
    -3.823
    -4.225
    -2.173
    -3.526
    -2.939
    -4.698
    -4.558
    -5.007
    -5.467
    -6.616
    -6.710
    -6.339
    -6.474
    -7.689
    -5.678
    -6.778
    -6.693
    -7.924
    -9.063
    -8.205
    -8.941
    -8.111
    -7.390
    -8.017
    -8.445
    -8.746
    -8.261
    -7.269
    -8.230
    -7.882
    -8.516
    -8.444
    -7.770
    -7.566
    -7.137
    -6.396
    -6.345
    -6.010
    -5.837
    -5.659
    -5.512
    -5.000
    -4.870
    -4.379
    -4.341
    -4.120
    -3.942
    -3.757
    -3.874
    -3.279
    -3.044
    -2.536
    -2.644
    -2.116
    -1.666
    -1.099
    -0.934
    -0.564
    -0.282
     0.160
     0.417
     0.818
     1.099
     1.475
     1.769
     2.140
     2.416
     2.800
     3.085
     3.464
     3.740
     4.120
