    -2.288
    -2.357
    -2.318
    -2.416
    -2.406
    -2.529
    -2.549
    -2.673
    -2.706
    -2.887
    -2.935
    -3.122
    -3.257
    -3.517
    -3.619
    -3.984
    -4.189
    -4.503
    -4.799
    -5.234
    -5.460
    -5.993
    -6.304
    -6.638
    -6.694
    -7.236
    -7.407
    -7.751
    -8.252
    -8.705
    -8.961
    -9.327
    -9.898
   -10.711
   -11.257
   -12.030
   -12.709
   -13.249
   -13.329
   -14.030
   -14.043
   -14.354
   -14.912
   -15.248
   -16.223
   -16.730
   -17.184
   -17.496
   -17.517
   -18.954
   -19.539
   -20.065
   -20.492
   -20.928
   -21.399
   -22.561
   -23.114
   -23.374
   -24.717
   -24.977
   -24.954
   -24.857
   -25.317
   -25.864
   -25.272
   -24.432
   -23.448
   -24.097
   -21.226
   -20.081
   -17.920
   -16.506
   -16.236
   -14.656
   -13.262
   -13.539
   -13.787
   -13.841
   -11.705
   -12.095
   -11.059
   -11.243
   -11.534
   -10.450
    -9.310
   -10.510
    -9.047
    -9.999
    -9.767
   -11.082
   -11.151
    -9.856
    -9.689
    -9.618
   -10.044
   -10.185
   -11.740
   -13.008
   -13.382
   -14.483
   -15.474
   -16.136
   -17.587
   -17.964
   -19.448
   -20.334
   -20.512
   -20.776
   -20.844
   -21.830
   -21.556
   -21.573
   -21.883
   -21.954
   -22.064
   -22.810
   -23.163
   -24.143
   -24.237
   -24.537
   -24.670
   -24.904
   -25.745
   -25.956
   -26.295
   -26.589
   -26.586
   -25.741
   -25.171
   -25.420
   -26.295
   -26.285
   -26.490
   -26.620
   -26.664
   -26.688
   -26.697
   -26.028
   -26.788
   -25.997
   -26.014
   -27.214
   -26.102
   -26.131
   -24.156
   -23.482
   -23.169
   -23.410
   -23.451
   -23.573
   -21.599
   -21.520
   -20.633
   -20.728
   -19.455
   -18.492
   -19.795
   -20.083
   -18.151
   -18.567
   -20.231
   -19.217
   -16.158
   -15.071
   -13.351
   -10.756
   -10.617
   -10.037
    -8.576
    -8.042
    -6.787
    -5.585
    -5.975
    -5.095
    -4.514
    -3.749
    -3.731
    -1.980
     0.203
    -1.497
     1.266
     2.364
    -0.139
     0.380
     1.165
     3.462
     2.929
     2.801
     3.879
     6.070
     5.952
     4.881
     3.618
     3.750
     3.570
     5.872
     7.606
     9.192
     9.898
    10.425
    11.963
    11.160
    10.886
     8.842
     6.613
     7.582
     9.432
    13.626
    14.226
    13.868
    14.749
    13.447
    13.382
    10.426
    10.726
    12.725
    12.957
    14.165
    13.468
    14.529
    13.508
    16.861
    18.258
    18.112
    17.495
    18.950
    20.919
    22.725
    24.561
    26.250
    28.810
    29.931
    30.873
    34.114
    37.863
    38.542
    40.514
    42.904
    42.779
    41.988
    42.969
    42.560
    42.573
    41.498
    41.128
    38.701
    38.892
    37.728
    39.985
    40.185
    41.338
    39.491
    43.158
    42.688
    36.966
    38.887
    40.205
    40.131
    40.078
    39.973
    40.739
    39.827
    39.688
    38.350
    39.132
    40.442
    39.231
    40.672
    40.903
    41.394
    42.910
    41.810
    43.054
    43.918
    42.896
    43.733
    42.077
    41.888
    42.659
    44.259
    43.534
    43.622
    43.450
    42.331
    41.473
    42.013
    42.806
    42.656
    42.810
    42.444
    43.017
    43.831
    44.025
    44.013
    43.983
    42.853
    43.595
    43.631
    43.901
    42.887
    44.145
    45.101
    45.125
    46.151
    46.582
    46.476
    46.530
    46.341
    46.590
    46.049
    45.881
    46.563
    47.141
    46.142
    45.006
    47.188
    46.814
    46.308
    46.819
    47.444
    49.241
    49.191
    47.149
    48.226
    48.550
    47.410
    48.525
    48.946
    47.828
    47.326
    47.081
    46.374
    46.163
    45.275
    45.241
    44.074
    44.133
    45.599
    44.864
    44.581
    44.806
    45.420
    45.372
    45.685
    45.828
    44.902
    45.077
    43.732
    43.121
    42.018
    41.065
    41.518
    40.620
    41.043
    41.029
    40.088
    40.219
    38.863
    39.065
    37.722
    37.459
    36.596
    38.053
    37.446
    38.906
    36.800
    37.436
    37.531
    38.697
    39.801
    39.806
    40.277
    41.117
    40.764
    40.597
    41.076
    41.619
    40.956
    41.942
    40.878
    40.653
    40.298
    39.983
    39.875
    39.997
    38.980
    39.587
    38.229
    39.371
    37.563
    37.662
    38.232
    37.764
    36.380
    36.161
    35.898
    35.034
    35.240
    35.379
    35.482
    35.770
    35.406
    34.348
    34.319
    33.750
    33.586
    33.502
    32.593
    31.193
    31.177
    28.978
    29.079
    29.649
    30.267
    30.824
    29.946
    30.122
    30.502
    29.996
    32.028
    31.212
    31.277
    31.323
    31.598
    33.115
    36.043
    38.742
    38.463
    36.850
    35.231
    34.328
    33.155
    33.677
    34.598
    34.809
    34.366
    32.484
    31.107
    31.014
    31.164
    31.181
    30.419
    29.934
    28.003
    27.219
    27.536
    28.745
    28.453
    27.852
    27.576
    26.118
    26.053
    25.065
    23.514
    24.403
    24.406
    25.411
    23.864
    24.083
    23.121
    23.287
    23.302
    23.846
    24.305
    24.409
    23.572
    24.514
    24.173
    22.488
    20.984
    19.706
    19.133
    18.609
    19.843
    21.040
    19.605
    19.645
    20.052
    18.892
    18.051
    17.876
    18.244
    18.451
    17.310
    17.982
    16.162
    16.237
    15.929
    15.531
    14.608
    15.394
    14.125
    14.371
    14.843
    13.940
    13.457
    13.979
    14.838
    14.037
    13.773
    13.728
    12.763
    11.655
    10.542
    10.629
     9.342
     9.338
     9.439
     7.587
     7.906
     7.778
     6.559
     7.007
     6.675
     7.923
     8.232
     8.694
     8.839
     9.694
     9.845
     9.981
    10.638
     9.965
     9.710
     8.740
     9.759
    10.157
     9.428
     8.679
     8.491
     7.571
     9.725
    10.676
     9.860
     8.447
     7.247
     6.369
     6.422
     6.976
     6.711
     6.117
     6.377
     5.320
     4.067
     4.062
     4.121
     4.510
     3.523
     4.890
     3.600
     4.106
     5.072
     5.315
     6.043
     4.613
     2.708
     2.608
     2.792
     2.688
     2.268
     1.228
    -0.974
    -1.528
    -1.670
    -1.667
    -1.576
    -2.706
    -3.949
    -4.948
    -5.683
    -4.564
    -4.669
    -3.434
    -2.457
    -2.491
    -4.570
    -4.641
    -4.198
    -5.098
    -6.256
    -4.934
    -4.342
    -2.284
    -2.263
    -2.559
    -3.103
    -1.906
    -2.220
    -1.229
    -1.143
    -0.493
    -1.688
    -1.000
    -1.292
    -0.972
    -1.003
    -0.883
     0.088
     0.136
    -1.279
    -2.337
    -3.021
    -2.867
    -1.847
    -0.740
    -1.004
    -0.786
    -0.944
     0.320
    -0.437
     1.510
     1.602
     1.763
     2.359
     2.820
     2.745
     3.512
     4.598
     3.491
     3.168
     3.283
     1.937
     2.337
     2.460
     3.007
     2.650
     2.776
     2.858
     3.849
     3.140
     3.978
     4.211
     3.762
     2.987
     3.620
     2.689
     2.927
     3.183
     2.098
     1.831
     1.486
     1.849
     1.714
     1.595
     1.968
     3.142
     3.148
     2.772
     2.786
     2.909
     1.856
     2.982
     2.645
     2.651
     4.149
     4.110
     3.849
     1.747
     3.005
     2.671
     2.566
     2.165
     2.685
     1.847
     1.580
     1.796
     1.766
     2.012
     3.121
     3.156
     3.410
     1.880
     1.922
    -1.687
    -4.048
    -4.796
    -5.203
    -7.673
    -9.446
    -7.994
   -10.261
   -11.380
   -11.845
   -11.054
    -9.490
    -9.776
    -8.895
    -9.089
    -9.828
    -9.237
    -7.476
    -7.320
    -6.192
    -5.225
    -4.343
    -4.180
    -4.167
    -5.129
    -4.034
    -4.472
    -3.850
    -3.717
    -4.392
    -4.048
    -5.062
    -5.166
    -4.886
    -6.110
    -6.289
    -6.336
    -6.834
    -7.427
    -8.529
    -8.748
    -9.507
    -9.719
   -10.550
   -11.659
   -11.358
   -11.514
   -10.805
   -11.405
   -11.884
   -11.939
   -11.335
   -10.843
   -10.922
    -9.468
    -9.911
    -9.813
    -9.060
    -9.985
   -10.673
   -11.826
   -12.751
   -14.092
   -14.700
   -14.834
   -14.489
   -14.647
   -15.046
   -16.029
   -15.842
   -15.954
   -17.271
   -18.074
   -16.819
   -16.341
   -17.020
   -17.296
   -18.767
   -19.386
   -19.319
   -17.976
   -16.721
   -14.684
   -14.541
   -14.949
   -14.796
   -15.093
   -14.927
   -14.670
   -14.378
   -14.335
   -14.662
   -15.470
   -14.360
   -14.470
   -14.397
   -13.328
   -13.731
   -14.689
   -14.586
   -14.563
   -14.304
   -13.318
   -12.013
   -10.563
   -10.213
    -9.674
   -10.353
   -11.285
   -12.032
   -11.552
   -11.994
   -10.779
    -9.521
    -7.738
    -8.930
    -9.875
    -9.748
    -7.767
    -7.900
    -8.794
    -8.943
    -8.923
    -8.792
   -10.825
   -10.962
   -10.036
   -10.993
   -11.125
   -12.202
   -12.572
   -13.995
   -13.047
   -11.810
   -12.073
   -12.068
   -11.458
   -12.451
   -13.279
   -12.513
   -11.953
   -12.161
   -12.427
   -13.634
   -12.699
   -12.895
   -12.606
   -12.694
   -12.909
   -12.001
   -11.865
   -11.875
   -11.894
   -11.057
   -12.118
   -12.986
   -12.057
   -12.143
   -13.224
   -14.194
   -15.110
   -12.952
   -13.839
   -14.671
   -16.077
   -20.126
   -23.522
   -26.784
   -29.918
   -30.269
   -34.823
   -37.105
   -41.215
   -43.501
   -44.800
   -46.031
   -46.826
   -47.664
   -48.590
   -50.832
   -51.132
   -51.410
   -49.127
   -47.686
   -45.719
   -45.149
   -44.263
   -42.439
   -40.783
   -39.497
   -37.430
   -34.830
   -32.305
   -28.217
   -26.170
   -23.672
   -21.755
   -18.850
   -16.517
   -13.977
   -13.326
   -12.056
   -10.626
    -9.736
   -10.621
   -10.822
   -10.674
   -11.714
   -10.857
   -11.753
   -11.275
   -12.208
   -12.210
   -11.881
   -12.091
   -12.318
   -12.467
   -12.016
   -10.907
    -9.734
    -8.954
    -8.571
    -7.777
    -8.283
    -9.134
    -8.100
    -7.996
    -6.943
    -8.243
    -6.684
    -5.973
    -6.134
    -6.075
    -4.852
    -4.888
    -4.552
    -2.467
    -1.632
    -1.802
    -4.076
    -5.443
    -7.852
   -10.793
   -11.518
   -11.164
   -10.390
    -7.100
    -5.699
    -0.194
     5.105
     6.165
     6.082
     7.572
     6.819
     7.795
     6.747
     6.787
     5.192
     5.122
     3.996
     1.504
    -1.553
    -4.187
    -5.299
    -3.340
    -5.311
    -7.301
    -8.433
    -8.732
   -10.713
   -12.083
   -13.007
   -11.803
   -11.219
   -13.027
   -11.853
   -10.890
    -9.605
    -9.000
    -8.318
    -9.381
   -10.341
    -9.414
    -8.229
    -8.132
    -7.740
    -7.215
    -8.037
    -8.107
    -6.787
    -4.438
    -5.511
    -6.254
    -3.264
    -2.831
    -2.486
    -3.493
    -3.380
    -2.042
    -3.234
    -3.392
    -2.677
    -3.450
    -3.251
    -2.878
    -2.147
    -3.107
    -1.722
    -2.079
    -4.602
    -5.620
    -6.743
    -8.715
   -11.051
   -10.481
    -8.970
   -11.341
   -13.178
   -14.511
   -14.788
   -15.076
   -14.811
   -12.963
   -11.716
   -11.624
   -10.579
   -11.823
   -12.008
   -11.625
    -9.897
    -9.143
    -8.307
    -7.210
    -7.241
    -6.226
    -5.995
    -5.121
    -3.993
    -4.084
    -3.984
    -1.269
    -0.908
    -2.560
    -2.585
    -1.412
    -1.632
    -1.504
    -1.771
    -0.563
     0.752
    -0.791
    -0.469
     0.973
     1.440
     1.534
     2.576
     1.534
     0.456
    -1.320
    -2.364
    -4.671
    -5.387
    -4.927
    -4.032
    -4.061
    -5.124
    -6.372
    -6.565
    -6.042
    -4.619
    -4.728
    -5.359
    -5.113
    -5.334
    -6.849
    -7.819
    -8.520
    -9.363
   -10.733
    -9.642
    -7.181
    -5.206
    -6.214
    -7.607
    -9.536
   -10.379
   -12.840
   -14.174
   -16.450
   -19.589
   -20.096
   -18.662
   -16.693
   -17.765
   -16.761
   -17.020
   -16.719
    -4.026
    39.670
    40.934
    33.176
    31.631
    34.978
    32.161
    34.849
    35.629
    37.727
    38.509
    40.167
    36.055
    36.168
    37.176
    36.635
    39.539
    41.381
    41.508
    44.788
    48.488
    45.641
    40.562
    42.934
    47.760
    53.336
    53.409
    55.249
    54.498
    55.601
    56.766
    55.613
    56.799
    56.217
    55.180
    55.516
    53.747
    46.955
    42.832
    41.624
    41.181
    38.479
    40.364
    39.917
    35.244
    34.431
    33.458
    33.020
    28.901
    28.824
    25.410
    23.144
    21.956
    18.719
    13.486
     3.483
     0.153
    -4.401
   -13.883
   -21.866
   -21.379
   -26.577
   -30.122
   -30.144
   -31.069
   -32.066
   -32.417
   -30.030
   -25.857
   -27.104
   -28.662
   -27.219
   -30.746
   -32.048
   -33.561
   -33.029
   -30.373
   -31.144
   -32.028
   -29.154
   -26.560
   -29.088
   -28.446
   -25.979
   -24.374
   -26.863
   -27.708
   -25.172
   -27.820
   -28.550
   -26.118
   -26.481
   -25.236
   -24.835
   -27.844
   -29.451
   -31.694
   -30.666
   -29.579
   -30.594
   -27.630
   -24.275
   -22.607
   -20.974
   -16.494
   -13.122
   -11.032
   -10.965
    -9.267
    -8.187
    -6.445
    -5.144
    -4.728
    -2.828
     2.288
     7.610
    10.248
    11.369
    16.089
    22.111
    25.225
    25.063
    25.511
    30.171
    39.422
    40.413
    37.948
    41.189
    39.840
    31.291
    37.467
    52.041
    35.396
    18.895
     5.067
    23.496
    22.841
     5.329
    -9.549
   -10.215
   -10.882
   -15.816
   -22.857
   -21.227
   -23.725
   -27.978
   -22.070
   -16.523
   -16.820
   -11.185
   -16.862
   -24.615
   -21.633
   -11.402
   -12.074
   -13.052
   -13.141
    -6.396
    -3.585
    -4.988
    -8.064
    -6.246
    -5.420
    -1.115
    -8.486
    -4.661
    -6.579
    -0.684
    -6.443
   -11.631
   -23.073
   -29.721
   -30.471
   -14.426
    -7.265
   -17.367
   -23.879
   -22.003
   -17.766
   -11.987
    -9.847
    -7.505
   -19.828
   -30.220
   -32.661
   -41.233
   -40.866
   -39.441
   -32.108
   -26.276
   -24.393
   -15.759
   -17.423
   -20.028
   -29.981
   -29.445
   -32.367
   -24.658
   -18.497
   -13.434
   -15.732
   -13.677
   -11.967
   -10.416
    -6.306
    -7.497
   -12.051
    -6.466
     0.625
     4.263
     5.395
     2.055
    -3.832
    -3.254
    -7.859
    -5.153
    -9.797
   -13.827
   -14.509
   -19.131
   -21.537
   -24.684
   -30.187
   -28.911
   -24.874
   -29.035
   -28.603
   -31.108
   -32.267
   -33.677
   -32.074
   -33.606
   -35.118
   -30.963
   -28.964
   -33.903
   -33.972
   -33.072
   -38.785
   -38.945
   -46.003
   -45.099
   -43.279
   -43.244
   -38.952
   -41.368
   -42.612
   -45.556
   -45.108
   -49.769
   -51.245
   -51.679
   -53.432
   -57.872
   -57.777
   -53.947
   -51.845
   -64.185
   -61.112
   -64.980
   -58.988
   -59.894
   -62.090
   -61.575
   -63.978
   -58.010
   -43.626
   -47.614
   -59.298
   -64.306
   -68.635
   -63.293
   -60.067
   -65.078
   -77.779
   -75.777
   -76.648
   -79.097
   -83.711
   -83.433
   -81.945
   -80.374
   -75.915
   -73.839
   -73.209
   -74.867
   -72.407
   -68.969
   -70.778
   -74.125
   -73.366
   -68.677
   -67.497
   -67.690
   -70.692
   -70.575
   -70.246
   -70.330
   -67.786
   -66.419
   -69.168
   -66.651
   -58.072
   -56.380
   -57.270
   -60.732
   -63.870
   -62.809
   -60.282
   -62.773
   -57.351
   -54.436
   -51.474
   -61.043
   -58.428
   -62.710
   -60.645
   -55.645
   -57.566
   -50.964
   -52.327
   -45.801
   -42.983
   -44.700
   -44.135
   -44.450
   -44.085
   -41.932
   -45.133
   -38.316
   -37.938
   -41.760
   -46.958
   -50.740
   -52.772
   -54.424
   -57.478
   -56.951
   -52.478
   -55.665
   -57.132
   -61.825
   -59.269
   -58.403
   -63.155
   -65.382
   -64.641
   -63.788
   -57.523
   -63.952
   -68.468
   -65.006
   -67.317
   -71.364
   -72.729
   -76.152
   -76.893
   -72.396
   -74.052
   -74.438
   -74.891
   -82.025
   -75.187
   -67.734
   -83.624
   -86.234
   -81.188
   -69.923
   -63.811
   -77.408
   -78.706
   -69.810
   -76.146
   -76.649
   -79.956
   -88.731
   -90.686
   -83.958
   -86.993
   -84.041
   -77.203
   -76.728
   -73.200
   -71.723
   -66.692
   -68.854
   -68.935
   -69.424
   -73.300
   -73.438
   -74.705
   -75.304
   -76.326
   -75.922
   -74.049
   -72.201
   -68.671
   -67.699
   -68.970
   -65.528
   -64.583
   -68.055
   -66.079
   -63.147
   -62.595
   -61.901
   -63.424
   -64.527
   -64.886
   -65.141
   -68.774
   -64.265
   -59.125
   -55.933
   -60.314
   -62.832
   -55.272
   -57.278
   -57.022
   -57.459
   -54.971
   -53.116
   -52.680
   -55.869
   -55.113
   -56.238
   -53.780
   -54.935
   -54.555
   -53.099
   -56.109
   -57.390
   -58.533
   -59.353
   -59.447
   -60.251
   -60.647
   -56.931
   -56.006
   -54.621
   -57.969
   -56.880
   -52.956
   -51.787
   -51.872
   -54.213
   -57.106
   -58.812
   -55.339
   -43.309
   -52.319
   -63.009
   -66.361
   -60.821
   -57.374
   -59.687
   -60.965
   -60.605
   -60.300
   -58.224
   -56.972
   -57.629
   -55.560
   -53.660
   -51.442
   -48.966
   -45.364
   -44.252
   -49.537
   -47.029
   -45.242
   -44.197
   -42.724
   -44.696
   -42.689
   -41.668
   -40.695
   -39.616
   -37.676
   -35.582
   -32.797
   -35.963
   -32.964
   -31.366
   -28.834
   -30.013
   -29.099
   -29.142
   -28.088
   -25.324
   -25.618
   -25.438
   -23.686
   -21.826
   -21.003
   -19.370
   -18.250
   -16.813
   -15.258
   -12.554
   -11.290
   -10.824
   -11.932
   -12.014
   -10.845
   -12.087
   -10.798
   -11.626
   -11.660
    -9.516
   -11.960
   -13.697
   -13.948
   -13.792
   -12.579
   -13.029
   -14.981
   -15.317
   -14.967
   -14.248
   -15.141
   -15.715
   -17.600
   -17.247
   -17.414
   -17.716
   -18.751
   -18.570
   -17.511
   -17.346
   -17.721
   -18.940
   -19.884
   -20.047
   -19.145
   -20.113
   -19.579
   -22.641
   -22.576
   -22.832
   -22.258
   -20.689
   -21.486
   -19.389
   -19.859
   -18.353
   -19.054
   -18.723
   -17.684
   -15.045
   -13.413
   -11.143
   -11.583
    -8.896
    -7.107
    -4.125
    -5.663
    -5.286
    -4.887
    -1.191
    -0.226
     1.442
     2.837
     2.044
     1.330
     3.234
     3.988
     3.746
     4.823
     5.727
     6.118
     9.316
    11.621
    14.699
    15.723
    14.564
    16.555
    16.832
    17.627
    19.578
    24.214
    25.219
    25.701
    24.109
    27.115
    26.532
    26.208
    26.312
    28.831
    27.997
    27.348
    26.298
    28.517
    28.264
    27.664
    27.254
    27.470
    27.492
    29.422
    29.308
    29.503
    30.672
    31.530
    29.935
    29.666
    31.848
    32.197
    34.577
    35.188
    35.019
    35.072
    35.684
    36.051
    37.366
    36.802
    37.349
    35.639
    33.624
    35.557
    34.609
    34.844
    34.578
    33.745
    33.804
    32.588
    34.090
    36.080
    35.369
    36.325
    37.140
    34.880
    36.215
    37.090
    36.392
    34.704
    33.316
    31.141
    29.471
    29.580
    29.081
    28.336
    27.602
    26.134
    24.805
    24.658
    25.241
    25.425
    27.349
    26.454
    26.516
    26.658
    27.636
    28.130
    27.794
    28.441
    27.244
    28.500
    29.905
    30.267
    29.123
    29.530
    30.130
    29.814
    28.054
    29.988
    30.269
    31.518
    33.169
    33.622
    35.450
    35.528
    36.165
    37.598
    37.014
    37.099
    40.391
    41.528
    44.190
    47.774
    47.605
    48.280
    51.341
    54.158
    56.343
    56.219
    55.711
    55.763
    55.607
    55.838
    56.122
    54.174
    53.139
    53.675
    52.153
    53.605
    54.312
    53.392
    52.939
    54.411
    57.876
    57.918
    58.763
    58.829
    58.716
    60.751
    61.536
    60.891
    61.710
    62.557
    63.102
    63.335
    64.412
    65.527
    62.640
    65.047
    64.062
    64.470
    65.627
    65.896
    66.247
    67.494
    67.098
    67.584
    66.139
    66.590
    67.568
    68.249
    68.274
    69.000
    68.846
    67.898
    67.952
    68.147
    69.143
    68.479
    67.374
    65.187
    63.600
    63.458
    62.827
    60.287
    61.197
    60.386
    58.919
    56.729
    54.693
    55.508
    54.721
    55.068
    53.943
    52.655
    51.664
    53.195
    53.329
    53.209
    53.121
    54.220
    54.158
    53.959
    53.711
    52.642
    51.816
    51.707
    51.056
    49.430
    47.628
    49.037
    48.584
    50.132
    50.147
    50.856
    54.657
    52.162
    50.459
    49.783
    48.522
    47.214
    45.461
    46.608
    47.371
    47.258
    48.676
    47.441
    46.617
    44.920
    45.843
    42.308
    38.955
    37.761
    38.184
    39.444
    37.418
    37.157
    36.757
    39.687
    36.621
    36.033
    34.342
    35.227
    35.558
    34.590
    35.786
    35.607
    36.927
    37.640
    38.008
    38.358
    35.542
    34.722
    32.765
    32.617
    32.088
    34.349
    33.957
    34.554
    34.961
    34.434
    34.451
    35.939
    35.753
    35.655
    35.419
    35.946
    36.178
    37.540
    35.820
    35.182
    34.377
    32.228
    33.253
    31.813
    29.188
    25.707
    24.538
    22.851
    19.152
    18.489
    16.169
    15.264
    12.642
    11.643
    12.670
    12.652
    13.046
    12.939
    12.409
    11.155
    12.534
    13.878
    13.673
    12.836
    12.043
    12.264
    12.040
    10.010
     9.726
     7.911
     7.989
     7.386
     5.232
     4.387
     2.520
     1.779
     0.847
     1.605
     1.977
     2.466
     2.137
     2.207
     1.938
     0.853
    -1.199
    -1.108
    -4.655
    -5.666
    -7.114
    -9.275
    -2.498
    -4.843
    -8.628
    -8.521
    -6.896
    -7.933
    -5.288
    -4.696
    -5.067
    -5.772
    -6.602
    -3.816
    -3.028
    -2.003
    -0.291
    -0.356
     0.770
    -0.008
    -0.294
     2.936
     2.201
     1.836
     0.605
     3.547
    -1.456
    -4.107
    -6.055
    -3.457
    -1.801
     0.591
     1.472
     2.444
     1.456
    -0.239
    -1.187
     0.213
    -0.714
    -0.789
    -1.655
    -0.256
     0.091
    -0.608
     0.149
     0.595
     0.430
     1.443
     1.390
     1.598
     1.689
     2.276
     2.477
     3.194
     3.651
     4.460
     6.494
     7.176
     4.406
     4.368
     4.652
     7.028
     8.156
     9.995
    10.711
    10.005
    10.524
     9.369
     9.314
     9.475
     9.279
     9.292
     8.064
     7.857
     7.129
     9.613
     9.311
     9.514
    10.979
    11.987
    13.054
    13.830
    12.993
    13.735
    16.415
    15.066
    15.467
    16.142
    17.097
    16.910
    16.974
    16.509
    16.128
    14.343
    14.757
    16.072
    16.476
    15.100
    14.178
    15.804
    15.921
    16.009
    16.643
    14.841
    13.729
    12.790
    13.542
    13.471
    12.224
    10.473
     9.488
    10.657
    10.684
    10.319
     7.981
     9.040
     9.992
    11.063
    10.839
    11.290
    10.778
    10.060
    11.019
    11.150
    11.210
    11.089
    10.810
    11.051
    10.792
    11.054
    10.697
     8.781
     7.666
     8.768
    10.118
    11.374
    12.478
    14.281
    14.650
    12.476
    11.199
    12.668
    13.793
    15.644
    14.478
    15.799
    17.102
    17.571
    16.150
    14.232
    14.929
    15.450
    16.810
    17.549
    12.153
    11.296
    11.736
    13.926
    14.269
    15.799
    14.636
    13.488
    15.256
    14.426
    14.478
    14.412
    14.307
    13.752
    14.149
    13.087
    11.853
    11.027
    10.891
    10.883
    10.972
    10.856
     9.654
     9.867
     9.840
    10.790
    10.717
     9.836
     9.736
     9.810
     9.822
     9.961
     9.652
     9.657
     9.699
     9.938
     8.928
    10.235
     9.806
     9.543
    10.190
     9.946
    10.019
    10.976
    10.025
     9.682
     9.932
     8.569
     8.663
     7.783
     6.815
     6.809
     7.056
     7.163
     7.137
     6.629
     5.865
     5.892
     7.027
     7.947
     7.720
     7.956
     7.965
     7.691
     6.387
     5.769
     4.221
     4.570
     3.212
     3.642
     3.593
     3.727
     3.880
     3.754
     3.507
     2.511
     1.829
     1.928
     1.628
     1.797
     1.845
     1.665
     1.932
     1.918
     2.106
     2.143
     1.204
     1.270
     0.893
     1.105
     1.207
     1.274
     1.984
     1.384
     1.195
     0.966
     1.260
     2.413
     2.173
     2.175
     2.302
     2.536
     3.384
     2.433
     2.381
     2.158
     2.424
     3.594
     3.366
     3.550
     4.639
     4.490
     4.191
     4.434
     4.067
     4.395
     4.477
     3.368
     3.382
     2.600
     2.619
     2.646
     3.666
     3.883
     2.698
     3.735
     2.685
     3.723
     5.037
     4.996
     4.901
     5.491
     4.598
     4.410
     3.399
     3.507
     4.278
     3.744
     3.503
     3.605
     4.050
     4.877
     5.591
     5.363
     5.681
     6.703
     6.875
     7.989
     7.834
     9.351
    10.273
    13.179
    12.399
    13.273
    14.238
    14.072
    14.102
    12.866
    11.635
    10.647
    10.603
     9.343
     8.465
     8.305
     8.345
     9.994
     9.012
     8.957
     9.261
     9.399
     9.381
    10.394
     9.323
    10.543
     9.348
    10.083
     9.385
     9.362
     9.080
     8.537
     7.257
     7.171
     6.967
     7.292
     7.217
     6.226
     6.146
     5.174
     4.319
     4.088
     4.327
     4.363
     4.355
     5.537
     5.540
     5.272
     5.431
     5.636
     5.226
     4.425
     3.965
     3.254
     3.380
     3.167
     2.931
     3.220
     3.080
     3.175
     3.322
     3.444
     3.251
     2.332
     3.247
     3.390
     3.295
     3.440
     3.252
     3.448
     3.513
     4.564
     3.680
     5.447
     4.677
     4.348
     4.684
     5.804
     5.470
     5.811
     5.517
     5.441
     4.437
     4.602
     5.388
     5.453
     5.590
     4.822
     5.359
     5.553
     5.053
     6.536
     5.509
     5.610
     4.152
     4.400
     4.325
     4.434
     3.305
     3.258
     3.231
     4.518
     4.064
     3.752
     2.736
     1.514
     2.911
     2.938
     3.985
     4.225
     5.237
     6.454
     6.705
     7.617
     7.919
     7.658
     7.270
     7.703
     6.323
     6.298
     5.402
     5.879
     4.841
     4.284
     3.975
     4.003
     4.100
     4.169
     3.874
     5.035
     3.906
     4.236
     4.559
     5.430
     5.658
     7.484
     6.427
     5.142
     5.338
     5.257
     5.148
     4.478
     4.167
     4.391
     4.091
     5.193
     4.183
     3.107
     2.249
     3.711
     4.239
     4.233
     4.193
     5.062
     4.376
     4.613
     4.350
     5.602
     6.889
     7.841
     7.472
     7.647
     7.610
     6.804
     7.642
     6.465
     5.649
     6.691
     6.077
     7.868
     7.690
     6.771
     7.506
     7.063
     6.717
     7.442
     8.179
     7.075
     7.040
     7.291
     7.128
     8.200
     8.128
     8.167
     8.092
     8.088
     8.384
     8.009
     7.969
     8.069
     7.963
     8.280
     8.832
     8.217
     8.312
     7.322
     7.130
     7.285
     7.359
     8.268
     8.263
     8.312
     8.129
     7.467
     7.352
     7.116
     6.843
     7.129
     8.092
     8.440
     8.087
     8.153
     7.357
     9.216
     9.084
     8.677
     8.986
     9.428
     9.072
     9.273
     7.897
     7.261
     7.048
     7.053
     7.109
     7.341
     7.201
     8.480
     8.241
     8.233
     7.063
     8.135
     9.020
     9.423
    10.044
     9.437
    10.141
     9.414
     9.076
    10.475
    10.134
    10.589
    11.476
    11.606
    11.381
    11.146
    11.091
    11.300
    11.654
    12.154
    11.938
    13.049
    12.245
    11.669
    10.271
    10.395
     9.691
     9.709
     9.565
     8.282
     6.188
     6.152
     5.335
     5.408
     3.906
     4.187
     4.143
     4.159
     3.130
     4.334
     4.268
     2.985
     4.433
     5.464
     5.640
     5.769
     5.364
     5.492
     6.005
     5.288
     5.370
     5.535
     5.678
     5.934
     6.675
     5.597
     4.396
     4.515
     5.201
     4.643
     4.232
     3.687
     4.481
     2.699
     3.402
     2.463
     2.304
     3.692
     3.363
     3.757
     3.635
     4.483
     4.371
     4.343
     4.480
     4.552
     5.450
     4.694
     6.457
     5.950
     5.782
     6.722
     6.831
     6.900
     6.599
     6.760
     6.695
     7.045
     6.780
     7.184
     8.096
     8.066
     8.195
     7.787
     6.638
     6.076
     6.964
     8.148
    10.436
    11.378
    11.311
    11.336
    12.218
    11.210
    10.884
    11.319
    11.436
    12.291
    11.946
    12.018
    10.950
    10.715
    10.541
     9.725
     9.477
     8.750
     9.690
     9.836
     9.753
     9.570
     8.778
     8.940
     8.810
     8.741
     8.874
     8.835
     8.752
     9.056
     9.532
     8.710
     8.997
     9.998
     8.841
     8.555
     7.866
     8.135
     7.832
     6.858
     7.078
     6.717
     7.805
     6.725
     5.688
     5.910
     6.564
     4.904
     4.783
     4.761
     5.686
     5.108
     5.662
     4.746
     3.857
     4.768
     3.506
     3.598
     3.665
     2.331
     0.854
     1.708
     1.750
     0.719
     0.940
     0.785
     0.683
     0.544
    -0.914
     0.016
    -0.203
     0.173
    -0.028
    -0.176
    -0.414
    -1.385
    -3.452
    -4.101
    -4.738
    -6.046
    -8.236
    -9.145
   -11.335
   -10.864
   -10.230
   -10.716
    -8.579
    -6.812
    -6.571
    -6.397
    -7.006
    -6.427
    -7.825
    -9.059
    -9.558
    -7.721
    -8.584
    -9.742
    -8.856
   -10.995
   -11.893
   -12.770
   -12.552
   -12.552
   -12.411
   -13.602
   -12.513
   -13.212
   -11.884
    -9.846
   -11.402
   -13.388
   -15.153
   -15.457
   -16.026
   -15.808
   -15.237
   -15.620
   -16.671
   -19.191
   -19.381
   -17.891
   -17.709
   -16.641
   -16.132
   -17.720
   -17.575
   -18.442
   -18.332
   -17.751
   -16.336
   -18.353
   -19.016
   -20.730
   -19.886
   -21.464
   -20.051
   -19.492
   -17.405
   -14.114
   -10.236
    -8.493
   -11.969
   -13.516
   -10.165
    -5.483
    -3.874
    -4.303
    -6.922
    -7.617
    -8.242
   -10.141
   -11.538
   -15.697
   -18.429
   -20.644
   -19.338
   -21.999
   -21.527
   -21.479
   -22.161
   -21.101
   -19.543
   -16.176
   -12.832
    -9.332
    -8.297
    -9.657
   -10.886
   -11.689
   -12.936
    -9.916
   -13.920
   -16.142
   -23.593
   -25.670
   -24.287
   -24.618
   -20.078
   -18.596
   -17.449
   -14.380
   -14.615
   -14.350
   -13.720
   -11.248
   -10.174
    -9.623
    -9.197
    -9.879
    -9.883
    -8.765
    -6.650
    -3.740
    -2.068
    -2.083
    -1.603
    -1.076
    -2.758
    -1.249
    -2.059
    -4.612
   -15.383
   -22.165
   -18.278
   -16.117
    -9.184
   -25.691
   -25.058
   -19.547
   -15.741
   -22.028
   -25.177
   -29.790
   -29.502
   -35.413
   -41.394
   -45.428
   -40.675
   -38.142
   -34.382
   -34.200
   -34.904
   -33.208
   -30.227
   -29.083
   -30.094
   -30.379
   -27.122
   -23.419
   -21.194
   -21.635
   -21.716
   -21.994
   -22.925
   -25.112
   -25.032
   -26.355
   -24.043
   -22.861
   -21.128
   -21.365
   -20.596
   -19.015
   -15.821
   -15.123
   -10.311
    -9.487
    -8.472
   -10.286
    -9.445
    -8.780
    -7.604
    -7.660
    -8.188
    -7.059
    -6.398
    -6.716
    -7.066
    -7.552
    -7.465
    -8.652
    -9.578
   -10.113
   -11.238
   -11.944
   -11.249
   -11.008
   -10.152
    -9.077
    -9.006
    -8.044
    -7.898
    -7.744
    -7.272
    -6.672
    -6.493
    -5.675
    -5.692
    -5.288
    -5.193
    -4.590
    -4.385
    -3.746
    -3.457
    -3.193
    -4.057
    -3.574
    -3.446
    -3.130
    -3.251
    -3.129
    -2.997
    -2.860
    -2.869
    -2.714
    -2.689
    -2.554
    -2.541
    -2.440
    -2.449
    -2.342
    -2.370
    -2.294
    -2.349
