     5.576
     5.521
     5.490
     5.410
     5.354
     5.250
     5.177
     5.063
     4.973
     4.835
     4.720
     4.561
     4.385
     4.172
     4.001
     3.737
     3.532
     3.208
     2.922
     2.566
     2.244
     1.858
     1.549
     1.320
     1.116
     0.714
     0.559
     0.182
    -0.295
    -0.496
    -0.760
    -1.131
    -1.687
    -2.255
    -2.858
    -3.525
    -3.944
    -4.328
    -4.637
    -4.953
    -5.304
    -5.514
    -6.060
    -6.329
    -6.965
    -7.274
    -7.468
    -7.716
    -8.105
    -8.903
    -9.332
   -10.075
   -10.050
   -10.483
   -10.994
   -11.654
   -12.021
   -11.750
   -12.975
   -12.925
   -12.568
   -12.863
   -13.039
   -12.873
   -12.258
   -11.400
   -10.091
    -9.415
    -7.009
    -5.488
    -3.523
    -1.907
    -1.572
    -0.037
     1.302
     2.162
     1.942
     3.204
     4.095
     3.097
     4.128
     4.167
     4.648
     5.496
     7.010
     7.688
     7.950
     7.868
     7.648
     7.370
     7.047
     7.490
     8.556
     8.631
     8.406
     6.821
     7.206
     6.710
     6.782
     6.637
     6.403
     5.787
     4.817
     4.397
     4.953
     3.262
     3.282
     3.552
     2.767
     3.109
     2.998
     2.767
     2.474
     2.968
     3.357
     2.834
     1.410
     1.371
     1.391
     0.298
     0.696
     0.528
    -0.464
    -0.855
    -1.161
    -1.362
    -1.005
    -0.581
     0.095
    -0.608
    -0.874
    -1.542
    -1.930
    -2.636
    -2.418
    -3.378
    -2.154
    -2.100
    -2.160
    -2.848
    -4.026
    -2.756
    -2.493
    -1.914
    -2.484
    -1.670
    -1.407
    -2.414
    -2.292
    -1.795
    -1.496
    -1.430
    -1.077
    -2.275
    -0.620
    -0.676
    -1.103
     0.380
     0.142
    -1.056
    -1.973
    -1.912
     0.290
     0.762
     1.903
     2.356
     2.708
     2.951
     1.905
     2.299
     2.754
     2.939
     1.593
     2.949
     1.415
     2.609
     2.556
     2.676
     2.545
     3.116
     3.188
     1.849
     2.417
     1.069
     2.008
     2.624
     2.691
     2.098
     2.947
     3.029
     2.007
     0.748
    -1.528
    -2.839
    -1.576
    -1.018
    -0.247
     0.504
     1.359
     0.504
     0.931
    -0.381
    -0.505
    -2.086
    -4.123
    -4.205
    -2.468
    -0.802
    -1.455
    -1.651
     0.000
    -1.758
    -2.765
    -5.057
    -4.545
    -5.000
    -4.409
    -4.406
    -5.603
    -5.968
    -6.483
    -5.136
    -4.631
    -6.064
    -5.760
    -6.031
    -4.759
    -4.732
    -3.170
    -2.149
    -0.813
    -0.225
     1.623
     4.039
     5.406
     6.346
     7.349
     7.200
     7.656
     6.380
     6.530
     6.574
     5.651
     5.498
     4.460
     2.477
     2.988
     1.223
     1.383
     2.171
     3.452
     1.867
     3.293
     2.218
    -1.878
    -1.571
    -1.128
    -0.334
    -1.695
    -1.999
    -1.751
    -2.996
    -1.819
    -2.321
    -3.347
    -3.301
    -3.498
    -2.757
    -2.425
    -0.964
    -2.593
    -1.456
    -1.785
    -0.627
    -1.203
    -1.601
    -3.148
    -2.341
    -2.239
    -2.468
    -2.246
    -2.323
    -3.076
    -3.936
    -3.609
    -3.041
    -3.178
    -1.816
    -1.760
    -1.636
    -2.453
    -2.585
    -2.810
    -2.690
    -1.884
    -2.580
    -1.759
    -2.390
    -1.735
    -1.376
    -2.163
    -1.569
    -1.426
     0.143
     0.364
     0.982
     0.417
    -0.246
     0.859
     0.761
     1.294
     1.690
     2.992
     2.549
     2.578
     1.999
     3.209
     3.394
     3.028
     3.987
     3.247
     6.104
     5.009
     5.995
     5.547
     5.602
     5.317
     6.936
     5.422
     4.506
     4.825
     4.998
     4.559
     5.316
     4.190
     3.604
     4.495
     4.256
     4.486
     3.412
     4.199
     5.204
     5.148
     4.543
     4.808
     4.834
     3.343
     2.282
     2.222
     0.977
     0.985
     0.515
    -2.010
    -0.736
    -1.016
    -2.911
    -0.912
    -2.132
    -3.100
    -2.635
    -2.689
    -2.396
    -4.020
    -1.694
    -1.636
    -3.069
    -4.532
    -3.893
    -2.450
    -1.433
    -1.872
    -1.251
    -1.195
    -1.585
    -0.293
    -1.311
     0.150
    -0.895
    -1.551
    -0.683
    -1.002
    -1.378
    -0.678
    -0.545
    -0.845
    -1.545
    -1.206
    -0.778
    -2.166
    -2.581
    -1.407
    -1.820
    -2.157
    -2.801
    -2.576
    -2.472
    -2.153
    -2.396
    -2.377
    -1.939
    -2.654
    -2.590
    -2.820
    -3.435
    -3.316
    -4.541
    -3.908
    -4.424
    -4.696
    -5.747
    -7.597
    -7.237
    -6.550
    -4.357
    -4.439
    -5.930
    -5.487
    -4.535
    -4.667
    -3.060
    -3.699
    -2.193
    -3.438
    -2.132
    -0.484
     1.900
     4.287
     5.385
     3.852
     1.799
     0.698
     2.104
     3.576
     3.685
     3.958
     3.504
     2.345
     2.668
     1.328
     0.838
     3.091
     1.951
     1.861
     1.250
     1.106
     1.691
     2.293
     1.491
     2.134
     1.995
     3.165
     1.469
     1.438
     0.255
     1.059
     2.059
     1.975
     2.607
     1.745
     1.309
     1.400
     2.932
     2.946
     3.297
     2.896
     3.062
     4.402
     2.824
     2.029
     0.613
    -0.184
     1.477
     0.385
     1.190
     2.175
     2.159
     2.217
     0.499
     0.905
     0.836
     0.852
     0.635
     1.587
     0.987
     1.505
     0.877
    -0.010
     0.127
     1.165
     0.154
     0.487
    -0.054
     0.582
     0.529
    -0.114
     0.691
     1.463
     1.730
     0.751
     1.961
     0.207
    -0.729
    -0.939
    -0.737
    -0.469
    -1.392
    -1.007
    -1.998
    -1.301
    -1.354
    -1.700
    -1.790
    -1.909
    -1.494
    -0.365
    -1.072
    -0.564
    -0.502
     1.017
     2.151
     1.297
     2.343
     2.108
     1.765
     1.817
     2.134
     2.432
     1.704
     1.670
     0.889
     1.646
     2.006
     3.980
     3.557
     2.206
     1.174
     0.519
     0.990
     2.248
     1.862
     2.024
     1.568
     0.863
     0.652
     0.053
     0.376
     0.082
     0.520
     0.665
     0.444
     1.354
     1.831
     1.164
     3.223
     0.890
    -0.172
    -0.044
    -0.372
    -1.373
     0.233
    -1.027
    -2.841
    -2.633
    -3.536
    -3.406
    -4.355
    -4.627
    -5.920
    -6.112
    -6.188
    -6.698
    -5.578
    -5.642
    -6.095
    -7.101
    -6.131
    -5.943
    -6.393
    -6.376
    -6.004
    -5.350
    -4.459
    -4.869
    -4.128
    -3.408
    -3.637
    -4.657
    -3.243
    -3.541
    -3.766
    -2.886
    -3.250
    -2.093
    -3.058
    -3.355
    -3.059
    -1.422
    -2.120
    -2.703
    -2.868
    -3.093
    -4.485
    -3.640
    -2.290
    -2.444
    -2.511
    -1.524
    -1.128
    -0.947
    -0.756
     0.351
    -0.360
     0.349
     1.601
     1.887
     2.046
     3.723
     3.955
     4.020
     1.951
     2.466
     0.311
     1.317
     1.914
     3.612
     4.151
     3.329
     3.606
     3.932
     3.472
     5.040
     4.076
     4.435
     3.450
     4.261
     4.014
     3.685
     5.271
     3.580
     3.980
     4.907
     3.592
     4.763
     5.183
     5.002
     4.496
     4.891
     5.687
     5.729
     5.046
     4.890
     5.418
     6.171
     6.323
     6.443
     7.198
     5.812
     5.624
     4.418
     5.364
     5.461
     5.437
     5.865
     5.108
     5.011
     4.877
     5.888
     6.014
     6.310
     6.277
     6.160
     6.160
     5.276
     3.167
     1.027
     0.586
    -0.258
    -2.401
    -2.843
    -4.737
    -4.751
    -6.093
    -6.147
    -4.981
    -5.712
    -3.716
    -3.515
    -3.868
    -3.933
    -3.246
    -3.147
    -3.019
    -2.349
    -0.812
    -0.929
     0.527
    -0.197
    -0.248
    -0.032
     0.735
     0.369
     0.627
    -0.197
    -0.238
    -0.310
    -0.449
    -0.357
    -1.040
    -0.293
    -1.366
    -1.065
    -1.736
    -1.804
    -2.065
    -2.709
    -3.857
    -3.352
    -3.489
    -4.664
    -3.627
    -4.240
    -4.933
    -4.653
    -4.446
    -5.189
    -5.248
    -4.748
    -4.581
    -3.723
    -5.245
    -4.322
    -5.032
    -4.970
    -6.737
    -6.422
    -6.329
    -8.169
    -7.879
    -7.676
    -7.449
    -8.145
    -8.460
    -8.399
    -9.071
    -8.418
    -8.338
    -9.029
    -7.634
    -8.520
    -8.825
    -9.091
    -9.553
    -9.000
    -7.403
    -5.536
    -5.710
    -4.893
    -4.292
    -4.069
    -3.671
    -3.050
    -3.302
    -2.861
    -2.572
    -3.344
    -2.992
    -1.660
    -0.755
    -0.948
    -1.071
    -0.721
    -0.557
    -0.085
     0.600
     0.545
     1.892
     2.754
     5.395
     5.607
     6.283
     6.860
     6.179
     6.549
     6.622
     7.207
     9.236
    10.520
    11.569
    10.844
     9.356
    12.102
    11.687
    12.141
    11.875
    13.566
    12.933
    11.475
    11.268
    11.876
    12.121
    11.824
    11.192
    10.849
    10.119
    10.837
    10.092
     9.799
    10.054
     9.094
    11.299
    10.536
    10.998
    10.196
    10.879
    11.056
    11.347
    10.562
    10.681
    10.757
    11.083
    11.338
    12.349
    11.712
    12.416
    12.345
    11.750
    12.055
    12.051
    11.492
    12.036
    11.944
    11.230
    10.321
    10.547
    10.614
    11.385
     9.088
     7.020
     2.713
    -0.589
    -4.078
    -6.150
    -9.022
   -11.455
   -15.541
   -18.311
   -20.862
   -21.811
   -23.240
   -25.531
   -27.087
   -28.355
   -28.479
   -29.172
   -28.427
   -29.403
   -27.649
   -26.847
   -26.530
   -26.415
   -25.015
   -24.625
   -23.838
   -21.646
   -19.560
   -16.802
   -15.084
   -12.063
   -10.867
    -7.894
    -5.972
    -4.454
    -3.527
    -2.204
    -0.589
     0.489
     1.396
     0.515
     0.530
     0.167
     1.283
     0.662
     0.177
     0.880
     0.705
    -0.670
    -1.429
    -1.609
    -1.641
    -1.227
    -0.399
     0.273
     1.477
     0.924
     0.214
     1.823
     1.172
     0.178
     0.696
     1.653
     2.384
     1.823
     1.039
     1.101
     2.178
     2.713
     2.414
     3.224
     4.559
     4.323
     5.855
     5.028
     3.475
     3.063
     0.926
     0.114
    -1.175
     0.143
    -1.106
     1.537
     3.987
     8.324
    11.199
    11.816
    12.749
    13.532
    12.542
    13.844
    13.573
    13.297
    14.397
    12.879
    11.743
    10.242
     7.596
     5.871
     6.103
     7.005
     4.669
     3.914
     3.965
     2.903
     1.552
     0.362
     0.866
     1.239
     1.537
     1.727
     1.747
     2.296
     2.703
     3.048
     2.843
     2.360
     2.921
     2.561
     2.803
     4.751
     4.906
     2.933
     2.813
     3.743
     3.815
     5.349
     4.859
     4.845
     6.376
     6.313
     6.199
     6.832
     7.114
     7.398
     5.763
     5.813
     5.823
     4.751
     5.312
     5.913
     6.156
     5.724
     5.711
     4.561
     3.027
     1.430
     0.135
    -2.564
    -2.770
    -2.673
    -3.445
    -5.077
    -6.373
    -8.444
    -8.398
    -8.287
    -8.239
    -8.308
    -6.914
    -6.356
    -5.442
    -7.227
    -7.687
    -5.945
    -5.089
    -3.916
    -4.209
    -3.942
    -3.873
    -5.202
    -3.626
    -3.572
    -2.994
    -4.100
    -2.141
    -2.016
    -0.436
    -1.563
    -1.947
    -2.166
    -1.490
    -2.094
    -1.121
    -0.677
    -0.368
     0.652
    -0.226
     0.492
     0.611
     1.223
     0.618
    -1.551
    -2.004
    -3.466
    -3.948
    -6.105
    -6.843
    -8.173
    -6.773
    -7.368
    -9.087
   -10.033
   -10.706
   -10.069
   -10.009
   -10.128
   -11.742
   -12.282
   -13.070
   -13.581
   -14.883
   -15.466
   -17.009
   -17.729
   -17.522
   -15.313
   -15.784
   -16.548
   -17.812
   -20.544
   -21.772
   -24.012
   -25.670
   -28.400
   -30.844
   -30.261
   -29.203
   -29.354
   -28.933
   -29.024
   -29.008
   -25.124
    -3.190
    19.068
    19.767
    16.475
    17.393
    18.690
    16.959
    17.088
    19.373
    19.502
    20.960
    19.490
    17.565
    18.257
    17.404
    19.565
    21.432
    21.373
    23.222
    26.166
    26.747
    24.237
    22.382
    25.261
    28.628
    32.401
    32.723
    33.849
    34.181
    36.077
    35.800
    35.492
    34.517
    34.457
    35.728
    35.842
    33.577
    29.870
    27.678
    26.503
    26.364
    26.343
    28.401
    27.633
    25.302
    25.710
    24.464
    23.013
    20.820
    19.242
    18.473
    16.158
    14.677
    12.036
     8.289
     3.494
    -2.602
    -5.924
   -14.322
   -19.402
   -19.878
   -24.810
   -27.385
   -28.216
   -29.157
   -30.391
   -30.431
   -27.921
   -26.204
   -27.479
   -28.397
   -28.318
   -30.144
   -32.785
   -33.334
   -32.405
   -31.471
   -31.239
   -30.277
   -27.363
   -26.361
   -26.577
   -26.031
   -25.052
   -24.477
   -24.762
   -24.364
   -24.539
   -25.501
   -25.379
   -22.925
   -22.829
   -21.697
   -23.044
   -24.705
   -26.253
   -27.472
   -25.975
   -27.338
   -25.570
   -20.811
   -18.522
   -16.865
   -14.739
   -13.144
   -11.056
   -10.515
    -9.186
    -9.013
    -8.315
    -7.412
    -7.799
    -7.498
    -3.592
     0.632
     3.705
     6.765
     8.531
    10.985
    18.254
    20.964
    22.531
    24.043
    31.456
    37.251
    37.904
    41.004
    48.136
    43.308
    39.588
    49.192
    52.923
    40.136
    29.077
    29.113
    37.049
    30.685
    17.636
     9.790
     8.921
     6.239
    -2.502
    -3.647
    -2.453
    -6.973
    -7.631
    -3.329
    -2.625
     0.507
     1.904
    -2.403
    -7.078
    -3.234
     3.175
     3.686
     4.892
     4.952
     8.227
     9.393
    10.256
    10.125
     9.121
    10.350
    11.492
     8.483
    10.951
     9.338
    13.049
     9.406
    -2.270
    -9.944
   -13.319
    -9.676
    -0.234
     1.755
    -4.435
    -6.653
    -6.548
    -0.713
    -2.538
    -0.816
    -7.571
   -16.056
   -21.773
   -26.162
   -32.098
   -30.356
   -28.783
   -22.148
   -17.973
   -14.765
    -9.892
    -9.709
   -12.363
   -17.359
   -18.790
   -17.206
   -11.677
    -5.345
    -1.067
     0.056
     1.253
     3.006
     6.115
     7.467
     7.354
     7.687
    13.438
    18.030
    22.488
    21.637
    19.178
    18.283
    15.440
    14.044
    16.421
    12.505
    10.671
     9.618
     7.533
     4.422
     2.365
     0.117
     1.473
     3.698
     1.791
     0.482
     1.092
     1.353
    -1.234
     0.664
     0.753
    -0.352
     3.579
     3.633
     1.647
     3.157
     1.706
    -1.841
    -1.859
    -4.336
    -3.853
    -4.094
    -1.296
     1.081
     1.645
     0.855
    -0.536
    -0.629
    -3.239
    -3.490
    -3.106
    -4.568
    -7.220
    -7.485
    -2.162
    -4.994
   -11.710
   -11.961
   -12.927
    -7.804
    -7.052
    -7.171
    -8.679
    -8.042
     0.878
    11.189
     4.197
    -2.998
    -7.399
    -7.993
    -3.806
    -2.350
    -8.510
   -15.547
   -14.445
   -15.384
   -17.315
   -19.725
   -19.099
   -18.376
   -16.113
   -12.635
   -11.329
   -10.440
   -11.250
    -8.050
    -5.637
    -5.603
    -7.492
    -7.308
    -4.030
    -3.219
    -4.228
    -3.823
    -5.216
    -5.254
    -2.715
    -1.522
    -1.794
    -4.014
     0.049
     6.875
     6.829
     4.828
     3.204
     1.445
     3.784
     5.246
     4.490
     7.069
    10.741
     7.878
     5.872
     5.299
     3.275
     5.390
     8.459
    10.570
    14.354
    15.234
    18.524
    20.592
    20.181
    21.227
    20.414
    22.883
    21.121
    22.215
    26.667
    24.928
    22.800
    17.629
    14.154
    14.429
    12.320
    11.512
    12.931
    13.835
    12.332
    10.937
     8.395
     9.714
     8.952
     6.175
     4.735
     5.811
     7.901
     9.836
     5.192
     3.233
     3.983
     2.303
    -0.689
    -3.395
    -6.454
    -6.018
    -3.847
    -4.304
    -7.496
    -8.896
    -8.926
    -4.543
    -4.759
   -14.633
   -15.218
    -9.524
    -1.175
    -1.707
    -9.902
    -6.993
    -3.768
   -10.078
   -10.374
   -13.123
   -19.997
   -19.977
   -17.909
   -18.449
   -15.161
   -12.672
   -10.744
    -9.352
    -5.874
    -3.127
    -3.745
    -4.701
    -6.160
    -9.600
   -10.338
    -9.879
   -10.982
   -11.105
   -11.028
   -10.124
    -6.816
    -5.697
    -4.884
    -4.989
    -2.491
    -4.793
    -4.994
    -1.838
    -0.595
    -0.425
    -1.536
    -1.024
    -2.085
    -3.077
    -4.293
    -5.872
    -0.938
     2.823
     3.119
     0.412
     0.102
     4.248
     2.202
     0.851
     2.478
     4.875
     7.590
     6.542
     4.397
     3.975
     4.527
     5.950
     4.654
     5.434
     4.629
     3.437
     2.606
     2.502
     2.326
     1.184
    -0.515
     0.388
     0.829
     2.054
     2.989
    -0.164
     1.935
     4.010
     5.779
     4.219
     1.771
    -1.031
    -0.907
     3.455
     6.510
     0.465
    -6.694
    -8.704
    -6.234
    -4.738
    -5.649
    -6.513
    -7.532
    -6.705
    -6.001
    -6.019
    -6.133
    -4.567
    -4.700
    -2.048
    -0.960
     2.364
     0.418
    -1.692
    -0.652
    -0.591
     1.168
     0.642
    -0.120
     1.459
     2.435
     2.071
     2.988
     3.720
     5.023
     5.746
     5.174
     6.922
     8.195
     8.597
     8.521
     7.446
     7.538
     9.153
     8.963
     9.131
     7.857
     8.726
    10.284
     9.485
    10.278
    10.404
    11.824
    12.379
    14.738
    14.185
    14.659
    13.883
    12.778
    11.943
    11.583
    10.600
    10.910
    10.936
     9.497
     7.989
     6.114
     6.371
     6.212
     6.226
     4.231
     2.773
     2.960
     1.964
     1.738
     1.174
    -1.339
    -3.192
    -2.542
    -3.717
    -4.559
    -5.270
    -6.170
    -6.747
    -6.793
    -7.403
    -8.556
   -11.419
   -10.558
   -12.522
   -13.109
   -13.357
   -15.506
   -15.114
   -16.021
   -15.688
   -16.916
   -15.754
   -16.222
   -15.460
   -15.246
   -15.548
   -16.137
   -15.074
   -13.119
   -13.655
   -13.385
   -12.524
   -10.282
    -9.702
    -8.471
    -9.664
    -9.932
    -8.916
    -8.156
    -7.764
    -6.880
    -5.652
    -6.542
    -6.641
    -4.843
    -5.461
    -5.574
    -4.985
    -4.153
    -3.499
    -2.102
    -0.758
     0.558
     1.682
     1.377
     2.084
     1.529
     2.921
     5.617
     6.783
     7.836
     7.789
     7.632
     8.758
     7.146
     5.175
     6.384
     7.349
     5.793
     5.083
     5.707
     6.214
     4.875
     4.399
     4.537
     4.082
     5.933
     5.601
     5.510
     5.272
     7.246
     7.273
     6.980
     6.563
     7.378
     9.234
    10.199
    10.113
    10.701
    10.614
    11.479
    11.934
    11.475
    12.776
    12.007
     9.382
     8.734
     8.588
     7.894
     6.925
     6.595
     5.910
     5.535
     5.477
     5.058
     5.624
     5.957
     6.903
     7.419
     5.667
     4.991
     5.672
     5.197
     3.825
     3.138
     1.722
     0.310
    -0.373
    -1.885
    -4.412
    -4.627
    -5.727
    -7.108
    -7.565
    -8.433
    -8.908
    -7.234
    -7.454
    -6.976
    -7.427
    -7.863
    -8.435
    -7.283
    -9.336
    -9.002
    -8.194
    -8.606
    -9.350
    -8.855
    -9.388
    -9.664
   -10.926
   -10.764
   -10.746
   -11.168
    -9.884
    -8.651
    -8.029
    -7.065
    -7.999
    -6.356
    -6.250
    -7.067
    -6.275
    -5.022
    -3.587
    -1.246
    -0.764
    -0.316
     1.298
     3.013
     5.102
     6.330
     5.276
     6.027
     5.051
     5.485
     3.916
     2.848
     1.139
    -0.526
     0.457
    -0.528
    -0.252
    -1.503
    -2.942
    -2.113
    -0.953
     1.050
     1.163
     1.873
     0.832
     1.684
     2.432
     2.770
     2.684
     3.561
     2.771
     4.509
     4.715
     5.099
     4.962
     3.419
     4.026
     2.772
     4.194
     4.138
     4.007
     5.366
     5.705
     5.490
     4.334
     4.603
     4.575
     5.377
     6.227
     6.076
     6.559
     6.351
     6.772
     5.937
     6.791
     6.729
     6.356
     4.702
     3.298
     2.468
     1.823
     0.582
    -0.380
     0.008
    -0.465
    -1.513
    -2.930
    -4.378
    -4.654
    -3.992
    -4.059
    -6.832
    -6.617
    -7.360
    -6.852
    -6.013
    -6.188
    -4.435
    -4.676
    -4.417
    -4.177
    -4.261
    -4.119
    -4.040
    -5.121
    -5.516
    -7.567
    -8.111
    -7.394
    -5.939
    -4.357
    -3.683
    -0.528
     1.078
     0.436
    -0.495
    -0.220
    -3.294
    -4.866
    -4.284
    -3.916
    -2.398
    -0.324
     1.657
     0.701
    -0.398
    -0.387
    -0.736
    -3.577
    -5.077
    -4.145
    -4.044
    -3.597
    -3.610
    -2.953
    -2.525
    -0.057
    -1.059
    -2.611
    -3.217
    -1.558
    -0.449
    -1.107
    -1.032
     0.509
     1.228
     2.871
     3.610
     2.897
     2.234
     1.514
     0.899
     1.494
     0.963
     3.949
     4.007
     5.316
     6.079
     5.447
     7.355
     8.054
     9.254
     8.830
     9.142
    10.640
    11.583
    12.533
    12.130
    11.887
    11.700
    10.780
     9.674
     9.319
     6.926
     4.464
     3.508
     2.346
     1.642
    -0.511
    -1.921
    -1.584
    -3.699
    -4.816
    -2.264
    -0.943
    -0.510
     0.963
     0.223
     1.490
     1.220
     2.755
     1.738
     2.409
     1.571
     2.706
     1.859
     0.997
     0.570
     0.510
    -0.004
    -0.497
    -2.496
    -2.978
    -3.271
    -4.025
    -3.933
    -3.093
    -3.212
    -3.419
    -3.953
    -1.437
    -2.763
    -3.847
    -4.643
    -6.437
    -6.443
    -8.641
   -10.526
    -8.896
    -6.268
    -8.521
    -9.960
   -10.061
    -9.646
    -7.138
    -6.795
    -6.190
    -6.808
    -6.673
    -6.272
    -3.338
    -3.378
    -0.408
    -0.884
     0.417
     0.010
    -1.208
     0.971
     2.384
     3.142
     1.958
     1.794
     2.674
    -0.798
    -3.928
    -4.267
    -2.366
    -0.704
     1.009
     1.661
     1.177
     0.129
     0.591
     0.257
    -0.647
    -0.994
    -1.910
    -1.414
    -1.719
    -1.077
    -1.473
    -0.515
    -0.500
    -1.175
     0.016
    -0.577
    -0.875
    -0.873
    -0.307
    -0.313
    -0.229
     0.142
     1.273
     3.461
     3.842
     0.288
     1.161
     0.231
     3.089
     4.112
     4.441
     5.075
     4.855
     4.276
     3.750
     4.204
     4.063
     3.937
     2.608
     2.992
     1.833
     1.821
     2.495
     1.943
     2.326
     4.300
     4.781
     4.373
     4.303
     4.337
     4.975
     5.433
     6.004
     5.482
     5.730
     5.905
     6.108
     5.589
     4.606
     3.763
     3.560
     2.776
     3.912
     3.433
     3.445
     3.309
     2.583
     3.698
     3.209
     2.280
     1.911
     1.462
    -0.573
     0.422
    -0.384
    -1.170
    -3.359
    -3.365
    -3.200
    -3.301
    -2.684
    -3.955
    -5.180
    -4.394
    -3.606
    -3.814
    -4.894
    -4.299
    -4.452
    -4.320
    -4.222
    -3.964
    -3.503
    -4.731
    -4.825
    -4.297
    -4.187
    -4.492
    -6.295
    -5.714
    -5.684
    -5.331
    -3.699
    -2.121
    -1.351
    -2.178
    -3.099
    -3.186
    -2.415
    -1.503
    -1.673
    -0.512
     0.790
     1.011
     2.418
     0.037
    -0.718
     0.857
     1.643
     2.070
     1.175
    -0.636
    -1.895
    -2.397
    -1.833
     1.573
     1.602
     0.823
    -0.382
    -0.487
     0.095
     0.087
     0.473
     0.223
    -0.580
    -0.013
    -0.446
    -1.072
    -0.993
    -1.300
    -1.031
    -0.996
    -0.338
    -1.481
    -1.631
    -0.828
     1.012
     0.300
    -0.592
    -0.632
    -0.418
     0.156
    -0.148
     0.856
     0.211
     1.128
     0.429
     1.170
     1.028
     1.915
     2.917
     2.189
     2.312
     2.931
     3.114
     3.179
     3.131
     1.977
     2.458
     2.486
     1.300
     1.311
     1.620
     1.586
     1.666
     1.313
     1.540
     0.518
     1.435
     1.774
     3.210
     3.224
     2.842
     2.209
     2.619
     1.526
     0.362
     0.287
    -0.365
     0.900
    -0.085
     0.310
     0.237
     0.182
     0.940
     0.891
     0.686
     0.114
    -0.154
    -1.042
     0.013
    -0.269
     0.187
    -0.857
    -0.784
    -0.696
    -0.769
    -1.141
    -0.749
    -0.819
    -1.901
    -1.599
    -1.319
    -1.724
    -0.995
    -2.424
    -1.585
    -2.010
    -1.148
    -1.218
    -1.594
    -1.337
    -1.091
    -1.065
    -1.776
    -1.491
    -1.128
    -1.195
    -1.598
    -0.440
    -0.640
    -0.198
     0.166
    -0.489
     0.482
    -0.064
    -0.119
    -0.707
    -1.015
    -0.683
    -1.614
    -2.281
    -1.013
    -0.711
    -1.338
    -1.761
    -1.166
    -1.492
    -1.022
    -1.061
    -1.143
    -1.457
    -0.649
    -1.621
    -1.076
    -1.753
    -2.363
    -0.713
    -1.840
    -1.354
    -2.265
    -2.424
    -1.381
    -0.463
    -0.483
    -0.001
     1.752
     0.894
     1.466
     2.440
     2.724
     4.038
     5.602
     6.271
     7.042
     6.450
     7.275
     6.646
     6.265
     5.590
     4.609
     3.998
     3.000
     2.585
     2.034
     1.242
     1.655
     1.513
     1.476
     1.647
     1.472
     2.567
     1.166
     1.605
     1.668
     1.372
     1.996
     1.148
     1.420
     0.968
     0.149
    -0.557
    -0.470
    -0.407
    -0.899
    -1.165
    -1.015
    -2.050
    -2.082
    -3.121
    -3.145
    -3.153
    -3.092
    -3.348
    -2.132
    -2.633
    -2.161
    -2.715
    -2.750
    -3.239
    -3.007
    -2.425
    -3.490
    -3.108
    -3.716
    -2.558
    -2.555
    -2.836
    -3.524
    -2.833
    -3.335
    -3.156
    -3.366
    -3.227
    -2.772
    -2.282
    -2.712
    -2.255
    -1.886
    -2.020
    -1.728
    -1.196
    -0.738
    -0.695
    -0.855
    -0.758
    -0.613
    -0.439
    -0.195
     0.079
    -0.931
    -0.203
    -0.553
    -0.241
     0.132
    -0.432
    -0.610
     0.031
    -0.260
     0.675
    -0.318
     0.427
     0.414
    -0.976
    -1.106
    -0.295
    -0.307
    -0.600
    -0.692
     0.527
     0.585
     0.412
    -0.101
    -0.050
     0.701
     0.899
     1.833
     1.984
     3.018
     2.868
     4.363
     5.655
     6.280
     5.026
     5.243
     5.543
     4.700
     4.521
     3.410
     3.082
     2.420
     2.334
     1.140
     1.978
     1.967
     1.575
     1.297
     2.055
     1.917
     1.496
     1.576
     1.717
     1.574
     2.290
     3.417
     2.163
     1.162
     0.740
     1.234
     0.385
     0.598
     0.212
     0.199
    -0.096
    -0.233
    -0.423
    -1.327
    -2.038
    -1.219
    -1.450
    -1.596
    -1.458
    -0.643
    -0.973
    -1.636
    -0.492
    -0.251
     0.466
     0.976
     1.116
    -0.028
    -0.247
    -0.006
     0.047
    -1.029
    -1.386
     0.086
    -0.960
    -0.434
     0.384
    -1.150
    -1.455
    -1.996
    -0.905
    -1.734
    -1.202
    -1.500
    -1.342
    -2.018
    -0.990
    -1.035
    -1.222
    -1.110
    -1.402
    -1.693
    -1.706
    -1.351
    -1.980
    -2.048
    -1.213
    -0.910
    -0.569
    -1.153
    -2.250
    -2.189
    -1.800
    -2.443
    -2.507
    -2.446
    -2.147
    -2.051
    -2.526
    -2.621
    -2.660
    -2.200
    -2.116
    -1.845
    -1.349
    -1.316
    -1.426
    -2.358
    -0.886
     0.479
    -0.644
    -0.647
     0.255
     0.517
     0.288
     0.405
    -0.461
    -1.783
    -1.625
    -1.363
    -2.008
    -1.500
    -0.642
    -1.037
    -1.225
    -0.401
    -0.070
     0.202
     1.261
     1.503
     2.176
     2.501
     1.661
     1.374
     3.062
     2.201
     2.898
     3.177
     3.223
     3.551
     3.497
     3.055
     3.493
     4.530
     4.253
     4.299
     4.525
     5.308
     4.431
     5.108
     5.320
     4.772
     4.735
     3.678
     3.480
     1.995
     1.387
     1.678
     1.149
    -0.293
    -0.559
    -1.390
    -1.661
    -2.325
    -2.151
    -2.647
    -1.721
    -0.914
    -0.801
    -0.142
    -0.196
    -0.129
     0.493
     0.423
     0.629
    -0.109
    -0.131
    -0.823
    -0.046
    -0.012
    -0.323
    -0.546
    -0.845
    -1.016
    -0.568
    -1.753
    -2.176
    -2.639
    -3.175
    -3.503
    -3.075
    -3.216
    -4.001
    -3.267
    -3.731
    -4.291
    -3.419
    -2.753
    -2.473
    -1.864
    -2.271
    -1.796
    -1.174
    -1.642
    -2.049
    -0.575
    -0.613
    -0.024
     0.142
    -0.703
    -0.539
    -0.554
    -0.332
    -1.050
     0.005
    -0.756
     0.125
     0.481
    -0.348
    -0.113
    -0.446
    -0.088
     0.466
    -0.038
     0.407
     1.015
     0.978
     1.598
     0.759
     1.471
     1.367
     0.967
     1.080
     2.383
     1.789
     1.598
     1.481
     1.738
     1.189
     0.470
     0.623
     0.473
     0.700
     0.424
     0.746
     0.595
     0.454
     0.179
     0.377
    -0.096
     0.221
    -0.111
     0.377
     1.028
     1.677
     1.856
     1.948
     1.513
     1.035
     0.520
     0.795
     1.164
     0.706
     1.298
     1.451
     0.825
     0.597
    -0.621
     0.675
     0.887
     1.138
     1.215
     0.517
     0.734
     1.900
     1.607
     1.277
     1.160
     0.422
     0.815
     0.748
     0.828
     0.560
     0.778
    -0.611
    -0.518
     1.068
     1.203
     0.290
     0.677
     0.479
     0.233
    -0.297
     0.816
     1.534
     2.125
     1.234
     0.793
     1.626
     1.244
     0.332
    -0.624
    -0.319
    -1.414
    -3.128
    -3.729
    -5.311
    -3.946
    -4.546
    -4.167
    -2.617
    -0.877
     0.592
    -0.208
    -0.293
     0.366
    -0.356
     0.433
     0.127
     1.180
     1.488
     1.378
     1.006
    -0.234
    -1.236
    -1.990
    -1.739
    -0.808
    -1.128
    -2.082
    -0.901
    -1.066
    -0.000
     1.062
    -0.269
    -2.035
    -2.618
    -3.496
    -3.456
    -3.183
    -2.288
    -2.689
    -4.432
    -5.484
    -4.941
    -4.699
    -4.473
    -3.095
    -2.887
    -4.557
    -5.082
    -3.441
    -4.591
    -4.173
    -3.390
    -4.209
    -6.975
    -7.946
    -7.029
    -7.985
    -6.610
    -5.064
    -2.463
    -1.823
     3.977
     5.186
     2.138
     2.633
     5.325
     9.538
    11.318
    10.136
     9.875
     9.218
     9.006
     8.130
     6.391
     3.680
     0.021
    -0.523
    -0.141
    -1.510
    -1.354
    -3.373
    -2.372
    -1.952
     0.298
     0.952
     4.736
     8.290
     8.809
     8.448
     7.401
     5.979
     6.871
     6.738
     3.144
     1.754
    -4.231
    -4.758
    -6.169
    -6.144
    -3.691
    -0.488
     0.708
     1.888
     1.687
     2.366
     4.295
     5.383
     6.352
     6.173
     7.844
     7.679
     8.564
     8.957
    11.503
    14.218
    15.503
    15.819
    16.073
    16.174
    15.382
    16.288
    16.410
    13.792
     4.505
     0.728
     2.889
     6.056
     5.361
    -4.738
    -2.453
     2.210
     1.348
    -2.847
    -5.764
   -10.029
   -11.507
   -16.093
   -21.324
   -22.896
   -20.371
   -17.861
   -16.114
   -16.052
   -17.901
   -16.682
   -14.479
   -13.360
   -14.484
   -14.196
   -11.671
    -9.536
    -8.303
    -8.374
    -8.551
    -8.473
    -9.811
    -9.864
   -10.710
   -11.622
   -10.150
    -8.604
    -7.291
    -7.300
    -7.229
    -6.015
    -3.544
    -1.704
     0.020
     2.641
     2.710
     1.081
     1.639
     2.343
     3.271
     3.429
     3.958
     4.627
     4.560
     4.195
     4.160
     3.541
     3.733
     2.515
     1.918
     1.140
     0.211
     0.073
     0.021
     0.250
     1.206
     1.688
     1.871
     2.433
     2.379
     2.497
     3.019
     3.442
     3.679
     3.994
     4.067
     4.277
     4.426
     4.614
     5.046
     5.421
     5.725
     5.598
     5.226
     5.432
     5.532
     5.633
     5.528
     5.544
     5.622
     5.620
     5.630
     5.654
     5.653
     5.683
     5.672
     5.680
     5.662
     5.673
     5.642
     5.638
     5.589
