     4.863
     5.049
     5.349
     5.514
     5.796
     5.942
     6.209
     6.340
     6.585
     6.706
     6.926
     7.002
     7.169
     7.233
     7.387
     7.373
     7.427
     7.383
     7.425
     7.343
     7.331
     7.166
     7.110
     6.933
     7.066
     6.755
     6.762
     6.626
     6.326
     6.213
     6.176
     5.863
     5.311
     4.823
     4.726
     4.101
     3.663
     3.258
     2.692
     2.457
     2.059
     1.519
     1.056
     0.540
    -0.291
    -0.518
    -0.735
    -1.615
    -2.010
    -2.946
    -3.379
    -4.369
    -4.743
    -5.468
    -6.041
    -7.210
    -7.633
    -7.821
    -8.828
    -9.342
    -9.383
    -9.850
   -10.034
    -9.863
    -9.438
    -8.734
    -7.491
    -6.544
    -5.373
    -5.076
    -3.380
    -2.760
    -2.615
    -2.090
    -1.300
    -0.699
    -0.664
    -0.820
     0.350
     1.408
     1.990
     2.697
     2.597
     4.193
     5.919
     6.157
     6.452
     4.551
     2.894
     2.702
     0.828
    -0.119
    -1.179
    -2.055
    -3.708
    -5.640
    -6.442
    -5.675
    -4.356
    -3.688
    -2.371
    -1.629
    -1.513
    -0.860
    -1.553
    -2.630
    -2.706
    -2.637
    -1.419
    -2.092
    -2.090
    -2.528
    -3.772
    -2.865
    -2.230
    -2.301
    -3.876
    -4.240
    -4.059
    -3.775
    -2.623
    -2.659
    -3.707
    -3.396
    -3.572
    -3.917
    -2.175
    -1.924
    -1.412
    -1.976
    -0.182
    -1.278
    -1.283
    -1.874
    -2.820
    -1.044
    -0.710
     0.809
     0.961
     0.456
     0.060
     0.961
     1.097
     2.050
     3.107
     2.309
     2.010
     1.316
     0.510
     0.452
     0.645
     1.404
     2.138
     1.681
     2.200
     1.620
     0.721
     1.674
     5.306
     3.032
     1.927
     2.113
     4.359
     4.589
     6.695
     6.901
     6.922
     6.439
     6.455
     6.017
     5.093
     4.906
     3.523
     3.881
     3.835
     2.922
     2.932
     1.936
     2.879
     1.944
     2.894
     1.941
     0.489
     0.428
     1.423
     1.902
     2.877
     2.315
     3.094
     5.643
     4.098
     2.250
    -0.346
    -2.531
    -3.512
     0.324
     1.118
     4.064
     6.135
     6.833
     6.825
     5.836
     4.477
     0.445
    -2.278
    -0.777
     3.331
     5.534
     5.573
     5.225
     7.168
     7.898
     8.675
     5.595
     7.709
    10.194
     8.223
     7.368
     9.068
     7.737
     7.178
     7.560
     5.482
     0.686
     0.836
     0.093
    -1.926
    -3.592
    -4.752
    -5.017
    -5.807
    -5.514
    -6.392
    -3.261
    -5.345
    -5.288
    -3.752
    -5.158
    -8.759
    -9.650
   -10.005
   -10.906
   -12.818
   -11.802
   -13.331
   -15.427
   -12.928
   -14.377
   -14.005
   -15.436
   -10.092
   -11.279
    -6.440
    -7.922
   -15.823
   -17.469
   -15.152
   -12.602
   -12.231
   -14.049
   -12.846
   -11.592
   -11.591
   -11.018
    -9.337
    -9.551
    -9.394
    -6.628
    -5.141
    -3.719
    -1.675
    -2.613
    -2.584
    -2.970
    -0.632
    -0.288
    -0.123
    -0.841
    -0.423
    -0.432
     0.225
     2.564
     2.295
     2.007
     1.438
     2.984
     3.070
     4.977
     5.844
     6.116
     6.868
     6.944
     7.187
     6.960
     5.896
     5.864
     7.407
     6.535
     6.936
     7.553
     8.447
     9.619
     9.170
    10.687
    11.752
    11.137
    10.156
     9.487
     9.100
     7.805
     6.070
     7.144
     8.623
     6.770
     7.803
    10.263
     8.204
     7.830
     7.533
     8.608
     8.885
     8.262
     6.552
     5.643
     6.023
     6.813
     8.128
     8.400
     7.130
     6.390
     5.151
     5.160
     5.113
     3.616
     2.477
     3.424
     3.516
     5.534
     3.514
     3.358
     3.510
     3.818
     4.167
     5.887
     6.486
     7.285
     8.193
     2.309
     1.148
     1.444
     3.371
     3.015
     1.416
     0.737
     0.223
    -0.888
     1.256
    -0.389
    -2.594
    -3.250
    -5.042
    -4.658
    -4.928
    -4.813
    -2.510
    -5.060
    -6.097
    -7.537
    -9.162
    -7.806
    -9.116
    -9.408
    -8.566
    -7.864
    -8.167
   -10.224
   -10.191
   -10.741
   -10.053
   -11.867
   -11.401
   -10.216
   -10.631
   -10.453
    -9.922
    -9.279
    -9.533
   -10.310
   -10.557
    -9.429
    -8.695
    -9.038
    -8.053
    -7.958
    -7.903
    -8.049
    -7.491
    -6.575
    -7.181
    -5.636
    -3.468
    -3.817
    -4.468
    -5.187
    -4.739
    -4.465
    -3.925
    -1.827
    -3.148
    -2.636
    -4.169
    -5.010
    -2.043
    -0.915
    -0.389
    -1.559
    -0.461
    -0.953
    -2.412
    -2.146
    -3.062
    -2.194
    -0.578
    -1.475
     1.373
     4.252
     8.328
    10.540
     9.841
     7.090
     4.613
     3.414
     2.282
     2.496
     4.648
     4.761
     4.502
     2.411
     0.618
     0.423
     0.852
     2.124
    -1.630
    -2.398
    -3.218
    -1.424
     2.404
     4.541
     6.210
     7.009
     8.204
     6.977
     5.479
     2.936
     5.390
     8.097
    13.722
    14.359
    16.387
    15.235
    15.296
    15.970
    20.189
    19.223
    17.098
    17.084
    17.656
    15.787
    13.342
    13.464
    11.230
    11.123
     8.543
     9.103
     9.230
     9.260
     7.530
     5.704
     4.823
     2.633
     0.686
     1.621
    -1.113
    -1.342
    -1.492
    -1.368
    -5.342
    -6.310
    -7.614
    -8.711
    -7.937
    -8.959
    -8.413
    -7.871
    -5.472
    -5.929
    -5.715
    -7.357
    -7.353
    -6.034
    -7.459
    -7.349
    -6.094
    -6.073
    -6.168
    -8.042
    -9.840
    -9.479
    -9.584
    -8.642
    -8.667
   -10.203
   -12.145
   -13.077
    -8.189
    -7.149
    -6.895
    -7.584
    -7.340
    -5.921
    -5.806
    -3.899
    -5.458
    -7.393
    -6.972
    -5.500
    -4.539
    -4.225
    -6.372
    -5.122
    -7.748
    -5.447
    -3.309
    -2.342
    -1.223
    -2.020
    -3.716
    -5.006
    -5.814
    -5.129
    -3.510
    -2.511
    -3.003
    -2.186
    -2.282
    -2.126
    -2.350
    -0.153
     1.207
     0.726
     3.050
     3.340
     5.125
     7.162
     6.613
     5.557
     3.278
     4.332
     4.992
     6.479
     7.771
     7.712
     7.007
     6.738
     7.094
     7.338
     8.321
     8.746
     8.072
     8.266
     8.805
     6.872
     6.088
     7.016
     6.705
     5.350
     4.744
     4.962
     4.066
     4.217
     4.444
     5.465
     6.651
     6.400
     4.588
     3.647
     1.803
     0.692
    -0.981
    -1.574
    -3.114
    -3.130
    -2.882
    -3.307
    -3.463
    -4.018
    -3.310
    -3.856
    -2.119
    -0.213
     0.883
     0.268
    -0.229
    -0.390
     0.184
     0.809
     0.512
     0.846
     0.792
     1.388
     1.396
     1.235
     1.858
     1.581
     0.191
     0.127
    -0.956
    -0.389
    -0.243
    -0.230
    -1.017
    -3.572
    -3.969
    -4.664
    -4.354
    -4.790
    -3.850
    -4.719
    -6.127
    -4.761
    -6.580
    -6.635
    -6.725
    -5.994
    -7.560
    -6.829
    -5.979
    -5.238
    -3.949
    -5.054
    -5.094
    -4.425
    -2.777
    -4.790
    -4.126
    -1.589
    -2.341
    -1.317
    -1.964
    -1.688
    -1.339
    -0.125
     0.248
     0.402
     0.623
     0.759
     1.612
     0.876
     0.081
     1.997
     2.109
     1.990
     2.342
     1.057
     2.109
     0.368
     0.070
     2.149
     2.445
     2.254
     3.630
     3.366
     2.859
     4.824
     3.520
     3.415
     5.635
     4.631
     5.549
     6.249
     5.971
     5.136
     4.901
     4.273
     5.393
     5.675
     6.321
     6.749
     5.962
     5.486
     5.015
     5.140
     3.627
     3.619
     1.401
     3.602
     3.702
     3.630
     2.568
     3.152
     4.153
     5.321
     4.865
     5.097
     5.959
     5.222
     5.011
     3.945
     3.452
     5.577
     6.241
     5.940
     5.346
     4.250
     4.541
     2.824
     2.580
     1.745
     2.529
     1.161
     0.074
    -1.071
    -1.276
    -1.973
    -2.637
    -3.791
    -4.544
    -7.248
    -7.424
    -7.605
    -8.171
    -6.727
    -8.553
    -8.955
   -10.763
   -12.428
   -11.571
   -11.423
   -11.165
   -11.197
   -12.270
   -11.903
   -12.984
   -12.558
   -11.839
   -12.174
   -11.440
   -11.354
    -8.372
    -9.312
    -7.552
    -6.582
    -7.446
    -7.379
    -6.617
    -6.595
    -4.375
    -2.438
    -3.503
    -4.111
    -3.620
    -4.535
    -5.641
    -7.375
    -8.469
    -6.977
    -5.431
    -4.372
    -4.467
    -3.204
    -3.939
    -2.615
    -1.992
    -0.255
     0.760
     2.411
     3.638
     3.570
     4.540
     5.282
     6.440
     6.030
     7.797
     7.915
     7.929
     9.141
     9.011
     9.054
     6.777
     7.671
     9.253
    10.922
    12.581
    12.983
    11.827
    12.715
    11.710
     9.811
     8.172
     7.910
     7.494
     7.712
     7.050
     7.793
     7.107
     6.019
     3.383
     2.948
     0.756
     2.187
     1.264
    -0.026
     0.094
     1.613
     3.914
     4.391
     4.879
     4.553
     3.672
     4.260
     5.245
     4.159
     3.671
     3.365
     4.942
     4.934
     4.981
     5.095
     5.354
     4.630
     3.882
     5.339
     3.880
     2.838
     3.389
     2.625
     1.087
     0.755
     0.699
     1.710
     0.543
    -1.661
    -1.726
    -1.388
    -2.730
    -2.525
    -2.400
    -2.065
    -1.960
    -1.335
    -1.838
    -3.559
    -5.024
    -6.369
    -6.385
    -7.483
    -5.598
    -6.332
    -5.348
    -3.753
    -3.268
    -3.601
    -1.957
    -2.058
    -1.167
    -0.446
     1.755
     2.547
     2.741
    -0.161
     1.363
     1.231
    -0.131
    -0.944
     0.372
     1.064
     0.805
    -0.596
    -1.103
    -1.883
    -2.677
    -3.454
    -3.918
    -4.422
    -5.373
    -5.812
    -6.658
    -6.348
    -6.516
    -6.375
    -5.495
    -4.637
    -6.077
    -8.012
    -6.694
    -6.206
    -7.370
    -6.845
    -8.073
    -9.689
    -9.311
   -11.175
   -10.110
   -10.027
   -10.828
   -11.522
   -11.063
   -11.423
   -10.040
   -10.168
    -9.800
   -10.787
   -10.898
    -8.564
    -6.811
    -6.154
    -6.269
    -6.230
    -7.422
    -6.538
    -3.661
    -1.265
    -2.501
    -2.032
    -2.577
    -2.563
    -3.404
    -3.472
    -3.932
    -2.587
    -2.705
    -2.444
    -1.164
     0.993
     1.022
     1.798
     5.189
     3.929
     6.647
     6.728
     6.326
     7.088
     7.056
     7.824
     8.206
    10.080
    11.412
    13.386
    13.576
    13.844
    14.947
    14.407
    15.379
    15.788
    15.355
    14.931
    15.146
    13.377
    13.930
    13.465
    16.898
    17.444
    15.696
    14.744
    14.794
    14.338
    16.979
    18.424
    18.059
    18.125
    17.958
    17.011
    13.814
    12.984
    10.272
     7.873
     7.348
     5.526
     4.548
     5.543
     5.295
     2.784
     1.756
     1.362
     0.294
    -0.396
    -2.256
    -1.360
    -3.778
    -2.351
    -0.881
    -0.048
    -0.310
    -1.642
    -2.841
    -3.982
    -3.905
    -5.347
    -5.146
    -3.860
    -2.203
    -2.182
    -2.283
    -2.835
    -2.299
    -1.542
    -1.253
    -1.987
    -2.782
    -3.333
    -4.280
    -5.673
    -5.935
    -8.116
    -8.398
    -8.970
    -8.888
    -8.722
    -8.518
    -7.202
    -6.909
    -9.350
    -7.493
    -7.830
    -7.683
    -8.439
    -9.614
    -9.788
   -13.353
   -17.542
   -16.215
   -15.442
   -14.439
   -13.978
   -13.401
   -13.716
   -12.829
   -11.958
   -12.895
   -15.116
   -17.643
   -19.430
   -20.869
   -20.394
   -21.267
   -20.846
   -20.507
   -19.487
   -19.393
   -18.127
   -16.605
   -16.525
   -16.743
   -19.250
   -21.019
   -20.174
   -20.956
   -21.990
   -23.600
   -26.424
   -30.074
   -29.068
   -30.162
   -27.544
   -29.464
   -29.239
   -28.487
   -25.938
   -24.410
    -9.991
    53.651
    70.130
    52.239
    47.925
    45.116
    46.169
    43.250
    41.990
    49.322
    51.629
    49.712
    45.539
    42.820
    36.722
    35.287
    34.233
    36.917
    38.272
    32.634
    29.606
    20.884
    15.662
    21.359
    22.962
    27.897
    26.253
    23.554
    19.302
    20.080
    20.126
    15.080
    11.900
     6.418
     5.151
     6.311
     2.260
    -3.675
   -10.199
   -13.799
   -13.245
   -13.493
    -8.979
    -6.067
    -2.818
    -2.762
    -3.241
    -6.019
    -5.869
    -1.479
     0.718
    -2.018
    -7.088
   -10.233
    -9.601
    -8.816
    -4.776
    -4.718
     4.427
     1.578
    -1.293
    -6.918
    -7.426
    -7.315
    -8.077
    -7.289
    -8.667
    -5.659
     1.060
    -1.972
    -4.460
    -5.607
    -8.620
   -11.718
   -11.373
    -9.894
    -9.657
   -13.111
   -16.762
   -12.932
    -9.922
   -10.371
    -8.347
    -5.882
    -6.292
    -7.037
    -5.618
    -6.493
    -8.485
   -12.830
   -10.044
   -10.344
   -10.690
    -8.607
    -9.923
   -11.506
   -14.041
   -18.870
   -22.875
   -25.909
   -21.438
   -15.284
    -9.544
   -12.325
   -10.923
   -12.194
   -15.740
   -17.399
   -18.349
   -22.890
   -21.754
   -23.566
   -24.232
   -26.027
   -24.120
   -21.604
   -19.427
   -20.825
   -17.924
   -15.772
   -11.218
    -6.266
    -4.726
     2.513
    12.711
    12.529
    12.789
    21.309
    31.188
    27.333
    32.380
    37.973
    42.891
    42.389
    44.202
    52.761
    52.098
    38.796
    29.398
    25.757
    28.086
    21.382
    14.990
    13.402
    12.867
     9.501
     6.391
     9.064
     8.003
     8.032
     8.506
     3.963
     3.406
     4.441
     8.413
     4.109
     4.930
     4.395
     1.195
    -1.058
    -0.075
    -0.982
     0.384
     3.068
     0.277
     3.037
     8.114
    13.324
    23.208
    19.238
    -4.033
   -13.716
    -5.050
    -3.534
    -0.413
    -4.002
    -7.146
    -4.333
    -4.233
    -4.362
    -5.616
    -4.496
   -18.282
   -19.627
   -12.191
   -11.958
   -16.907
   -13.956
   -14.082
   -13.516
   -11.087
   -11.630
   -12.227
   -12.585
    -8.259
   -11.638
   -10.802
    -9.677
    -7.628
    -4.822
     1.741
    -1.088
     0.061
     2.590
     2.273
     1.961
    -1.600
    -3.542
     2.043
     2.362
     0.618
     2.127
    -0.663
    -1.395
    -2.197
    -3.759
    -2.791
    -4.130
    -5.151
    -4.820
    -5.902
    -6.002
    -8.017
    -7.419
    -8.222
    -5.402
    -5.387
    -4.806
    -5.310
    -5.222
    -4.168
     1.079
     0.380
    -2.815
     1.221
     4.618
     3.352
     5.966
     5.563
     2.933
     2.615
     3.368
     6.633
     5.237
     5.021
     5.218
     5.068
     6.908
     5.950
     4.939
     2.537
     3.955
     2.859
     5.929
     3.758
     1.800
     8.479
    11.050
    11.640
     9.682
     8.096
     6.492
     9.070
     7.309
     5.231
     2.233
     7.812
    18.286
    12.659
     4.418
     0.064
    -3.727
     3.292
     5.861
     1.313
    -7.358
    -5.755
    -5.797
    -7.526
    -8.083
    -5.366
    -3.215
    -3.187
    -0.070
    -0.775
    -0.654
    -0.735
    -2.056
     1.732
    -1.222
    -4.473
    -3.178
    -3.338
    -4.733
    -8.185
    -8.852
    -9.668
   -11.385
   -12.015
    -8.904
   -11.103
   -12.626
    -9.427
    -4.271
    -5.534
    -8.870
   -11.223
   -12.701
   -10.396
    -9.526
    -7.285
    -5.655
    -2.107
    -5.169
    -4.897
    -3.570
    -3.024
    -3.747
    -0.985
     1.328
     2.323
     5.390
     5.960
     8.826
    11.132
    13.799
    12.740
    12.306
     9.418
     8.447
    14.574
    15.832
    13.501
     8.163
     2.655
     4.640
     1.830
     4.352
     5.261
     4.247
     2.046
     0.052
    -0.066
     3.478
     3.875
     2.653
     1.258
     2.500
     9.419
    11.888
     5.787
     3.173
     3.218
     1.305
    -1.936
    -3.230
    -4.856
    -2.714
    -0.747
    -1.169
    -5.225
    -3.473
    -1.793
     3.992
     5.793
    -5.437
    -6.995
     2.663
     8.777
     2.408
    -3.407
    -1.984
     2.696
    -5.495
    -2.378
    -1.996
    -7.057
    -6.442
    -3.149
    -3.673
    -2.120
     1.976
    -0.632
    -0.414
    -0.070
     3.827
     2.355
    -0.093
    -2.299
    -4.302
    -3.133
    -4.169
    -2.129
    -4.072
    -6.363
    -5.681
    -1.750
    -2.187
    -1.752
    -1.451
     0.173
    -3.117
    -4.396
    -1.509
    -0.151
    -0.356
    -3.236
    -0.820
    -3.706
    -3.241
    -4.448
    -5.768
    -1.273
     2.170
     5.672
     1.165
     2.898
     2.831
     0.057
    -1.160
     1.268
     3.266
     4.958
     6.070
     2.257
     1.318
     2.518
     3.054
     0.446
     2.506
     1.463
     0.765
     0.196
     1.689
     2.494
     0.100
    -0.792
     1.528
     1.362
     1.179
     2.401
    -2.230
    -0.832
     3.042
     3.660
     2.755
     1.531
    -2.765
    -6.818
    -0.189
     4.785
     0.250
    -6.693
    -8.399
    -3.968
    -0.668
    -1.167
    -2.483
    -2.587
    -3.431
    -3.063
    -2.348
    -2.110
    -2.168
    -1.281
    -1.269
    -0.131
     2.167
     1.545
    -2.611
    -2.516
    -2.880
    -0.151
    -1.565
    -3.563
    -0.849
     1.178
     1.804
     1.297
     3.484
     3.768
     4.855
     2.275
     4.186
     2.665
     3.208
     2.173
     3.289
     2.277
     3.065
     2.823
     4.276
     3.319
     1.985
     4.908
     4.498
     6.879
     5.863
     3.746
     3.877
     3.861
     4.934
     4.139
     2.519
     1.384
     1.258
    -0.236
     0.432
    -0.932
    -0.431
    -0.231
    -2.139
    -3.280
    -5.172
    -3.633
    -3.205
    -4.702
    -6.441
    -7.146
    -5.600
    -6.049
    -5.846
    -6.098
    -6.727
    -4.121
    -5.818
    -6.376
    -5.764
    -6.662
    -6.035
    -5.945
    -4.880
    -7.186
    -7.542
    -5.993
    -5.602
    -4.018
    -4.610
    -4.825
    -4.934
    -2.976
    -2.886
    -1.894
    -2.195
     0.862
     0.853
     2.293
     2.190
     3.858
     4.622
     6.915
     7.583
     6.878
     4.189
     3.007
     2.399
     3.376
     1.278
     0.278
    -0.711
    -1.289
    -3.524
    -0.720
    -0.654
     0.883
    -0.083
     2.959
     4.388
     3.173
     5.215
     7.902
    10.209
     9.048
     9.378
     8.912
     8.960
     8.783
    10.373
     9.597
    10.793
    12.686
    16.928
    18.683
    15.846
    15.406
    16.303
     6.423
     1.170
     0.246
    -2.543
    -3.375
    -4.102
    -8.470
    -6.145
    -6.441
    -6.874
    -5.766
    -6.601
    -7.153
    -4.565
    -4.439
    -4.802
    -2.707
    -0.897
    -0.943
    -0.442
     2.728
     4.065
     6.086
     6.494
     3.702
     4.260
     4.490
     4.860
     5.077
     4.186
     2.383
     0.021
    -1.361
     0.107
    -1.617
    -0.675
    -1.404
    -3.136
    -4.824
    -7.567
    -6.417
    -6.262
    -6.233
    -4.729
    -5.144
    -5.201
    -2.680
    -2.105
    -1.320
    -4.440
    -5.595
    -7.866
    -8.025
    -8.376
   -10.446
   -12.396
   -14.149
   -17.288
   -19.116
   -18.755
   -19.120
   -16.287
   -15.358
   -15.369
   -15.316
   -15.376
   -14.999
   -14.234
   -14.276
   -12.162
   -12.035
   -13.712
   -11.689
   -11.330
   -12.097
   -11.503
   -10.372
    -9.024
    -7.176
    -4.723
    -2.823
     0.944
     1.749
     4.010
     3.914
     4.295
     3.511
     2.583
     2.280
     1.026
     4.377
     9.391
    15.355
    15.588
    14.911
    16.890
    23.596
    23.998
    26.126
    25.899
    27.438
    24.762
    24.173
    22.058
    19.320
    16.145
    12.404
    10.042
     8.374
     8.126
     7.651
     5.720
     7.930
    10.912
    13.109
    13.366
    12.249
     9.826
     8.806
     9.855
     7.335
     8.496
     9.643
    10.954
    12.428
    14.939
    13.635
    12.881
     9.981
     9.750
     6.991
     6.443
     5.884
     4.707
     5.829
     6.328
     5.248
     4.346
     1.736
     1.049
     0.486
    -0.207
    -0.443
    -1.549
    -2.324
    -2.255
    -3.234
    -3.677
    -2.206
    -5.281
    -8.537
   -11.533
   -12.577
   -15.032
   -18.709
   -19.199
   -19.604
   -18.211
   -19.996
   -22.880
   -26.278
   -23.988
   -22.436
   -19.405
   -19.909
   -19.801
   -20.429
   -20.529
   -17.372
   -15.044
   -13.586
   -12.197
   -12.698
   -10.881
   -10.736
   -10.052
    -9.514
   -11.032
   -10.889
   -12.511
   -13.486
    -9.850
    -9.430
    -3.266
    -4.388
    -0.496
     4.072
     3.565
     1.321
     0.858
    -2.354
    -2.951
    -1.767
     2.008
     3.652
     9.356
    12.477
     9.908
     9.572
    10.101
     8.488
     6.376
     8.537
    10.934
    10.810
    12.301
    12.007
     9.668
    11.352
    16.907
    12.480
     7.913
     4.449
     4.743
     8.518
     5.597
     4.473
     4.974
     6.383
     8.349
     6.822
     4.414
    -1.295
    -2.847
    -7.753
   -10.182
    -7.984
    -5.070
    -5.615
    -2.454
    -2.408
    -5.577
    -1.898
    -2.129
    -1.847
    -2.394
    -4.631
    -3.177
     1.459
    -2.822
     0.191
     1.342
     4.287
     5.779
     5.998
     3.923
     4.469
     2.044
     1.656
     3.518
     2.485
     3.754
     6.930
     7.853
     5.891
     8.651
    10.332
    11.186
    13.332
    13.412
    11.466
     9.608
    11.901
     9.470
     5.598
     3.468
     2.858
     1.654
     3.167
     1.183
     1.476
     0.923
     3.416
     2.533
     0.281
    -0.842
    -0.178
    -1.630
     0.014
     1.814
     4.225
     5.440
     4.692
     4.086
     3.491
     0.986
    -1.254
    -2.302
    -7.028
   -10.187
   -16.788
   -19.546
    -3.627
    -3.471
    -2.501
    -1.735
    -0.884
    -4.774
    -4.883
    -5.248
    -6.923
    -7.136
    -5.944
     0.173
     2.876
     9.589
    11.871
     9.325
     5.618
    -5.819
   -11.219
   -12.798
   -14.178
   -13.831
    -7.584
     1.668
     1.319
     1.509
    -0.508
    -2.387
    -4.389
    -4.021
    -3.943
    -5.016
    -5.704
    -6.518
    -5.843
    -5.415
    -6.552
    -6.262
    -6.678
    -6.524
    -7.216
    -8.042
    -5.978
    -5.883
    -6.169
    -5.421
    -5.424
    -6.474
    -6.571
    -6.119
    -7.052
    -8.057
    -7.320
    -7.726
    -0.296
     4.106
     4.662
     7.547
     6.796
     9.210
     8.994
     7.072
     6.121
     4.099
     1.826
     0.481
    -0.380
     0.277
    -0.777
    -0.853
    -0.228
     0.436
     0.407
     2.704
     1.949
     1.470
     2.545
     4.285
     4.910
     4.613
     3.015
     2.180
     1.102
     2.594
     2.263
     1.243
     1.577
     1.712
     1.826
     1.571
     2.712
     0.411
    -0.302
    -1.212
     2.017
     1.270
    -0.427
    -0.838
     1.954
     1.087
     2.114
     1.475
     1.711
     1.611
     4.371
     5.010
     3.534
     1.437
     1.879
     2.760
     3.914
     3.429
     3.329
     3.566
     4.340
     4.923
     4.083
     3.914
     2.211
     0.635
    -0.122
     0.037
     0.634
     0.250
    -0.953
    -1.325
    -1.153
    -0.594
     0.274
    -0.820
     0.345
     2.223
     3.226
     4.240
     5.837
     8.612
     9.022
     8.069
     7.526
     6.877
     5.948
     6.296
     5.543
     8.206
     7.493
     5.299
     5.928
     6.178
     6.062
     4.333
     4.281
     2.681
     0.622
    -4.476
    -5.569
    -7.117
    -7.880
    -7.886
    -7.276
    -5.953
    -6.105
    -4.958
    -5.062
    -6.155
    -6.441
    -6.522
    -6.200
    -6.421
    -6.294
    -7.401
    -6.016
    -6.611
    -4.283
    -4.466
    -2.715
    -3.059
    -3.143
    -2.182
    -1.494
    -1.937
    -2.859
    -2.397
    -2.604
    -3.521
    -3.363
    -3.261
    -3.719
    -3.364
    -3.597
    -3.532
    -2.268
    -1.635
    -1.457
    -1.641
    -3.221
    -2.464
    -3.942
    -4.676
    -4.121
    -3.283
    -3.989
    -4.339
    -4.024
    -2.665
    -2.465
    -0.892
    -0.531
    -1.505
    -2.634
    -1.542
    -1.737
    -1.436
    -1.924
    -1.560
    -1.534
    -1.105
    -1.036
    -1.088
    -1.089
    -0.136
     0.647
     2.753
     2.380
     3.259
     2.723
     3.728
     2.998
     3.852
     2.547
     3.729
     3.436
     2.272
     4.293
     3.425
     3.795
     3.894
     4.318
     4.209
     3.281
     3.977
     2.899
     3.282
     1.963
     2.098
     1.201
     0.990
     1.615
    -0.142
     0.844
     1.401
     0.905
     1.533
     0.858
     1.001
     0.814
     0.030
     0.398
     0.537
     0.949
     0.822
     0.365
     1.702
     1.477
     0.324
    -0.355
     0.279
    -0.187
     0.453
     0.512
     0.121
     2.136
     2.846
     3.087
     3.219
     3.995
     3.947
     3.375
     1.803
     2.155
     1.031
     1.527
     2.526
     0.926
     0.885
    -0.328
    -0.722
    -1.155
    -1.878
    -1.086
    -1.259
    -1.655
    -1.133
     0.231
     0.752
    -0.131
    -0.114
     1.032
     0.865
     0.994
     1.153
     1.564
     1.383
     0.099
    -0.127
     1.117
     2.574
     2.012
     1.792
     2.458
     0.893
     1.447
     2.607
     1.947
     0.606
     0.914
     1.087
     0.430
     0.163
     0.829
    -0.102
    -0.011
    -0.219
     0.181
    -0.267
     0.607
     0.253
     0.170
    -1.225
    -1.180
    -1.578
    -2.382
    -1.203
    -2.453
    -2.379
    -1.608
    -1.807
    -2.086
    -1.231
    -2.882
    -2.305
    -1.650
    -0.753
    -0.844
    -1.652
    -1.980
    -1.918
    -1.928
    -0.580
    -1.341
    -0.576
    -2.123
    -2.093
    -2.649
    -1.743
    -2.108
    -2.327
    -1.960
    -1.871
    -2.285
    -1.485
    -1.979
    -2.512
    -1.968
    -1.883
    -1.371
    -1.937
    -2.182
    -1.731
    -2.236
    -1.636
    -1.461
    -1.145
    -0.381
    -1.111
    -2.008
    -1.912
    -3.164
    -2.396
    -3.781
    -3.814
    -3.126
    -3.554
    -4.145
    -4.022
    -4.709
    -4.352
    -4.654
    -4.111
    -3.892
    -4.331
    -4.044
    -3.221
    -4.079
    -3.580
    -4.559
    -6.146
    -7.055
    -6.017
    -5.375
    -3.635
    -3.154
    -2.573
    -1.648
    -0.987
     1.568
     1.010
     3.759
     4.410
     7.424
     8.632
    10.148
     9.700
    11.739
    12.434
    11.713
    10.394
     9.063
     8.352
     7.346
     6.847
     5.683
     5.322
     6.592
     6.085
     6.188
     5.789
     5.879
     4.959
     4.667
     5.371
     4.970
     4.738
     5.095
     4.264
     6.431
     5.175
     4.030
     3.309
     2.760
     2.665
     2.171
     2.569
     2.337
     1.306
    -0.216
     0.225
     0.180
    -2.749
    -1.955
    -1.558
    -0.969
    -0.991
    -0.589
     0.257
    -1.633
    -0.482
    -0.229
     0.955
     1.270
     0.643
    -0.773
     0.693
     0.294
    -1.263
    -2.120
    -4.385
    -1.975
     0.246
     2.023
     1.673
    -2.349
    -6.013
    -7.008
    -5.205
    -4.545
    -3.285
    -1.971
    -1.888
    -2.783
    -2.210
    -4.747
    -5.144
    -5.612
    -5.403
    -3.448
    -3.079
    -2.478
    -3.036
    -3.977
    -4.243
    -3.276
    -5.018
    -3.727
    -3.854
    -1.460
     0.529
    -0.975
    -0.586
    -0.608
    -0.913
    -0.572
    -1.665
    -1.171
    -0.353
    -1.567
    -1.427
    -1.930
    -1.186
     0.074
     0.082
    -0.322
    -0.873
    -0.974
    -1.609
    -2.664
    -2.757
    -1.190
    -1.845
    -1.414
    -1.597
    -1.428
    -2.358
    -1.768
    -2.286
    -1.799
    -0.215
    -0.163
     0.892
     0.645
     0.383
    -0.628
    -1.627
    -1.516
    -0.625
     0.445
    -0.397
    -1.164
    -0.907
    -0.943
    -0.253
     0.390
     0.350
     1.155
     1.355
     0.531
     1.345
     1.414
     3.069
     2.179
     1.458
    -1.033
    -0.940
    -1.122
     0.467
     2.749
     2.841
     4.540
     4.537
     4.205
     3.160
     3.867
     4.266
     4.451
     2.412
     2.065
     1.750
     0.688
     1.507
     1.506
     0.709
     1.855
     1.561
     1.828
     2.594
     3.106
     3.249
     3.677
     3.906
     3.366
     0.462
     1.452
     3.044
     2.888
     2.839
     1.610
     1.744
     1.346
     1.979
     1.984
     0.810
     1.244
     1.207
     0.969
     0.844
     0.944
     0.536
    -0.746
    -0.246
    -0.468
     0.351
    -0.289
    -0.460
    -1.758
    -1.194
    -0.089
    -1.108
    -0.983
    -0.415
    -0.571
    -0.547
    -2.079
    -1.504
    -2.260
    -2.177
    -2.736
    -2.216
    -1.908
    -1.253
     0.552
     0.520
     0.855
     0.404
     0.013
    -0.081
     0.262
     0.755
     1.224
     0.499
    -1.355
     0.483
    -0.527
    -0.884
    -0.260
     0.012
     0.347
     0.645
     0.727
     0.299
     0.045
    -0.091
    -0.436
    -1.926
    -2.007
    -2.761
    -1.873
    -1.057
    -1.061
    -2.750
    -2.031
    -1.300
    -2.249
    -2.075
    -1.572
    -2.003
    -2.967
    -4.018
    -3.792
    -2.673
    -2.625
    -1.186
    -0.989
    -0.566
    -1.700
    -1.518
    -1.428
    -1.198
    -1.718
    -2.441
    -1.864
    -1.091
    -0.708
    -1.586
    -1.691
    -2.087
    -2.474
    -2.267
    -2.783
    -3.116
    -2.151
    -1.416
    -1.311
    -0.332
    -0.677
    -0.853
    -0.645
    -0.462
    -1.974
    -0.847
    -1.940
    -1.720
     0.318
     0.612
     0.132
     0.388
     1.987
     1.234
     0.349
     1.455
     2.335
     2.300
     1.609
     3.249
     2.641
     2.325
     3.026
     4.018
     4.298
     3.264
     3.571
     3.633
     1.660
     2.265
     1.678
     2.136
     2.399
     2.074
     2.109
     3.533
     3.633
     4.756
     3.505
     3.837
     3.241
     4.160
     4.478
     4.040
     4.802
     4.247
     4.400
     3.410
     4.441
     4.517
     4.598
     4.702
     4.637
     3.096
     2.413
     3.896
     2.093
     1.789
     0.448
    -0.768
    -1.062
    -1.924
     0.287
    -1.245
    -1.901
    -2.005
    -0.641
    -0.656
    -0.848
    -0.824
    -0.563
    -0.512
    -0.763
    -1.388
    -2.346
    -2.738
    -3.711
    -3.919
    -3.863
    -4.309
    -5.337
    -5.819
    -6.167
    -6.454
    -6.814
    -8.882
    -5.462
    -4.156
    -6.288
    -4.953
    -4.724
    -2.947
    -3.534
    -3.374
    -3.937
    -3.995
    -2.704
    -3.614
    -3.574
    -3.866
    -3.835
    -4.293
    -3.319
    -4.296
    -4.256
    -4.676
    -5.509
    -4.291
    -2.415
    -4.584
    -4.145
    -1.709
    -2.042
    -0.939
    -1.411
    -2.169
    -1.423
    -1.513
    -0.705
    -2.150
    -3.566
    -1.272
    -3.762
    -3.164
    -2.585
    -1.290
     1.717
     2.180
     1.952
     3.117
     2.332
     4.013
     6.594
     5.587
     5.344
     5.574
     6.729
     7.645
     9.155
    10.679
    11.005
    12.293
    10.403
    10.103
     9.731
    10.323
    15.775
    16.101
    11.216
     5.995
     6.626
    11.189
    15.210
     7.834
     5.440
    11.124
     8.454
     8.207
     5.103
     3.223
     2.919
     1.702
    -2.241
    -3.153
    -2.380
    -1.000
    -0.241
    -1.890
    -3.876
    -2.728
    -2.525
    -0.537
    -1.941
    -2.489
    -2.832
    -1.289
    -1.304
    -1.407
    -1.516
    -1.200
    -1.674
    -1.047
    -2.964
    -3.649
    -3.789
    -3.546
    -3.736
    -4.271
    -6.086
    -6.499
    -6.161
    -7.352
    -6.420
    -4.326
    -5.086
    -5.556
    -7.040
    -7.561
    -7.262
    -7.427
    -7.658
    -6.581
    -7.063
    -7.099
    -7.483
    -6.978
    -6.433
    -6.960
    -6.893
    -7.116
    -6.772
    -6.352
    -6.294
    -6.038
    -5.050
    -4.794
    -4.722
    -4.223
    -4.362
    -3.938
    -3.761
    -3.300
    -3.108
    -2.926
    -2.896
    -2.487
    -2.407
    -2.350
    -2.054
    -1.599
    -1.036
    -0.811
    -0.932
    -0.271
     0.002
     0.402
     0.581
     0.881
     1.202
     1.580
     1.790
     2.137
     2.372
     2.722
     2.938
     3.270
     3.477
     3.815
     4.021
     4.348
     4.547
