     3.227
     3.575
     3.911
     4.244
     4.565
     4.879
     5.190
     5.491
     5.762
     6.060
     6.325
     6.561
     6.791
     7.052
     7.212
     7.394
     7.512
     7.638
     7.731
     7.924
     7.919
     7.897
     7.942
     8.006
     8.088
     8.124
     7.997
     7.965
     7.790
     7.962
     7.891
     7.430
     7.079
     6.907
     6.701
     6.310
     6.045
     5.984
     5.388
     5.296
     4.433
     4.288
     3.731
     2.932
     2.629
     2.397
     1.836
     1.284
     0.233
    -0.171
    -0.496
    -1.254
    -1.694
    -2.295
    -3.099
    -3.977
    -4.891
    -5.533
    -5.274
    -5.740
    -6.233
    -6.401
    -6.583
    -5.435
    -5.915
    -5.730
    -5.118
    -2.711
    -3.425
    -3.517
    -2.246
    -2.621
    -2.256
    -2.754
    -2.734
    -1.834
    -1.457
    -1.481
    -0.931
     0.178
    -0.872
    -0.722
     0.017
     1.400
     3.409
     4.449
     4.024
     2.249
     0.137
    -0.852
    -3.033
    -4.366
    -6.589
    -7.933
    -9.624
   -11.994
   -12.925
   -11.264
    -9.116
    -6.553
    -6.174
    -3.687
    -3.537
    -1.933
    -3.773
    -4.194
    -3.742
    -3.904
    -3.221
    -2.161
    -2.468
    -3.310
    -4.354
    -5.106
    -3.563
    -3.087
    -4.546
    -4.957
    -5.331
    -4.383
    -2.627
    -3.303
    -3.393
    -3.379
    -3.133
    -3.221
     0.031
    -0.724
    -0.239
     0.578
     1.008
     0.192
     0.377
    -0.460
    -0.681
     0.929
     2.130
     2.860
     2.571
     2.310
     2.313
     4.151
     3.902
     4.392
     4.598
     3.479
     2.204
     2.384
     1.909
     0.811
     1.085
     2.288
     3.707
     3.965
     3.274
     2.303
     3.498
     5.193
     6.939
     5.185
     3.857
     4.965
     6.392
     5.978
     6.923
     7.025
     7.153
     6.828
     7.644
     6.276
     4.067
     3.972
     3.341
     2.623
     1.755
     0.975
     0.646
     0.375
    -0.592
     0.482
    -0.348
    -1.701
    -1.292
    -2.074
    -0.140
     0.514
    -0.438
     0.036
     1.950
     2.966
    -0.125
    -1.409
    -1.821
    -3.036
    -4.635
    -4.344
    -1.709
     3.042
     4.157
     4.610
     4.573
     4.369
     2.583
    -0.359
    -1.346
     0.778
     5.123
     6.364
     5.452
     7.737
     8.793
    11.966
    11.751
    11.875
    14.499
    15.178
    13.021
    12.248
    13.838
    12.409
    13.977
    12.159
     9.140
     4.662
     6.379
     4.128
     1.904
    -0.665
    -2.986
    -3.309
    -4.625
    -5.538
    -5.770
    -3.467
    -6.341
    -6.291
    -4.616
    -9.146
   -13.400
   -14.131
   -14.784
   -16.254
   -16.595
   -16.158
   -15.992
   -16.157
   -14.445
   -15.370
   -15.821
   -16.098
   -12.155
   -12.913
    -9.812
   -10.792
   -18.028
   -19.346
   -18.643
   -16.298
   -15.164
   -15.692
   -16.535
   -14.107
   -13.631
   -12.418
   -10.353
    -9.342
    -9.026
    -6.867
    -5.354
    -4.120
    -3.418
    -4.214
    -4.776
    -3.557
    -0.369
     0.173
    -0.330
     0.352
     0.047
     1.067
     2.075
     2.721
     3.479
     2.799
     3.288
     3.624
     3.547
     6.689
     6.651
     7.332
     9.798
     8.504
     9.528
     7.232
     7.102
     8.568
     8.707
     8.797
     7.636
     8.027
     9.824
    11.193
    11.576
    12.309
    11.721
    13.604
    11.778
    10.860
    10.475
     9.838
     7.440
     8.835
     7.528
     6.607
     7.759
    10.696
     7.889
     8.040
     7.477
     7.691
     9.253
     7.618
     6.105
     6.359
     5.214
     5.927
     9.048
     8.306
     9.005
     7.263
     5.544
     5.400
     4.770
     4.035
     2.222
     2.686
     3.940
     4.877
     4.491
     3.677
     3.388
     3.577
     3.375
     4.356
     5.681
     6.162
     6.844
     2.350
    -0.557
     2.034
     3.427
     4.444
     2.827
     2.495
     0.079
     0.882
     2.622
     0.952
    -2.708
    -3.661
    -4.593
    -4.391
    -6.039
    -4.181
    -3.663
    -5.738
    -7.729
   -10.211
   -11.315
   -10.604
   -10.585
   -11.646
   -12.887
   -10.165
   -10.766
   -12.054
   -12.363
   -13.920
   -14.279
   -14.956
   -15.268
   -13.605
   -13.557
   -12.551
   -11.750
   -12.536
   -13.614
   -13.740
   -13.291
   -11.669
   -10.602
    -9.313
    -8.439
    -7.090
    -6.953
    -5.781
    -5.271
    -4.365
    -3.904
    -3.497
    -2.549
    -2.786
    -1.822
    -3.256
    -3.608
    -2.358
    -1.532
    -0.407
     0.472
     0.659
    -0.522
    -0.939
     1.153
     2.996
     2.172
     0.637
     2.511
     0.867
     0.613
    -1.322
    -2.530
    -1.741
    -0.313
    -0.920
     0.619
     2.524
     6.230
     8.418
     9.041
     7.351
     4.965
     3.459
     2.427
     3.455
     4.117
     4.199
     6.818
     4.025
     1.129
     1.010
     0.285
     0.866
    -1.914
    -1.754
    -1.562
    -1.034
     0.992
     5.336
     6.136
     8.396
    11.409
     8.718
     6.721
     5.407
     6.179
    10.880
    14.489
    18.481
    19.410
    18.486
    16.807
    18.057
    21.840
    20.171
    18.540
    18.794
    17.775
    15.003
    11.777
    12.345
    11.462
     9.982
     9.379
     8.763
     7.164
     7.847
     6.673
     4.122
     3.710
     1.162
    -0.190
    -0.147
    -3.747
    -4.922
    -3.533
    -4.698
    -8.539
    -7.688
    -9.717
   -11.478
   -11.461
   -11.472
   -10.718
    -9.670
    -7.887
    -7.231
    -8.569
    -9.020
    -9.595
    -8.672
    -9.606
    -9.473
    -7.122
    -7.622
    -7.947
    -9.237
   -10.217
   -10.359
   -10.106
   -10.344
   -10.535
   -10.077
   -13.427
   -13.655
    -8.494
    -6.972
    -6.607
    -6.777
    -7.552
    -5.373
    -6.150
    -5.040
    -6.631
    -6.749
    -6.835
    -6.513
    -5.151
    -5.229
    -5.241
    -5.891
    -6.010
    -5.188
    -4.531
    -1.678
    -1.456
    -2.238
    -3.994
    -3.609
    -4.892
    -5.451
    -3.053
    -1.777
    -1.472
    -1.471
    -0.679
     2.007
    -0.443
     1.292
     1.115
     1.358
     2.371
     3.421
     6.040
     5.908
     6.179
     4.511
     4.198
     5.129
     4.753
     5.902
     7.881
    10.338
     8.333
     7.912
     8.538
     9.783
    10.531
    11.094
    11.430
    11.943
    10.625
    10.667
     8.297
     7.457
     7.771
     8.013
     6.617
     6.370
     6.117
     6.641
     7.641
     7.600
     7.764
     7.279
     6.957
     5.797
     2.866
     0.993
    -0.594
    -0.989
    -2.445
    -3.052
    -3.738
    -2.946
    -2.581
    -2.834
    -4.559
    -2.574
    -1.564
    -0.588
     1.111
     1.789
     1.243
     1.148
     0.237
     0.564
     2.759
     1.851
     1.456
     2.126
     0.249
     0.956
     1.313
     0.853
    -0.031
    -0.083
    -1.936
    -3.380
    -2.384
    -2.982
    -3.938
    -3.802
    -6.909
    -6.569
    -6.923
    -5.588
    -7.070
    -6.420
    -7.799
    -6.370
    -8.652
    -8.046
    -8.142
    -7.007
    -9.467
    -7.976
    -8.136
    -6.772
    -5.470
    -5.487
    -4.836
    -5.967
    -5.770
    -6.249
    -6.084
    -4.299
    -3.099
    -3.109
    -4.042
    -4.115
    -2.386
    -1.961
    -0.373
    -0.856
    -0.802
    -0.702
    -1.018
    -0.845
    -1.245
    -0.068
     0.041
     0.597
     0.846
     0.390
     0.261
    -1.310
    -0.054
    -0.426
     0.600
     0.193
     0.024
     1.906
     1.263
     4.188
     5.108
     5.209
     6.625
     7.620
     9.296
     8.251
     9.543
     9.061
     8.726
     7.641
     7.808
     8.333
     7.372
     7.848
     8.629
     7.565
     6.486
     6.389
     4.705
     2.173
     1.581
     2.939
     2.987
     4.198
     2.125
     2.361
     2.966
     3.862
     4.182
     5.493
     7.834
     6.319
     5.949
     5.970
     5.198
     6.451
     8.456
     7.147
     6.280
     5.872
     5.452
     4.746
     3.933
     2.493
     2.539
     1.703
     2.042
     1.308
    -0.573
    -1.506
    -1.951
    -3.223
    -4.709
    -8.247
    -8.766
    -7.919
    -8.438
    -6.573
    -8.082
    -9.551
   -10.235
    -9.472
   -10.231
    -9.967
   -11.359
   -10.103
   -10.181
   -10.740
   -10.950
   -11.019
   -10.182
   -10.325
    -9.410
    -9.582
    -6.211
    -6.953
    -5.459
    -3.156
    -3.027
    -4.203
    -4.834
    -5.268
    -3.590
    -1.918
    -3.013
    -3.455
    -2.890
    -4.101
    -6.050
    -8.345
    -8.088
    -6.689
    -5.136
    -4.660
    -4.815
    -3.984
    -3.935
    -2.863
    -2.017
    -0.508
     1.037
     2.647
     3.746
     2.360
     3.536
     3.899
     5.191
     4.685
     7.245
     6.369
     8.664
     8.302
     7.835
     6.896
     4.536
     5.971
     6.259
     7.909
     9.483
     9.858
     8.973
     8.302
     7.608
     7.681
     6.037
     5.276
     5.070
     4.252
     3.840
     6.309
     5.579
     3.442
    -0.771
    -1.609
    -2.185
    -2.171
    -1.318
    -2.790
    -4.325
    -2.091
    -0.724
     1.546
     2.812
     0.839
     1.425
     0.163
     0.619
     0.958
     0.259
     0.613
     0.402
     0.826
     0.337
     1.254
     1.841
     0.785
     0.295
     1.275
     1.211
     1.396
    -0.278
     0.188
    -1.524
    -1.588
     0.106
     1.873
     3.282
     4.127
     2.606
     3.475
     5.442
     5.422
     5.331
     5.676
     7.228
     8.846
     7.936
     6.103
     5.634
     4.962
     4.125
     4.295
     3.369
     2.833
     2.761
     3.835
     3.247
     3.426
     4.248
     3.221
     2.943
     2.292
     2.950
     4.128
     2.339
     0.406
     0.360
    -0.810
    -2.559
    -3.628
    -3.211
    -1.732
    -2.357
    -3.832
    -2.996
    -4.039
    -4.641
    -6.019
    -6.245
    -6.893
    -6.451
    -7.380
    -8.532
    -8.320
    -6.514
    -5.637
    -6.989
    -5.174
    -7.239
    -8.227
    -8.032
    -7.671
    -8.508
    -7.395
    -8.391
    -9.137
   -11.019
    -9.944
   -11.082
   -11.008
   -10.676
   -11.033
   -11.678
   -10.023
    -9.251
   -10.823
   -11.337
   -11.653
   -10.244
    -7.863
    -4.383
    -3.144
    -3.480
    -4.037
    -4.831
    -4.689
    -3.453
    -4.812
    -8.180
    -8.088
    -9.119
   -10.459
    -9.980
   -10.384
   -10.072
    -9.330
    -7.877
    -8.347
    -6.410
    -4.481
    -1.157
     2.097
     3.991
     3.090
     6.238
     7.783
     8.609
     8.875
     9.759
    10.728
    11.805
    13.667
    16.318
    18.055
    18.604
    19.851
    18.437
    18.160
    16.730
    17.775
    17.969
    16.459
    15.911
    15.077
    12.888
    13.625
    17.179
    16.585
    17.014
    13.744
    12.635
    13.948
    16.559
    16.078
    16.061
    16.505
    16.264
    14.272
    11.596
    10.022
     7.379
     4.543
     3.857
     2.075
     1.749
     2.824
     0.749
    -1.254
    -0.720
    -0.825
    -1.332
    -3.379
    -3.346
    -4.625
    -6.663
    -3.097
    -1.514
     0.940
     0.899
     0.459
    -1.897
    -3.655
    -4.370
    -5.077
    -7.000
    -2.685
    -1.752
    -1.618
    -2.659
    -3.112
    -3.537
    -3.147
    -3.882
    -3.274
    -4.883
    -5.407
    -6.501
    -9.022
    -9.205
   -10.941
   -11.608
    -8.838
    -8.413
    -6.824
    -8.292
    -6.944
    -6.968
    -7.158
    -7.818
    -6.412
    -6.376
    -7.475
    -8.901
   -10.252
   -14.284
   -16.983
   -16.018
   -13.119
   -11.767
    -9.682
    -7.885
    -8.368
    -7.493
    -8.570
    -8.990
   -11.010
   -11.078
   -13.906
   -17.230
   -16.787
   -17.437
   -16.066
   -15.009
   -14.108
   -12.491
   -11.980
   -10.342
    -7.290
    -9.561
   -11.776
   -14.814
   -15.340
   -14.818
   -14.810
   -16.420
   -18.358
   -21.114
   -21.455
   -19.136
   -16.516
   -18.458
   -18.891
   -18.140
   -16.525
   -13.034
    -6.572
    84.269
    73.218
    49.474
    45.835
    47.276
    44.331
    44.787
    41.296
    45.864
    46.079
    43.528
    38.102
    37.549
    32.478
    30.019
    29.089
    31.031
    32.297
    26.922
    21.762
     9.346
     3.526
    12.962
    11.334
    13.623
     7.774
     4.158
    -1.426
    -1.225
    -1.285
    -5.869
    -9.982
   -14.444
   -15.705
   -13.049
   -18.476
   -24.475
   -26.126
   -28.925
   -26.283
   -28.504
   -20.070
   -17.832
   -13.537
   -12.162
   -11.049
   -13.446
   -12.802
    -6.350
    -4.580
    -6.104
    -9.250
   -11.222
   -11.639
    -7.543
     0.233
     2.887
    10.416
    11.408
    12.674
     6.217
     3.339
     6.760
     5.860
     5.296
     5.323
     8.579
    13.468
     8.559
     5.211
     4.663
     0.376
    -0.399
    -0.214
     1.095
     3.391
    -2.971
    -6.851
    -2.245
     0.293
    -0.708
     2.647
     4.623
     2.922
     1.091
     2.895
     4.622
    -0.768
    -4.294
    -1.122
    -1.978
    -3.765
    -2.293
    -3.631
    -4.062
    -5.577
    -8.197
   -11.436
   -17.323
   -12.158
    -5.784
     0.386
    -2.496
    -2.087
    -5.362
   -10.694
   -15.476
   -16.788
   -20.087
   -21.076
   -22.364
   -23.810
   -25.419
   -22.796
   -21.943
   -24.139
   -26.107
   -23.469
   -20.893
   -21.059
   -19.717
   -18.239
   -10.794
    -1.406
    -5.341
    -8.531
    -0.557
     8.779
     9.391
    17.098
    23.373
    13.918
    21.769
    33.663
    49.813
    42.182
    21.187
    18.846
    24.288
    27.836
    22.943
    15.634
    17.374
    16.955
    13.782
    14.084
    14.443
    10.817
    11.188
     6.487
     6.602
     8.944
    10.544
     7.785
     6.765
     9.268
    12.241
     1.120
    -2.209
    -0.732
     1.060
     2.658
     4.533
     0.914
     8.020
     9.549
    16.751
    24.846
    21.044
    -4.860
   -10.734
     1.036
     6.447
     1.945
    -5.333
    -4.540
     0.458
     0.036
    -6.256
    -5.497
    -6.952
   -27.432
   -27.064
   -12.317
   -11.750
   -15.176
   -13.025
    -9.992
   -11.959
   -12.395
   -11.542
   -18.403
   -17.294
   -12.066
    -8.402
   -11.510
    -7.555
    -6.677
    -5.054
    -1.358
    -1.919
    -1.353
    -1.080
     1.511
    -3.230
    -4.032
    -0.440
     2.294
    -0.332
    -3.109
    -4.226
    -4.279
    -2.782
    -4.639
    -2.450
    -3.014
    -4.805
    -3.170
    -3.480
    -4.497
    -5.370
    -7.262
    -3.072
    -6.820
    -5.099
    -2.279
    -4.755
    -2.738
    -3.928
    -2.240
     1.194
     1.308
     2.890
     2.242
     0.168
     4.527
     5.728
     5.980
     3.794
     2.416
     6.195
     7.288
     5.290
     6.055
     2.609
     6.217
     5.980
     9.697
     6.135
     3.854
     4.191
     3.080
     4.726
     3.011
     6.456
    11.478
    13.154
    19.524
    14.922
     9.282
     9.678
    10.775
    10.679
     6.811
     5.395
    11.661
    17.479
    10.171
     6.831
    -0.270
    -0.134
     4.841
     8.368
     1.255
    -3.050
    -1.846
    -1.703
    -4.969
    -2.445
    -1.006
     2.210
     2.915
     4.283
     5.425
     2.369
     0.128
     0.675
     1.582
     0.254
    -1.909
    -3.214
    -3.285
    -4.721
    -7.940
    -7.290
    -9.672
    -9.444
   -12.396
    -9.782
   -13.287
   -14.076
    -9.467
    -5.397
   -10.796
   -13.243
   -14.834
   -15.478
   -12.450
   -12.628
    -5.940
    -8.272
    -7.667
   -15.346
    -8.381
   -10.294
    -6.955
    -7.981
    -8.907
    -2.596
    -4.656
     2.508
    -0.398
     0.034
     2.790
     5.537
     3.385
     3.087
     0.519
     0.112
     5.929
     3.238
     3.757
    -1.543
    -7.860
    -3.782
    -3.664
     1.247
     5.572
     0.354
    -0.535
    -1.868
     2.252
     4.925
     5.222
     4.570
     4.726
     4.929
    14.428
    11.619
     8.968
     9.740
     6.184
     4.176
     2.564
     1.430
     0.675
     6.222
     3.004
     2.564
    -0.822
    -1.374
     4.819
    10.143
     5.097
     0.352
    -1.370
    12.201
    11.552
     3.749
     0.794
     5.358
     3.558
    -1.343
     1.890
    -0.410
    -2.053
     1.092
     2.577
     2.034
     5.480
     5.572
     2.744
     1.725
     2.539
     3.743
     3.282
     0.542
    -2.370
    -2.788
    -2.905
    -3.103
    -2.707
    -3.425
    -4.906
    -6.331
    -0.478
    -2.297
    -2.983
    -0.800
     0.041
    -3.551
    -4.206
    -2.137
    -2.357
    -0.770
    -3.591
    -0.845
    -3.229
    -3.592
    -3.941
    -4.111
     0.199
     1.721
     1.999
    -1.373
     2.333
    -0.127
    -2.889
    -2.000
     0.636
    -1.398
     1.143
     1.707
     0.941
    -0.890
     0.160
    -0.545
    -3.191
     1.026
    -1.735
    -1.173
     1.448
     2.525
     3.236
     0.533
    -0.258
     3.047
     2.620
     1.553
     1.828
    -1.421
     0.411
     2.173
     1.135
     1.587
    -0.132
    -2.301
    -3.661
     3.721
     0.335
    -1.538
    -3.747
    -3.043
     0.607
     1.221
     1.299
     1.073
     0.025
    -1.027
     0.370
    -0.561
    -0.366
    -1.441
    -1.806
    -0.930
    -0.970
     1.159
    -1.635
    -2.005
    -2.284
    -4.030
    -1.091
    -4.171
    -1.814
    -0.427
     0.311
     1.187
     0.706
     3.635
     3.457
     1.542
     2.260
     1.603
     0.777
    -0.707
    -1.028
    -0.553
     0.594
     0.203
     0.196
     0.195
    -2.069
    -1.403
     0.744
     0.499
     2.207
     2.440
     1.606
     0.203
     0.865
    -1.050
    -1.089
    -1.234
    -2.021
    -2.987
    -3.954
    -3.831
    -5.289
    -2.887
    -5.136
    -5.732
    -5.970
    -6.409
    -5.563
    -7.857
    -7.500
    -7.049
    -7.870
    -6.817
    -6.747
    -6.971
    -6.997
    -6.338
    -2.672
    -4.775
    -3.785
    -4.210
    -4.656
    -4.318
    -3.890
    -3.427
    -4.065
    -2.919
    -2.448
    -1.493
     1.818
     1.986
     2.039
     3.046
     4.293
     5.686
     5.684
     6.887
     7.428
    10.347
    10.414
    12.065
    12.253
    13.423
    15.446
    14.124
    12.046
    11.627
     9.054
     7.203
     5.966
     2.988
     3.002
     2.917
     1.224
    -0.882
    -0.138
     0.381
     4.253
     3.759
     7.288
     6.738
     8.849
     9.861
     8.783
    10.296
     9.578
     7.270
     6.012
     3.787
     5.900
     7.730
     5.446
     7.916
    12.160
    13.382
    14.874
    13.356
    11.129
    11.147
    -1.598
    -5.121
    -7.303
    -9.889
   -11.703
   -11.895
   -13.039
   -13.070
   -12.850
   -12.768
   -10.821
   -10.881
   -11.084
    -9.592
    -9.354
    -7.905
    -4.522
    -3.458
    -3.781
    -2.374
    -0.345
     2.854
     5.117
     4.691
     3.627
     3.043
     3.282
     5.488
     3.183
     1.860
     0.646
    -1.256
    -1.648
    -1.824
    -1.212
    -2.309
    -3.535
    -5.647
    -6.296
    -6.621
    -7.209
    -7.729
    -5.977
    -5.731
    -6.216
    -5.343
    -2.038
    -2.308
    -3.150
    -4.061
    -4.870
    -7.258
    -7.742
    -7.461
   -10.151
   -11.605
   -13.635
   -15.062
   -16.905
   -16.454
   -17.328
   -16.489
   -15.189
   -13.646
   -13.935
   -13.835
   -14.015
   -14.503
   -12.667
   -11.984
   -10.990
   -11.377
   -10.862
   -10.903
   -11.570
   -10.376
    -8.904
    -6.394
    -4.540
    -1.601
     0.638
     3.025
     5.149
     6.546
     6.145
     8.235
     7.302
     4.963
     5.131
     6.206
     7.295
    13.958
    19.532
    18.509
    17.519
    20.021
    25.915
    26.891
    26.865
    27.569
    28.705
    28.406
    25.149
    23.591
    19.693
    17.290
    13.484
     9.229
     8.729
     8.515
     7.147
     5.349
     7.691
    11.619
    12.229
    13.461
    13.903
     9.297
     7.026
     7.915
     5.888
     7.493
     8.167
     8.376
    10.788
    12.756
    12.721
    10.699
     7.757
     5.856
     4.721
     2.912
     3.796
     3.146
     5.414
     5.907
     3.785
     1.317
    -0.104
    -1.292
    -1.591
    -2.237
    -2.371
    -1.899
    -3.980
    -6.800
    -5.969
    -4.042
    -4.501
    -7.191
   -10.809
   -13.848
   -14.423
   -18.398
   -19.918
   -21.779
   -22.076
   -20.892
   -22.196
   -24.018
   -24.541
   -23.843
   -21.116
   -20.733
   -19.068
   -17.169
   -18.303
   -19.211
   -15.796
   -13.656
   -10.778
   -11.906
   -11.465
   -10.236
   -10.964
   -10.451
   -10.174
   -10.141
    -8.509
   -11.153
    -9.869
    -8.367
    -5.693
    -2.368
    -2.476
     0.903
     3.052
     3.782
     3.428
     0.562
    -0.581
    -1.620
    -0.434
     3.499
     6.238
     9.535
    11.986
    11.639
    11.378
    11.783
     7.331
     6.802
     8.856
    13.420
    13.933
    13.301
    12.524
    10.953
    13.561
    15.290
    12.895
     6.251
     5.128
     5.606
     8.577
     6.427
     2.764
     5.559
     5.191
     7.531
     6.283
     1.588
    -5.237
    -5.060
    -9.114
   -13.340
    -9.939
    -9.051
    -9.224
    -5.659
    -4.163
    -6.618
    -4.593
    -5.164
    -3.780
    -5.127
    -8.405
    -7.387
    -2.150
    -6.531
    -0.577
    -1.606
     2.640
     5.394
     3.515
     1.247
     3.241
     2.338
     1.955
     4.753
     4.887
     6.904
    12.119
    13.675
    11.562
    15.548
    16.896
    16.638
    19.134
    18.355
    16.716
    14.141
    13.860
    10.765
     5.858
     3.006
     1.897
     1.620
    -0.516
    -0.314
     1.041
     2.247
     4.893
     1.245
     0.831
    -0.071
     0.630
    -0.646
     0.021
     3.154
     5.000
     6.344
     4.885
     3.998
     3.380
     0.769
    -0.170
    -5.005
    -8.163
   -11.363
   -18.122
   -18.999
    -6.741
    -3.210
    -0.305
     0.337
    -0.994
    -3.896
    -5.468
    -8.097
    -8.119
    -8.571
    -5.688
     1.069
     3.963
    10.657
    14.164
    10.484
     5.709
    -7.585
   -15.527
   -17.902
   -17.837
   -17.633
   -10.676
     0.474
     3.665
     4.571
     1.792
    -0.960
    -2.799
    -4.199
    -5.977
    -7.291
    -7.931
    -6.859
    -6.904
    -7.009
    -6.502
    -5.968
    -6.141
    -8.157
    -7.722
    -8.196
    -5.808
    -6.341
    -5.174
    -5.564
    -5.321
    -4.377
    -6.213
    -6.694
    -7.662
    -6.748
    -7.971
    -7.587
    -0.598
     4.590
     5.685
     8.644
     8.380
     8.363
     8.948
     7.055
     4.155
     3.243
     0.717
     0.770
    -0.642
    -0.355
    -0.449
    -0.393
     1.402
     0.590
     3.434
     2.311
     3.217
     1.098
     2.882
     3.577
     3.866
     3.548
     3.024
     2.392
     0.380
     0.461
     0.198
     0.680
    -1.615
     0.507
    -0.505
     0.789
     0.258
    -0.582
    -1.446
    -0.391
     0.908
     1.718
     0.665
    -0.964
     0.946
     1.947
     1.929
     1.928
     1.641
     2.692
     4.342
     5.427
     3.399
     1.391
     2.194
     3.843
     4.633
     4.565
     5.868
     4.510
     5.173
     5.294
     4.211
     3.588
     2.166
     1.484
    -0.156
     0.647
     0.845
     2.203
     1.458
     0.221
     0.090
     0.851
     1.747
     3.536
     3.154
     4.757
     5.186
     5.875
     8.089
    11.098
    11.229
     9.305
     9.577
     8.102
     7.453
     6.644
     6.161
     8.090
     6.872
     6.044
     5.333
     6.735
     6.598
     5.092
     3.027
     0.953
     0.109
    -5.265
    -7.307
    -8.868
    -8.914
    -9.818
    -8.975
    -8.747
    -8.549
    -6.987
    -8.051
    -8.513
    -9.185
    -9.203
    -9.934
    -8.876
    -7.858
    -8.154
    -7.519
    -6.372
    -4.515
    -4.876
    -2.686
    -1.859
    -2.941
    -2.482
    -2.176
    -1.421
    -2.781
    -2.819
    -3.104
    -3.463
    -3.110
    -3.475
    -2.427
    -2.679
    -2.325
    -2.028
    -2.663
    -1.255
    -2.733
    -1.947
    -2.687
    -4.371
    -4.382
    -6.108
    -5.163
    -4.470
    -4.555
    -4.051
    -4.120
    -2.154
    -1.920
    -1.987
    -1.761
    -1.840
    -2.437
    -1.615
    -2.407
    -2.782
    -1.826
    -3.383
    -2.891
    -1.779
    -0.883
     0.528
     0.705
     1.173
     1.655
     2.012
     3.477
     3.289
     4.590
     4.255
     4.005
     3.986
     3.663
     3.987
     3.659
     4.148
     3.909
     5.724
     4.657
     3.643
     4.743
     4.091
     5.129
     5.119
     4.686
     4.576
     3.313
     3.158
     1.909
     1.656
     1.791
     1.027
     1.336
     1.096
     2.193
     1.988
     1.079
     2.257
     2.034
     1.368
     1.727
     1.354
     1.919
     0.089
     0.769
     1.398
    -0.124
    -0.305
     0.077
    -0.631
    -0.434
    -0.774
     0.140
     1.461
     1.472
     2.552
     3.476
     4.099
     3.927
     3.079
     3.402
     1.483
     1.650
     1.057
     0.809
     0.697
     0.878
    -0.097
    -0.944
    -2.006
    -1.698
    -2.283
    -2.842
    -2.744
    -1.522
    -1.182
     1.317
    -0.209
    -0.503
     0.069
     0.586
     0.914
     0.813
     0.292
     0.733
     0.242
    -0.511
    -2.028
    -0.397
     0.855
    -0.149
     1.366
     0.389
     0.007
     0.340
     0.790
     1.086
     1.055
     0.787
     0.272
     1.338
     0.274
     0.964
     0.623
     0.221
     0.156
     1.220
     0.111
     0.048
    -0.281
    -0.213
    -1.019
    -0.433
    -1.600
    -1.969
    -2.049
    -2.032
    -2.046
    -1.327
    -1.285
    -1.995
    -1.217
    -1.301
    -0.765
    -0.710
     0.092
    -1.222
    -1.255
    -1.406
    -0.914
    -1.691
    -0.241
    -1.372
    -1.306
    -1.715
    -1.287
    -1.158
    -0.491
    -1.161
    -0.469
    -0.746
    -1.010
    -0.952
    -0.805
    -1.431
    -2.405
    -1.947
    -0.229
    -0.176
    -0.664
    -1.292
    -1.054
    -1.400
    -0.561
    -1.941
    -1.300
    -1.221
    -1.422
    -0.770
    -1.199
    -2.592
    -3.375
    -3.533
    -3.321
    -3.812
    -4.003
    -3.501
    -4.884
    -4.414
    -5.402
    -4.437
    -5.246
    -4.311
    -4.650
    -3.606
    -4.853
    -4.867
    -5.328
    -6.351
    -6.051
    -6.912
    -7.258
    -5.341
    -4.141
    -3.215
    -2.611
    -2.394
    -1.313
     0.901
     3.632
     4.201
     4.600
     7.834
     8.767
    10.824
    10.309
    10.651
    11.653
    10.625
     8.959
     7.137
     6.815
     5.806
     4.490
     4.918
     5.033
     4.334
     4.442
     6.572
     7.006
     5.502
     4.649
     3.478
     4.686
     5.813
     4.474
     3.856
     3.920
     6.119
     3.936
     3.140
     2.619
     1.990
     2.153
     2.349
     2.335
     2.507
     1.019
     1.854
     1.144
     0.328
    -1.677
    -0.463
    -0.476
    -1.030
     0.127
     0.800
     1.733
     0.560
     0.542
     1.170
     2.306
     1.656
     1.652
     0.495
    -0.086
     0.044
    -0.578
    -2.250
    -3.226
    -2.094
     0.228
     2.195
     1.554
    -3.044
    -6.679
    -6.158
    -5.471
    -3.414
    -1.698
    -1.748
    -1.447
    -1.808
    -4.189
    -4.780
    -5.566
    -4.355
    -5.271
    -3.946
    -3.678
    -1.803
    -2.239
    -3.728
    -3.880
    -3.646
    -4.519
    -4.116
    -3.430
    -1.614
    -1.406
    -0.403
    -0.483
    -0.504
    -0.848
    -0.629
    -1.448
    -1.288
    -0.197
    -1.943
    -0.492
    -1.076
    -0.470
    -0.277
    -0.406
    -0.581
    -0.669
    -0.007
    -3.260
    -3.608
    -3.170
    -1.910
    -1.970
    -1.190
    -1.766
    -1.918
    -1.407
    -1.675
    -1.902
    -1.052
    -0.915
     0.020
    -1.032
    -0.852
    -0.371
    -0.592
    -0.839
    -1.610
    -0.468
    -0.362
    -1.873
    -1.918
    -1.778
    -2.029
    -1.447
     0.231
    -0.348
    -0.542
     1.022
     1.605
     1.539
     1.204
     1.466
     1.436
     0.055
    -2.517
    -4.208
    -1.612
    -0.269
     2.910
     3.003
     3.510
     4.719
     4.305
     3.660
     4.472
     4.855
     5.099
     2.278
     2.410
     2.369
     0.821
     2.646
     2.947
     1.323
     2.582
     2.423
     2.094
     2.437
     2.230
     4.270
     4.519
     4.140
     2.760
     1.563
     1.914
     3.822
     3.220
     3.234
     2.215
     2.049
     2.481
     2.429
     2.589
     1.226
     0.757
     1.578
     1.108
     2.478
     2.646
     3.024
     1.858
     0.108
     0.156
    -0.008
    -0.050
    -0.148
     0.636
    -0.145
     0.546
     0.323
     0.034
     0.741
    -0.546
    -0.345
    -1.200
    -2.437
    -3.090
    -2.584
    -2.758
    -2.621
    -2.643
    -1.518
     0.032
     1.346
     1.410
     0.296
    -0.732
    -1.224
    -0.026
     1.715
     1.613
    -0.422
    -0.986
    -0.703
    -0.407
    -0.781
    -1.980
    -0.699
    -0.419
    -0.219
     0.261
    -0.430
    -0.923
    -1.300
    -1.454
    -2.736
    -2.214
    -2.888
    -1.948
    -1.084
    -2.269
    -2.384
    -3.509
    -1.591
    -1.632
    -2.451
    -1.680
    -1.542
    -3.595
    -4.587
    -4.419
    -2.777
    -2.810
    -2.475
    -2.025
    -2.863
    -2.873
    -2.282
    -2.316
    -1.895
    -1.843
    -2.283
    -2.865
    -3.052
    -2.842
    -1.489
    -1.065
    -2.460
    -1.712
    -1.949
    -2.186
    -2.258
    -2.458
    -2.359
    -2.167
    -1.304
    -1.166
    -2.587
    -0.991
    -1.508
    -2.174
    -1.579
    -0.351
    -1.117
    -0.614
     0.759
     1.562
     1.476
     1.365
     1.204
     1.264
     0.857
     1.016
     0.854
     1.298
     1.361
     0.595
     1.972
     2.295
     3.359
     4.177
     4.807
     5.429
     5.422
     5.293
     4.001
     3.564
     3.386
     3.876
     2.903
     3.075
     3.814
     5.066
     4.562
     5.302
     5.249
     5.267
     4.069
     4.781
     5.575
     4.649
     6.586
     5.565
     5.387
     5.334
     4.510
     6.046
     6.725
     5.061
     5.200
     3.595
     3.327
     2.109
     3.291
     2.079
     1.075
     0.851
     0.426
     0.291
    -0.520
    -0.295
     0.769
     1.214
     0.052
     0.594
     0.550
     0.679
     0.417
    -0.128
    -1.608
    -1.770
    -2.047
    -4.086
    -5.593
    -5.137
    -2.973
    -6.162
    -5.257
    -6.717
    -7.722
    -7.239
   -11.637
    -8.305
    -5.884
    -7.735
    -5.076
    -5.060
    -5.018
    -4.850
    -5.931
    -5.033
    -3.203
    -2.728
    -2.552
    -3.840
    -2.265
    -2.334
    -3.524
    -3.263
    -4.276
    -5.389
    -6.512
    -6.105
    -6.314
    -3.970
    -7.520
    -8.387
    -6.838
    -6.854
    -5.425
    -5.862
    -6.649
    -3.093
    -8.490
    -1.283
    -6.078
    -3.606
    -2.552
    -5.427
    -3.672
    -4.616
    -2.569
    -0.918
    -0.182
    -0.041
     0.411
     2.045
     1.711
     4.343
     3.657
     3.303
     5.103
     7.868
     6.327
     8.404
     9.392
     8.754
     9.365
     9.267
     8.305
     8.339
     7.962
    16.422
    14.693
    11.922
    10.947
    10.093
    15.381
     9.374
    12.069
     8.114
    13.945
     8.577
    10.663
     8.557
    10.376
     7.095
     7.155
     5.050
     6.685
     5.249
     6.581
     5.173
     2.043
     1.639
     1.192
     1.244
     1.005
     1.092
     0.490
    -0.055
    -0.050
    -1.211
    -1.181
    -1.343
    -0.764
    -1.098
     0.754
    -0.563
    -0.082
    -2.571
    -0.749
    -2.536
    -2.201
    -4.119
    -5.044
    -5.343
    -3.528
    -9.149
    -5.808
    -5.975
    -6.436
    -8.000
    -8.988
    -8.566
    -9.658
    -7.912
    -7.412
    -8.229
    -8.370
    -8.681
    -8.483
    -7.018
    -7.817
    -7.292
    -7.624
    -7.589
    -6.828
    -7.117
    -6.645
    -6.171
    -6.290
    -6.120
    -5.978
    -5.977
    -5.883
    -5.399
    -5.240
    -5.038
    -5.202
    -4.969
    -4.785
    -4.736
    -4.967
    -4.446
    -4.306
    -3.660
    -3.703
    -3.263
    -2.811
    -2.416
    -2.169
    -1.803
    -1.501
    -1.169
    -0.832
    -0.499
    -0.155
     0.144
     0.516
     0.826
     1.158
     1.493
     1.838
     2.183
     2.529
     2.879
