     4.614
     4.502
     4.412
     4.279
     4.172
     4.019
     3.902
     3.751
     3.607
     3.427
     3.291
     3.092
     2.843
     2.634
     2.418
     2.132
     1.840
     1.512
     1.123
     0.888
     0.556
     0.098
    -0.103
    -0.290
    -0.342
    -0.912
    -1.011
    -1.276
    -1.845
    -2.164
    -2.358
    -2.748
    -3.292
    -3.893
    -4.370
    -5.041
    -5.350
    -5.504
    -5.815
    -5.901
    -6.251
    -6.041
    -6.727
    -7.404
    -7.450
    -7.990
    -8.184
    -8.170
    -8.151
    -9.544
    -9.188
   -10.166
    -9.857
   -10.198
   -10.250
   -12.236
   -11.517
   -11.460
   -12.973
   -12.723
   -12.408
   -12.245
   -12.923
   -12.269
   -10.710
   -10.039
   -10.382
    -8.453
    -6.842
    -7.066
    -5.054
    -4.450
    -3.452
    -1.353
     0.266
    -0.559
    -1.118
     0.137
     1.464
     6.383
     6.422
     6.844
     7.212
     8.102
     8.133
     8.198
     9.878
     9.679
     9.255
     9.843
     9.985
    10.789
    11.859
    12.273
    11.339
    11.408
    10.971
     9.325
     8.655
     8.885
     7.688
     6.579
     5.919
     5.829
     4.281
     4.197
     3.659
     4.130
     3.314
     2.108
     3.487
     3.765
     3.390
     3.715
     3.187
     1.626
     1.240
     0.493
     0.512
     0.395
     0.288
    -0.371
    -0.071
     0.201
    -0.542
    -1.194
    -0.748
    -0.507
    -1.116
    -0.411
    -1.290
    -0.706
    -1.668
    -1.931
    -2.068
    -2.498
    -1.886
    -2.740
    -2.315
    -3.000
    -2.989
    -3.755
    -3.075
    -2.683
    -2.494
    -2.342
    -1.839
    -1.577
    -2.110
    -2.147
    -2.207
    -1.478
    -2.233
    -2.224
    -0.525
    -0.473
    -2.824
    -1.805
    -2.600
    -3.645
    -4.418
    -3.158
    -1.526
    -0.908
     0.923
     1.633
     1.671
     1.510
     3.070
     1.755
     3.374
     3.964
     3.344
     2.454
     4.095
     3.312
     2.849
     3.081
     3.575
     3.940
     4.002
     4.440
     1.608
     2.715
     2.758
     1.264
     2.092
     1.786
     1.701
     3.132
     2.574
     0.773
    -0.465
    -3.774
    -1.352
    -0.734
     1.527
     0.933
     0.112
    -0.861
     1.638
    -1.318
    -1.627
    -3.693
    -5.547
    -6.482
    -3.524
    -1.305
    -2.627
    -2.704
    -3.343
    -5.564
    -6.056
    -8.989
    -9.296
    -9.594
    -9.290
    -7.866
    -8.498
   -10.342
    -8.912
    -5.960
    -7.420
    -8.178
    -7.166
    -4.412
    -4.911
    -2.282
    -1.447
    -0.752
     1.416
     2.268
     3.813
     5.456
     6.637
     7.280
    11.008
    10.005
     9.442
     9.578
     9.301
     8.452
     7.940
     7.215
     5.227
     3.066
     3.146
     2.587
     3.483
     4.020
     4.182
     2.487
     6.078
     1.414
    -2.146
     1.519
     1.452
     1.750
     0.859
     1.117
     0.028
    -0.862
    -1.381
    -2.663
    -0.318
    -1.282
    -0.368
    -1.129
    -0.883
    -1.920
    -1.218
    -0.443
    -0.488
     0.171
    -1.115
    -1.028
    -1.256
    -1.628
    -2.442
    -2.960
    -2.978
    -2.570
    -3.633
    -4.990
    -3.977
    -2.317
    -3.629
    -4.173
    -3.405
    -3.861
    -2.348
    -3.377
    -2.607
    -2.228
    -3.133
    -3.211
    -3.834
    -2.515
    -2.668
    -3.050
    -2.535
    -1.909
    -1.772
    -0.381
     0.885
     0.588
     0.275
     0.006
    -0.510
    -1.244
    -1.099
     1.081
     2.441
     3.143
     1.798
     3.804
     2.594
     3.480
     4.526
     4.305
     5.175
     5.084
     3.349
     5.601
     4.763
     4.966
     5.181
     4.807
     4.171
     4.560
     3.931
     5.087
     3.096
     3.660
     3.781
     1.732
     2.080
     1.730
     1.996
     3.937
     1.876
     3.849
     3.294
     4.355
     1.859
     1.890
     2.176
     0.992
     1.132
     0.719
    -0.065
    -1.840
     0.402
    -0.031
    -0.072
    -1.087
    -1.211
    -2.231
    -1.883
    -3.396
    -4.604
    -4.138
    -3.217
    -2.645
    -3.354
    -4.107
    -2.782
    -1.866
    -1.618
    -0.183
     0.455
    -1.146
     0.868
     0.790
     0.350
     1.265
     1.152
     0.829
     1.526
     1.307
     0.540
     2.305
     0.893
     1.387
     1.091
     0.727
    -0.239
    -1.098
    -1.885
    -1.030
    -1.899
    -1.916
    -1.617
    -2.490
    -2.720
    -3.504
    -3.395
    -3.187
    -2.312
    -2.684
    -1.657
    -2.254
    -3.693
    -3.801
    -3.110
    -3.483
    -4.055
    -4.641
    -6.206
    -6.036
    -8.425
    -8.328
    -6.686
    -5.701
    -5.191
    -4.020
    -4.690
    -5.870
    -3.822
    -2.840
    -3.230
    -2.360
    -2.186
    -1.261
     0.594
     5.043
     5.439
     5.252
     2.558
     2.172
     2.007
     1.455
     2.704
     3.934
     4.162
     3.146
     3.584
     1.806
     1.812
     2.367
     2.529
     1.569
     0.979
     1.210
     1.519
     1.487
     2.555
     2.262
     3.046
     2.178
     0.858
     0.050
     0.796
    -1.293
     0.519
     1.362
    -0.088
    -0.091
     0.275
     0.759
     0.272
     0.702
     2.396
     2.021
     2.191
     2.933
     3.412
     1.688
     1.343
    -0.071
    -0.455
    -3.067
    -1.018
     0.151
     1.379
     0.003
    -0.026
     1.965
     1.618
     0.945
     0.462
     2.307
     0.050
     1.723
     1.772
     1.414
     1.983
     2.013
     0.990
     3.254
     3.030
     2.557
     2.734
     1.504
     0.784
     0.322
     1.794
     2.101
     2.521
     2.446
     1.244
     0.236
     0.214
    -0.426
     0.126
    -0.665
    -0.984
    -1.067
    -1.393
    -0.042
    -1.196
    -0.902
    -0.548
    -0.830
     0.347
     1.211
     0.941
     0.998
     2.377
     2.840
     2.719
     2.090
     2.660
     2.686
     2.677
     2.789
     3.292
     1.609
     2.184
     1.797
     1.700
     3.467
     2.375
     3.604
     0.744
     0.363
    -0.140
     1.628
     0.906
     2.122
    -0.769
     0.273
    -1.027
    -2.232
    -1.945
    -0.861
    -0.182
    -1.124
     0.466
    -0.319
     0.922
     1.346
     2.241
     2.214
    -0.996
    -1.444
    -0.750
    -1.089
    -1.643
    -3.108
    -4.112
    -6.182
    -4.666
    -5.617
    -5.546
    -5.160
    -6.613
    -9.028
    -9.218
    -8.509
    -7.966
    -6.891
    -6.913
    -6.409
    -7.140
    -7.731
    -7.721
    -6.312
    -6.672
    -6.426
    -5.184
    -6.247
    -5.466
    -4.402
    -4.775
    -3.159
    -2.482
    -3.653
    -3.319
    -2.229
    -2.565
    -0.911
    -0.986
    -2.635
    -1.246
    -0.766
    -0.625
    -0.795
    -0.336
    -2.647
    -3.267
    -2.668
    -1.589
    -1.689
    -0.730
    -1.604
    -0.633
    -0.377
     1.194
     1.681
     2.515
     2.820
     3.310
     3.527
     5.093
     5.316
     4.727
     5.387
     5.315
     2.890
     3.059
     3.086
     4.154
     3.960
     4.054
     3.834
     3.666
     4.368
     4.526
     5.676
     5.414
     6.743
     4.999
     6.250
     4.435
     4.841
     5.280
     3.225
     5.122
     4.430
     4.076
     4.936
     4.014
     4.126
     5.994
     5.949
     6.542
     5.410
     5.862
     5.162
     5.191
     5.625
     5.526
     5.832
     6.820
     6.756
     4.682
     5.006
     5.751
     4.643
     3.769
     6.147
     4.795
     4.232
     3.720
     4.773
     4.519
     5.886
     6.266
     5.656
     6.062
     5.303
     4.079
     0.001
    -0.977
    -1.597
    -2.864
    -5.687
    -6.769
    -6.224
    -7.845
    -8.703
    -7.245
    -7.186
    -5.633
    -6.355
    -6.138
    -6.846
    -6.305
    -3.534
    -4.501
    -3.424
    -2.240
    -1.713
    -1.721
    -0.548
    -1.669
    -1.784
    -0.611
    -1.832
    -0.593
     0.630
    -2.057
    -1.537
    -1.110
    -1.723
    -0.987
    -1.210
    -1.568
    -2.819
    -1.973
    -4.596
    -4.558
    -5.103
    -6.080
    -6.427
    -7.012
    -7.702
    -7.091
    -6.748
    -7.633
    -6.963
    -6.094
    -5.356
    -5.946
    -4.503
    -4.263
    -2.271
    -3.404
    -3.159
    -2.947
    -3.404
    -2.606
    -4.363
    -3.965
    -4.101
    -4.721
    -4.340
    -3.681
    -4.048
    -4.971
    -5.725
    -4.531
    -4.998
    -6.670
    -6.358
    -4.160
    -6.308
    -5.483
    -6.192
    -5.434
    -6.955
    -6.558
    -5.308
    -3.308
    -1.527
    -0.897
    -3.111
    -1.986
    -1.967
    -1.039
    -0.173
     0.178
     0.559
     0.078
     0.195
     1.324
     0.683
     1.138
     3.007
     1.335
     2.408
     1.775
     2.071
     3.044
     3.812
     5.943
     5.898
     7.498
     6.510
     6.914
     6.320
     6.324
     8.019
     6.733
     8.613
    10.836
    10.674
     9.866
     9.727
    10.646
    11.624
    10.564
    10.702
    10.370
    10.226
     9.944
    10.537
    10.406
    10.586
     9.993
     9.027
     8.127
     7.008
     8.332
     9.245
     9.452
     9.705
     9.353
     9.373
     8.794
     9.077
    11.225
     9.430
     8.938
     8.420
     9.483
     9.695
     9.417
     9.958
     9.636
     9.413
     9.291
     9.596
     9.894
     9.375
     8.768
     8.353
     8.342
     8.555
     8.351
     7.086
     6.394
     7.105
     7.507
     7.368
     3.865
     0.963
    -1.433
    -6.117
    -8.152
    -9.553
   -13.244
   -17.769
   -18.888
   -22.325
   -22.871
   -25.013
   -27.585
   -27.449
   -28.343
   -29.023
   -32.400
   -31.906
   -30.348
   -28.649
   -26.783
   -26.622
   -24.696
   -24.205
   -23.954
   -21.260
   -19.911
   -17.721
   -15.158
   -12.291
    -9.628
    -7.738
    -5.539
    -3.415
    -2.303
     0.549
     3.199
     2.870
     3.676
     3.779
     3.342
     3.671
     2.872
     3.520
     2.310
     2.654
     2.438
     1.225
     1.257
     0.432
     2.258
     1.218
     0.845
    -0.174
     1.661
     1.858
     3.108
     2.848
     3.946
     3.836
     2.030
     2.663
     3.259
     3.788
     3.877
     3.514
     4.764
     4.297
     3.970
     4.756
     5.254
     5.839
     6.718
     7.397
     7.928
     7.030
     5.138
     3.746
     1.344
    -1.280
    -0.543
     0.734
     0.143
     3.745
     8.042
    12.462
    16.148
    16.529
    16.956
    15.755
    16.149
    16.993
    15.482
    15.843
    14.052
    13.368
    11.728
     8.495
     6.737
     3.234
     1.988
     2.154
     1.058
    -0.265
    -0.570
    -2.088
    -3.092
    -4.364
    -4.469
    -3.950
    -5.678
    -5.420
    -4.682
    -3.243
    -3.254
    -0.931
    -1.535
    -2.826
    -3.153
    -2.334
    -1.608
    -0.311
     0.147
    -0.753
    -1.193
    -0.952
     0.967
     3.649
     1.778
     3.230
     4.473
     5.707
     3.388
     3.500
     4.576
     5.291
     5.014
     4.884
     3.754
     4.499
     4.941
     6.566
     5.955
     6.222
     7.288
     5.774
     3.897
     2.297
     1.440
    -0.549
    -2.601
    -0.997
    -1.782
    -4.963
    -5.907
    -7.432
    -5.955
    -6.165
    -6.141
    -5.804
    -4.689
    -3.876
    -4.721
    -4.942
    -6.309
    -4.796
    -2.015
    -2.353
    -2.277
    -1.934
    -2.610
    -1.747
    -1.631
    -1.125
     0.142
     0.272
     0.906
     0.574
     2.313
     0.202
    -0.044
     0.411
    -0.061
     0.118
    -1.419
     0.579
     1.291
    -0.728
    -0.402
     1.488
    -0.760
     0.946
     1.048
     0.050
    -1.207
    -4.492
    -5.345
    -8.068
    -8.666
    -6.884
    -6.905
    -7.955
    -9.636
   -11.362
   -11.519
   -10.105
    -7.963
    -8.993
   -11.965
   -10.384
   -11.743
   -15.149
   -16.206
   -15.703
   -17.307
   -18.111
   -17.880
   -14.989
   -14.521
   -15.549
   -17.901
   -18.766
   -22.052
   -22.494
   -24.694
   -27.594
   -30.509
   -28.950
   -27.933
   -26.539
   -28.479
   -27.478
   -27.780
   -39.848
    12.120
    27.849
    18.845
    12.833
    15.849
    14.384
    15.269
    15.355
    16.244
    17.561
    20.102
    17.211
    16.059
    17.457
    17.958
    19.901
    21.311
    22.727
    24.127
    30.675
    32.189
    23.938
    24.897
    25.981
    33.032
    37.451
    38.143
    36.570
    36.934
    38.183
    39.696
    38.921
    41.743
    39.312
    40.827
    40.312
    36.523
    31.322
    28.431
    28.206
    25.499
    26.155
    25.649
    24.643
    20.023
    21.149
    20.822
    18.357
    17.204
    15.629
    13.249
    12.379
     9.429
     5.977
    -1.298
    -7.816
   -13.289
   -19.100
   -28.053
   -31.053
   -30.190
   -34.306
   -35.164
   -35.351
   -37.263
   -37.222
   -36.551
   -33.745
   -28.627
   -32.106
   -30.871
   -31.231
   -33.462
   -33.077
   -35.602
   -32.896
   -28.843
   -31.038
   -30.080
   -26.978
   -27.302
   -27.431
   -25.743
   -22.412
   -23.503
   -24.702
   -24.210
   -22.144
   -24.843
   -23.470
   -21.063
   -22.347
   -21.037
   -21.197
   -23.324
   -24.294
   -25.031
   -23.102
   -23.395
   -23.186
   -18.759
   -16.244
   -13.886
   -10.954
    -7.743
    -1.789
    -1.705
     0.515
     1.401
     2.856
     5.888
     9.104
     7.078
    12.756
    19.854
    22.818
    25.973
    28.753
    34.859
    36.863
    39.956
    36.797
    34.886
    42.272
    50.514
    46.984
    41.999
    49.566
    42.209
    35.618
    50.401
    49.404
    29.429
    12.507
    10.109
    29.105
    18.606
     3.383
    -6.921
    -2.134
    -7.517
   -13.617
   -17.206
   -11.777
   -20.829
   -19.144
   -11.142
   -10.043
    -5.942
    -6.450
   -11.908
   -15.830
    -8.838
    -3.250
    -3.708
    -5.530
    -0.298
     3.095
     3.705
     0.797
     1.157
     4.029
     4.663
     7.312
    -0.138
     3.043
     4.844
     3.458
     1.591
    -2.255
   -12.148
   -18.987
    -9.602
     5.801
     0.302
    -7.086
    -9.260
    -6.461
    -7.157
    -4.389
     8.553
     3.548
   -11.208
   -17.870
   -17.908
   -26.323
   -27.451
   -19.305
   -11.889
    -7.956
    -4.443
     1.424
    -0.823
   -12.985
   -12.753
   -16.119
   -10.564
    -4.724
     2.479
     2.766
     2.169
     7.163
     3.545
    11.598
     9.981
     8.779
    10.028
    18.759
    22.780
    28.518
    25.159
    21.056
    20.154
    13.884
    17.327
    17.423
    11.917
     9.863
     9.352
     6.238
     4.699
    -1.378
     0.943
    -0.291
     5.789
     0.685
     1.561
     3.115
    -1.501
    -0.189
     0.618
    -1.079
     2.102
     3.924
     2.744
     2.113
     1.185
     1.362
    -4.051
    -4.799
    -8.497
    -6.418
    -4.501
    -1.266
    -0.824
     0.995
    -4.625
    -3.945
    -4.108
    -8.081
    -7.598
    -6.727
   -11.798
   -14.210
    -9.445
    -5.450
    -7.025
   -14.390
   -12.573
   -11.904
    -5.953
    -7.599
    -8.951
    -6.781
    -4.913
     6.927
    13.882
    -0.091
    -4.839
   -10.998
    -7.001
    -5.317
    -2.686
   -11.649
   -19.230
   -15.039
   -17.530
   -21.080
   -22.405
   -21.327
   -18.637
   -15.639
   -12.168
    -9.768
   -11.070
   -10.575
    -6.712
    -3.781
    -9.049
    -8.386
    -5.891
    -1.809
    -2.308
    -5.286
    -3.688
    -7.074
    -2.418
    -5.163
    -0.212
    -1.258
     0.990
     2.211
    11.337
     9.194
    10.138
     5.577
     3.313
     8.751
     6.308
     9.082
    11.580
    16.091
    11.304
     5.559
     6.630
     5.456
     6.315
     9.216
    12.747
    14.645
    18.794
    22.205
    20.017
    19.659
    21.384
    20.352
    21.535
    24.185
    20.312
    31.495
    22.311
    23.817
    14.086
     8.816
    14.033
    15.125
    13.345
    15.715
    15.077
    16.750
    11.187
     6.965
     8.551
     7.768
     3.360
     5.845
     4.279
     7.250
    10.114
     0.437
     0.821
     2.522
    -0.594
    -5.712
    -6.337
    -8.476
    -8.205
    -5.793
    -6.414
    -6.979
   -11.385
   -14.567
    -2.778
    -6.577
   -21.561
   -19.404
    -6.366
    -2.974
    -0.511
   -13.007
    -7.158
    -4.029
   -12.538
   -12.405
   -18.284
   -27.336
   -22.446
   -17.287
   -22.284
   -17.327
    -8.996
   -12.095
    -7.913
    -2.010
    -0.188
    -2.980
    -4.028
    -5.815
    -8.025
    -9.784
   -10.859
   -10.803
   -10.773
    -8.583
    -8.857
    -3.962
    -3.804
    -3.153
    -3.669
     1.366
    -0.864
    -2.570
     0.756
     1.765
     4.011
     1.264
     1.169
    -2.266
     1.361
    -1.691
    -2.998
     2.011
     4.628
     3.966
    -1.286
    -0.282
     4.144
     4.000
     1.869
     3.783
     5.762
     8.624
     4.929
     3.201
     2.890
     2.110
     6.603
     2.820
     5.451
     4.092
    -0.101
     1.257
    -0.594
    -0.495
    -0.627
    -3.741
    -2.243
     2.393
     1.857
     3.870
    -1.575
     0.350
     3.159
     4.018
     4.110
     1.774
    -4.524
     0.061
     3.028
     5.662
    -4.687
   -14.982
   -11.610
    -5.258
    -6.457
    -8.103
   -10.305
    -8.791
    -7.541
    -6.061
    -5.627
    -7.958
    -3.452
    -2.860
    -0.998
     2.609
     5.971
     2.425
    -2.395
     0.052
     1.300
     3.729
     1.167
     1.877
     1.716
     2.699
     3.230
     3.979
     7.604
     6.295
     8.271
     7.315
     8.875
    11.293
    10.027
     9.140
     8.361
     8.230
     9.609
     9.910
    11.064
     9.965
    10.129
    10.424
     9.867
    13.078
    13.643
    13.241
    14.780
    15.817
    15.738
    14.652
    13.687
    13.921
    13.722
    12.499
    13.522
    10.283
    12.695
     9.894
     7.229
     8.063
     5.850
     5.701
     5.337
     4.278
     3.046
     1.611
     1.712
     0.321
    -0.576
    -3.368
    -4.227
    -2.954
    -4.355
    -6.407
    -7.329
    -7.238
    -6.608
    -6.718
    -9.452
    -9.989
   -10.504
   -12.796
   -13.513
   -14.474
   -15.707
   -17.445
   -18.345
   -19.864
   -17.513
   -18.404
   -17.434
   -18.071
   -20.045
   -20.712
   -19.775
   -18.943
   -18.702
   -15.895
   -16.495
   -14.949
   -15.797
   -12.004
   -11.515
    -7.529
   -10.490
    -9.212
   -10.308
    -7.598
    -7.715
    -5.422
    -6.134
    -5.740
    -8.094
    -5.512
    -6.105
    -6.928
    -5.866
    -6.231
    -5.321
    -2.427
     0.044
     1.091
     1.159
     1.477
     1.533
     3.459
     3.316
     4.105
     7.470
     8.561
     7.761
     7.426
    12.659
     8.331
     8.633
     9.650
    11.641
    11.452
     8.717
     9.742
    10.692
     9.407
     8.987
     7.963
     8.670
     8.107
     8.641
     8.373
     9.165
    10.580
    10.345
     8.286
     9.184
     7.701
    10.317
    12.035
    12.195
    11.761
    11.748
    10.951
    11.922
    13.246
    10.834
     9.491
     8.877
     8.027
     6.890
     8.112
     7.035
     5.895
     5.930
     5.342
     4.625
     6.103
     6.788
     7.752
     8.133
     6.822
     4.747
     4.965
     5.500
     1.870
     1.801
     0.550
    -2.932
    -3.204
    -2.862
    -5.458
    -5.674
    -6.106
    -8.039
    -8.062
    -9.172
    -7.741
    -7.963
    -7.071
    -7.571
    -7.594
    -8.339
    -7.726
    -7.825
    -8.685
    -7.770
    -7.975
    -7.408
    -9.467
    -8.090
    -9.731
    -8.281
    -9.936
   -11.404
   -11.288
   -11.495
   -10.918
    -9.996
    -9.749
    -8.108
    -7.234
    -8.077
    -7.846
    -6.889
    -8.432
    -8.315
    -5.833
    -4.672
    -2.631
    -1.091
    -1.867
     1.055
     3.053
     4.178
     5.411
     4.587
     3.321
     3.130
     2.015
     2.374
     0.901
    -0.502
    -1.300
    -3.514
    -2.021
    -1.360
    -1.587
    -2.333
    -1.906
    -0.917
     1.136
     2.637
     2.460
     2.092
     2.636
     2.979
     2.275
     3.880
     2.913
     2.786
     4.690
     5.707
     6.836
     3.881
     3.708
     5.611
     3.089
     4.482
     5.914
     6.715
     6.392
     5.918
     5.946
     6.399
     4.865
     6.212
     7.243
     6.427
     7.881
     7.698
     6.786
     5.407
     6.706
     8.328
     8.308
     5.870
     5.080
     3.430
     3.620
     2.883
     0.905
     1.361
     0.857
     0.415
    -1.517
    -3.290
    -3.304
    -1.992
    -4.408
    -3.682
    -4.715
    -5.583
    -5.886
    -4.695
    -3.624
    -4.362
    -3.811
    -3.770
    -3.219
    -3.900
    -4.592
    -5.074
    -4.104
    -4.755
    -3.539
    -6.753
    -7.091
    -6.314
    -6.634
    -4.075
    -2.652
     0.678
     1.584
    -0.167
    -1.884
    -1.046
    -3.629
    -5.814
    -5.225
    -3.464
    -1.527
    -0.737
     1.919
    -1.546
    -1.367
    -1.505
    -1.903
    -6.081
    -7.100
    -8.565
    -6.069
    -5.435
    -5.654
    -5.665
    -3.424
    -2.223
    -2.502
    -4.673
    -3.678
    -3.990
    -3.001
    -3.387
    -1.949
    -0.923
     1.164
     1.291
     3.246
     2.599
     1.798
     2.169
    -0.155
     0.732
     2.563
     4.794
     3.858
     5.631
     5.272
     7.616
     7.707
    11.095
    11.834
    11.393
    11.222
    12.286
    10.516
    12.804
    13.962
    11.939
    11.624
    10.696
    10.920
    10.494
     8.601
     7.138
     5.369
     4.055
     1.903
     0.832
    -0.628
    -0.143
    -2.821
    -2.820
    -2.246
    -2.108
    -0.661
    -1.482
    -2.758
    -0.853
     0.533
     1.282
     0.990
     0.250
     1.408
     3.045
     1.366
     0.311
     0.257
    -0.390
     0.153
    -2.930
    -3.783
    -4.168
    -5.292
    -5.180
    -4.945
    -6.058
    -4.745
    -3.380
    -3.109
    -3.403
    -3.523
    -5.418
    -5.753
    -6.123
    -8.614
   -10.092
   -10.939
   -10.304
    -4.760
   -11.137
   -10.384
    -9.756
    -6.972
    -5.868
    -3.245
    -4.039
    -4.595
    -4.040
    -4.593
    -0.744
    -0.618
    -0.712
     0.633
     0.597
     2.447
     1.237
     2.761
     3.831
     2.965
     1.226
     1.646
     2.077
    -2.574
    -3.896
    -3.912
    -0.857
     0.362
     1.118
     2.126
     1.353
     1.492
    -0.670
    -1.825
    -0.532
     0.082
    -1.004
    -0.687
    -0.002
    -0.953
    -0.438
     0.077
     0.885
     0.162
    -0.219
    -0.086
     1.259
     1.441
    -0.253
     1.173
     0.967
     2.678
     2.238
     4.928
     1.645
    -0.050
    -1.021
     0.852
     2.913
     4.149
     4.918
     4.348
     5.184
     3.895
     2.309
     2.165
     2.831
     1.299
     2.221
     0.892
    -1.034
     0.148
     1.982
     0.799
     1.176
     3.707
     4.199
     4.594
     3.608
     4.548
     3.982
     4.197
     5.919
     4.119
     6.421
     6.334
     6.306
     5.721
     4.261
     2.357
     3.009
     3.992
     5.159
     3.505
     0.929
     1.456
     3.258
     3.159
     3.483
     2.440
     1.352
     0.839
    -0.541
    -0.578
    -2.101
    -3.174
    -4.306
    -4.772
    -4.234
    -4.799
    -5.525
    -7.785
    -4.824
    -4.079
    -3.700
    -3.987
    -2.749
    -4.921
    -3.708
    -3.326
    -2.852
    -2.485
    -3.484
    -3.793
    -4.314
    -4.466
    -3.598
    -5.003
    -5.984
    -6.416
    -6.264
    -4.198
    -3.155
    -1.720
    -1.724
    -0.712
    -2.410
    -2.203
    -2.232
     0.077
    -0.255
    -0.558
     0.143
     2.883
     1.423
     0.038
    -0.952
     2.490
     0.961
     2.331
     1.664
    -1.445
    -0.962
    -0.289
     1.056
     3.216
     2.794
     1.382
     0.675
     0.924
     1.193
     1.819
     1.822
     2.142
     1.616
     0.805
     0.664
    -0.461
    -0.748
    -1.538
    -1.191
    -0.961
    -1.484
    -1.634
    -1.618
    -1.079
    -0.707
    -0.604
    -0.529
    -0.588
    -0.894
    -0.109
     0.175
    -0.115
     0.585
    -0.035
     0.369
     1.531
     2.007
     0.921
     0.946
     2.422
     1.994
     3.265
     3.017
     3.272
     1.671
     2.329
     0.949
     1.777
     1.174
     0.521
     0.654
     2.324
     1.913
     1.758
     0.319
     1.175
     1.206
     2.134
     3.216
     3.002
     2.714
     3.199
     2.846
     0.972
     0.323
    -1.142
    -0.369
    -1.597
    -1.154
    -0.203
    -0.734
     0.306
    -0.141
    -1.447
    -1.782
    -1.734
    -1.102
    -2.285
    -1.048
    -1.117
    -1.345
    -1.404
    -1.731
    -0.412
    -0.357
    -1.325
    -1.431
    -2.143
    -1.456
    -1.149
    -0.829
    -0.986
    -1.579
    -0.767
    -3.081
    -1.500
    -1.414
    -1.513
    -1.308
    -0.553
     0.046
     0.327
    -0.418
    -0.311
    -1.963
    -0.041
     0.148
    -0.064
     0.329
     1.618
     0.668
     0.572
     0.419
    -0.486
    -0.133
    -0.249
    -0.855
    -0.844
    -0.915
    -0.816
    -1.148
    -0.505
    -0.091
    -0.246
    -0.361
    -0.710
    -0.546
     1.061
     0.060
     0.089
     0.110
    -0.183
    -0.895
    -1.397
    -1.914
    -1.092
    -0.773
    -1.874
    -1.454
    -0.334
    -0.123
    -0.851
    -2.166
    -0.422
     0.324
     1.465
     1.369
     1.996
     5.228
     5.337
     6.277
     6.980
     6.909
     7.593
     7.224
     6.827
     5.146
     4.738
     2.598
     2.920
     1.561
     1.323
     0.258
     0.430
     0.184
    -0.608
    -0.680
     0.061
    -0.044
     0.586
     1.316
     0.373
     1.567
     0.141
    -0.805
     0.840
     0.142
    -0.520
     0.098
    -1.148
    -1.532
    -2.260
    -1.039
    -1.644
    -1.719
    -1.957
    -2.937
    -3.013
    -4.230
    -3.159
    -3.103
    -2.989
    -1.808
    -1.308
    -1.861
    -1.278
    -1.222
    -2.655
    -2.791
    -3.356
    -3.148
    -2.918
    -3.164
    -3.508
    -3.583
    -3.825
    -3.293
    -2.673
    -3.099
    -3.327
    -3.293
    -2.898
    -2.436
    -2.356
    -1.927
    -2.120
    -1.309
    -1.285
    -0.350
    -0.126
     0.309
     0.384
    -0.682
     0.763
     0.815
     0.546
     1.558
     0.821
    -0.034
     0.339
     0.162
    -0.257
     0.799
     1.590
     0.792
     0.646
     1.046
    -0.042
     1.534
     1.407
     1.052
     2.419
     2.911
     2.679
     2.432
     1.721
     2.336
     1.841
     3.685
     2.004
    -0.551
    -1.346
    -0.599
     0.307
    -0.005
     0.141
     1.443
     1.251
     2.649
     3.785
     3.147
     4.631
     3.757
     2.634
     5.190
     2.551
     2.197
     2.333
     0.825
     0.452
     1.042
    -0.032
     0.030
     1.200
     0.126
    -0.841
     0.705
    -0.274
     0.216
     1.154
     0.958
     2.403
     2.755
     1.529
     0.289
     0.543
    -0.190
    -0.179
     0.163
    -0.460
    -0.092
    -0.566
    -0.283
    -1.255
    -2.846
    -1.929
    -2.986
    -1.959
    -1.655
    -2.098
    -1.979
    -1.374
    -1.342
    -2.017
     0.083
     0.787
     1.377
     0.376
     0.353
    -0.018
     0.452
     0.053
    -1.601
    -1.099
    -1.141
    -1.289
    -0.017
    -1.356
    -0.969
    -0.996
    -0.452
    -0.808
     1.646
     0.837
    -0.793
    -0.126
    -0.318
    -1.088
     0.026
     0.154
     0.089
    -0.534
    -0.733
     0.721
     0.397
    -0.524
    -1.085
    -1.335
    -0.108
    -1.339
    -0.692
    -0.460
    -1.550
    -1.238
    -1.085
    -0.675
    -0.981
    -0.686
    -0.905
    -1.956
    -0.739
    -1.161
    -1.533
    -2.713
    -1.981
    -1.197
     0.242
    -1.604
    -2.031
    -0.848
     0.100
    -1.020
     1.102
    -0.558
     0.857
    -0.332
     0.195
    -1.734
    -1.013
    -1.522
    -1.935
    -1.429
    -1.079
    -1.283
     0.339
    -0.892
    -0.969
    -0.973
    -0.188
     0.497
     1.724
     2.185
     1.872
     1.942
     1.835
     2.041
     3.627
     2.620
     4.324
     4.048
     5.366
     3.734
     3.731
     2.747
     3.800
     5.261
     5.134
     4.410
     5.025
     5.826
     3.132
     1.856
     2.026
     2.834
     2.806
     1.995
     0.016
    -1.464
    -1.625
    -1.163
    -1.073
    -3.611
    -3.080
    -3.023
    -2.996
    -3.488
    -2.787
    -2.476
    -3.390
    -1.723
    -1.294
    -0.547
    -0.187
    -1.378
    -1.226
    -2.019
    -1.342
    -1.345
    -1.179
    -0.496
    -0.058
     0.404
    -1.239
    -1.570
    -1.615
    -1.792
    -1.267
    -3.303
    -1.887
    -2.078
    -1.955
    -2.753
    -3.212
    -3.566
    -2.591
    -3.610
    -1.680
    -2.719
    -1.730
    -1.993
    -2.558
    -2.196
    -1.576
    -1.428
    -1.966
    -1.088
     0.399
    -0.110
    -0.199
    -0.131
     0.347
    -0.403
    -0.369
    -0.600
     0.383
    -0.426
     1.299
     1.086
     1.682
     1.560
     0.553
    -0.148
     0.502
     0.058
     1.096
     3.080
     3.264
     3.817
     3.894
     3.713
     3.735
     2.365
     3.345
     3.926
     4.048
     2.257
     2.810
     2.543
     1.381
     0.987
     1.334
     0.644
     1.105
     1.137
     0.924
     1.016
     0.090
     1.447
     1.517
     0.966
     0.926
     1.335
     1.129
     0.738
     1.430
     0.406
     0.559
     1.892
     2.281
     2.400
     0.735
     1.575
     2.246
     1.836
     1.325
     2.307
    -0.466
     0.982
     0.410
     0.687
     0.725
     0.646
     1.216
     0.395
     0.292
     1.238
     1.583
     0.663
     0.309
     0.660
     0.552
     0.232
     0.146
     0.101
    -1.840
    -0.410
    -0.134
    -0.665
    -0.598
    -0.989
    -0.569
    -1.847
    -1.832
    -1.232
    -0.953
    -0.902
    -0.173
    -0.325
    -1.767
    -2.210
    -3.016
    -3.629
    -3.202
    -2.195
    -2.967
    -4.920
    -5.349
    -6.338
    -5.540
    -6.505
    -3.823
    -2.540
    -1.866
    -0.663
    -0.700
    -1.749
    -0.912
    -0.940
    -2.720
    -0.863
    -0.675
    -0.375
    -1.284
    -1.477
    -3.232
    -3.477
    -3.876
    -2.595
    -2.981
    -2.353
    -2.803
    -2.113
    -1.575
     0.417
     2.142
    -1.044
    -2.268
    -1.648
    -3.488
    -2.410
    -0.673
    -1.895
    -3.081
    -2.929
    -4.640
    -4.578
    -2.766
    -1.460
    -0.840
    -2.039
    -2.296
    -1.631
    -2.438
    -1.028
     1.048
    -0.811
    -1.740
    -2.173
    -2.696
    -2.150
    -1.721
    -0.588
    -0.415
     1.736
     5.375
    10.728
     8.234
     4.360
     5.406
    12.189
    14.651
    14.718
    11.656
     9.778
    10.416
     7.514
     6.851
     4.103
     1.523
    -0.527
    -4.005
    -3.107
    -3.278
    -2.880
    -3.672
    -2.816
    -1.690
     0.972
     4.375
     8.266
     8.810
     9.112
     7.505
     6.614
     5.921
     9.081
     4.226
     1.096
    -0.759
    -7.251
    -6.440
    -4.936
    -2.512
     1.110
     0.752
     1.583
     3.950
     4.057
     3.985
     5.019
     6.785
     7.227
     7.219
     8.998
     7.104
     7.312
     7.853
    11.029
    13.526
    14.883
    14.455
    14.631
    13.327
    13.527
    12.289
    11.010
     3.565
    -7.619
    -6.687
    -0.992
    -0.850
    -0.004
   -13.523
    -9.115
    -0.915
    -4.926
   -10.741
   -12.441
   -15.105
   -18.580
   -23.600
   -27.897
   -28.875
   -24.014
   -21.251
   -17.484
   -19.051
   -18.491
   -16.308
   -14.166
   -14.457
   -15.400
   -13.621
    -9.689
    -5.833
    -5.534
    -5.559
    -7.789
    -7.590
    -7.626
    -7.666
    -9.284
    -9.279
    -7.436
    -3.458
    -4.389
    -4.031
    -3.084
    -2.142
     2.132
     5.073
     5.013
     6.190
     7.103
     4.489
     6.484
     7.107
     8.483
     6.138
     7.374
     8.036
     8.303
     7.022
     7.028
     5.450
     6.488
     3.660
     3.093
     2.063
     0.777
     1.040
     1.621
     1.610
     3.068
     3.189
     3.183
     3.980
     3.779
     3.816
     4.331
     4.411
     4.746
     4.985
     4.940
     5.177
     5.286
     5.440
     6.022
     6.201
     6.369
     5.919
     5.384
     5.610
     5.710
     5.657
     5.404
     5.463
     5.473
     5.384
     5.302
     5.300
     5.236
     5.237
     5.131
     5.075
     5.002
     4.960
     4.868
     4.798
     4.690
