     4.978
     4.849
     4.723
     4.573
     4.431
     4.258
     4.105
     3.932
     3.751
     3.552
     3.392
     3.169
     2.875
     2.661
     2.413
     2.113
     1.795
     1.446
     1.016
     0.770
     0.367
    -0.056
    -0.298
    -0.535
    -0.537
    -1.248
    -1.263
    -1.508
    -2.250
    -2.444
    -2.756
    -3.048
    -3.737
    -4.374
    -4.774
    -5.551
    -5.770
    -5.874
    -6.438
    -6.482
    -6.810
    -6.572
    -7.345
    -8.097
    -8.156
    -8.651
    -8.653
    -8.746
    -8.899
   -10.140
    -9.718
   -10.679
   -10.389
   -10.774
   -10.691
   -12.781
   -11.857
   -11.793
   -13.558
   -13.343
   -12.831
   -12.832
   -13.686
   -13.106
   -11.226
   -10.193
   -10.738
    -8.718
    -6.777
    -6.313
    -4.105
    -4.045
    -2.797
    -0.275
     1.374
     0.359
     0.170
     1.347
     2.774
     5.531
     6.148
     6.903
     6.776
     7.589
     8.265
     7.759
     9.501
     8.973
     8.267
     9.440
     9.650
    10.393
    11.625
    13.259
    11.998
    11.656
    11.472
    10.397
     9.656
     9.004
     8.692
     6.741
     6.785
     6.062
     4.186
     4.404
     4.286
     4.026
     3.777
     2.158
     3.058
     4.267
     3.391
     4.384
     3.960
     1.973
     1.051
     0.879
     1.080
     0.443
     0.364
    -0.134
     0.293
     0.044
    -0.524
    -1.415
    -0.932
    -0.559
    -1.411
    -1.715
    -1.541
    -1.374
    -1.754
    -1.904
    -2.071
    -2.026
    -2.110
    -2.669
    -2.293
    -2.941
    -2.948
    -3.665
    -3.177
    -2.262
    -2.595
    -2.425
    -1.643
    -1.819
    -1.995
    -2.225
    -2.383
    -1.494
    -1.852
    -2.158
    -0.285
    -0.870
    -2.688
    -2.932
    -2.660
    -4.947
    -4.837
    -3.743
    -2.791
    -1.956
     1.139
     1.070
     1.305
     0.640
     2.412
     1.161
     2.574
     4.025
     2.374
     1.798
     4.408
     3.479
     2.707
     2.883
     3.209
     4.020
     4.296
     4.638
     2.334
     4.214
     3.115
     1.741
     2.811
     2.191
     1.653
     3.490
     3.407
     2.039
    -0.173
    -3.016
    -0.349
     1.000
     3.218
     2.951
     1.687
     0.251
     2.845
    -0.744
    -1.740
    -3.171
    -5.598
    -6.143
    -2.631
    -0.215
    -2.156
    -2.906
    -3.355
    -4.672
    -6.321
   -10.629
   -10.141
   -10.362
    -9.277
    -9.175
    -8.517
   -11.168
    -9.138
    -5.941
    -8.606
    -9.427
    -8.021
    -5.434
    -5.472
    -2.502
    -1.761
    -1.186
     1.234
     2.983
     3.448
     7.261
     5.812
     5.882
     9.873
     8.668
     9.062
     9.165
     9.359
     8.195
     7.489
     7.328
     4.999
     2.810
     3.352
     2.367
     3.316
     3.760
     5.174
     0.956
     7.475
     1.841
    -3.203
     0.964
     1.695
     1.798
     1.252
     0.538
    -0.057
    -0.795
    -0.354
    -2.377
    -0.106
    -1.824
     0.222
    -2.266
    -0.998
    -1.693
    -0.661
    -0.423
     0.276
     0.128
    -0.888
    -1.102
    -0.570
    -1.340
    -1.875
    -3.405
    -3.209
    -2.376
    -4.291
    -4.838
    -4.555
    -3.006
    -3.705
    -4.056
    -3.023
    -4.332
    -2.278
    -3.161
    -3.038
    -2.721
    -3.510
    -3.669
    -4.115
    -3.333
    -3.892
    -3.981
    -3.188
    -3.091
    -2.760
    -1.630
     0.252
    -0.409
    -0.489
    -1.002
    -0.851
    -1.790
    -2.387
     0.589
     2.712
     3.285
     2.415
     4.270
     2.675
     4.687
     6.166
     5.864
     5.713
     5.790
     4.378
     6.316
     6.288
     5.816
     6.514
     5.431
     4.739
     5.535
     4.832
     6.242
     4.508
     4.743
     3.981
     3.295
     3.060
     2.475
     2.612
     4.357
     2.479
     4.901
     4.241
     5.707
     2.610
     2.780
     2.377
     0.697
     1.162
     1.134
     0.437
    -2.180
     1.018
    -0.250
    -0.712
    -1.164
    -1.370
    -1.943
    -2.229
    -3.495
    -5.080
    -4.325
    -2.976
    -2.060
    -3.335
    -5.079
    -3.003
    -1.997
    -1.473
     0.010
    -0.020
    -1.754
     1.248
    -0.234
    -0.185
     1.249
     0.615
     1.209
     1.558
     1.830
     0.199
     2.537
     1.456
     0.885
     0.593
     1.090
    -0.467
    -1.340
    -2.046
    -1.028
    -1.708
    -2.607
    -1.908
    -3.758
    -4.413
    -5.132
    -4.690
    -4.320
    -4.159
    -3.800
    -2.881
    -3.195
    -4.085
    -4.752
    -3.549
    -4.614
    -5.155
    -4.910
    -6.944
    -6.978
    -9.474
    -9.109
    -6.821
    -6.765
    -5.454
    -5.472
    -5.017
    -6.121
    -4.744
    -3.583
    -3.484
    -2.472
    -2.522
    -1.354
     1.319
     6.547
     7.118
     6.890
     3.853
     1.342
     1.256
     1.406
     2.972
     3.657
     4.212
     3.671
     3.216
     1.858
     1.365
     2.553
     3.043
     2.835
     0.922
     1.219
     1.905
     2.709
     3.897
     3.252
     3.659
     2.845
     0.917
     0.777
     1.129
    -0.510
     1.215
     1.858
     1.587
     0.180
     0.526
     0.098
     0.790
     1.462
     3.943
     2.328
     2.636
     3.480
     3.792
     2.693
     2.174
     0.218
    -1.323
    -2.821
    -1.234
     0.292
     0.666
    -0.461
    -0.084
     1.194
     0.727
     0.829
     0.609
     2.580
    -0.206
     2.415
     1.862
     2.428
     2.224
     1.849
     1.143
     3.990
     3.700
     2.178
     3.436
     1.956
     2.025
     0.887
     2.237
     2.787
     3.290
     3.065
     0.850
     0.386
     0.279
    -0.298
     0.322
    -1.094
    -1.655
    -1.712
    -1.294
     0.114
    -0.426
    -1.008
     0.179
    -0.952
     0.039
     1.878
     0.161
     0.460
     1.137
     2.286
     1.775
     1.938
     2.968
     2.147
     2.138
     2.460
     3.693
     0.894
     1.158
     0.745
     1.298
     2.527
     2.351
     2.687
     0.239
    -0.082
    -0.959
     0.457
    -1.006
     1.235
    -1.211
    -0.009
    -1.145
    -2.602
    -3.341
    -2.184
    -0.682
    -0.391
     0.939
    -0.500
     1.881
     1.851
     2.473
     3.042
    -0.455
    -0.852
    -0.875
    -0.782
    -1.272
    -2.901
    -3.754
    -5.727
    -4.785
    -5.158
    -6.076
    -5.954
    -6.903
    -8.649
    -9.099
    -7.886
    -7.771
    -6.852
    -6.932
    -6.696
    -7.203
    -7.458
    -7.836
    -6.573
    -6.224
    -6.411
    -5.229
    -5.917
    -5.801
    -4.567
    -5.495
    -3.636
    -2.917
    -3.612
    -3.058
    -2.999
    -3.053
    -0.884
    -1.534
    -2.368
    -1.765
    -1.014
    -0.819
    -0.593
     0.027
    -2.101
    -3.030
    -1.889
    -1.659
    -0.697
    -0.585
    -0.706
    -0.217
    -0.143
     0.517
     2.209
     2.686
     3.246
     3.861
     4.075
     5.366
     5.577
     5.225
     6.160
     6.102
     3.678
     4.910
     3.080
     4.199
     4.892
     4.031
     2.782
     2.534
     3.833
     3.833
     5.302
     5.403
     6.270
     4.871
     5.299
     3.869
     4.657
     5.284
     2.906
     5.206
     4.695
     3.970
     4.687
     3.953
     4.311
     5.821
     6.697
     6.476
     5.226
     5.225
     6.260
     5.418
     5.782
     5.124
     5.366
     7.410
     7.107
     5.159
     4.881
     5.491
     4.993
     4.647
     6.447
     4.494
     4.547
     3.927
     5.011
     5.214
     6.019
     6.210
     6.455
     6.577
     5.328
     3.673
     0.590
    -1.281
    -1.453
    -2.989
    -6.936
    -6.717
    -6.484
    -7.714
    -8.707
    -7.805
    -7.352
    -5.669
    -6.205
    -6.489
    -6.602
    -7.240
    -4.367
    -4.839
    -3.814
    -2.485
    -1.985
    -2.554
    -0.670
    -1.261
    -1.357
    -0.766
    -2.175
    -0.317
     0.706
    -1.884
    -0.874
    -0.839
    -1.041
    -0.483
    -1.595
    -2.151
    -2.925
    -1.529
    -3.852
    -4.245
    -5.547
    -5.197
    -6.484
    -6.538
    -7.672
    -6.798
    -6.876
    -8.394
    -6.723
    -5.822
    -5.011
    -6.267
    -4.428
    -4.226
    -2.004
    -3.365
    -3.688
    -3.514
    -3.032
    -3.052
    -4.077
    -3.941
    -4.673
    -3.981
    -4.228
    -3.588
    -3.895
    -5.191
    -5.774
    -4.665
    -5.299
    -6.522
    -6.232
    -4.468
    -6.629
    -5.258
    -7.059
    -6.134
    -8.139
    -7.891
    -5.394
    -3.857
    -2.407
    -1.490
    -2.884
    -2.230
    -2.870
    -1.900
    -0.711
     0.133
     0.516
    -0.456
     0.302
     1.267
     1.636
     1.766
     2.155
     0.793
     1.519
     1.402
     2.299
     2.772
     3.432
     5.995
     5.636
     6.610
     6.034
     6.571
     5.740
     6.386
     8.584
     6.685
     8.501
    10.640
    11.036
     9.668
     9.588
    10.748
    11.684
    10.599
    11.009
    11.058
    11.091
    10.462
    10.798
    10.596
    10.852
    10.352
     9.358
     9.038
     7.540
     9.186
     9.311
     9.925
    10.173
     9.137
     9.297
     8.618
     9.630
    11.827
     9.917
     9.394
     8.959
    10.935
    11.000
    10.424
    10.910
    10.540
    10.198
    10.316
    10.515
    10.274
     9.710
     9.426
     9.257
     9.046
     8.891
     8.539
     8.026
     7.108
     7.804
     8.156
     8.405
     4.689
     1.479
    -1.462
    -5.469
    -7.468
   -10.152
   -13.307
   -18.066
   -20.294
   -23.079
   -23.023
   -25.048
   -27.982
   -28.799
   -29.397
   -29.933
   -32.728
   -32.770
   -30.468
   -29.939
   -27.859
   -26.891
   -25.286
   -24.902
   -24.965
   -22.643
   -20.199
   -18.845
   -16.016
   -12.014
    -9.147
    -8.268
    -5.337
    -3.404
    -2.747
    -0.021
     3.165
     2.712
     4.506
     3.974
     3.025
     3.786
     2.863
     3.423
     2.518
     2.677
     2.764
     1.260
     1.095
     0.781
     1.784
     0.716
     0.270
    -0.625
     1.967
     1.967
     3.040
     2.747
     3.445
     3.935
     1.919
     1.689
     2.562
     3.210
     3.347
     2.777
     4.585
     3.719
     2.993
     4.113
     4.625
     5.526
     6.678
     7.187
     7.476
     6.958
     4.364
     2.522
     0.270
    -1.781
    -1.542
     0.500
    -0.218
     2.642
     8.143
    12.834
    16.606
    17.392
    16.723
    16.660
    16.732
    18.218
    16.854
    16.776
    14.818
    13.832
    12.246
     9.793
     8.315
     3.958
     2.418
     2.508
     0.899
     0.765
    -0.832
    -1.969
    -2.800
    -4.898
    -5.280
    -3.642
    -5.711
    -4.729
    -5.308
    -4.218
    -3.140
    -0.998
    -2.547
    -2.782
    -2.594
    -2.714
    -1.900
    -1.128
     0.519
    -1.182
    -0.759
    -0.603
     0.776
     3.197
     2.331
     3.329
     4.416
     5.812
     3.462
     3.960
     4.697
     6.225
     4.770
     4.945
     3.383
     4.765
     5.426
     7.623
     6.936
     7.072
     7.916
     5.864
     3.974
     2.311
     1.693
     0.384
    -2.582
    -0.129
    -1.292
    -4.232
    -5.783
    -7.147
    -5.125
    -6.597
    -5.284
    -5.525
    -3.888
    -3.418
    -3.614
    -4.581
    -5.606
    -3.811
    -1.063
    -1.202
    -1.241
    -0.499
    -1.351
    -0.981
    -0.144
     0.266
     1.032
     0.467
     1.578
     0.977
     2.946
    -0.194
    -0.917
    -0.533
    -0.840
    -0.296
    -1.824
    -0.746
     0.934
    -0.909
    -0.845
     1.944
    -1.124
     0.560
     0.899
    -0.245
    -1.446
    -4.700
    -6.926
    -8.915
    -8.826
    -7.560
    -8.191
    -8.682
   -10.356
   -11.219
   -12.682
   -11.041
    -8.983
    -9.679
   -12.479
   -11.536
   -13.616
   -16.526
   -17.187
   -16.816
   -17.285
   -19.001
   -19.013
   -16.254
   -16.865
   -17.361
   -19.493
   -20.457
   -24.048
   -24.558
   -26.773
   -29.476
   -32.373
   -30.762
   -29.606
   -29.158
   -29.293
   -29.282
   -30.169
   -40.966
    18.214
    29.054
    17.038
    11.447
    13.915
    13.316
    13.229
    13.273
    16.388
    17.460
    20.686
    16.460
    14.977
    16.753
    17.070
    19.026
    20.233
    22.144
    23.061
    30.586
    31.618
    23.334
    26.000
    28.139
    36.839
    42.388
    41.770
    40.014
    41.301
    42.236
    43.990
    43.390
    44.908
    42.613
    44.599
    43.384
    39.306
    34.408
    31.710
    31.679
    28.487
    29.526
    29.232
    27.859
    22.666
    23.768
    22.323
    19.840
    18.614
    17.474
    14.708
    13.094
     8.682
     6.824
    -1.526
    -6.786
   -15.280
   -17.714
   -28.297
   -31.934
   -31.577
   -35.210
   -35.968
   -37.024
   -37.949
   -38.799
   -37.751
   -33.829
   -29.312
   -33.449
   -32.295
   -33.817
   -36.057
   -34.962
   -37.995
   -34.399
   -30.607
   -32.920
   -31.948
   -28.079
   -29.070
   -29.478
   -27.386
   -24.439
   -24.914
   -26.192
   -26.383
   -23.837
   -27.199
   -25.015
   -22.725
   -23.995
   -22.166
   -23.268
   -24.568
   -26.724
   -28.133
   -26.047
   -26.308
   -25.600
   -20.187
   -17.354
   -16.838
   -12.745
    -8.692
    -4.583
    -3.198
    -0.968
    -0.840
     1.531
     4.941
     8.224
     5.910
    11.578
    19.531
    22.919
    26.453
    29.664
    34.459
    38.767
    42.928
    39.643
    37.820
    48.019
    55.713
    52.460
    47.571
    56.351
    47.032
    40.517
    55.008
    55.079
    33.749
    15.132
    12.889
    33.311
    21.686
     5.035
    -6.874
    -0.262
    -8.391
   -14.683
   -17.424
   -10.799
   -21.841
   -20.078
   -12.079
   -11.531
    -6.736
    -6.863
   -12.411
   -16.661
   -11.204
    -3.714
    -4.413
    -7.984
    -3.206
     1.072
     1.413
    -0.110
    -0.362
     3.158
     3.677
     4.956
    -1.218
     1.430
     4.266
     2.354
     1.133
    -5.832
   -15.680
   -20.139
   -10.939
     6.547
    -1.539
    -8.825
   -10.350
    -8.341
    -7.030
    -5.831
     9.314
     2.472
   -11.416
   -17.095
   -16.513
   -26.548
   -26.167
   -18.820
   -10.415
    -7.223
    -3.794
     1.713
    -0.632
   -12.256
   -13.976
   -16.169
    -8.817
    -5.251
     2.723
     4.036
     3.071
     7.193
     3.593
    12.391
    10.657
     7.080
     9.171
    18.513
    22.520
    28.432
    25.308
    19.931
    18.414
    13.090
    15.489
    16.401
    11.684
    10.238
     9.571
     6.182
     4.504
    -1.804
     2.303
    -0.113
     7.282
     2.142
     3.139
     5.332
    -0.469
     0.817
     2.172
     0.479
     2.103
     5.369
     5.022
     3.104
     3.098
     1.533
    -2.718
    -4.207
    -7.302
    -4.268
    -3.857
     0.759
    -0.120
     1.576
    -2.546
    -3.831
    -3.727
    -7.743
    -6.922
    -4.708
    -8.902
   -12.136
    -8.376
    -3.204
    -6.130
   -17.372
   -15.851
   -13.412
    -6.774
    -9.296
   -10.481
    -7.536
    -5.384
     6.811
    15.088
    -2.036
    -6.031
   -11.979
    -8.176
    -4.957
    -3.291
   -13.146
   -21.142
   -14.556
   -17.127
   -21.397
   -22.492
   -21.915
   -19.948
   -16.232
   -12.822
   -10.979
   -12.285
   -11.341
    -8.311
    -3.641
   -11.210
    -9.663
    -6.947
    -2.123
    -3.391
    -7.873
    -4.861
    -9.178
    -3.093
    -6.981
    -0.628
    -2.442
     0.628
     1.458
    11.393
     7.288
    10.381
     4.392
     3.236
     8.425
     5.764
     8.672
    11.786
    16.945
    10.629
     5.597
     6.821
     6.334
     7.500
     8.958
    13.495
    14.375
    19.291
    22.325
    19.353
    20.394
    22.622
    21.314
    23.034
    25.507
    20.163
    33.361
    22.853
    25.334
    14.304
     9.422
    16.227
    15.672
    14.444
    17.286
    15.278
    17.662
    11.435
     6.828
     9.066
     8.141
     3.770
     5.632
     3.860
     8.179
    11.115
    -0.324
    -0.422
     2.178
    -0.788
    -6.728
    -6.465
    -8.840
    -8.903
    -6.322
    -6.195
    -8.259
   -11.476
   -14.854
    -1.808
    -5.673
   -22.438
   -20.126
    -4.444
    -1.847
    -0.342
   -13.968
    -7.573
    -2.373
   -13.126
   -12.488
   -17.342
   -28.165
   -21.577
   -16.885
   -21.688
   -17.557
    -7.494
   -12.104
    -8.670
    -1.556
     0.926
    -3.120
    -3.959
    -6.529
    -8.051
    -8.991
   -10.642
    -9.754
    -9.741
    -7.849
    -8.788
    -2.761
    -3.345
    -3.499
    -3.741
     3.029
    -1.439
    -3.091
     1.481
     2.354
     4.843
     0.804
     2.619
    -2.048
     2.607
    -1.039
    -1.531
     3.587
     5.462
     3.522
    -2.662
    -1.397
     3.037
     3.645
     0.641
     3.783
     5.532
     9.475
     4.785
     2.719
     2.205
     1.981
     6.772
     2.837
     4.681
     3.744
    -1.414
     0.402
     0.062
    -0.758
    -1.068
    -4.788
    -2.402
     2.026
     2.404
     3.988
    -2.686
    -0.564
     3.210
     4.170
     3.585
     1.098
    -6.156
    -1.094
     2.278
     5.619
    -6.008
   -16.957
   -13.097
    -5.708
    -7.207
    -8.359
   -10.912
    -9.141
    -7.977
    -7.245
    -6.646
    -8.650
    -3.791
    -3.846
    -1.696
     1.886
     5.086
     2.085
    -4.263
    -0.397
     1.482
     2.617
     0.989
     0.680
     1.771
     2.414
     2.458
     3.254
     7.594
     4.659
     7.791
     8.136
     8.475
    11.852
    10.129
     9.454
     8.283
     8.455
     9.533
     9.670
    11.713
    11.677
    11.160
    11.152
    10.726
    14.032
    14.363
    12.913
    15.698
    16.145
    17.664
    15.607
    14.476
    14.530
    14.277
    13.608
    14.505
    11.609
    14.153
    11.428
     8.260
     8.499
     7.224
     6.934
     7.554
     5.208
     4.099
     2.814
     3.170
     1.754
     0.679
    -1.841
    -3.008
    -1.914
    -3.612
    -5.378
    -6.182
    -6.278
    -6.137
    -5.836
    -8.184
    -9.487
   -10.838
   -12.538
   -12.950
   -13.814
   -16.263
   -17.702
   -18.662
   -20.136
   -18.151
   -19.379
   -18.357
   -18.606
   -20.628
   -21.711
   -21.242
   -20.243
   -19.366
   -16.418
   -17.325
   -16.084
   -17.716
   -12.952
   -13.425
    -8.888
   -11.573
   -10.099
   -11.055
    -8.471
    -8.946
    -5.572
    -7.392
    -6.412
    -9.933
    -5.895
    -6.945
    -7.626
    -6.929
    -6.025
    -4.002
    -2.068
     0.225
     1.336
     1.592
     1.686
     2.153
     3.634
     3.023
     5.223
     7.608
     8.990
     7.527
     7.909
    13.728
     6.803
     8.448
     9.800
    12.078
    12.115
    10.345
     9.692
    10.770
     9.986
    10.479
     8.720
     8.809
     9.251
     8.906
     8.602
     9.349
    10.479
    10.211
     7.637
     9.891
     7.688
     9.278
    12.326
    11.500
    10.766
     9.982
     9.848
    11.585
    12.248
    10.015
     8.644
     7.499
     6.938
     6.273
     6.453
     6.664
     5.214
     4.850
     5.172
     4.320
     5.548
     5.807
     6.976
     7.288
     7.287
     4.343
     4.977
     4.336
     1.708
     1.772
    -0.588
    -2.857
    -2.900
    -2.520
    -5.430
    -5.789
    -6.233
    -8.256
    -7.245
    -9.000
    -7.222
    -7.285
    -6.556
    -7.564
    -7.070
    -7.324
    -7.005
    -6.032
    -7.321
    -6.139
    -7.226
    -5.818
    -8.431
    -7.362
    -7.927
    -6.864
    -8.951
   -10.895
   -10.483
   -10.545
   -10.042
    -8.974
    -9.713
    -7.445
    -7.772
    -7.476
    -8.093
    -6.592
    -8.578
    -8.660
    -6.212
    -5.107
    -1.647
    -1.461
    -1.974
     0.689
     3.013
     3.188
     4.997
     3.969
     2.924
     2.603
     2.049
     2.091
     0.277
    -0.858
    -1.355
    -3.457
    -2.188
    -0.844
    -2.065
    -2.528
    -0.719
    -0.863
     1.264
     2.222
     2.233
     2.099
     2.311
     3.021
     2.570
     4.333
     4.002
     3.543
     5.801
     7.162
     7.907
     4.184
     4.883
     5.871
     3.355
     5.221
     5.321
     6.838
     6.187
     6.722
     6.182
     7.205
     5.253
     6.393
     6.466
     6.149
     6.804
     6.176
     5.831
     5.215
     5.445
     6.464
     7.480
     4.584
     4.044
     2.339
     3.292
     2.675
    -0.365
     0.564
    -0.009
     1.012
    -1.539
    -3.544
    -4.037
    -1.975
    -4.711
    -3.465
    -5.014
    -6.193
    -6.284
    -4.507
    -3.677
    -4.187
    -3.823
    -3.302
    -2.947
    -3.926
    -4.857
    -5.410
    -4.424
    -5.179
    -4.209
    -6.856
    -7.627
    -5.345
    -6.412
    -3.000
    -2.842
     0.978
     1.845
    -0.168
    -2.780
    -1.634
    -3.830
    -6.396
    -5.180
    -3.489
    -1.243
    -0.409
     1.896
    -3.010
    -1.402
    -0.414
    -0.838
    -5.902
    -6.429
    -8.401
    -6.004
    -5.353
    -5.577
    -6.287
    -3.968
    -1.563
    -2.672
    -5.566
    -4.877
    -5.224
    -3.013
    -2.788
    -2.060
    -1.206
     1.739
     1.749
     3.533
     1.529
     2.245
     2.332
    -1.074
     1.257
     3.646
     5.355
     4.383
     7.247
     5.850
     7.374
     8.511
    11.084
    11.808
    12.003
    10.831
    12.769
    11.614
    12.418
    14.457
    12.333
    12.175
    12.013
    11.223
    11.463
     8.971
     6.953
     5.266
     4.931
     1.665
     1.564
    -0.462
    -0.521
    -4.022
    -3.346
    -2.829
    -3.045
    -0.805
    -1.286
    -3.260
    -1.537
     0.201
     2.692
     1.067
     0.677
     1.994
     2.506
     1.894
     0.952
    -0.299
    -0.368
     0.006
    -3.017
    -4.817
    -4.339
    -4.885
    -5.047
    -4.625
    -5.898
    -4.829
    -3.013
    -3.411
    -2.985
    -3.990
    -5.827
    -6.844
    -6.350
    -9.273
   -10.493
   -12.345
   -10.474
    -2.803
   -11.501
    -8.916
    -9.373
    -6.492
    -6.482
    -3.076
    -4.230
    -5.369
    -4.094
    -4.645
    -0.246
    -0.705
     0.424
     1.044
    -0.063
     2.764
    -0.046
     3.121
     5.711
     3.487
     1.104
     3.112
     3.432
    -3.089
    -3.969
    -4.565
    -1.168
    -0.225
     1.804
     2.238
     1.696
     1.508
    -1.329
    -1.424
    -0.458
    -0.160
    -0.663
    -0.361
     0.406
    -2.012
    -0.620
    -0.513
     0.779
     0.244
     0.098
    -0.119
     1.164
     0.935
    -0.666
     1.255
    -0.091
     2.101
     1.181
     5.111
     1.143
    -0.774
    -0.932
     0.448
     3.009
     4.373
     4.764
     3.771
     5.608
     3.307
     2.023
     2.136
     2.372
     1.536
     1.173
     0.280
    -0.992
    -0.525
     1.572
     0.223
     1.127
     4.365
     4.846
     5.169
     3.578
     4.682
     3.382
     2.961
     5.550
     3.375
     6.691
     6.545
     5.439
     6.058
     3.748
     1.780
     2.341
     3.191
     4.681
     2.430
     0.161
     0.900
     3.010
     3.254
     3.241
     1.796
     1.198
     0.743
    -0.420
    -0.696
    -1.741
    -2.886
    -3.497
    -4.091
    -3.336
    -3.892
    -5.170
    -6.463
    -3.984
    -3.147
    -3.343
    -3.450
    -2.364
    -4.345
    -3.331
    -3.182
    -2.699
    -2.060
    -3.402
    -3.860
    -3.748
    -3.904
    -3.715
    -4.846
    -6.192
    -6.299
    -5.754
    -3.855
    -2.573
    -1.293
    -2.035
    -0.861
    -2.220
    -1.918
    -1.325
     1.043
    -0.254
    -0.172
     1.253
     3.323
     1.584
    -0.249
    -1.345
     2.011
     1.263
     3.026
     2.391
    -0.488
    -0.742
     0.060
     1.981
     4.393
     3.366
     2.497
     1.425
     1.214
     1.461
     2.281
     1.852
     1.860
     2.469
     1.042
     0.683
    -0.740
    -0.695
    -0.979
    -1.216
    -0.570
    -1.021
    -1.988
    -1.761
    -1.216
    -0.900
    -1.252
    -0.831
    -1.010
    -0.851
    -0.827
    -0.407
    -0.693
    -0.646
    -0.073
    -0.046
     1.120
     1.538
     0.434
     0.157
     2.868
     1.570
     2.372
     2.608
     2.265
     1.171
     1.925
     0.220
     0.634
     0.826
     1.148
     0.634
     2.036
     1.957
     1.683
     0.071
     0.997
     0.811
     1.454
     2.517
     2.360
     1.870
     2.051
     1.027
     0.121
    -0.345
    -1.253
    -1.313
    -2.402
    -1.445
    -1.283
    -1.117
    -0.208
    -1.220
    -2.021
    -2.115
    -1.713
    -1.092
    -2.381
    -1.426
    -1.792
    -2.202
    -1.741
    -1.745
    -0.836
    -0.373
    -0.854
    -0.626
    -1.574
    -1.626
    -1.261
    -0.320
    -1.520
    -0.929
    -0.839
    -1.905
    -1.085
    -0.520
    -0.797
    -0.727
    -0.211
     0.535
     0.848
    -0.108
    -0.231
    -1.442
     0.471
     0.354
    -0.000
     0.485
     2.318
     1.000
     0.175
     0.619
    -0.575
    -0.210
     0.359
    -0.510
    -0.374
    -0.176
    -0.606
    -0.026
     0.100
     0.621
     0.126
     0.081
    -0.389
     0.417
     1.704
     0.677
     1.124
     0.138
    -0.016
    -0.951
    -0.769
    -1.455
    -0.681
    -0.344
    -0.886
    -0.917
     0.369
     0.371
    -0.240
    -1.207
     0.263
     0.619
     1.783
     2.009
     2.301
     4.871
     5.489
     6.483
     7.407
     7.401
     7.954
     7.075
     7.067
     5.376
     4.420
     3.235
     3.609
     2.083
     1.609
     0.389
     0.024
    -1.399
    -1.047
    -1.814
    -0.210
    -0.119
     0.131
    -0.386
    -0.285
     0.897
    -0.171
    -0.881
     0.717
    -0.162
    -1.181
    -0.113
    -2.158
    -1.629
    -2.491
    -1.540
    -2.276
    -1.940
    -2.853
    -3.121
    -3.140
    -4.189
    -2.707
    -3.072
    -2.611
    -2.125
    -2.003
    -2.535
    -2.125
    -1.729
    -2.671
    -3.370
    -3.822
    -3.787
    -2.598
    -3.969
    -4.134
    -3.549
    -4.001
    -3.589
    -2.738
    -2.936
    -3.490
    -4.298
    -3.376
    -3.062
    -2.284
    -2.111
    -2.946
    -1.701
    -1.476
    -1.102
    -0.221
    -0.144
     0.330
    -1.171
     0.738
     0.893
     0.119
     0.829
     0.195
    -0.155
    -0.180
     0.325
    -0.389
     0.506
     1.076
     1.287
     0.240
     0.822
    -0.358
     0.742
     1.128
     1.101
     2.487
     3.037
     2.971
     3.073
     2.876
     2.703
     3.375
     4.182
     2.175
     0.628
     0.068
    -0.821
     0.484
     0.273
     0.670
     2.135
     1.752
     2.943
     4.426
     4.265
     5.247
     4.573
     3.193
     4.782
     3.866
     2.751
     2.730
     0.726
     0.837
     1.331
     0.460
     0.343
     0.923
     0.577
    -0.072
     0.720
     0.058
     0.278
     1.485
     1.070
     2.586
     1.802
     1.572
     0.249
     1.041
    -0.032
    -0.368
     0.409
    -0.054
     0.189
    -1.434
    -0.686
    -1.230
    -2.734
    -1.794
    -3.608
    -1.640
    -1.903
    -2.186
    -2.341
    -0.830
    -1.465
    -1.921
    -0.572
     1.088
     1.230
     0.114
     0.205
    -0.166
     0.190
    -0.315
    -1.107
    -0.845
    -0.889
    -0.060
     0.626
    -0.693
    -1.000
    -1.649
    -1.086
    -1.470
     1.659
     0.256
    -0.448
    -0.544
    -0.532
    -0.888
    -0.392
    -0.101
    -0.162
    -0.405
    -0.744
     0.945
    -0.652
    -0.817
    -0.788
    -1.606
     0.016
    -1.155
    -0.533
    -0.523
    -1.287
    -1.557
    -1.270
    -0.851
    -1.162
    -0.435
    -1.242
    -1.428
    -0.706
    -1.084
    -2.398
    -3.288
    -1.818
    -1.247
    -0.060
    -1.525
    -1.612
    -0.444
    -0.325
    -0.740
     1.187
    -0.365
     0.792
     0.272
    -0.333
    -2.025
    -1.557
    -1.603
    -2.086
    -1.606
    -0.865
    -1.294
     0.170
    -0.502
    -0.842
    -1.283
    -0.495
    -0.370
     1.683
     1.407
     1.854
     1.373
     1.571
     1.615
     2.622
     1.762
     4.132
     4.044
     4.556
     3.277
     2.729
     2.114
     3.313
     5.210
     4.491
     4.197
     4.825
     5.784
     4.002
     2.280
     1.885
     3.087
     2.518
     2.022
    -0.301
    -1.177
    -1.060
    -0.069
    -1.078
    -3.426
    -2.838
    -2.739
    -3.141
    -3.408
    -2.752
    -1.803
    -3.417
    -1.273
    -0.998
    -0.008
     0.115
    -1.007
    -0.344
    -2.010
    -1.031
    -0.831
    -0.721
    -0.079
     0.565
     0.169
    -0.983
    -1.538
    -1.580
    -2.048
    -1.143
    -2.768
    -1.303
    -1.766
    -1.935
    -2.906
    -3.660
    -4.176
    -2.267
    -3.039
    -2.160
    -1.588
    -2.227
    -2.232
    -2.378
    -1.651
    -2.130
    -2.195
    -1.367
    -1.845
     0.395
     0.267
     0.308
     0.236
     0.924
    -0.248
     0.281
     0.051
     1.020
     0.550
     1.643
     1.831
     1.858
     2.490
     0.675
    -0.183
     1.173
     0.805
     1.556
     3.152
     2.833
     3.068
     3.485
     3.397
     3.315
     1.443
     3.453
     3.391
     3.869
     2.508
     2.533
     2.401
     1.553
     1.128
     0.590
    -0.366
     0.857
     1.028
     0.659
     1.155
     0.334
     0.688
     0.705
     1.136
     0.855
     1.603
     1.192
     0.342
     1.796
     0.072
     0.879
     1.534
     2.258
     1.412
     0.355
     1.571
     1.885
     1.131
     1.037
     2.296
     0.318
     0.927
    -0.461
     0.043
     0.767
    -0.160
     0.843
     0.384
     0.107
     1.010
     1.596
     0.231
     0.244
     1.092
     0.330
    -0.489
    -0.217
     0.596
    -1.764
    -0.230
    -0.861
    -0.471
    -1.317
    -0.760
    -0.881
    -1.565
    -2.198
    -0.989
    -0.830
    -0.858
     0.537
     0.132
    -1.556
    -1.605
    -2.322
    -3.278
    -3.013
    -1.537
    -3.095
    -4.593
    -5.386
    -6.567
    -4.767
    -5.998
    -3.782
    -1.968
    -2.284
    -0.411
    -0.573
    -2.419
    -0.178
    -1.287
    -2.733
    -1.040
    -0.966
    -0.459
    -1.344
    -1.224
    -3.184
    -3.242
    -3.911
    -2.878
    -2.786
    -2.156
    -3.352
    -2.250
    -1.374
     0.951
     1.643
    -1.087
    -2.441
    -2.592
    -3.397
    -2.268
    -0.346
    -2.083
    -3.807
    -4.308
    -4.596
    -4.846
    -3.181
    -2.102
    -1.459
    -2.893
    -2.750
    -2.206
    -2.458
    -1.041
     1.012
    -0.754
    -1.653
    -2.275
    -1.967
    -1.995
    -1.585
     1.195
    -0.198
     2.283
     4.916
    11.935
     8.404
     3.932
     5.473
    12.733
    14.089
    14.144
    11.438
     9.293
     9.599
     6.855
     6.209
     4.051
     0.371
    -1.303
    -4.101
    -2.653
    -3.119
    -1.244
    -2.558
    -2.189
    -0.331
     2.471
     5.035
     8.993
     9.848
    10.309
     8.274
     6.883
     6.503
    10.011
     4.708
    -0.152
    -0.284
    -7.046
    -5.261
    -4.058
    -2.148
     1.933
     1.424
     3.403
     4.618
     4.927
     4.840
     4.933
     7.189
     8.674
     7.709
     9.524
     7.673
     7.279
     8.022
    10.872
    13.410
    14.884
    14.682
    14.371
    12.743
    12.379
    11.060
     8.854
     2.104
    -8.185
    -7.469
    -1.426
    -3.755
     0.085
   -14.403
    -9.406
     0.090
    -5.609
   -11.284
   -12.689
   -15.639
   -19.420
   -23.852
   -28.647
   -29.622
   -25.124
   -21.476
   -17.852
   -19.434
   -19.935
   -16.562
   -14.786
   -14.291
   -15.574
   -14.455
   -10.055
    -6.371
    -6.113
    -5.531
    -8.359
    -8.064
    -8.281
    -7.635
    -9.302
    -9.899
    -7.698
    -3.956
    -4.633
    -4.044
    -3.565
    -2.738
     2.368
     4.026
     4.764
     5.896
     6.651
     4.558
     6.456
     6.953
     8.545
     6.297
     7.130
     8.081
     8.394
     7.103
     7.042
     5.585
     6.959
     3.725
     3.278
     2.203
     1.033
     1.470
     2.066
     1.910
     3.611
     3.667
     3.518
     4.532
     4.185
     4.195
     4.870
     4.802
     5.202
     5.407
     5.334
     5.737
     5.813
     5.896
     6.629
     6.707
     6.970
     6.522
     5.909
     6.223
     6.295
     6.265
     5.969
     5.996
     6.060
     5.951
     5.853
     5.830
     5.783
     5.751
     5.636
     5.562
     5.484
     5.413
     5.310
     5.210
     5.088
