     4.029
     4.423
     4.690
     5.072
     5.326
     5.695
     5.936
     6.295
     6.526
     6.871
     7.065
     7.353
     7.529
     7.854
     7.959
     8.191
     8.245
     8.418
     8.455
     8.667
     8.611
     8.725
     8.662
     8.768
     8.741
     8.882
     8.704
     8.751
     8.525
     8.556
     8.295
     8.238
     7.844
     7.702
     7.470
     6.903
     6.693
     6.525
     6.030
     5.855
     5.491
     4.760
     4.368
     3.771
     2.928
     2.570
     2.282
     1.442
     0.623
    -0.008
    -0.533
    -0.834
    -1.617
    -2.439
    -3.456
    -4.520
    -5.308
    -6.225
    -6.299
    -5.958
    -7.210
    -7.598
    -6.859
    -6.185
    -6.370
    -6.564
    -6.311
    -4.720
    -4.474
    -3.894
    -2.401
    -2.057
    -1.961
    -2.434
    -2.140
    -2.245
    -1.116
    -1.978
    -1.453
    -1.345
    -0.774
    -0.980
    -0.089
     1.230
     3.490
     3.941
     2.943
     1.362
    -0.632
    -1.069
    -3.279
    -3.440
    -6.168
    -7.753
    -9.039
   -10.570
   -12.972
   -10.467
    -9.905
    -8.732
    -5.957
    -5.291
    -4.070
    -3.802
    -3.914
    -4.258
    -3.901
    -4.276
    -3.894
    -2.316
    -3.297
    -3.929
    -5.229
    -4.866
    -5.032
    -5.754
    -5.593
    -5.972
    -5.302
    -3.705
    -4.022
    -4.514
    -5.155
    -4.569
    -4.982
    -4.423
    -3.547
    -2.076
    -1.099
    -1.559
    -1.555
    -1.862
    -1.526
    -1.156
    -1.463
    -0.902
     0.189
     0.875
    -0.008
     0.993
     1.011
     1.335
     3.081
     3.289
     3.881
     2.873
     4.088
     3.990
     1.933
     2.605
     2.556
     3.798
     4.526
     3.885
     4.049
     4.749
     4.380
     3.934
     7.314
     4.692
     4.018
     5.055
     6.916
     8.059
     8.656
     9.246
     7.217
     7.051
     8.036
     7.900
     7.159
     6.603
     5.683
     5.548
     4.583
     1.969
     2.883
     3.045
     2.483
     3.078
     4.022
     1.446
     0.219
     0.483
     1.855
     2.463
     1.777
     1.244
     3.519
     4.528
     1.783
    -0.043
    -0.849
    -1.755
    -2.314
    -1.494
    -0.112
     4.072
     5.527
     4.980
     6.187
     5.815
     3.312
    -0.024
    -0.610
     3.900
     7.625
     7.415
     6.609
     7.713
     8.574
    10.125
    10.429
     9.305
    12.900
    13.887
    11.786
    11.658
    13.148
    12.033
    12.547
    12.676
     8.158
     3.191
     2.655
     2.960
     1.265
    -2.274
    -3.630
    -5.212
    -5.701
    -5.682
    -7.752
    -4.465
    -8.308
    -8.986
    -7.805
   -10.351
   -14.421
   -15.286
   -16.151
   -16.369
   -17.767
   -18.531
   -18.016
   -19.018
   -18.578
   -18.866
   -18.034
   -18.985
   -14.815
   -15.032
   -11.917
   -13.966
   -17.602
   -19.238
   -18.367
   -15.903
   -15.378
   -16.737
   -15.332
   -14.109
   -13.480
   -13.524
   -10.361
    -9.385
    -8.800
    -6.418
    -6.159
    -4.851
    -1.702
    -4.319
    -4.567
    -4.365
    -0.750
    -0.234
    -0.616
     0.457
     2.454
     1.945
     1.890
     3.690
     3.564
     4.384
     4.049
     4.929
     6.060
     6.492
     8.002
     7.510
     7.343
     8.629
     8.697
     8.149
     7.439
     8.413
     9.137
     9.570
     8.133
     8.627
     9.455
    11.873
    12.862
    13.489
    14.143
    11.023
    12.787
    13.016
    11.403
    10.481
     9.737
     8.739
     8.544
     5.329
     6.440
     9.160
     5.286
     4.377
     7.219
     8.667
     9.707
     7.038
     5.484
     4.809
     3.602
     5.772
     8.087
     8.150
     6.456
     5.734
     5.662
     5.456
     3.876
     3.144
     2.571
     2.769
     5.670
     7.997
     5.430
     5.448
     4.222
     4.347
     2.673
     4.314
     5.827
     7.093
     6.984
     5.250
     1.487
     2.795
     5.823
     5.975
     4.974
     3.412
     1.395
     2.245
     3.513
     0.662
    -0.184
    -1.412
    -1.924
    -2.310
    -3.404
    -3.067
     0.703
    -1.151
    -2.277
    -7.037
    -9.531
    -8.864
    -9.098
    -9.877
    -9.636
    -9.037
    -9.627
   -10.878
   -13.038
   -12.506
   -14.273
   -15.015
   -13.932
   -13.980
   -12.446
   -13.347
   -12.852
   -13.433
   -13.157
   -14.343
   -14.597
   -12.318
   -12.574
   -11.947
   -11.168
   -10.930
    -9.396
    -8.380
    -7.771
    -7.556
    -6.966
    -6.554
    -3.823
    -3.693
    -4.410
    -3.965
    -4.928
    -5.451
    -3.967
    -1.302
    -0.621
     0.523
    -1.018
    -1.266
    -0.336
     2.008
     2.089
    -0.961
     1.787
     1.866
    -0.265
    -2.733
    -4.070
    -2.402
    -1.942
    -3.707
    -2.914
     0.433
     2.229
     6.225
     6.036
     6.580
     2.748
     1.177
    -0.227
    -0.004
     0.893
     2.879
     3.243
     1.893
    -0.213
     0.173
    -1.545
     0.453
    -2.421
    -3.202
    -3.639
    -1.291
     1.618
     5.007
     4.568
     9.096
     8.229
     9.349
     7.514
     6.835
     7.776
    11.437
    17.327
    19.552
    22.033
    21.305
    20.661
    19.213
    24.103
    22.363
    20.644
    20.670
    20.583
    18.323
    15.538
    15.525
    14.292
    13.740
    10.211
    11.702
    10.187
    11.299
     9.525
     7.960
     4.984
     4.641
     3.275
     1.953
    -1.024
    -1.608
    -2.080
    -2.350
    -4.717
    -7.603
    -9.938
   -10.962
    -9.322
   -11.027
   -11.382
   -10.014
    -6.215
    -6.388
    -8.037
    -9.076
    -9.481
    -8.885
    -8.422
    -8.616
    -7.553
    -8.257
    -7.314
    -9.253
   -10.199
    -8.755
   -10.616
    -9.738
    -9.108
    -9.969
   -13.420
   -13.117
    -9.912
    -8.009
    -5.848
    -6.562
    -8.535
    -9.021
    -7.870
    -7.519
    -7.431
    -9.319
    -9.975
    -8.342
    -7.167
    -6.036
    -6.767
    -7.906
    -9.107
    -8.101
    -6.180
    -5.425
    -3.354
    -3.562
    -4.736
    -6.820
    -8.293
    -7.571
    -5.158
    -3.104
    -3.524
    -3.372
    -2.681
    -2.733
    -2.139
     0.334
     0.133
     1.690
     2.611
     3.600
     4.933
     5.814
     7.252
     5.096
     4.099
     3.677
     5.729
     6.607
     7.972
    10.866
     9.089
     9.525
     9.591
    10.393
    11.761
    11.955
    12.584
    12.618
    12.209
    10.738
    10.583
    10.823
    10.654
     8.279
     7.831
     7.653
     8.296
     8.231
     6.561
     8.502
     9.543
     9.554
     7.947
     5.023
     3.884
     1.506
     0.841
    -0.147
    -1.297
    -3.120
    -4.356
    -3.202
    -1.527
    -3.470
    -4.657
    -3.070
    -2.200
    -0.346
     0.739
     2.291
     0.829
     0.880
     2.184
     1.573
     2.585
     2.124
     1.269
     0.975
     0.496
     1.084
     1.356
    -0.748
    -1.145
    -1.946
    -3.092
    -3.565
    -3.520
    -2.763
    -2.994
    -3.863
    -6.607
    -7.577
    -6.130
    -7.222
    -7.461
    -8.012
    -7.722
    -6.436
    -8.659
    -7.846
    -8.805
    -8.757
    -8.783
    -9.760
    -8.661
    -6.589
    -6.509
    -6.586
    -6.067
    -7.178
    -7.280
    -7.161
    -6.516
    -3.284
    -3.776
    -3.475
    -3.766
    -3.308
    -2.993
    -1.460
    -1.047
    -1.809
    -0.968
    -1.605
     0.059
    -0.587
    -0.173
     0.599
     1.238
    -0.057
    -0.204
     2.114
     0.665
    -0.572
    -0.565
    -0.501
    -1.094
     0.280
     0.655
     1.662
    -0.300
     3.986
     5.056
     3.671
     6.327
     5.616
     8.972
     8.064
     9.566
     9.386
     9.063
     8.912
    10.534
     8.479
     8.629
    10.228
     9.542
     9.401
     7.813
     8.362
     6.426
     5.668
     4.903
     4.838
     5.903
     4.157
     3.646
     3.862
     4.463
     5.425
     5.673
     4.912
     5.343
     6.766
     5.714
     4.514
     4.580
     5.673
     6.797
     6.903
     6.345
     6.714
     6.627
     7.019
     5.556
     3.957
     4.319
     3.232
     1.337
     1.986
     0.353
    -1.527
    -1.078
    -3.284
    -4.066
    -6.449
    -7.610
    -8.789
    -8.950
    -8.357
    -8.561
    -9.842
   -11.618
   -11.749
   -10.936
   -12.031
   -12.155
   -11.689
   -11.951
   -12.132
   -11.874
   -13.212
   -13.399
   -11.547
   -11.294
   -10.513
    -7.725
    -8.375
    -7.072
    -4.564
    -4.260
    -5.572
    -5.690
    -4.005
    -2.884
    -1.529
    -3.409
    -2.249
    -2.979
    -3.214
    -4.652
    -7.148
    -6.943
    -5.532
    -4.939
    -5.357
    -4.338
    -2.414
    -4.114
    -2.474
    -1.945
    -1.092
     1.264
     2.131
     2.938
     1.469
     2.444
     2.957
     3.503
     3.271
     4.191
     5.559
     5.072
     5.066
     4.354
     5.580
     3.479
     4.259
     5.799
     6.542
     7.283
     8.146
     7.392
     7.884
     7.511
     5.706
     4.693
     4.839
     3.334
     3.617
     3.359
     5.735
     5.576
     3.375
     1.765
    -0.081
    -0.717
    -0.435
    -0.342
    -3.373
    -2.913
    -0.499
     0.526
     2.667
     3.865
     3.686
     2.992
     2.852
     2.540
     1.975
     2.255
     1.891
     2.380
     1.352
     3.277
     3.789
     3.260
     2.811
     3.225
     3.873
     3.540
     3.815
     1.420
    -0.793
     0.645
    -0.186
    -1.338
     1.479
     2.169
     1.846
     0.820
     3.980
     3.454
     5.648
     5.541
     5.448
     6.750
     7.611
     7.912
     7.016
     5.825
     5.997
     4.763
     4.072
     4.207
     3.357
     3.826
     5.279
     4.960
     4.179
     6.006
     5.063
     5.105
     4.220
     5.427
     5.391
     3.941
     2.089
     2.198
    -0.572
    -1.632
    -4.175
    -3.090
    -1.834
    -3.211
    -3.499
    -4.358
    -5.021
    -5.423
    -5.980
    -7.046
    -7.688
    -6.967
    -8.181
    -7.969
    -7.529
    -6.618
    -7.576
    -7.190
    -5.039
    -7.304
    -8.441
    -8.245
    -8.243
    -9.043
    -7.228
    -9.702
   -10.226
   -12.008
   -12.615
   -11.944
   -11.304
   -11.833
   -11.280
   -11.760
   -10.642
    -9.992
   -10.788
   -11.964
   -11.417
   -11.538
    -9.131
    -4.768
    -4.012
    -5.023
    -4.578
    -5.886
    -6.170
    -5.852
    -5.542
    -9.341
   -11.298
   -11.207
   -12.581
   -13.156
   -14.811
   -13.976
   -12.631
   -12.688
   -13.054
   -11.083
    -7.376
    -3.982
    -1.670
     1.054
     1.344
     5.422
     7.039
     9.127
    10.678
    10.876
    12.127
    13.670
    16.080
    18.037
    20.115
    20.242
    21.341
    21.819
    21.689
    20.174
    19.954
    20.486
    18.700
    18.405
    15.435
    13.705
    15.216
    16.794
    19.639
    17.063
    14.037
    13.369
    13.710
    15.584
    16.511
    15.380
    15.011
    14.643
    13.780
    10.722
    10.469
     7.799
     5.315
     4.280
     2.597
     2.186
     2.042
     1.995
    -0.101
    -1.227
    -1.780
    -1.804
    -2.271
    -3.213
    -3.614
    -5.358
    -1.712
    -0.256
     1.238
     0.679
     0.274
    -0.237
    -1.683
    -2.541
    -3.452
    -3.920
    -2.282
    -0.820
    -0.864
    -1.456
    -2.120
    -3.175
    -2.642
    -2.111
    -0.989
    -2.583
    -4.730
    -6.155
    -6.456
    -7.923
    -9.328
   -10.483
    -9.161
    -8.580
    -8.312
    -7.025
    -6.602
    -7.540
    -8.242
    -7.124
    -7.428
    -6.227
    -6.956
    -8.687
   -10.303
   -13.509
   -15.813
   -14.805
   -12.756
   -11.547
    -8.158
    -7.379
    -7.910
    -8.909
    -7.844
    -8.794
   -10.072
   -10.516
   -12.889
   -14.836
   -16.413
   -15.037
   -14.072
   -14.710
   -12.821
   -10.771
   -10.193
    -8.088
    -6.466
    -7.281
    -9.615
   -13.160
   -12.023
   -12.287
   -13.203
   -13.531
   -16.129
   -18.984
   -19.139
   -16.367
   -15.106
   -16.396
   -17.826
   -16.276
   -15.496
   -12.812
    -4.365
    67.047
    59.212
    38.027
    38.110
    38.824
    37.884
    35.500
    36.245
    40.031
    40.184
    35.983
    31.887
    30.193
    25.144
    25.878
    21.399
    23.357
    26.311
    19.485
    15.585
     5.485
     1.446
     9.237
    10.662
    12.938
     8.748
     3.242
    -0.105
     0.034
    -1.166
    -7.588
   -13.038
   -17.147
   -16.991
   -14.088
   -16.936
   -21.969
   -24.862
   -26.077
   -25.030
   -23.658
   -17.059
   -13.612
   -12.376
    -9.046
    -9.412
   -12.770
   -12.875
    -4.877
    -3.186
    -4.389
    -9.058
    -9.410
    -6.338
    -2.796
     3.205
     7.072
    12.837
    14.026
    14.624
     9.612
     8.428
    10.293
     9.228
     8.649
     9.016
    12.402
    18.471
    11.807
     8.751
     7.735
     4.188
     2.935
     2.982
     6.146
     8.058
     1.892
    -3.713
     2.704
     3.889
     2.851
     5.141
     7.205
     6.000
     5.793
     6.993
     6.513
     2.658
     0.900
     4.549
     2.090
     0.251
     2.455
     3.589
     2.377
     0.463
    -0.887
    -4.520
    -8.347
    -4.354
    -0.342
     0.529
    -4.661
    -5.013
    -7.080
   -13.522
   -18.462
   -20.810
   -24.591
   -22.414
   -25.906
   -25.889
   -27.934
   -28.275
   -26.972
   -31.715
   -34.027
   -30.804
   -30.975
   -30.278
   -31.997
   -29.014
   -20.118
   -10.090
   -15.961
   -18.210
    -6.799
    -4.072
    -2.583
    10.247
    14.336
     7.833
    13.091
    24.026
    45.065
    35.134
    16.228
    13.273
    19.297
    24.086
    18.411
    14.352
    16.020
    14.909
    13.731
    15.529
    14.558
    14.356
    14.126
    10.160
     6.085
    10.347
    16.060
    11.066
     9.283
    12.491
    14.865
     5.865
     2.653
     4.073
     4.535
     7.142
    10.798
     3.049
    10.662
    11.386
    15.958
    24.564
    21.087
    -5.333
    -9.162
     3.562
     7.166
     3.377
    -1.862
     0.441
     4.114
     0.699
    -0.884
    -0.590
    -4.406
   -28.029
   -22.072
    -9.700
   -11.971
   -14.161
    -9.813
    -6.872
    -8.144
    -8.917
    -6.100
    -9.354
   -11.407
    -6.257
    -8.430
    -6.751
    -5.654
    -4.166
    -2.543
     3.581
     0.193
    -0.353
     2.124
     2.101
    -0.850
    -3.601
     0.042
     3.341
     1.325
    -3.258
    -0.667
    -3.370
    -3.216
    -2.240
    -4.786
    -5.149
    -3.621
    -2.936
    -5.724
    -5.691
    -7.331
   -10.162
    -8.891
    -7.349
    -7.070
    -5.108
    -8.015
    -6.845
    -8.652
    -5.832
    -4.047
    -4.749
    -3.463
     0.926
     1.747
     0.892
     5.176
     2.504
     3.031
     1.122
     3.583
     5.295
     4.259
     4.137
     3.652
     3.081
     6.103
     6.589
     3.500
     3.539
     2.881
     2.427
     3.851
     3.312
     3.478
     7.033
     8.421
    18.090
    14.565
    11.807
    10.279
    10.718
     9.685
     6.942
     6.221
    12.035
    17.015
    12.502
     4.818
     1.025
    -0.117
     6.475
     8.267
    -0.724
    -4.165
    -4.949
    -2.698
    -7.146
    -6.071
    -3.482
    -0.647
     1.117
     4.810
     4.449
     2.922
     2.447
     2.771
     6.936
     2.476
    -1.096
    -1.141
    -0.418
    -1.076
    -6.320
    -4.391
    -7.061
    -9.080
    -8.780
    -3.727
   -10.197
   -11.730
    -7.255
    -3.634
    -7.162
   -13.251
   -15.118
   -12.807
    -9.903
   -13.059
    -6.351
    -6.273
    -4.137
   -15.200
   -10.509
   -12.217
    -9.076
    -6.835
    -6.070
    -1.256
    -3.707
     2.076
     1.250
     4.212
     5.783
     7.530
     6.632
     6.432
     2.731
     6.116
     7.916
     6.430
     3.552
     0.882
    -2.978
    -2.655
    -4.685
    -0.584
     2.184
     0.530
    -3.342
    -5.440
     1.285
     4.581
     4.148
     2.547
     1.727
     1.869
    11.648
     7.410
     4.220
     6.837
     5.786
     1.793
    -0.348
    -2.007
    -2.867
     0.427
    -0.243
    -1.372
    -4.487
    -2.603
     3.202
     4.676
     1.624
    -0.667
    -1.017
    10.494
    15.606
     1.318
     0.364
     4.367
     2.126
    -0.783
     2.167
    -2.767
    -2.968
     0.769
     1.180
     2.145
     3.880
     3.116
     2.643
     2.507
     2.869
     4.314
     2.279
     0.252
    -3.288
    -4.163
    -4.057
    -4.216
    -2.840
    -3.919
    -3.636
    -4.782
     0.246
    -0.188
    -1.333
     0.666
     0.237
    -2.695
    -3.493
     0.028
    -0.100
    -1.016
    -2.127
    -0.562
    -2.500
    -3.648
    -4.644
    -3.872
     0.468
     2.571
     3.816
    -1.145
     3.743
     1.084
     0.533
     0.090
     3.872
     2.130
     1.659
     4.067
     2.178
     1.212
     2.281
     1.918
     0.098
     1.171
    -0.965
     0.233
     0.951
     4.567
     3.772
    -1.323
     0.780
     4.683
     3.501
     4.019
     1.196
    -2.078
     0.764
     5.173
     1.140
     0.901
    -1.126
    -2.065
    -3.624
     4.420
     3.393
    -1.438
    -0.299
    -2.158
     0.762
     2.934
     2.340
     1.707
     1.580
     0.398
    -0.001
    -0.119
     0.255
     0.256
     0.186
    -2.095
     1.637
     1.528
    -2.418
    -2.292
    -3.370
    -3.982
    -2.546
    -3.902
    -2.533
    -0.869
    -1.374
     0.265
    -0.377
     1.290
     2.194
    -0.145
     0.585
    -0.376
     0.774
    -0.862
    -1.585
    -2.113
    -1.439
    -2.429
    -0.810
    -2.038
    -2.911
    -2.715
    -1.416
     1.269
     1.384
     0.556
    -0.788
    -0.870
    -1.593
    -0.378
    -1.231
    -2.275
    -3.246
    -3.630
    -4.176
    -5.724
    -6.323
    -4.551
    -5.018
    -6.208
    -6.867
    -7.333
    -6.415
    -6.051
    -7.710
   -10.379
    -9.431
    -9.201
    -8.689
    -9.999
    -8.525
    -8.293
    -7.068
    -7.102
    -6.829
    -5.551
    -5.771
    -4.932
    -5.055
    -5.272
    -4.634
    -5.932
    -4.751
    -1.165
     0.182
    -1.042
    -0.786
     0.825
     3.160
     4.226
     5.851
     6.744
     5.820
     9.526
    11.226
    13.169
    13.602
    15.791
    16.291
    16.367
    13.543
    12.344
    11.182
     9.850
     8.478
     4.676
     4.155
     6.294
     5.159
     1.997
     3.474
     2.100
     2.949
     4.224
     6.017
     9.777
     9.693
    11.415
     9.503
    10.490
    11.106
     9.812
     7.692
     6.972
     7.671
     9.128
     8.665
     9.120
    14.015
    16.771
    18.959
    15.277
    15.120
    14.139
     2.383
     1.199
    -1.811
    -6.519
    -7.493
    -8.636
   -12.121
   -11.214
    -9.787
    -9.930
    -9.610
   -10.280
    -9.496
    -7.598
    -7.076
    -7.680
    -4.750
    -3.196
    -4.090
    -0.976
     1.965
     3.695
     7.511
     6.677
     3.643
     3.235
     4.552
     5.262
     5.133
     2.830
     1.919
    -1.964
    -2.013
    -1.562
    -2.143
    -2.496
    -2.568
    -6.050
    -8.816
    -9.085
    -9.967
    -8.924
    -8.581
    -9.356
    -8.515
    -7.479
    -5.493
    -4.996
    -4.781
    -7.786
    -8.572
   -10.700
   -10.854
   -10.661
   -12.086
   -14.608
   -16.214
   -20.089
   -20.012
   -20.593
   -20.866
   -20.091
   -19.125
   -18.786
   -18.503
   -19.249
   -19.529
   -17.285
   -18.764
   -16.852
   -16.978
   -16.111
   -14.846
   -14.858
   -14.941
   -13.616
   -14.391
   -10.667
    -8.083
    -5.019
    -2.048
     0.631
     3.315
     5.461
     5.621
     7.918
     6.451
     5.188
     5.718
     5.379
     9.331
    15.280
    19.119
    19.487
    19.101
    22.901
    28.125
    28.238
    27.742
    28.857
    30.697
    29.784
    29.579
    28.551
    24.344
    19.925
    18.444
    15.483
    11.997
     9.903
    10.323
     8.536
     9.627
    13.038
    13.778
    15.899
    15.271
    13.328
    11.392
    11.394
    10.812
     9.901
    11.181
    13.163
    13.504
    15.073
    15.497
    13.496
    11.774
    10.473
     8.871
     7.915
     5.813
     6.102
     6.398
     7.460
     5.606
     4.025
     2.389
     1.369
    -0.387
    -1.465
    -0.113
    -2.089
    -3.619
    -5.941
    -4.412
    -4.959
    -3.758
    -5.825
    -8.879
   -11.834
   -13.590
   -15.844
   -18.422
   -21.075
   -20.910
   -21.226
   -21.593
   -26.179
   -25.505
   -25.956
   -24.378
   -21.645
   -20.845
   -21.147
   -20.429
   -20.301
   -18.014
   -15.893
   -14.479
   -12.621
   -14.104
   -12.879
   -11.885
   -10.646
   -11.226
   -12.079
   -12.695
   -14.430
   -16.502
   -11.263
   -11.111
    -5.332
    -5.332
    -1.318
     2.672
     1.616
     0.935
    -0.441
    -3.463
    -5.834
    -3.472
     2.002
     2.926
     9.016
    12.108
    10.523
    10.270
    10.715
     8.339
     4.080
    11.126
    13.677
    12.673
    13.246
    13.630
    10.468
    15.722
    19.831
    15.006
     9.385
     5.842
     6.596
     8.699
     8.210
     4.550
     6.201
     6.835
     8.781
     8.428
     3.216
    -3.108
    -4.240
    -7.979
   -12.467
   -10.328
   -10.527
    -9.503
    -6.006
    -5.861
    -7.423
    -4.729
    -4.794
    -5.824
    -5.934
    -8.543
    -8.115
    -1.998
    -8.701
    -3.273
    -3.585
    -1.014
     3.617
     1.361
    -2.831
     0.919
    -0.511
    -0.065
     0.279
     0.685
     3.085
     7.584
     8.343
     9.557
    14.157
    16.427
    18.736
    21.038
    20.299
    19.283
    16.451
    18.672
    14.279
     8.938
     7.232
     5.262
     2.921
     1.738
     1.289
     2.603
     2.367
     4.438
     2.449
     1.070
    -0.476
     0.130
    -0.534
     0.368
     2.250
     5.657
     6.863
     6.097
     3.894
     4.149
     2.192
     0.522
    -1.319
    -5.147
    -7.820
   -13.795
   -16.055
    -4.621
    -0.670
     0.356
     2.841
     1.195
    -3.057
    -3.969
    -5.344
    -7.024
    -6.981
    -5.388
    -0.244
     4.143
    10.027
    14.098
    10.583
     6.611
    -5.829
   -11.911
   -14.894
   -17.339
   -17.121
    -9.763
    -1.003
     1.390
     2.410
     1.289
     0.110
    -2.728
    -3.037
    -3.597
    -4.786
    -6.020
    -6.614
    -5.825
    -4.894
    -5.501
    -5.458
    -5.317
    -6.339
    -7.012
    -7.385
    -7.055
    -6.297
    -5.082
    -4.360
    -4.091
    -5.088
    -6.159
    -6.620
    -6.878
    -7.923
    -7.996
    -7.392
    -2.469
     1.980
     4.759
     6.908
     6.832
     7.161
     6.357
     5.261
     4.020
     1.782
    -0.088
    -1.582
    -2.749
    -3.333
    -3.421
    -3.221
    -2.196
    -1.918
    -0.996
     0.417
     0.026
    -0.876
     0.536
     0.832
     1.319
     0.789
    -0.991
    -0.954
    -2.591
    -2.171
    -1.061
    -1.905
    -2.691
    -2.125
    -0.790
    -0.233
     1.839
    -1.542
    -1.566
    -2.281
     0.130
     0.448
     0.095
    -0.686
     0.653
     1.340
     1.350
     0.800
     1.993
     2.602
     3.779
     4.429
     3.800
     3.659
     3.488
     4.050
     4.389
     5.681
     5.565
     5.941
     6.195
     6.403
     6.475
     4.654
     4.119
     4.017
     2.523
     3.319
     3.592
     1.241
     2.590
     2.142
     1.862
     0.940
     2.242
     1.980
     2.257
     4.060
     5.069
     5.612
     9.227
     8.719
    10.223
    10.138
    10.484
     9.707
     9.451
     6.945
     7.156
     9.649
     8.220
     6.049
     6.924
     8.906
     6.998
     5.636
     3.870
     2.958
    -0.070
    -3.274
    -3.943
    -5.352
    -7.145
    -8.476
    -7.785
    -5.768
    -6.985
    -6.430
    -5.958
    -7.203
    -6.997
    -7.142
    -6.109
    -7.240
    -6.101
    -7.491
    -6.682
    -6.269
    -5.139
    -3.986
    -1.967
    -1.916
    -1.855
    -1.814
    -0.660
    -1.970
    -2.790
    -2.133
    -3.402
    -3.534
    -3.463
    -3.954
    -3.821
    -2.845
    -3.559
    -2.846
    -2.599
    -2.342
    -2.046
    -3.441
    -3.984
    -4.029
    -4.715
    -4.819
    -4.929
    -5.029
    -5.356
    -5.328
    -4.088
    -3.201
    -3.267
    -2.958
    -1.852
    -1.840
    -2.369
    -2.812
    -3.256
    -3.711
    -2.688
    -3.016
    -3.572
    -2.508
    -1.607
    -0.989
    -0.171
     0.740
     0.618
     2.127
     1.733
     2.649
     3.465
     2.552
     3.268
     3.250
     2.878
     2.564
     1.996
     2.688
     2.804
     3.194
     4.329
     3.263
     3.580
     3.209
     3.012
     3.619
     3.155
     2.697
     1.786
     0.986
     0.111
     0.789
     0.419
     0.007
     0.695
    -0.085
     0.326
     0.661
     0.387
     0.749
     1.477
     1.232
     1.176
     1.610
     1.011
     1.598
     1.497
     1.186
     1.164
     0.468
     0.051
    -0.357
    -0.246
    -0.727
     0.568
     0.197
     2.131
     2.268
     2.552
     2.774
     4.110
     3.662
     2.237
     2.353
     1.600
     0.847
     1.793
     0.584
     0.586
    -0.188
     0.359
    -0.363
    -1.439
    -2.040
    -2.388
    -1.750
    -1.284
    -0.702
     0.210
     1.396
     2.372
     1.591
     1.155
     1.135
     1.517
     2.548
     1.129
     1.098
    -0.015
    -0.489
    -0.111
     1.115
     1.979
     0.911
     1.015
     1.502
     1.620
     2.589
     2.833
     1.412
     2.084
     2.626
     1.929
     1.773
     1.977
     0.679
     1.863
     2.446
     1.964
     1.991
     1.225
     0.181
     1.320
     0.843
    -0.029
     0.736
    -0.508
    -0.607
    -1.386
     0.317
    -0.510
     0.043
    -0.781
    -0.924
    -0.261
    -0.507
    -0.451
    -0.708
    -0.271
    -0.838
    -0.425
    -0.997
    -1.307
    -1.641
    -1.110
    -0.847
    -1.385
    -1.322
    -2.381
    -1.574
    -1.543
    -1.381
    -1.452
    -1.549
    -2.198
    -0.731
    -1.486
    -0.834
    -0.491
    -1.159
    -0.375
    -1.732
    -2.064
    -1.517
    -1.448
    -2.146
    -3.594
    -2.986
    -2.617
    -3.113
    -2.859
    -3.531
    -3.022
    -4.010
    -3.791
    -3.383
    -3.657
    -5.995
    -6.451
    -6.309
    -5.817
    -5.826
    -5.519
    -5.442
    -5.574
    -5.074
    -6.010
    -5.416
    -5.812
    -5.635
    -7.563
    -7.281
    -7.795
    -7.265
    -7.530
    -7.597
    -5.797
    -6.086
    -5.474
    -2.389
    -0.126
     0.967
     4.005
     4.004
     7.435
     9.005
     9.732
     9.353
     9.381
     9.561
     9.659
     7.625
     6.338
     6.582
     5.563
     5.808
     5.449
     4.917
     4.700
     5.752
     6.366
     6.529
     6.469
     6.009
     5.515
     6.353
     4.961
     4.903
     4.566
     5.611
     6.163
     4.371
     4.145
     3.345
     3.508
     2.981
     2.771
     2.939
     3.189
     2.933
     2.500
     2.008
     1.251
    -0.118
    -0.659
     0.264
     1.241
     1.191
     2.020
     2.224
     1.205
     1.799
     1.768
     2.294
     2.898
     0.988
     0.885
     1.336
     1.702
     0.185
    -1.232
    -1.263
    -0.205
     1.181
     2.690
     2.611
    -1.628
    -4.899
    -6.811
    -5.086
    -4.098
    -3.058
    -2.091
    -1.728
    -1.986
    -2.841
    -3.852
    -5.685
    -5.956
    -6.456
    -3.659
    -2.768
    -1.892
    -2.202
    -2.881
    -2.761
    -4.001
    -2.898
    -3.889
    -3.230
    -1.220
    -0.450
     0.269
     0.081
    -0.573
    -0.466
    -0.608
    -0.935
    -1.508
    -0.421
    -0.208
    -1.628
    -1.521
    -0.045
    -0.380
     1.069
     0.539
     0.395
    -0.082
    -3.152
    -2.980
    -3.134
    -2.624
    -2.818
    -2.329
    -3.135
    -2.085
    -1.930
    -1.744
    -1.501
    -1.297
    -0.006
    -0.102
    -0.093
     1.418
     0.601
    -0.053
    -0.980
    -1.146
    -1.171
    -1.268
    -1.873
    -2.447
    -2.170
    -1.987
    -1.264
    -1.498
    -0.955
    -0.861
    -0.547
    -0.213
    -0.106
    -0.300
     0.772
    -0.074
    -1.775
    -4.089
    -3.851
    -3.208
    -1.184
     0.528
     2.323
     2.916
     3.882
     2.258
     2.452
     2.493
     3.624
     3.571
     1.847
     0.995
     1.762
     2.058
     1.991
     1.034
     1.798
     1.626
     1.759
     2.745
     3.264
     2.912
     3.461
     3.096
     3.972
     2.572
     3.064
     1.860
     3.060
     2.967
     2.395
     2.403
     1.258
     2.054
     2.154
     1.870
     1.820
     1.786
     1.255
     1.679
     1.917
     2.327
     0.954
     1.365
     1.116
     1.072
     1.104
     0.009
     0.424
    -0.140
    -0.276
    -0.738
    -0.014
    -0.238
    -0.144
     0.310
    -0.680
    -1.976
    -1.928
    -2.014
    -2.768
    -2.824
    -3.024
    -1.079
    -0.752
    -0.324
     0.820
     0.447
     0.495
     0.239
     0.223
     1.034
     1.829
     0.861
     1.687
    -0.233
    -0.326
    -1.120
    -1.235
    -0.481
    -1.053
    -0.166
     1.124
     0.332
     0.026
     0.371
    -0.096
    -0.454
    -1.373
    -1.925
    -2.383
    -1.170
    -0.411
    -0.401
    -0.299
    -0.545
     0.546
    -1.467
    -0.955
    -0.589
    -0.712
    -1.509
    -1.908
    -1.320
    -1.387
    -1.989
    -1.245
    -1.461
    -1.450
    -1.318
    -1.264
    -0.368
    -1.703
    -2.684
    -2.961
    -2.483
    -2.141
    -1.200
    -1.550
    -1.478
    -1.748
    -2.527
    -2.984
    -2.689
    -2.326
    -2.910
    -2.109
    -1.917
    -1.124
    -0.131
    -0.253
    -0.775
    -1.741
    -1.029
    -1.570
    -0.083
     0.443
    -0.862
    -1.026
     0.738
     1.560
     1.026
     0.446
     0.026
     1.317
     0.717
     0.950
     0.554
     1.206
     1.296
     1.253
     1.152
     2.861
     1.996
     1.614
     1.325
     2.058
     2.803
     2.367
     1.826
     1.582
     1.927
     2.226
     1.798
     1.865
     2.561
     3.468
     3.413
     3.986
     3.543
     2.939
     3.884
     4.272
     4.353
     5.047
     4.844
     4.634
     4.791
     4.997
     4.694
     4.856
     5.063
     3.209
     3.337
     3.393
     2.421
     2.960
     1.765
     0.440
     0.888
     0.676
     1.687
    -0.001
     0.102
    -0.381
    -0.694
    -0.349
    -1.907
    -0.628
    -0.339
    -0.418
    -0.292
    -1.883
    -2.636
    -3.675
    -5.075
    -5.810
    -7.141
    -6.928
    -7.827
    -7.792
    -8.012
    -8.687
    -7.647
   -10.099
    -7.346
    -4.940
    -7.376
    -5.210
    -4.042
    -2.748
    -3.229
    -3.165
    -2.338
    -1.211
    -0.427
    -0.868
    -1.625
    -0.055
    -0.755
    -2.375
    -1.685
    -2.727
    -3.688
    -5.044
    -4.845
    -4.365
    -4.724
    -6.206
    -6.709
    -3.850
    -4.649
    -4.341
    -2.037
    -2.626
    -2.210
    -4.290
    -1.223
    -5.683
    -4.191
    -3.798
    -5.775
    -5.247
    -5.388
    -3.322
    -0.453
    -0.409
     0.332
     1.286
     2.231
     3.303
     6.829
     6.097
     6.232
     7.459
     8.871
     9.634
    11.683
    12.972
    11.457
    12.649
    12.429
    11.975
    12.250
    13.835
    17.165
    14.545
    13.274
    10.922
     9.302
    15.518
    13.202
    10.136
     9.205
    14.650
     7.595
    10.617
     7.497
     8.298
     4.989
     4.302
     1.960
     3.610
     4.232
     4.173
     1.516
    -1.487
    -0.614
    -1.141
    -1.421
    -1.816
    -2.107
    -2.090
    -2.404
    -2.385
    -3.634
    -2.937
    -2.582
    -3.481
    -4.055
    -2.041
    -3.124
    -2.299
    -4.563
    -4.721
    -5.106
    -5.568
    -6.586
    -6.666
    -6.777
    -6.906
    -7.929
    -5.876
    -7.206
    -6.677
    -8.153
    -9.407
    -8.595
    -9.112
    -8.411
    -7.693
    -8.325
    -8.647
    -8.909
    -8.279
    -7.611
    -8.080
    -7.811
    -8.374
    -8.249
    -7.799
    -7.535
    -7.082
    -6.644
    -6.541
    -6.109
    -6.051
    -5.775
    -5.674
    -5.292
    -5.130
    -4.653
    -4.583
    -4.375
    -4.299
    -4.151
    -4.190
    -3.692
    -3.453
    -2.992
    -3.050
    -2.467
    -2.085
    -1.508
    -1.360
    -0.951
    -0.692
    -0.256
    -0.002
     0.412
     0.682
     1.063
     1.352
     1.740
     2.010
     2.404
     2.687
     3.081
     3.357
     3.753
