     3.332
     3.718
     4.042
     4.416
     4.728
     5.090
     5.388
     5.737
     6.032
     6.368
     6.621
     6.903
     7.144
     7.469
     7.655
     7.861
     7.983
     8.183
     8.283
     8.459
     8.536
     8.607
     8.584
     8.629
     8.758
     8.792
     8.704
     8.783
     8.568
     8.601
     8.440
     8.371
     8.094
     7.912
     7.797
     7.257
     6.923
     6.869
     6.372
     6.046
     5.881
     5.219
     4.845
     4.471
     3.262
     3.094
     2.969
     1.848
     1.481
     0.908
     0.331
     0.003
    -0.909
    -1.614
    -2.613
    -3.250
    -3.909
    -5.191
    -5.073
    -4.747
    -6.353
    -6.449
    -5.598
    -5.227
    -5.642
    -5.680
    -5.090
    -3.943
    -4.338
    -3.348
    -1.553
    -1.479
    -1.697
    -2.428
    -1.551
    -1.563
    -0.685
    -1.635
    -1.260
    -1.787
    -1.274
    -1.334
    -0.859
     0.293
     2.898
     3.345
     2.167
     0.328
    -0.881
    -1.419
    -3.755
    -3.845
    -7.572
    -8.811
    -9.994
   -11.283
   -13.650
   -11.507
   -11.083
    -9.495
    -7.054
    -5.850
    -4.661
    -4.073
    -4.203
    -4.411
    -4.780
    -4.850
    -3.826
    -1.796
    -2.629
    -3.797
    -4.927
    -4.690
    -5.091
    -4.806
    -5.341
    -6.194
    -5.158
    -3.149
    -3.320
    -4.049
    -4.958
    -4.339
    -4.957
    -4.573
    -3.005
    -2.656
    -0.439
    -1.042
    -0.795
    -0.999
    -1.316
    -0.521
    -0.692
    -0.521
    -0.288
     0.644
    -0.358
     0.861
     1.572
     1.323
     2.563
     3.432
     3.686
     3.005
     4.301
     4.575
     1.752
     2.803
     2.264
     3.531
     4.650
     3.962
     4.357
     5.121
     3.649
     3.115
     7.694
     4.911
     4.199
     4.823
     7.506
     7.796
     7.835
     8.375
     6.788
     7.116
     7.520
     7.408
     6.967
     6.845
     5.935
     5.984
     4.523
     1.654
     3.032
     2.663
     1.708
     2.367
     2.677
     1.366
    -0.392
     0.244
     0.864
     2.181
     0.753
     0.174
     2.404
     3.209
     2.006
    -0.165
    -1.290
    -2.304
    -2.768
    -2.256
    -0.635
     3.652
     4.810
     4.877
     6.289
     6.063
     4.129
     0.168
    -0.777
     3.509
     6.179
     6.945
     7.472
     8.359
     9.846
    11.427
    12.043
    10.635
    13.108
    14.359
    13.147
    13.081
    14.011
    13.476
    12.960
    13.505
     9.007
     3.852
     3.911
     3.308
     0.878
    -2.403
    -2.885
    -4.691
    -6.013
    -5.938
    -8.257
    -3.869
    -8.260
    -9.596
    -8.646
   -10.856
   -14.237
   -15.785
   -16.539
   -15.880
   -17.655
   -18.129
   -18.003
   -18.976
   -18.786
   -19.112
   -17.561
   -19.204
   -14.786
   -15.257
   -12.564
   -13.364
   -17.588
   -19.461
   -19.501
   -16.119
   -15.765
   -16.868
   -15.388
   -14.407
   -12.831
   -13.890
   -10.746
    -8.938
    -9.124
    -6.610
    -6.418
    -4.989
    -2.585
    -4.195
    -4.674
    -5.025
    -1.774
    -0.459
    -0.750
     0.280
     1.875
     2.772
     1.762
     3.911
     3.856
     4.978
     4.888
     5.038
     6.583
     6.830
     7.971
     8.577
     8.119
     9.242
     8.904
     8.682
     8.419
     8.953
     9.984
     9.733
     9.466
     8.814
     9.138
    12.083
    13.313
    13.332
    14.925
    11.959
    13.013
    13.524
    12.443
    10.709
    10.274
     9.480
     8.486
     5.104
     6.679
     9.681
     5.025
     4.187
     6.495
     8.272
     9.134
     6.435
     5.344
     4.103
     2.496
     5.274
     7.102
     7.907
     5.392
     5.463
     5.168
     5.154
     3.527
     2.344
     2.358
     2.940
     4.741
     7.361
     4.624
     3.965
     3.197
     3.578
     1.833
     4.149
     5.698
     6.619
     7.379
     4.785
     1.768
     2.665
     5.393
     6.149
     4.877
     3.652
     2.150
     2.141
     3.409
     1.606
     0.096
    -1.151
    -2.110
    -2.973
    -3.751
    -4.254
    -0.354
    -2.001
    -3.257
    -6.576
    -9.952
    -9.414
    -9.568
   -10.023
    -9.864
   -10.322
    -9.534
   -11.748
   -12.688
   -13.148
   -14.096
   -14.782
   -13.606
   -14.333
   -12.832
   -13.097
   -13.057
   -13.516
   -12.584
   -14.016
   -14.201
   -12.212
   -12.026
   -10.791
   -10.649
   -10.468
    -9.146
    -7.882
    -7.110
    -7.441
    -6.524
    -6.901
    -3.461
    -3.120
    -3.340
    -3.272
    -4.084
    -4.788
    -3.279
     0.162
     0.507
     0.984
    -0.121
    -1.310
    -0.184
     2.106
     2.136
    -1.527
     1.117
     1.760
    -0.610
    -2.755
    -3.570
    -2.031
    -2.248
    -3.945
    -2.796
     0.048
     2.197
     6.936
     7.118
     6.916
     3.142
     1.486
     0.025
     0.622
     1.187
     3.962
     4.675
     2.978
    -0.515
     1.013
    -0.260
     1.185
    -1.868
    -2.493
    -3.194
    -1.171
     1.433
     4.890
     4.197
     8.762
     7.757
     9.408
     7.323
     7.366
     8.199
    11.009
    17.437
    19.362
    22.470
    20.585
    20.191
    18.255
    24.045
    22.255
    21.109
    19.663
    19.767
    17.699
    14.792
    15.577
    13.631
    12.892
     9.882
    10.736
     9.683
    11.046
     9.013
     7.415
     5.502
     3.905
     2.788
     1.378
    -1.058
    -2.150
    -2.656
    -2.909
    -4.521
    -7.139
   -10.299
   -11.687
    -8.948
   -11.555
   -11.814
    -9.904
    -6.353
    -6.764
    -8.592
    -9.698
    -9.583
    -9.222
    -8.969
    -9.548
    -8.028
    -8.552
    -8.106
    -9.576
   -10.367
    -9.251
   -10.690
   -10.180
    -9.494
   -10.883
   -14.257
   -13.926
   -10.679
    -8.620
    -6.062
    -7.623
    -8.777
    -9.176
    -8.224
    -7.469
    -7.424
    -8.264
    -9.533
    -7.610
    -6.726
    -5.568
    -7.058
    -8.020
    -8.600
    -7.384
    -5.692
    -5.150
    -2.752
    -3.171
    -4.608
    -6.822
    -7.722
    -7.341
    -4.441
    -2.394
    -3.116
    -3.188
    -2.165
    -1.941
    -1.789
     0.713
     0.399
     1.634
     2.745
     3.348
     4.940
     6.596
     7.993
     5.965
     4.712
     4.732
     6.666
     7.280
     8.264
    10.653
     9.050
     8.848
     9.420
    10.961
    11.682
    11.994
    12.199
    12.274
    12.076
    10.649
    10.439
    10.655
    11.135
     8.577
     8.312
     8.453
     8.088
     7.933
     6.706
     8.459
     9.502
     9.837
     8.245
     5.745
     4.487
     1.992
     0.799
    -0.152
    -1.402
    -2.705
    -3.647
    -2.637
    -1.402
    -3.052
    -3.901
    -2.701
    -0.959
     0.733
     1.450
     2.458
     0.898
     0.864
     1.515
     1.709
     2.025
     1.545
     1.104
     0.575
     0.177
     1.590
     0.935
    -0.986
    -2.047
    -2.783
    -3.686
    -4.191
    -3.965
    -3.333
    -3.108
    -4.344
    -7.210
    -7.848
    -6.517
    -7.327
    -6.993
    -8.050
    -7.755
    -6.825
    -8.067
    -7.745
    -9.225
    -9.754
    -8.521
    -9.141
    -8.594
    -7.059
    -6.679
    -7.332
    -6.580
    -7.084
    -7.519
    -7.607
    -6.161
    -3.994
    -4.143
    -3.515
    -3.556
    -3.521
    -2.780
    -1.704
    -1.899
    -2.280
    -1.424
    -1.804
     0.034
    -1.127
    -0.403
     0.732
     0.692
     0.141
    -0.427
     1.761
     0.387
    -0.775
    -1.295
    -1.368
    -1.084
     0.677
     0.404
     1.140
    -0.214
     3.813
     5.225
     4.454
     7.122
     6.202
     9.373
     8.806
    10.021
     9.850
     9.143
     8.892
    10.062
     8.706
     8.611
    10.525
     8.711
     9.049
     8.081
     8.347
     6.731
     5.460
     4.725
     3.882
     5.169
     3.910
     3.849
     4.127
     3.722
     4.722
     5.031
     3.955
     4.598
     7.077
     5.811
     4.223
     4.052
     6.201
     7.046
     7.262
     6.290
     7.408
     6.541
     6.622
     4.692
     3.651
     3.801
     2.812
     1.322
     1.216
    -0.622
    -1.337
    -1.292
    -2.844
    -4.463
    -5.909
    -7.412
    -8.697
    -8.038
    -7.516
    -8.456
    -8.940
   -10.772
   -11.601
   -10.343
   -11.686
   -10.763
   -11.124
   -10.680
   -11.568
   -11.356
   -12.104
   -12.221
   -11.246
   -10.826
    -9.531
    -6.490
    -7.200
    -5.135
    -3.473
    -2.975
    -5.169
    -5.251
    -3.431
    -1.844
    -0.253
    -3.132
    -1.706
    -3.454
    -3.784
    -5.095
    -7.200
    -6.907
    -5.590
    -5.500
    -5.345
    -3.830
    -2.401
    -3.350
    -2.363
    -1.391
    -0.320
     1.614
     2.138
     3.089
     2.894
     3.139
     4.285
     4.426
     3.587
     4.837
     5.583
     4.594
     4.389
     4.024
     5.054
     2.788
     3.462
     5.190
     5.478
     6.842
     7.391
     6.363
     6.990
     6.700
     5.205
     4.267
     4.192
     2.744
     3.496
     2.645
     4.786
     4.607
     2.611
     1.186
    -0.690
    -1.977
    -0.330
    -1.539
    -4.322
    -4.030
    -1.590
     0.132
     2.104
     2.161
     2.827
     1.799
     1.375
     1.675
     0.609
     1.399
     0.286
     1.179
     0.112
     1.780
     1.467
     1.287
     0.749
     1.508
     2.044
     2.053
     1.673
    -0.089
    -1.431
     0.313
    -0.707
    -0.885
     2.296
     2.234
     2.276
     2.184
     5.140
     5.393
     7.605
     7.030
     6.833
     8.375
     9.174
     9.872
     8.230
     7.715
     7.608
     5.933
     5.610
     5.420
     5.255
     5.050
     5.771
     5.977
     4.432
     6.754
     6.229
     5.507
     4.422
     5.487
     5.568
     4.188
     2.033
     2.216
    -1.188
    -2.304
    -3.794
    -3.269
    -1.673
    -2.749
    -2.883
    -3.636
    -4.220
    -4.826
    -5.794
    -6.773
    -6.500
    -6.557
    -7.895
    -7.641
    -5.992
    -5.903
    -6.938
    -6.189
    -4.295
    -6.857
    -8.151
    -7.745
    -7.733
    -8.130
    -7.034
    -8.547
   -10.061
   -11.386
   -12.258
   -11.952
   -11.129
   -11.691
   -11.482
   -11.554
   -10.771
    -9.981
   -11.529
   -11.183
   -11.897
   -11.296
    -8.934
    -4.248
    -3.978
    -5.598
    -4.477
    -6.054
    -6.418
    -6.946
    -6.714
   -10.364
   -12.070
   -11.545
   -12.804
   -13.702
   -15.068
   -14.013
   -13.480
   -12.822
   -13.641
   -11.713
    -7.233
    -4.066
    -1.317
     1.199
     1.559
     4.995
     6.874
     7.776
     9.542
    10.442
    11.770
    12.803
    15.323
    17.553
    19.520
    19.596
    20.593
    20.927
    20.469
    19.401
    19.347
    18.507
    18.759
    17.716
    14.631
    13.747
    15.407
    16.704
    19.124
    16.794
    14.114
    13.262
    13.598
    15.111
    16.077
    15.002
    14.556
    13.866
    13.187
    10.762
    10.483
     7.144
     5.123
     3.852
     1.532
     2.080
     1.700
     1.789
    -0.486
    -0.606
    -2.085
    -1.402
    -1.553
    -2.834
    -3.571
    -4.637
    -0.346
     0.547
     2.018
     0.611
    -0.081
     0.239
    -1.597
    -2.282
    -2.850
    -2.751
    -1.550
    -0.483
    -0.462
    -1.522
    -2.381
    -2.692
    -2.003
    -1.304
    -0.311
    -2.465
    -4.010
    -6.212
    -5.764
    -7.185
    -9.150
    -9.923
    -9.307
    -8.613
    -8.242
    -7.037
    -7.595
    -7.860
    -8.580
    -6.862
    -7.423
    -7.295
    -7.199
    -8.586
    -9.839
   -13.899
   -15.978
   -14.788
   -12.816
   -10.712
    -7.602
    -7.298
    -7.872
    -8.891
    -7.904
    -8.953
    -9.764
   -10.373
   -13.356
   -14.757
   -16.871
   -14.597
   -13.708
   -13.313
   -11.527
   -10.819
   -10.011
    -7.667
    -6.257
    -7.154
    -9.504
   -13.252
   -11.108
   -11.395
   -12.302
   -12.267
   -16.400
   -17.970
   -18.086
   -15.754
   -14.078
   -16.346
   -17.905
   -15.954
   -15.194
   -12.447
    -3.921
    61.548
    57.870
    39.575
    39.840
    38.802
    38.485
    35.568
    36.975
    40.964
    40.649
    35.902
    33.405
    30.880
    26.134
    26.120
    21.024
    23.635
    27.142
    20.020
    15.085
     5.596
     2.248
     9.165
     9.893
    11.387
     8.655
     2.598
    -0.975
    -0.577
    -2.401
    -8.474
   -13.367
   -18.269
   -17.379
   -14.750
   -16.865
   -22.293
   -24.951
   -27.763
   -26.181
   -25.717
   -19.460
   -15.758
   -14.297
   -10.860
   -11.058
   -14.484
   -13.192
    -5.781
    -3.471
    -5.185
    -9.873
    -9.165
    -6.836
    -2.539
     2.377
     6.587
    13.687
    14.905
    13.813
    10.413
     8.443
    10.000
     8.734
     8.471
     8.825
    11.089
    17.213
    11.234
     9.098
     7.340
     5.702
     3.341
     3.919
     6.336
     7.986
     2.330
    -2.142
     3.632
     4.127
     4.219
     6.646
     7.756
     6.155
     6.907
     7.622
     6.214
     3.196
     0.985
     4.636
     2.172
     0.182
     2.476
     4.309
     3.506
     1.863
    -0.599
    -3.866
    -6.838
    -4.207
     0.135
    -0.489
    -4.021
    -5.478
    -7.072
   -13.437
   -16.933
   -19.210
   -22.803
   -21.271
   -24.763
   -24.630
   -26.372
   -27.836
   -27.172
   -31.095
   -33.678
   -30.340
   -30.240
   -29.499
   -31.832
   -28.378
   -19.530
   -11.640
   -16.972
   -18.529
    -7.956
    -7.585
    -3.242
     7.545
     8.578
     5.238
    13.521
    25.325
    40.178
    31.211
    17.335
    14.955
    19.518
    23.398
    18.117
    15.976
    16.418
    15.395
    15.942
    15.158
    14.020
    14.680
    14.164
    11.430
     8.606
    12.938
    15.578
    12.412
    11.637
    13.432
    14.197
     6.024
     2.691
     4.971
     4.779
     7.124
    10.768
     3.958
    11.339
    12.148
    15.589
    26.653
    22.453
    -3.087
    -6.277
     7.462
     5.466
     2.772
     1.979
     3.276
     5.247
     0.471
    -1.599
    -2.470
    -8.496
   -29.872
   -22.463
   -11.445
   -14.437
   -16.440
   -11.929
   -10.141
   -11.525
   -11.791
    -9.021
   -10.609
   -11.878
    -5.246
    -9.752
    -6.818
    -8.213
    -5.137
    -4.919
     4.174
    -0.147
    -1.438
     1.553
     1.297
    -0.069
    -3.027
    -0.704
     2.086
     0.963
    -4.132
     0.198
    -1.730
    -2.514
    -0.263
    -5.356
    -3.132
    -1.398
    -2.271
    -4.611
    -4.919
    -6.138
    -8.486
    -7.732
    -6.460
    -6.497
    -4.692
    -6.695
    -5.754
    -7.654
    -5.460
    -3.090
    -4.203
    -3.893
     0.202
     1.273
     0.077
     4.239
     2.212
     3.217
     1.445
     1.929
     4.202
     3.277
     2.440
     2.343
     0.897
     5.507
     5.405
     2.413
     1.112
     1.313
     0.593
     2.995
     2.375
     1.007
     4.855
     9.487
    18.559
    16.708
    12.128
    11.087
    11.999
    10.700
     8.621
     6.628
    10.808
    17.803
    15.691
     6.890
     3.813
    -0.348
     6.486
     9.512
     3.258
    -2.054
    -4.258
    -0.625
    -4.754
    -4.575
    -2.169
     0.276
     1.330
     4.638
     4.537
     4.253
     3.175
     2.445
     6.821
     3.393
    -0.834
    -1.439
    -0.658
    -0.953
    -5.652
    -4.773
    -6.116
    -8.657
    -8.974
    -4.688
    -9.787
   -11.826
    -9.300
    -5.263
    -6.943
   -12.980
   -14.163
   -11.537
   -10.122
   -12.523
    -7.547
    -7.472
    -5.016
   -14.678
   -10.712
   -12.388
    -8.947
    -7.353
    -6.433
    -3.275
    -4.208
     0.694
    -0.622
     3.103
     4.534
     6.422
     5.583
     4.534
     2.020
     3.558
     5.116
     5.769
     2.225
     0.223
    -4.099
    -3.157
    -5.701
    -1.024
     0.192
     0.786
    -3.394
    -5.372
     1.501
     3.924
     4.480
     2.893
     1.560
     0.960
     9.912
     8.344
     6.073
     6.426
     6.589
     3.336
     0.750
    -0.859
    -1.621
     1.157
     0.816
     0.143
    -2.831
    -0.390
     2.796
     3.628
     5.140
     1.323
    -1.376
     9.248
    15.134
     2.904
     2.535
     3.205
     2.815
     0.203
     3.369
    -0.864
    -0.818
    -1.062
     2.034
     2.590
     3.227
     2.470
     2.426
     2.405
     1.516
     4.756
     2.392
     0.159
    -3.349
    -4.277
    -3.190
    -3.412
    -2.583
    -4.203
    -4.336
    -5.167
    -0.695
    -0.193
    -1.207
     0.465
     0.102
    -2.638
    -3.474
    -1.231
    -1.110
    -1.085
    -2.175
     0.071
    -2.209
    -4.040
    -3.572
    -3.257
     0.482
     2.194
     3.289
    -0.869
     2.286
    -0.166
    -0.189
     0.296
     3.672
     0.695
     0.445
     3.544
     1.043
     1.749
     1.412
     1.133
    -0.536
    -0.639
    -1.213
     0.499
     0.618
     4.654
     3.334
    -1.971
     0.827
     3.754
     3.040
     3.208
     1.500
    -1.566
    -0.021
     4.620
     0.847
     0.097
    -0.888
    -0.747
    -4.394
     3.035
     3.806
     2.216
     1.598
    -1.957
     1.057
     3.155
     3.140
     2.232
     2.177
     0.578
    -0.213
     0.740
     0.867
     0.738
     0.631
    -1.893
     0.992
     1.095
    -0.689
    -1.617
    -1.873
    -3.340
    -1.654
    -1.393
    -1.671
    -0.115
    -0.038
     1.469
     0.154
     1.438
     1.799
     0.485
     0.775
    -0.155
     0.019
    -1.135
    -1.328
    -2.283
    -1.548
    -2.147
    -0.845
    -2.276
    -3.612
    -3.894
    -2.057
    -0.011
     1.311
    -0.132
    -1.845
    -2.006
    -2.516
    -0.458
    -1.319
    -2.996
    -4.031
    -4.519
    -4.775
    -6.339
    -6.772
    -5.117
    -4.905
    -6.476
    -6.555
    -7.689
    -6.033
    -6.720
    -7.508
   -10.541
    -9.565
    -9.652
    -8.963
    -9.618
    -8.231
    -8.282
    -6.717
    -6.933
    -7.010
    -5.491
    -5.323
    -5.422
    -4.855
    -4.794
    -4.700
    -5.436
    -4.527
    -0.990
     0.537
     0.137
     0.544
     0.632
     3.550
     4.033
     6.750
     7.553
     6.484
    10.250
    11.760
    13.549
    14.021
    15.059
    15.678
    16.116
    14.227
    12.267
    11.029
     9.840
     7.786
     4.183
     3.817
     5.960
     4.324
     1.153
     3.377
     2.467
     3.178
     4.196
     5.188
     9.457
     8.921
    10.564
     9.524
    10.149
    10.764
     9.629
     7.503
     7.381
     7.708
     9.973
     9.324
     8.928
    13.871
    16.680
    18.870
    14.514
    14.623
    13.061
     2.779
     0.505
    -2.990
    -7.395
    -8.273
    -9.013
   -12.814
   -12.032
    -9.744
   -10.671
    -9.842
   -11.182
   -10.286
    -8.104
    -7.518
    -8.301
    -5.727
    -3.269
    -4.089
    -1.427
     2.187
     2.967
     7.947
     7.534
     3.365
     3.616
     5.052
     5.107
     6.018
     3.612
     2.866
    -0.974
    -1.209
    -0.451
    -1.485
    -1.739
    -2.092
    -5.688
    -7.361
    -7.870
    -9.230
    -7.487
    -7.849
    -8.812
    -7.217
    -6.645
    -5.273
    -4.584
    -3.092
    -6.572
    -7.674
    -8.663
    -9.521
    -9.282
   -11.097
   -14.128
   -15.646
   -19.033
   -19.705
   -19.500
   -20.585
   -20.059
   -19.520
   -19.363
   -18.919
   -19.825
   -19.165
   -17.886
   -19.765
   -16.893
   -17.564
   -17.216
   -15.032
   -15.606
   -15.542
   -14.316
   -14.819
   -10.564
    -9.414
    -5.342
    -3.239
    -0.120
     2.932
     4.807
     5.237
     7.316
     5.406
     4.615
     5.095
     3.813
     8.748
    14.382
    17.000
    18.902
    18.085
    21.676
    26.362
    27.852
    27.709
    28.566
    30.722
    29.784
    29.234
    28.437
    24.602
    20.229
    18.477
    16.264
    12.327
    10.217
    10.710
     8.743
     9.784
    12.890
    13.791
    16.503
    15.572
    14.103
    11.598
    11.036
    10.462
    10.211
    10.926
    14.011
    13.390
    15.357
    15.528
    13.430
    11.808
    10.493
     9.167
     7.551
     5.990
     5.588
     6.364
     7.164
     5.957
     4.039
     2.478
     0.954
    -0.715
    -1.651
    -0.417
    -2.217
    -3.744
    -5.161
    -4.494
    -4.480
    -2.663
    -5.886
    -8.945
   -11.481
   -13.847
   -15.982
   -17.786
   -20.539
   -20.624
   -20.643
   -20.233
   -25.318
   -24.953
   -25.705
   -24.384
   -20.820
   -20.314
   -20.841
   -20.631
   -20.831
   -18.439
   -15.515
   -15.269
   -12.446
   -13.734
   -12.803
   -11.585
   -10.110
   -11.010
   -11.408
   -12.686
   -14.019
   -18.230
   -11.416
   -11.392
    -5.547
    -5.687
    -1.370
     2.855
     2.265
     1.064
    -0.124
    -3.691
    -5.873
    -3.433
     1.438
     2.441
     9.106
    12.214
    10.111
     9.940
    10.360
     7.951
     4.034
    12.022
    14.702
    12.184
    14.079
    14.600
    10.668
    15.243
    21.233
    15.463
     9.819
     6.124
     6.363
     9.105
     7.683
     3.392
     5.395
     6.059
     8.240
     7.846
     3.041
    -3.313
    -4.132
    -8.350
   -13.419
   -11.088
   -10.961
   -10.244
    -7.284
    -6.207
    -9.106
    -6.021
    -5.836
    -7.045
    -6.081
    -9.229
    -9.561
    -2.387
   -10.034
    -4.152
    -3.465
    -1.583
     3.820
     1.468
    -2.134
     0.832
    -0.307
     1.972
     1.064
     1.565
     4.219
     9.381
    10.166
    10.939
    16.326
    17.001
    20.608
    21.721
    21.336
    19.934
    16.043
    18.761
    14.327
     8.281
     6.878
     4.769
     2.889
     2.795
     1.022
     2.764
     1.980
     5.687
     3.592
     1.245
     0.110
     1.026
    -0.081
     0.979
     3.038
     5.417
     7.375
     6.530
     4.016
     4.401
     3.604
     1.166
     0.768
    -5.412
    -7.192
   -13.317
   -17.249
    -4.539
     0.791
     0.056
     1.611
    -0.112
    -4.368
    -5.443
    -5.951
    -7.355
    -7.502
    -6.391
    -1.264
     3.551
     8.946
    13.375
     9.571
     5.587
    -6.046
   -12.790
   -14.962
   -17.167
   -16.131
   -10.226
    -0.828
     1.822
     2.101
     0.616
    -1.637
    -4.064
    -3.920
    -4.373
    -5.875
    -6.620
    -7.521
    -7.006
    -5.628
    -5.531
    -6.025
    -5.764
    -6.548
    -7.478
    -7.800
    -6.878
    -6.025
    -5.299
    -4.578
    -4.688
    -5.331
    -6.974
    -6.682
    -7.218
    -8.481
    -8.079
    -7.860
    -3.304
     2.893
     4.438
     7.332
     6.835
     7.467
     6.233
     5.520
     3.781
     2.103
     0.919
    -1.262
    -2.596
    -2.767
    -2.705
    -2.437
    -1.483
    -1.654
    -0.244
     0.911
     0.197
    -0.422
     1.095
     1.085
     1.296
     1.463
    -0.892
    -0.814
    -2.277
    -1.457
    -0.397
    -1.233
    -1.230
    -1.464
     0.464
     1.067
     3.367
    -0.614
    -1.259
    -2.307
     1.320
     1.467
     0.630
    -0.579
     0.873
     1.281
     2.041
     0.684
     1.741
     2.810
     4.263
     4.698
     4.730
     4.004
     3.810
     4.074
     4.907
     6.248
     6.281
     5.465
     6.538
     6.092
     6.889
     4.583
     4.030
     3.379
     2.870
     3.469
     2.782
     1.001
     3.204
     2.160
     1.736
     0.977
     3.003
     2.067
     2.601
     3.823
     5.318
     5.836
     9.157
     8.519
    10.180
    10.300
    10.403
     9.139
     8.886
     7.001
     6.908
     8.928
     7.329
     5.676
     6.955
     8.581
     5.414
     5.066
     3.021
     3.361
    -0.980
    -4.011
    -5.163
    -6.570
    -8.595
    -8.107
    -8.534
    -6.891
    -8.536
    -7.601
    -7.520
    -8.383
    -8.448
    -8.585
    -6.998
    -8.096
    -6.861
    -8.347
    -7.308
    -6.819
    -5.989
    -4.695
    -2.439
    -2.221
    -2.323
    -1.762
    -0.437
    -2.058
    -2.621
    -2.448
    -3.667
    -3.804
    -3.653
    -3.501
    -3.545
    -2.596
    -3.209
    -2.521
    -2.116
    -1.137
    -1.679
    -3.696
    -3.349
    -3.664
    -4.766
    -4.317
    -4.240
    -4.294
    -4.601
    -5.176
    -4.005
    -2.874
    -2.902
    -2.055
    -1.401
    -1.237
    -1.942
    -2.649
    -3.425
    -3.192
    -1.657
    -2.701
    -2.414
    -1.286
    -1.431
    -0.451
     0.317
     0.964
     1.014
     1.695
     2.182
     2.801
     3.472
     2.816
     3.286
     3.128
     2.656
     2.900
     3.021
     3.141
     3.269
     3.928
     4.693
     4.582
     4.073
     3.856
     3.157
     3.782
     3.307
     2.890
     1.168
     0.951
     0.525
     1.302
     1.031
     0.493
     0.984
     0.068
     0.599
     0.861
     0.383
     0.504
     1.792
     1.424
     1.356
     1.275
     1.052
     1.435
     1.432
     0.688
     1.684
     0.233
     0.430
    -0.382
     0.003
    -0.955
     0.661
     0.107
     2.201
     2.532
     2.887
     3.302
     3.485
     3.680
     2.821
     2.257
     1.627
     1.467
     1.317
     0.883
     0.321
     0.080
     0.474
    -0.402
    -1.994
    -1.794
    -2.578
    -2.393
    -2.606
    -1.072
     0.022
     0.698
     1.792
     1.091
     0.659
     1.020
     0.736
     1.390
     0.746
     0.998
    -0.567
    -0.422
    -1.010
    -0.396
     1.374
     0.532
     0.744
     1.878
     1.699
     2.627
     2.413
     1.155
     1.398
     1.680
     1.204
     0.995
     1.540
     0.276
     1.049
     1.883
     0.975
     1.402
     1.414
     0.286
     1.350
     0.879
    -0.424
     0.175
    -1.035
    -0.480
    -2.379
     0.071
    -0.793
    -0.504
    -0.920
    -1.111
    -0.259
    -0.724
    -1.017
    -1.185
    -0.279
    -0.708
    -0.478
    -1.427
    -1.157
    -1.810
    -0.836
    -0.604
    -0.908
    -1.553
    -1.926
    -1.379
    -1.905
    -0.897
    -0.816
    -1.525
    -2.002
    -0.418
    -0.915
    -0.824
    -0.714
    -0.212
    -0.248
    -1.448
    -1.468
    -0.701
    -1.024
    -1.095
    -2.202
    -1.935
    -1.518
    -1.494
    -2.199
    -3.150
    -2.679
    -3.276
    -3.125
    -2.805
    -3.260
    -5.266
    -6.147
    -5.512
    -4.853
    -4.756
    -5.116
    -4.649
    -4.983
    -4.334
    -5.127
    -4.304
    -5.565
    -5.256
    -6.925
    -7.394
    -7.094
    -7.297
    -7.161
    -7.983
    -5.941
    -5.590
    -4.683
    -1.687
    -0.171
     1.011
     3.326
     3.899
     6.884
     9.399
     8.866
     8.696
     8.065
     9.226
     9.447
     7.025
     6.205
     6.218
     5.263
     5.347
     4.621
     4.684
     4.278
     5.423
     5.592
     6.253
     6.019
     6.288
     5.324
     6.320
     4.517
     4.010
     3.953
     4.869
     5.578
     3.811
     3.743
     3.747
     3.215
     2.292
     2.865
     2.581
     3.267
     3.158
     1.835
     1.600
     1.110
    -0.458
    -0.941
     0.980
     1.478
     1.109
     1.604
     2.085
     1.543
     1.231
     1.502
     1.467
     2.579
     1.117
     0.409
     1.536
     1.187
    -0.269
    -2.051
    -1.439
    -0.305
     0.311
     2.498
     2.918
    -1.916
    -5.055
    -6.490
    -5.563
    -4.270
    -3.268
    -1.713
    -1.251
    -2.669
    -3.126
    -3.939
    -4.993
    -5.842
    -5.196
    -4.009
    -2.079
    -2.444
    -2.002
    -2.572
    -2.293
    -3.923
    -3.492
    -3.464
    -3.676
    -1.019
    -0.043
    -0.074
     0.408
    -0.076
    -0.153
    -0.643
    -0.388
    -0.765
    -0.206
    -0.115
    -2.021
    -1.648
     0.158
     0.248
     1.105
     0.205
     0.385
    -1.035
    -2.376
    -2.066
    -2.946
    -2.874
    -2.697
    -1.535
    -2.490
    -2.369
    -1.988
    -1.636
    -1.407
    -1.208
     0.020
     0.017
     0.724
     1.486
     0.336
    -0.322
    -1.108
    -1.667
    -0.884
    -1.809
    -1.882
    -2.436
    -2.412
    -1.951
    -1.479
    -1.550
    -0.869
    -0.779
    -0.217
    -0.271
    -0.180
    -0.234
     0.308
    -0.188
    -1.170
    -3.985
    -3.449
    -3.627
    -1.238
    -0.087
     2.031
     2.855
     3.672
     1.454
     2.446
     3.152
     3.934
     4.275
     2.126
     1.634
     1.803
     1.920
     2.446
     1.740
     1.790
     2.142
     2.815
     2.936
     3.393
     2.625
     3.241
     3.325
     3.896
     2.368
     2.799
     2.242
     3.029
     2.253
     1.631
     2.080
     1.896
     2.481
     1.975
     2.199
     2.198
     1.480
     1.291
     1.799
     1.885
     1.761
     0.950
     1.369
     0.795
     1.310
     1.112
     0.457
     0.613
    -0.160
    -0.452
    -0.400
     0.368
     0.124
    -0.040
     0.630
    -0.484
    -1.218
    -1.252
    -1.822
    -2.411
    -2.254
    -2.829
    -1.120
    -0.186
    -0.394
     0.900
     0.751
     0.481
    -0.033
     0.462
     0.862
     1.563
     0.653
     1.189
    -0.910
    -0.862
    -2.135
    -2.094
    -0.543
    -0.826
    -0.346
     0.206
     0.458
    -0.670
     0.140
    -0.466
    -1.113
    -1.783
    -2.435
    -3.116
    -0.953
    -1.482
    -1.133
    -0.978
    -0.809
     0.005
    -1.335
    -0.953
    -0.812
    -0.599
    -1.201
    -2.029
    -2.058
    -2.306
    -2.610
    -1.461
    -1.795
    -1.331
    -1.693
    -1.321
    -0.529
    -1.507
    -2.445
    -3.171
    -2.841
    -1.883
    -1.631
    -2.035
    -1.681
    -2.136
    -2.568
    -3.340
    -2.530
    -2.698
    -2.900
    -1.995
    -2.108
    -0.987
     0.271
    -0.243
    -0.342
    -1.013
    -0.346
    -0.765
     0.041
     0.535
    -0.311
    -0.127
     0.116
     1.325
     1.182
     0.415
    -0.438
     1.472
     0.828
     0.938
     0.903
     1.334
     0.939
     0.778
     1.326
     2.708
     1.967
     2.045
     1.797
     2.555
     2.531
     2.381
     2.030
     1.812
     1.959
     3.124
     2.613
     2.362
     2.776
     3.317
     3.683
     4.182
     3.534
     3.292
     3.404
     4.232
     5.096
     4.951
     5.618
     5.061
     5.512
     4.974
     5.560
     5.149
     5.448
     2.270
     3.692
     3.594
     4.016
     2.676
     2.451
     1.129
     0.843
     0.711
     2.684
     1.169
     1.329
     0.015
    -0.080
     0.423
    -1.930
    -0.198
     0.919
     0.071
     0.315
    -1.358
    -2.027
    -3.346
    -4.157
    -5.428
    -6.423
    -6.458
    -7.021
    -7.476
    -8.182
    -9.118
    -7.537
   -10.155
    -7.080
    -4.569
    -7.794
    -5.340
    -4.914
    -3.386
    -3.785
    -2.855
    -2.067
    -1.344
    -0.632
    -1.426
    -1.501
     0.095
    -1.131
    -3.173
    -2.720
    -3.832
    -4.631
    -5.806
    -6.156
    -5.756
    -6.128
    -8.004
    -8.487
    -4.813
    -5.701
    -5.735
    -3.700
    -3.851
    -4.574
    -4.709
    -1.182
    -5.754
    -4.561
    -4.306
    -6.349
    -6.700
    -6.593
    -4.235
    -1.332
    -0.772
    -0.202
     1.038
     1.590
     1.852
     5.718
     5.743
     5.411
     7.204
     7.923
     8.665
    10.500
    11.916
    11.183
    11.959
    11.531
    11.507
    11.476
    12.704
    16.928
    14.489
    13.998
    10.105
     8.626
    13.919
    13.480
    11.055
     7.788
    13.993
     9.533
    12.334
     8.530
     9.843
     7.286
     7.089
     4.350
     5.234
     5.488
     5.351
     2.606
     0.434
     0.601
     0.071
    -0.208
    -0.219
    -0.827
    -1.074
    -1.519
    -1.225
    -2.362
    -1.754
    -1.300
    -2.084
    -2.730
    -0.565
    -1.411
    -0.772
    -3.360
    -3.816
    -4.384
    -4.577
    -5.647
    -5.867
    -6.286
    -7.102
    -7.549
    -5.296
    -6.909
    -6.109
    -7.808
    -9.152
    -8.355
    -8.851
    -8.497
    -7.744
    -8.407
    -8.625
    -8.797
    -8.143
    -7.696
    -7.849
    -7.667
    -8.134
    -8.072
    -7.954
    -7.537
    -7.320
    -7.096
    -6.908
    -6.642
    -6.432
    -6.161
    -6.096
    -5.881
    -5.774
    -5.373
    -5.130
    -5.060
    -5.065
    -4.957
    -4.842
    -4.495
    -4.325
    -3.842
    -3.702
    -3.354
    -2.921
    -2.436
    -2.210
    -1.840
    -1.564
    -1.163
    -0.849
    -0.487
    -0.179
     0.186
     0.515
     0.888
     1.200
     1.575
     1.907
     2.287
     2.615
     3.001
