     4.231
     4.571
     4.857
     5.184
     5.457
     5.773
     6.029
     6.343
     6.589
     6.876
     7.119
     7.372
     7.562
     7.819
     7.952
     8.131
     8.213
     8.336
     8.357
     8.486
     8.537
     8.501
     8.433
     8.508
     8.568
     8.631
     8.556
     8.569
     8.270
     8.419
     8.133
     8.050
     7.720
     7.328
     7.142
     6.663
     6.254
     6.159
     5.624
     5.400
     5.090
     4.605
     4.115
     3.554
     2.856
     2.326
     1.863
     1.389
     0.523
    -0.103
    -0.901
    -0.858
    -2.100
    -2.453
    -3.397
    -5.143
    -6.326
    -6.883
    -7.064
    -6.729
    -8.008
    -8.701
    -7.833
    -7.290
    -7.259
    -7.133
    -6.736
    -5.806
    -4.321
    -3.799
    -2.519
    -1.361
    -0.696
    -0.913
    -0.815
    -0.340
     0.321
    -0.447
     0.546
    -0.409
     0.170
    -0.301
     0.469
     1.466
     3.491
     4.709
     4.721
     3.530
     1.059
    -0.175
    -2.059
    -2.303
    -3.750
    -5.465
    -7.779
    -9.302
   -11.169
   -10.769
    -8.649
    -7.934
    -5.816
    -4.949
    -3.554
    -3.871
    -3.472
    -5.674
    -4.742
    -4.955
    -4.293
    -2.814
    -4.126
    -3.791
    -5.450
    -6.563
    -4.437
    -4.835
    -5.989
    -5.459
    -6.341
    -4.555
    -4.378
    -4.343
    -5.951
    -6.172
    -4.699
    -5.468
    -3.816
    -1.705
    -2.060
    -2.773
    -2.721
    -2.498
    -2.014
    -1.275
    -2.392
    -1.228
    -0.880
     0.341
     0.272
     1.331
     0.377
     0.939
     3.390
     2.385
     3.159
     2.734
     2.575
     2.507
     1.381
     0.561
     2.112
     2.111
     4.018
     4.459
     2.576
     3.721
     3.466
     2.767
     5.844
     4.399
     2.621
     3.963
     4.893
     5.651
     7.750
     8.996
     8.517
     7.460
     8.981
     8.340
     7.348
     6.751
     5.535
     5.033
     5.232
     4.447
     3.484
     4.070
     3.758
     3.119
     4.175
     1.826
    -0.169
     1.302
     2.133
     3.912
     1.112
     1.952
     3.233
     5.667
     2.080
     1.870
    -0.794
    -0.374
    -4.152
    -1.288
    -0.762
     3.664
     5.069
     5.060
     5.980
     6.589
     3.946
     0.994
    -1.824
     1.985
     5.792
     7.271
     5.904
     6.301
     7.793
     9.836
     9.720
    10.094
    10.896
    14.229
    11.908
    10.235
    12.421
    12.191
    11.939
    11.832
     8.937
     5.042
     2.858
     3.551
     2.442
     0.178
    -2.417
    -3.059
    -3.433
    -2.332
    -4.845
    -2.917
    -4.968
    -4.979
    -4.020
    -6.441
   -11.263
   -11.766
   -13.172
   -13.942
   -15.446
   -16.737
   -16.123
   -16.982
   -15.558
   -18.621
   -17.230
   -18.764
   -14.580
   -16.273
   -12.397
   -11.785
   -17.746
   -20.206
   -18.138
   -17.406
   -16.315
   -17.613
   -17.059
   -14.914
   -14.278
   -13.323
   -12.389
   -12.186
   -11.601
    -9.272
    -7.887
    -6.384
    -2.651
    -5.899
    -6.492
    -4.425
    -2.632
    -1.238
    -1.616
    -1.132
     0.208
     0.493
     0.444
     2.471
     2.277
     1.016
     0.413
     2.450
     2.576
     4.136
     5.748
     6.326
     7.252
     8.262
     8.431
     7.732
     6.681
     6.544
     7.550
     8.330
     5.708
     6.970
     9.492
    11.180
    11.425
    11.549
    12.407
     9.849
    12.236
    11.858
    10.314
    11.686
     9.282
     7.896
     8.525
     7.272
     7.189
    10.126
     8.845
     8.001
     9.211
     9.220
    12.152
     8.715
     7.137
     7.014
     5.897
     6.179
     9.004
     8.839
     8.493
     6.678
     6.986
     6.195
     5.023
     4.531
     3.693
     2.031
     4.442
     7.259
     5.755
     4.657
     3.067
     2.870
     2.510
     2.634
     5.576
     6.832
     7.621
     5.841
    -0.258
     3.615
     5.703
     6.549
     7.461
     6.138
     3.583
     3.677
     6.672
     4.339
     0.047
    -1.148
    -1.853
    -1.142
    -2.370
    -4.909
     1.768
    -1.708
    -2.735
    -6.957
    -9.102
    -8.554
    -8.485
    -8.772
    -9.682
    -8.025
    -9.282
   -10.069
   -10.115
   -11.396
   -13.440
   -14.731
   -14.721
   -13.845
   -12.896
   -13.394
   -13.340
   -13.333
   -14.159
   -15.408
   -14.371
   -13.948
   -12.838
   -12.045
   -10.908
   -10.515
    -9.336
    -8.340
    -8.720
    -7.239
    -7.035
    -5.758
    -4.348
    -4.689
    -4.331
    -4.966
    -6.087
    -5.590
    -4.681
    -2.024
    -1.483
     0.864
    -0.725
    -0.404
    -0.767
     0.973
     1.042
    -1.740
     1.369
     2.132
    -0.121
    -1.681
    -4.292
    -2.291
    -0.923
    -4.093
    -3.627
    -1.383
     2.051
     5.181
     7.001
     6.586
     4.409
     1.079
    -0.070
     0.143
     1.713
     2.956
     3.572
     2.476
     0.570
     0.572
    -2.345
     0.765
    -2.634
    -3.192
    -4.306
    -3.391
    -1.401
     2.801
     3.084
     7.648
     8.262
     8.534
     7.468
     5.457
     5.461
     9.204
    14.189
    17.679
    19.260
    20.133
    19.008
    18.244
    22.850
    21.531
    19.364
    20.251
    20.799
    18.261
    15.841
    15.385
    15.000
    13.942
    12.028
    12.277
    11.004
    11.754
    10.629
     7.868
     4.911
     4.508
     3.993
     2.491
    -0.289
    -1.170
    -1.677
    -1.953
    -5.170
    -6.626
    -8.016
    -9.695
   -10.628
    -9.826
   -10.917
    -9.209
    -5.619
    -5.477
    -7.750
    -7.341
    -8.834
    -8.441
    -7.534
    -7.949
    -6.839
    -6.593
    -6.538
    -8.032
    -8.600
    -7.907
    -9.471
    -9.747
    -9.764
    -9.005
   -12.412
   -13.868
   -10.155
    -7.488
    -5.664
    -6.645
    -7.225
    -6.869
    -5.994
    -6.070
    -6.841
    -8.538
    -8.823
    -8.468
    -6.780
    -6.527
    -6.432
    -7.174
    -7.915
    -8.220
    -5.758
    -3.993
    -2.780
    -2.527
    -4.203
    -5.452
    -8.076
    -7.516
    -4.700
    -3.273
    -3.265
    -3.070
    -3.203
    -1.876
    -2.153
    -0.749
     0.153
     0.185
     1.323
     2.700
     4.178
     4.923
     5.939
     4.011
     2.881
     2.454
     3.607
     4.663
     7.641
     9.895
     8.111
     8.494
     9.271
     8.696
    10.867
    10.860
    11.563
    11.307
    10.321
     9.669
     9.700
     9.739
     9.979
     7.936
     6.568
     6.891
     7.577
     6.462
     7.513
     7.742
     9.176
     9.098
     8.082
     5.223
     4.022
     1.937
     1.791
     0.661
     0.179
    -3.002
    -4.318
    -2.898
    -1.526
    -3.677
    -4.200
    -2.405
    -2.507
    -0.694
     0.335
     1.965
     1.741
     1.131
     2.004
     2.162
     3.213
     2.157
     1.337
     1.963
     1.407
     0.713
     0.760
     0.474
     0.331
    -0.474
    -2.061
    -2.208
    -2.009
    -1.852
    -2.850
    -1.967
    -5.092
    -6.414
    -6.192
    -7.060
    -7.449
    -7.076
    -8.179
    -6.977
    -8.471
    -9.086
    -8.294
    -6.844
    -9.653
    -9.948
    -8.535
    -7.692
    -7.514
    -5.704
    -6.390
    -7.936
    -6.790
    -6.383
    -7.433
    -4.144
    -4.232
    -3.774
    -5.211
    -3.099
    -3.581
    -2.785
    -0.507
    -1.566
    -0.795
    -2.056
     0.449
    -0.318
    -0.561
    -0.641
     1.224
    -0.726
     0.848
     0.470
    -0.706
    -0.237
     0.110
    -0.606
     0.014
     1.268
     0.019
     1.224
    -0.346
     2.259
     4.914
     3.615
     4.961
     5.728
     7.459
     7.407
     9.001
     8.352
     8.085
     7.703
     8.850
     7.976
     7.576
     8.219
     9.452
     8.073
     7.986
     7.377
     6.915
     4.899
     3.314
     4.408
     6.115
     5.109
     4.624
     3.524
     5.257
     5.977
     6.271
     6.934
     7.294
     6.672
     5.926
     5.935
     5.623
     6.551
     7.324
     7.494
     7.542
     7.122
     7.912
     7.324
     6.750
     5.181
     5.471
     3.757
     2.734
     3.463
     1.543
     0.365
    -0.666
    -2.073
    -3.494
    -5.971
    -6.769
    -6.393
    -7.868
    -7.378
    -7.735
    -9.340
   -11.171
   -10.057
   -10.251
   -10.935
   -11.336
   -10.141
   -10.242
   -11.481
   -11.623
   -11.820
   -11.643
   -11.137
    -9.568
   -10.618
    -7.424
    -8.169
    -7.343
    -6.052
    -5.016
    -4.666
    -5.780
    -4.956
    -3.942
    -2.996
    -4.549
    -4.707
    -4.603
    -4.186
    -5.848
    -8.139
    -8.042
    -8.150
    -6.595
    -6.241
    -6.139
    -4.827
    -5.155
    -5.150
    -3.812
    -3.548
    -2.189
     0.027
     1.393
    -0.836
     0.767
     1.367
     2.251
     2.951
     4.426
     3.226
     5.468
     4.578
     4.571
     6.291
     4.531
     4.264
     4.592
     6.618
     7.319
     8.140
     8.233
     7.340
     8.371
     6.872
     5.105
     5.025
     4.190
     4.959
     3.828
     5.458
     5.580
     4.445
     0.780
    -0.276
    -0.061
    -1.076
     0.232
    -2.178
    -3.236
    -0.575
    -0.857
     2.211
     3.309
     2.099
     2.558
     2.453
     2.173
     1.921
     1.272
     2.251
     2.173
     2.937
     2.990
     3.834
     4.022
     3.588
     3.528
     4.632
     5.153
     4.273
     3.205
     3.687
     3.588
     1.997
     1.253
     2.729
     4.812
     3.303
     2.088
     3.191
     5.150
     4.517
     5.539
     3.566
     4.877
     6.356
     6.208
     5.217
     4.558
     4.010
     4.670
     2.729
     2.878
     2.093
     3.425
     3.762
     3.631
     3.448
     4.303
     3.605
     4.314
     2.545
     4.533
     4.313
     4.719
     2.273
     2.993
     2.018
     0.292
    -1.367
    -0.753
     0.546
    -0.441
    -1.609
    -2.246
    -2.455
    -3.709
    -4.028
    -5.753
    -5.859
    -6.104
    -6.372
    -6.738
    -6.932
    -6.724
    -6.442
    -6.433
    -4.809
    -6.346
    -6.829
    -7.433
    -6.611
    -7.371
    -6.840
    -8.247
    -9.323
    -9.927
   -10.841
   -10.597
    -9.994
   -11.234
   -10.266
   -11.521
    -9.782
    -9.562
    -8.538
   -11.008
    -9.646
   -10.638
    -9.737
    -7.733
    -5.949
    -6.842
    -7.587
    -8.126
    -8.905
    -8.326
    -7.721
   -10.756
   -12.121
   -13.047
   -13.965
   -13.479
   -14.985
   -14.684
   -13.684
   -14.382
   -13.638
   -12.879
    -9.563
    -6.608
    -4.181
    -2.144
    -1.334
     3.138
     4.474
     6.548
     8.511
     8.547
     9.659
    10.932
    12.057
    16.014
    17.338
    19.102
    19.929
    19.866
    19.503
    19.425
    19.488
    21.236
    17.562
    17.369
    15.919
    13.909
    13.654
    16.249
    17.238
    16.119
    13.910
    12.434
    12.452
    15.134
    15.798
    15.378
    15.439
    15.166
    15.052
    11.799
    11.068
    10.283
     6.802
     6.378
     4.929
     3.272
     2.882
     3.368
     1.877
     0.115
    -0.219
    -0.436
    -2.233
    -3.374
    -2.710
    -4.536
    -1.398
    -0.778
     1.784
     2.451
     1.690
     0.586
    -0.666
    -0.250
    -2.408
    -3.670
    -1.200
     1.100
     0.063
    -0.878
    -0.000
    -0.596
    -0.085
    -1.236
     0.025
    -1.337
    -0.472
    -2.745
    -5.709
    -6.406
    -6.198
    -8.394
    -6.038
    -6.463
    -5.458
    -6.168
    -4.500
    -6.098
    -5.912
    -5.723
    -5.497
    -4.919
    -5.789
    -6.440
    -8.998
   -11.126
   -13.307
   -12.927
   -12.104
   -11.513
    -9.163
    -7.168
    -7.831
    -9.161
    -7.545
    -8.958
   -10.091
   -10.461
   -13.829
   -15.240
   -16.338
   -17.026
   -16.274
   -15.347
   -14.851
   -11.789
   -12.552
   -10.264
    -8.078
    -9.066
    -9.864
   -13.585
   -13.619
   -14.403
   -14.312
   -15.298
   -17.250
   -20.048
   -21.078
   -19.819
   -20.019
   -19.114
   -19.777
   -19.391
   -18.824
   -16.382
    -9.912
    42.349
    58.424
    42.223
    37.985
    38.870
    39.120
    36.476
    34.804
    37.816
    39.596
    36.450
    31.569
    30.854
    24.961
    24.868
    22.432
    22.891
    25.755
    21.206
    16.707
     9.768
     4.633
    10.056
     9.631
    13.750
     9.834
     4.839
     0.739
     0.839
    -0.231
    -4.380
   -10.656
   -14.610
   -15.810
   -14.805
   -16.338
   -18.979
   -21.893
   -25.294
   -23.582
   -23.829
   -18.039
   -13.884
   -10.630
    -9.275
    -9.070
   -11.570
   -12.043
    -7.263
    -2.976
    -5.183
    -7.164
    -9.235
    -7.131
    -3.412
     1.250
     4.971
     9.496
    11.609
    11.768
     6.012
     5.915
     7.337
     7.832
     6.387
     4.854
     7.848
    14.085
    10.532
     7.421
     7.075
     3.307
     2.118
     1.361
     4.363
     5.564
     2.269
    -1.747
     2.613
     4.009
     4.355
     4.938
     8.426
     6.905
     6.631
     7.871
     8.892
     5.776
     2.976
     4.498
     5.061
     4.850
     5.211
     6.125
     5.357
     3.035
     1.721
    -0.692
    -2.722
    -2.685
     1.194
     3.802
    -1.062
    -2.907
    -2.478
    -8.899
   -14.152
   -15.959
   -19.516
   -18.903
   -21.767
   -22.226
   -23.620
   -24.757
   -24.067
   -26.872
   -29.567
   -29.030
   -27.899
   -27.087
   -26.685
   -25.243
   -20.907
   -11.540
   -11.907
   -14.636
    -9.511
    -0.876
     1.479
     7.572
    11.107
    11.943
    14.355
    22.129
    35.756
    35.395
    20.461
    14.040
    14.681
    18.055
    18.845
    10.669
     9.785
     9.348
    10.607
     9.119
     8.447
     9.442
     9.326
     8.788
     5.910
     4.197
     8.355
     5.992
     5.773
     7.202
     9.549
     1.324
    -0.049
     0.416
     0.596
     1.609
     3.650
     2.007
     3.967
     6.127
     8.161
    16.782
    19.502
    -4.453
   -16.633
    -5.107
    -1.857
    -5.500
    -4.961
    -6.704
    -2.733
    -6.946
    -6.508
     4.419
     5.291
   -16.325
   -17.784
    -5.878
    -7.572
   -11.489
   -10.448
    -7.411
    -8.207
    -6.441
    -4.605
    -5.785
    -8.683
    -3.257
    -5.575
    -4.750
    -5.424
    -3.282
    -3.168
     6.290
     3.178
     1.419
     5.266
     4.421
     3.645
     0.937
     1.108
     5.635
     5.954
     3.237
     3.702
     3.658
    -0.143
     3.052
    -1.047
    -1.807
    -0.327
    -1.243
    -1.361
    -1.926
    -4.172
    -6.988
    -6.105
    -8.237
    -5.251
    -3.713
    -4.994
    -4.846
    -5.562
    -5.465
    -2.172
    -1.242
    -2.298
     3.151
     5.801
     2.733
     6.989
     5.889
     4.230
     4.442
     5.552
     6.414
     6.632
     5.797
     7.678
     6.982
    10.660
    10.595
     8.829
     7.415
     5.304
     4.921
     8.390
     6.955
     5.003
     8.767
    13.343
    10.098
     8.570
     3.187
     3.008
     5.234
     3.180
     1.793
     0.527
     1.487
    14.098
    13.475
     2.442
    -2.819
    -6.965
    -0.922
     6.051
    -2.740
    -9.953
   -10.634
    -7.783
   -11.174
   -12.805
   -10.443
    -7.124
    -4.250
    -1.019
     1.255
    -1.426
    -1.942
    -2.556
     3.270
     1.334
    -2.676
    -3.759
    -3.265
    -2.673
    -5.923
    -6.492
    -8.120
   -10.255
   -11.780
    -6.222
   -10.223
   -12.325
   -10.064
    -3.753
    -4.727
   -10.576
   -14.251
   -13.790
    -9.237
   -10.502
    -5.638
    -4.904
    -2.156
    -8.301
   -11.119
    -8.258
    -7.055
    -6.166
    -4.722
    -1.538
    -1.311
     4.183
     4.404
     9.312
    10.003
    11.328
    10.266
    10.033
     9.593
     8.609
    11.971
    11.306
    10.209
     6.659
     0.149
    -0.458
    -3.038
     0.266
     3.605
     2.532
    -1.915
    -4.845
    -0.045
     5.278
     4.604
     3.106
     1.811
     1.611
     9.603
     9.940
     6.694
     6.588
     5.070
     2.986
     1.083
    -1.481
    -2.829
    -1.054
    -0.485
    -0.632
    -5.774
    -3.645
     0.244
     1.610
     3.652
    -0.146
    -4.601
     5.119
    13.308
     7.243
     1.028
     1.763
     3.219
    -0.205
     1.174
    -1.080
    -2.954
    -2.149
    -1.278
     1.644
    -0.049
     3.864
     1.829
     1.553
     1.366
     4.570
     3.487
     1.246
    -1.419
    -2.888
    -4.102
    -5.739
    -4.303
    -6.216
    -6.563
    -7.915
    -3.163
    -3.025
    -2.603
    -1.648
    -0.520
    -1.400
    -4.794
    -2.509
    -1.473
    -0.743
    -1.855
     0.252
    -1.188
    -3.379
    -3.097
    -4.564
    -0.293
     2.836
     4.935
     3.065
     2.761
     3.982
     2.012
     2.189
     3.464
     3.527
     2.917
     6.342
     4.860
     1.223
     2.843
     2.013
     1.399
     3.597
     1.596
     0.359
     1.883
     4.326
     3.693
     0.312
    -0.925
     3.613
     3.553
     2.680
     1.910
    -1.609
    -0.640
     3.578
    -0.022
     1.306
    -0.732
    -1.673
    -5.068
     3.445
     4.244
    -1.668
    -1.611
    -5.028
    -2.826
     0.965
     0.731
     0.391
    -1.900
    -2.136
    -1.404
    -2.424
    -2.223
    -3.015
    -2.101
    -3.246
    -1.341
     0.110
    -0.203
    -3.376
    -3.249
    -3.506
    -3.934
    -2.827
    -3.211
    -1.803
    -2.934
    -0.324
    -1.208
     1.080
     2.862
     1.046
     0.371
     1.635
     1.176
     0.524
    -0.906
    -0.845
     0.303
    -2.436
     0.208
    -1.962
    -1.824
    -1.180
     1.165
     2.234
     1.519
     2.958
     2.761
     1.413
     1.408
     2.360
     1.558
     0.409
    -0.629
    -0.612
    -1.795
    -2.614
    -4.186
    -2.746
    -2.644
    -3.758
    -5.528
    -5.922
    -5.721
    -5.386
    -7.202
    -8.710
    -9.490
    -7.754
    -7.231
    -9.825
    -8.984
    -8.869
    -6.513
    -7.201
    -7.024
    -6.991
    -6.379
    -5.965
    -5.735
    -5.534
    -6.732
    -5.811
    -6.463
    -2.804
    -1.698
    -2.690
    -2.779
    -0.739
     1.497
     2.232
     3.698
     3.739
     4.253
     6.775
     8.118
     9.453
    10.659
    12.324
    15.012
    13.987
    12.490
    11.020
    10.420
     9.241
     8.904
     4.855
     4.459
     5.428
     5.542
     2.228
     2.513
     1.578
     4.223
     4.108
     6.488
     8.680
     9.915
    10.207
     9.548
    11.157
    10.735
     9.708
    10.042
     7.984
     7.467
     8.705
     7.731
     8.600
    12.762
    15.852
    18.498
    17.027
    13.658
    15.468
     4.720
     3.371
    -0.304
    -5.031
    -6.143
    -5.882
    -9.420
   -11.025
    -9.109
    -8.441
    -9.319
    -9.441
    -9.789
    -7.584
    -6.694
    -6.909
    -5.084
    -3.287
    -4.127
    -2.028
     0.456
     2.633
     6.814
     6.673
     4.641
     3.431
     4.682
     5.873
     5.624
     2.687
     2.770
    -0.266
    -2.785
    -1.188
    -2.097
    -3.070
    -2.250
    -5.101
    -6.349
    -7.663
    -8.308
    -8.477
    -7.554
    -7.662
    -7.590
    -7.227
    -4.913
    -4.410
    -3.485
    -6.158
    -7.124
   -10.136
   -10.335
    -9.972
   -11.071
   -14.482
   -17.114
   -19.054
   -21.295
   -21.539
   -21.921
   -21.427
   -19.060
   -18.455
   -19.941
   -19.363
   -19.955
   -18.122
   -18.384
   -17.721
   -17.200
   -16.935
   -15.085
   -14.630
   -16.450
   -14.826
   -15.454
   -12.250
    -9.031
    -7.152
    -4.438
    -1.155
     1.092
     2.751
     4.796
     6.297
     6.283
     4.132
     4.969
     5.392
     7.086
    12.857
    18.432
    18.959
    19.806
    19.819
    27.886
    28.758
    29.331
    29.552
    31.838
    30.579
    30.330
    29.042
    26.629
    22.444
    18.271
    15.303
    12.661
    11.624
    11.250
     9.452
     8.663
    13.299
    14.124
    15.736
    15.754
    12.275
    10.806
    11.503
     9.390
     9.170
    10.071
    11.376
    11.293
    13.303
    14.877
    14.880
    10.837
     9.757
     9.657
     7.337
     6.008
     6.387
     7.092
     9.004
     6.037
     4.557
     2.484
     1.993
     1.058
     0.990
     1.184
     0.057
    -1.288
    -3.428
    -2.184
    -3.306
    -2.825
    -3.609
    -7.298
   -10.612
   -12.329
   -14.168
   -17.295
   -20.848
   -21.486
   -19.678
   -21.072
   -24.664
   -26.232
   -26.548
   -24.985
   -22.311
   -20.656
   -21.115
   -21.312
   -21.642
   -18.464
   -16.358
   -13.192
   -12.158
   -14.809
   -12.402
   -11.527
   -11.080
   -11.272
   -10.953
   -12.847
   -13.932
   -17.352
   -13.196
   -11.851
    -7.190
    -7.591
    -3.474
     2.422
     1.811
     0.757
    -1.526
    -4.216
    -6.237
    -5.814
     0.638
     2.062
     7.464
    10.951
    10.828
    10.797
    10.329
     8.142
     5.148
     9.532
    12.027
    10.918
    11.071
    12.613
    10.238
    13.621
    19.343
    14.643
    10.874
     5.121
     5.836
     8.614
     8.584
     4.653
     6.442
     6.327
     8.595
     8.513
     5.050
    -2.811
    -2.845
    -6.456
   -11.937
   -10.145
    -8.949
    -9.319
    -5.795
    -3.547
    -5.675
    -3.963
    -4.243
    -4.743
    -4.033
    -7.382
    -7.260
    -1.304
    -6.713
    -1.652
    -3.418
    -0.659
     4.335
     2.449
    -2.009
     1.522
    -0.545
    -1.643
     1.129
    -0.986
     1.641
     5.812
     7.246
     8.475
    11.296
    15.139
    15.338
    18.855
    20.053
    19.393
    16.750
    17.481
    15.976
    10.574
     8.216
     6.004
     3.486
     2.889
     2.016
     2.931
     3.366
     2.751
     2.727
     1.124
    -0.160
    -0.472
    -1.516
    -1.343
     1.358
     4.240
     5.674
     6.213
     4.029
     4.537
     2.193
     0.203
    -1.058
    -3.996
    -7.455
   -11.594
   -17.602
    -7.335
     0.383
    -0.233
     2.795
     2.378
    -2.474
    -3.029
    -4.853
    -5.922
    -6.856
    -5.972
    -1.442
     2.882
     8.199
    13.702
    10.958
     8.547
    -2.500
   -11.899
   -13.414
   -15.374
   -16.789
   -11.119
    -1.297
     2.085
     3.462
     0.319
     0.282
    -2.891
    -3.300
    -4.083
    -4.233
    -6.159
    -6.535
    -5.717
    -5.667
    -6.193
    -4.694
    -5.920
    -6.920
    -6.312
    -7.651
    -6.826
    -6.066
    -5.444
    -5.024
    -4.014
    -4.618
    -5.575
    -6.834
    -6.709
    -7.313
    -8.389
    -7.677
    -4.705
     2.315
     4.860
     6.366
     6.564
     5.997
     6.154
     5.236
     4.830
     2.404
    -0.083
    -1.669
    -2.424
    -2.863
    -2.325
    -2.732
    -1.933
    -1.678
    -1.805
    -1.362
     0.567
    -1.511
    -0.621
    -0.034
     0.669
     0.418
    -0.065
    -1.422
    -1.009
    -1.329
    -0.089
    -1.327
    -1.896
    -1.395
    -0.431
     0.224
     1.207
    -0.457
    -1.407
    -1.664
     0.474
     1.057
     0.270
    -0.476
     0.409
     1.798
     2.531
     1.384
     2.219
     2.563
     3.457
     5.128
     3.472
     3.527
     3.294
     3.463
     5.219
     4.589
     4.883
     5.334
     5.762
     6.682
     6.074
     5.308
     3.549
     2.966
     1.860
     2.041
     2.734
     2.252
     1.906
     2.280
     1.315
     1.273
     1.265
     2.283
     1.935
     3.557
     4.748
     5.727
     7.765
     9.075
    10.368
     9.367
     9.519
     8.525
     7.256
     7.450
     5.672
     8.240
     7.348
     5.693
     6.693
     8.194
     7.401
     5.011
     4.674
     3.407
     1.520
    -3.054
    -5.213
    -5.697
    -7.530
    -8.321
    -6.881
    -6.750
    -6.310
    -5.102
    -5.194
    -6.619
    -6.235
    -6.629
    -6.644
    -6.796
    -6.051
    -7.324
    -6.005
    -6.066
    -3.864
    -4.535
    -2.333
    -1.859
    -2.021
    -2.516
    -1.805
    -1.450
    -1.980
    -2.350
    -2.957
    -3.331
    -2.638
    -4.158
    -2.777
    -2.633
    -3.068
    -2.231
    -2.700
    -3.278
    -1.936
    -1.449
    -3.713
    -2.749
    -4.098
    -4.118
    -4.089
    -5.149
    -4.371
    -4.134
    -4.086
    -3.211
    -3.199
    -3.246
    -2.273
    -2.613
    -2.922
    -3.236
    -2.557
    -3.755
    -3.182
    -3.216
    -3.427
    -1.692
    -0.474
    -0.315
     0.492
     0.302
     0.782
     2.128
     2.216
     3.299
     2.947
     2.329
     2.752
     3.315
     3.154
     3.007
     2.721
     2.287
     3.179
     3.518
     4.346
     3.256
     3.835
     2.936
     2.848
     3.417
     3.140
     3.372
     2.811
     1.036
     0.266
    -0.037
     0.220
    -0.181
    -0.119
     0.563
     0.525
    -0.252
     0.445
     0.704
     1.066
     0.808
     1.152
     1.281
     1.261
     1.165
     1.265
     1.131
    -0.106
     0.020
    -1.034
    -0.760
    -0.912
    -0.688
     0.500
     0.435
     1.195
     0.680
     2.238
     1.622
     3.783
     2.846
     2.765
     1.485
     1.162
     0.489
     1.503
     0.880
     0.737
    -0.523
    -0.965
    -0.970
    -1.071
    -2.159
    -3.126
    -1.909
    -1.873
    -1.095
     0.534
     0.700
     0.908
     0.843
     0.102
     1.297
     1.975
     0.935
     0.747
     0.169
     1.004
    -0.326
     1.683
     2.195
     2.044
     2.121
     1.981
     1.045
     0.445
     1.443
     2.474
     1.859
     1.522
     1.609
     2.622
     3.540
     3.015
     2.112
     2.720
     3.072
     2.016
     2.187
     1.934
     1.247
     1.206
     1.357
     1.285
     0.884
     0.258
    -0.674
    -0.065
    -0.868
    -0.277
     0.140
    -0.860
    -0.344
    -0.739
    -0.932
    -0.053
     0.080
     0.048
    -0.855
    -0.828
    -0.521
    -1.547
    -0.579
    -0.322
    -0.703
    -0.980
    -0.951
    -1.575
    -0.980
    -1.772
    -1.580
    -1.510
    -1.354
    -1.656
    -1.078
    -2.314
    -1.182
    -1.421
    -1.297
    -0.826
    -1.595
    -1.885
    -2.126
    -1.544
    -2.776
    -2.804
    -2.770
    -3.195
    -2.845
    -1.963
    -2.073
    -2.713
    -3.293
    -3.726
    -3.482
    -4.699
    -4.761
    -5.030
    -5.336
    -5.167
    -5.581
    -5.175
    -5.397
    -5.098
    -4.797
    -4.926
    -5.277
    -5.677
    -5.783
    -7.414
    -6.368
    -7.680
    -7.263
    -7.070
    -5.753
    -6.196
    -5.982
    -5.325
    -3.038
     0.006
    -0.318
     3.423
     1.994
     5.255
     7.904
    10.106
     9.005
     9.806
     9.460
     9.465
     8.186
     6.550
     5.993
     5.381
     5.082
     4.888
     3.978
     4.249
     3.695
     4.951
     5.969
     5.739
     4.283
     4.620
     5.662
     5.644
     4.396
     4.309
     4.720
     6.097
     5.046
     3.384
     2.262
     2.470
     3.233
     3.056
     1.993
     2.196
     1.436
     2.386
     1.608
     0.499
     0.108
    -0.377
     0.077
     0.696
     1.265
     2.066
     2.201
     1.667
     1.481
     1.148
     2.165
     1.995
     1.560
     1.221
     1.324
     1.199
     1.250
    -0.007
    -1.711
    -0.983
     0.748
     1.767
     1.900
    -0.423
    -4.076
    -4.824
    -4.367
    -3.138
    -2.170
    -1.507
    -1.262
    -0.910
    -2.381
    -3.813
    -4.947
    -4.424
    -5.359
    -3.038
    -2.866
    -1.307
    -3.017
    -3.152
    -3.468
    -3.091
    -2.552
    -3.517
    -2.520
    -1.373
    -0.625
    -0.203
    -0.441
    -0.505
     0.212
     0.297
    -1.138
    -0.999
    -0.178
     0.063
    -0.408
    -0.787
    -0.513
    -0.262
    -0.045
     0.248
     0.973
     1.160
    -2.489
    -3.238
    -3.128
    -1.756
    -2.248
    -2.101
    -1.840
    -1.706
    -1.916
    -2.048
    -2.022
    -0.951
    -0.231
    -0.940
    -1.007
     0.031
     0.265
    -0.929
    -1.457
    -1.380
    -1.700
    -0.883
    -1.585
    -1.185
    -1.922
    -1.581
    -1.105
    -0.441
    -1.202
    -0.072
    -0.040
     1.148
     0.468
     0.708
     1.446
     0.647
    -0.717
    -2.875
    -3.443
    -2.151
    -0.149
     1.398
     3.595
     2.328
     3.699
     3.882
     2.827
     1.715
     2.374
     1.815
     1.218
     0.239
     1.454
     1.326
     0.977
     0.503
     0.975
     1.252
     0.088
     1.252
     2.372
     2.086
     2.771
     2.728
     2.822
     2.331
     1.887
     1.038
     1.860
     3.283
     2.546
     2.770
     1.400
     0.732
     2.480
     0.944
     1.009
     1.363
     0.572
     1.004
     0.706
     1.615
     0.411
     0.549
     0.112
     0.258
    -0.208
    -0.710
    -0.183
    -0.450
    -0.614
    -1.116
    -0.360
    -0.514
    -0.671
    -0.960
    -0.650
    -1.628
    -2.032
    -1.942
    -1.536
    -2.270
    -2.024
    -0.782
    -1.229
    -0.355
     0.602
     0.368
     1.036
     0.413
    -0.328
     0.352
     0.508
     0.725
     0.497
     0.378
     0.552
     0.970
     0.190
     0.230
     0.332
     0.568
     1.810
     0.505
     0.489
     0.082
     0.453
    -0.102
    -0.848
    -0.890
    -0.896
    -0.623
     0.504
     0.211
     0.401
    -0.435
     0.819
    -1.140
    -1.358
    -0.234
    -0.695
    -2.151
    -2.398
    -1.812
    -1.137
    -0.739
    -1.523
    -0.744
    -1.727
    -0.444
    -0.845
    -0.747
    -1.081
    -0.887
    -1.221
    -1.698
    -1.677
    -0.961
     0.036
    -0.333
    -0.586
    -1.935
    -2.773
    -2.245
    -1.391
    -2.213
    -1.502
    -0.804
    -0.676
    -0.568
    -0.679
    -1.579
    -1.051
    -1.928
    -1.398
    -0.729
    -0.861
    -0.622
    -0.786
     1.459
     0.717
     0.619
     1.817
     0.575
     0.165
     0.903
     1.013
     0.427
     1.187
     2.068
     2.605
     1.072
     1.902
     2.183
     0.919
     0.995
     1.548
     2.238
     0.723
     0.991
     0.798
     0.647
     0.650
     1.039
     1.584
     1.568
     3.247
     2.799
     3.040
     2.935
     3.088
     3.323
     4.562
     3.668
     5.037
     4.414
     3.504
     3.865
     3.832
     3.425
     4.183
     4.530
     4.204
     1.721
     3.416
     2.033
     3.254
     1.125
     0.783
     0.323
    -0.148
     0.410
     0.199
    -1.168
    -0.663
    -1.173
    -0.348
    -0.024
    -0.369
     0.352
    -0.397
    -0.565
    -2.440
    -2.857
    -3.880
    -4.960
    -6.545
    -6.600
    -5.324
    -8.206
    -7.706
    -8.251
    -8.603
    -8.531
   -10.101
    -8.530
    -4.025
    -5.713
    -5.746
    -5.297
    -3.260
    -3.178
    -2.230
    -2.610
    -1.297
     0.089
    -0.866
    -1.640
    -1.834
    -0.971
    -3.097
    -0.340
    -2.620
    -2.992
    -4.371
    -4.897
    -4.993
    -3.154
    -4.349
    -5.684
    -2.744
    -2.681
    -2.163
    -1.949
    -1.408
    -0.813
    -3.271
    -1.399
    -3.116
    -4.528
    -4.215
    -6.258
    -5.908
    -5.497
    -3.751
    -1.867
    -0.519
     0.165
     0.372
     1.567
     3.748
     6.519
     7.408
     6.565
     6.719
     9.419
     9.289
    11.539
    12.737
    11.981
    14.045
    13.547
    12.678
    13.887
    13.418
    18.418
    19.000
    15.150
     9.798
     8.687
    12.169
    16.677
     8.804
     6.516
    12.266
    11.361
    10.822
    10.507
     8.682
     6.623
     5.320
     1.866
     1.167
     1.619
     3.303
     1.880
    -1.622
    -1.396
    -1.912
    -2.537
    -1.511
    -1.743
    -2.909
    -2.941
    -3.004
    -2.932
    -3.078
    -2.094
    -2.995
    -4.059
    -3.870
    -4.202
    -4.813
    -6.310
    -6.459
    -5.250
    -6.073
    -7.650
    -7.978
    -7.418
    -7.123
    -8.226
    -6.525
    -6.237
    -6.675
    -8.030
    -9.819
    -8.573
    -8.954
    -8.720
    -7.315
    -7.628
    -8.028
    -8.561
    -8.030
    -7.232
    -7.886
    -7.830
    -8.120
    -8.358
    -8.226
    -7.982
    -7.712
    -7.248
    -6.762
    -6.536
    -6.223
    -5.827
    -5.793
    -5.365
    -4.908
    -4.686
    -4.399
    -4.273
    -3.960
    -3.910
    -3.912
    -3.516
    -3.156
    -2.641
    -2.395
    -2.149
    -1.794
    -1.361
    -1.051
    -0.671
    -0.416
    -0.000
     0.287
     0.669
     0.982
     1.320
     1.629
     1.993
     2.295
     2.643
     2.948
     3.295
     3.594
     3.937
