     5.239
     5.181
     5.139
     5.057
     4.990
     4.887
     4.803
     4.694
     4.596
     4.462
     4.338
     4.186
     4.015
     3.798
     3.638
     3.373
     3.158
     2.867
     2.583
     2.240
     1.921
     1.537
     1.224
     0.997
     0.792
     0.480
     0.267
    -0.066
    -0.505
    -0.787
    -0.995
    -1.319
    -1.836
    -2.402
    -2.919
    -3.567
    -4.049
    -4.462
    -4.686
    -5.076
    -5.228
    -5.465
    -5.925
    -6.079
    -6.904
    -7.086
    -7.367
    -7.598
    -7.907
    -8.579
    -9.092
    -9.727
    -9.773
   -10.212
   -10.667
   -10.946
   -11.485
   -11.467
   -12.498
   -12.601
   -12.194
   -12.279
   -12.511
   -12.490
   -12.001
   -10.995
    -9.739
    -9.263
    -6.837
    -5.278
    -3.009
    -1.288
    -0.961
     0.548
     1.802
     2.462
     2.472
     3.566
     4.690
     3.435
     4.458
     4.565
     4.886
     5.983
     7.257
     7.526
     7.871
     7.614
     7.989
     7.346
     7.344
     8.170
     8.745
     9.163
     9.122
     8.108
     7.627
     7.552
     7.091
     6.622
     6.074
     5.466
     4.535
     4.149
     4.387
     3.207
     2.949
     3.125
     2.771
     2.777
     2.637
     2.580
     2.309
     3.029
     2.619
     1.877
     1.231
     0.902
     1.017
     0.262
     0.282
     0.026
    -0.710
    -1.072
    -1.853
    -1.553
    -1.899
    -1.227
    -0.189
    -0.862
    -1.238
    -2.145
    -2.165
    -2.992
    -2.561
    -3.684
    -2.730
    -2.213
    -3.166
    -3.631
    -4.267
    -3.985
    -3.920
    -2.881
    -2.919
    -1.953
    -1.584
    -2.654
    -2.759
    -2.181
    -1.526
    -1.935
    -1.466
    -2.640
    -0.727
    -1.088
    -1.106
     0.071
     0.075
    -0.782
    -2.218
    -1.533
     0.492
     0.877
     1.977
     2.957
     2.916
     3.211
     2.648
     2.875
     3.428
     3.746
     2.918
     3.824
     2.370
     2.984
     3.073
     3.575
     4.022
     3.324
     4.412
     3.378
     3.276
     1.973
     2.553
     3.702
     3.487
     2.399
     3.253
     3.427
     2.925
     0.778
    -0.912
    -1.916
    -1.018
    -0.889
     0.514
     0.679
     1.321
     0.420
     1.386
    -0.298
    -0.474
    -2.329
    -4.410
    -4.394
    -3.174
    -1.391
    -1.630
    -2.043
    -0.804
    -2.299
    -3.674
    -6.360
    -5.857
    -5.841
    -5.551
    -5.469
    -7.214
    -6.813
    -7.940
    -6.359
    -5.464
    -6.624
    -6.526
    -6.721
    -5.236
    -5.173
    -3.191
    -2.400
    -0.736
    -0.674
     0.856
     3.528
     5.223
     6.037
     7.094
     7.754
     8.556
     6.568
     7.197
     7.287
     6.378
     5.354
     4.399
     2.763
     2.635
     1.478
     1.754
     2.962
     3.532
     1.872
     3.397
     2.215
    -1.741
    -0.974
    -0.237
     0.197
    -1.373
    -1.662
    -0.893
    -2.323
    -1.971
    -2.589
    -3.074
    -2.309
    -3.245
    -2.564
    -2.600
    -1.077
    -2.159
    -1.358
    -1.386
    -0.540
    -1.106
    -1.638
    -3.009
    -2.575
    -1.926
    -1.640
    -1.805
    -2.019
    -2.497
    -2.620
    -2.847
    -3.037
    -2.433
    -2.045
    -2.075
    -1.912
    -2.758
    -2.116
    -2.452
    -2.455
    -1.682
    -2.103
    -1.330
    -2.225
    -1.664
    -1.730
    -1.819
    -1.321
    -1.289
     0.388
     0.675
     1.033
     0.101
     0.516
     1.164
     0.829
     1.291
     1.711
     2.829
     1.898
     1.836
     2.247
     2.852
     2.227
     2.344
     3.290
     3.711
     5.604
     4.375
     5.087
     4.786
     4.746
     5.047
     6.398
     4.746
     3.998
     4.091
     3.978
     4.074
     3.992
     3.144
     2.933
     3.513
     3.898
     3.611
     2.626
     4.095
     4.556
     4.506
     4.499
     4.384
     3.936
     3.172
     1.779
     2.214
     0.517
     0.741
     0.231
    -2.232
    -1.014
    -0.751
    -2.344
    -1.085
    -2.348
    -2.432
    -2.845
    -2.500
    -2.611
    -3.698
    -1.805
    -1.982
    -3.133
    -4.315
    -3.319
    -1.904
    -0.837
    -1.613
    -0.496
    -0.519
    -0.961
     0.057
    -0.199
     0.723
    -0.048
     0.127
     0.360
     0.413
    -0.557
     0.295
     0.305
    -0.057
    -1.069
     0.019
     0.202
    -0.473
    -1.795
    -1.061
    -1.398
    -2.084
    -2.779
    -2.596
    -2.468
    -2.578
    -2.849
    -2.793
    -2.317
    -2.709
    -2.392
    -2.628
    -3.240
    -3.558
    -4.411
    -3.332
    -4.754
    -5.038
    -5.703
    -7.494
    -7.274
    -6.403
    -4.489
    -4.826
    -5.714
    -5.343
    -4.472
    -4.442
    -2.989
    -3.341
    -2.521
    -3.280
    -1.879
    -0.567
     1.790
     4.500
     5.107
     3.515
     1.595
     0.663
     1.967
     3.178
     3.305
     3.837
     3.423
     1.846
     2.073
     1.528
     1.110
     2.828
     1.467
     2.117
     0.891
     0.430
     0.970
     2.448
     1.283
     1.517
     1.350
     1.702
     0.703
     0.164
    -0.101
     0.913
     1.001
     1.824
     1.833
     1.392
     0.126
     0.642
     1.508
     1.770
     2.294
     2.670
     2.393
     3.398
     2.903
     1.761
     0.850
    -0.183
     1.180
     0.230
     1.360
     2.012
     2.197
     2.352
     1.245
     1.553
     1.012
     1.494
     1.353
     2.759
     1.317
     2.317
     1.286
     0.750
     0.742
     1.456
     0.085
     1.040
     0.232
     1.090
     1.298
     0.640
     0.743
     1.851
     2.325
     1.398
     2.199
     1.086
     0.166
    -0.356
    -0.665
    -0.413
    -1.412
    -0.759
    -1.534
    -1.516
    -1.555
    -1.294
    -2.787
    -2.032
    -1.333
    -0.436
    -0.837
    -0.108
    -0.003
     1.125
     1.934
     1.332
     2.730
     2.370
     2.077
     1.766
     2.529
     2.603
     2.185
     1.756
     1.059
     1.526
     2.740
     4.251
     3.378
     2.240
     1.268
     0.686
     0.830
     2.249
     1.869
     2.091
     1.480
     0.993
     0.163
    -0.027
    -0.244
     0.063
     0.287
     0.747
     0.525
     0.736
     1.549
     1.177
     2.696
     1.191
    -0.154
     0.128
    -0.228
    -0.748
    -0.122
    -1.595
    -3.531
    -3.517
    -3.984
    -3.925
    -4.427
    -5.265
    -6.368
    -7.023
    -7.374
    -7.177
    -6.134
    -5.982
    -5.679
    -6.240
    -6.334
    -6.106
    -6.800
    -7.196
    -7.092
    -6.523
    -5.457
    -4.921
    -4.602
    -3.734
    -4.247
    -4.576
    -3.402
    -3.333
    -3.533
    -2.718
    -3.164
    -1.657
    -2.659
    -2.779
    -2.819
    -1.447
    -1.547
    -2.000
    -2.808
    -2.838
    -4.178
    -3.901
    -2.512
    -2.425
    -1.801
    -1.777
    -1.500
    -0.981
    -1.006
     0.188
     0.277
     0.464
     1.647
     1.431
     1.677
     3.482
     3.957
     3.631
     2.319
     2.888
     0.575
     1.556
     2.407
     4.051
     4.288
     3.845
     4.126
     4.980
     3.902
     5.772
     5.012
     5.015
     3.635
     5.097
     4.624
     4.594
     5.838
     4.021
     3.933
     4.629
     3.988
     4.781
     4.828
     5.184
     5.008
     5.210
     5.966
     6.224
     5.376
     4.962
     5.845
     5.992
     6.279
     6.754
     7.177
     6.485
     5.444
     5.013
     6.086
     5.869
     5.487
     5.679
     5.611
     5.483
     5.190
     5.480
     5.955
     6.191
     6.222
     6.364
     5.499
     5.090
     3.267
     0.172
     0.018
    -0.913
    -3.155
    -3.879
    -4.541
    -5.272
    -6.606
    -7.094
    -5.749
    -5.930
    -4.634
    -4.107
    -4.369
    -5.006
    -4.243
    -3.257
    -3.014
    -2.474
    -0.926
    -0.692
     0.481
    -0.443
    -0.756
    -0.173
     0.827
     0.280
     0.317
    -0.166
    -0.783
    -1.182
    -0.892
    -0.714
    -1.956
    -1.099
    -1.895
    -1.841
    -1.947
    -2.513
    -2.874
    -3.480
    -4.347
    -4.187
    -4.804
    -5.171
    -4.472
    -4.569
    -5.339
    -5.335
    -5.290
    -5.117
    -5.061
    -4.488
    -4.072
    -3.143
    -4.459
    -3.525
    -4.062
    -4.633
    -5.775
    -5.854
    -6.568
    -7.996
    -7.709
    -7.637
    -7.447
    -7.677
    -7.926
    -7.808
    -8.693
    -8.273
    -8.189
    -8.553
    -6.554
    -7.971
    -8.063
    -9.242
    -9.160
    -8.758
    -7.282
    -5.319
    -4.731
    -3.848
    -3.771
    -3.097
    -2.460
    -2.399
    -2.282
    -2.306
    -1.757
    -2.087
    -1.525
    -0.873
    -0.456
    -0.031
     0.372
     0.247
     0.263
     0.719
     1.557
     1.371
     2.656
     3.381
     6.260
     6.503
     7.531
     7.327
     6.221
     5.864
     6.594
     6.667
     8.304
     9.639
    10.981
    10.252
     9.256
    11.221
    11.461
    11.975
    11.250
    12.622
    12.467
    11.253
    10.508
    11.171
    11.716
    11.032
    10.587
    10.384
     9.834
     9.673
     9.594
    10.305
     9.995
     9.379
    11.918
    10.488
    10.464
    10.458
    10.981
    11.206
    11.342
     9.741
    10.315
    10.423
    10.713
    10.517
    11.669
    11.653
    11.717
    11.933
    11.250
    11.899
    11.555
    10.637
    11.411
    11.364
    10.145
     8.973
     9.340
    10.191
     9.609
     8.253
     6.781
     2.070
    -1.134
    -4.935
    -7.177
    -9.338
   -12.124
   -16.105
   -18.975
   -21.536
   -22.315
   -23.870
   -25.889
   -27.704
   -28.694
   -29.471
   -29.770
   -29.822
   -29.468
   -28.248
   -26.960
   -26.718
   -26.049
   -24.610
   -24.116
   -22.952
   -20.750
   -18.949
   -16.147
   -13.750
   -11.322
   -10.226
    -7.435
    -5.359
    -3.573
    -2.550
    -1.136
     0.075
     1.475
     2.367
     1.535
     1.303
     0.724
     1.222
     1.326
     0.647
     1.193
     0.622
    -0.201
    -0.685
    -0.800
    -0.918
    -0.938
    -0.508
     0.407
     1.241
     1.198
     1.003
     2.506
     1.843
     0.809
     1.375
     2.139
     2.640
     1.872
     1.622
     1.941
     2.891
     2.780
     3.361
     3.798
     4.450
     4.701
     6.450
     5.648
     4.297
     3.473
     1.528
    -0.687
    -1.449
    -0.305
    -0.360
     2.106
     4.005
     8.614
    12.053
    12.756
    13.684
    15.002
    13.888
    14.844
    14.601
    14.110
    14.555
    13.320
    12.718
    10.714
     7.780
     5.722
     5.920
     6.698
     4.206
     2.838
     2.697
     1.642
     0.176
    -0.911
    -0.796
     0.028
     0.140
    -0.182
     0.047
     0.488
     1.518
     1.444
     2.056
     1.092
     0.793
     1.523
     2.025
     3.069
     3.351
     3.140
     2.084
     2.803
     3.417
     4.780
     4.683
     4.298
     6.126
     5.841
     6.176
     5.949
     6.300
     6.877
     5.197
     5.480
     5.632
     4.832
     5.568
     5.737
     6.540
     5.717
     5.694
     5.130
     3.493
     1.816
     0.733
    -1.500
    -2.634
    -2.879
    -2.550
    -4.280
    -5.731
    -7.796
    -8.615
    -8.667
    -8.315
    -7.725
    -6.651
    -5.992
    -4.894
    -6.559
    -7.359
    -5.858
    -5.018
    -4.396
    -4.302
    -3.666
    -3.583
    -4.086
    -3.192
    -3.378
    -2.361
    -2.985
    -2.176
    -0.927
     0.097
    -0.926
    -1.199
    -1.551
    -0.779
    -1.441
    -0.814
    -0.499
    -0.155
     0.257
    -0.240
     0.468
     0.898
     1.212
     0.950
    -1.075
    -2.012
    -3.494
    -3.918
    -6.076
    -7.230
    -8.704
    -7.250
    -8.062
    -9.587
   -10.476
   -10.720
   -10.377
   -10.481
   -10.447
   -11.001
   -11.712
   -12.825
   -13.240
   -15.113
   -15.968
   -16.998
   -18.212
   -17.519
   -15.832
   -15.213
   -16.466
   -17.548
   -20.372
   -21.143
   -23.881
   -25.273
   -27.669
   -30.431
   -30.198
   -29.634
   -29.120
   -29.035
   -29.114
   -29.208
   -25.835
   -10.883
    15.769
    18.987
    15.448
    15.843
    18.318
    15.516
    17.635
    19.165
    19.658
    20.485
    21.080
    17.659
    18.854
    18.952
    19.715
    22.339
    22.598
    24.242
    26.432
    28.530
    27.065
    23.735
    27.259
    28.661
    33.625
    34.006
    35.725
    35.710
    37.560
    37.024
    37.597
    36.951
    37.408
    37.364
    37.848
    35.728
    30.703
    29.226
    27.414
    28.056
    26.514
    28.210
    27.812
    25.209
    24.574
    23.886
    22.929
    20.718
    18.462
    16.850
    14.518
    14.167
    11.886
     7.789
     0.896
    -4.093
    -8.059
   -16.557
   -22.335
   -22.349
   -27.034
   -30.512
   -31.101
   -31.465
   -32.092
   -32.664
   -30.202
   -28.425
   -28.862
   -29.946
   -28.748
   -30.947
   -33.502
   -34.236
   -32.902
   -32.501
   -31.301
   -30.595
   -28.446
   -27.087
   -26.969
   -27.426
   -25.783
   -24.255
   -25.344
   -25.286
   -24.821
   -25.623
   -25.682
   -23.862
   -23.870
   -22.208
   -22.770
   -24.780
   -26.387
   -27.380
   -26.310
   -26.508
   -25.142
   -21.599
   -19.112
   -17.083
   -14.950
   -12.930
   -10.071
    -8.578
    -7.573
    -6.731
    -5.581
    -4.695
    -4.320
    -4.123
    -0.538
     3.799
     7.284
    10.331
    12.323
    14.511
    21.488
    23.961
    25.568
    27.697
    33.074
    38.822
    40.881
    44.044
    46.159
    43.693
    40.079
    47.368
    53.327
    40.801
    29.045
    25.929
    32.411
    30.090
    16.892
     7.849
     5.753
     3.884
    -2.451
    -5.576
    -4.761
    -8.288
    -9.293
    -5.389
    -2.780
    -1.097
     1.043
    -3.437
    -7.953
    -4.419
     1.811
     2.277
     4.032
     3.675
     7.945
     9.794
     9.898
     8.986
     8.375
    10.075
    10.788
     8.432
    10.104
     8.869
    13.183
     6.838
    -1.697
    -8.266
   -13.657
   -11.433
    -0.677
     3.441
    -2.933
    -6.885
    -5.740
    -0.760
    -2.075
    -2.451
    -5.254
   -13.408
   -21.462
   -26.420
   -31.221
   -29.614
   -28.604
   -22.007
   -17.246
   -14.002
    -8.665
    -8.070
   -10.377
   -17.142
   -18.242
   -17.755
   -11.632
    -4.761
    -0.908
    -0.002
     1.270
     3.417
     5.717
     8.400
     8.622
     8.083
    12.586
    18.357
    22.575
    23.021
    20.139
    18.252
    16.957
    14.666
    17.412
    13.338
    11.319
     9.279
     7.550
     4.671
     3.163
    -1.424
     1.497
     2.569
     0.773
    -0.228
     0.170
     0.530
    -1.249
    -0.520
    -0.479
    -1.001
     3.062
     3.350
     0.861
     2.379
     1.141
    -1.712
    -2.219
    -5.365
    -5.100
    -4.467
    -2.501
     1.213
     0.766
     0.109
    -1.608
    -1.839
    -4.292
    -4.664
    -4.862
    -6.459
    -9.323
    -8.533
    -4.136
    -5.840
   -11.464
   -11.165
   -12.452
    -7.014
    -7.125
    -6.908
    -8.198
    -8.410
     0.124
    10.125
     4.601
    -2.772
    -6.842
    -8.053
    -3.393
    -2.841
    -7.684
   -15.383
   -14.259
   -14.883
   -17.232
   -19.608
   -19.059
   -18.120
   -16.710
   -12.920
   -11.388
   -10.016
   -10.955
    -7.843
    -5.748
    -5.646
    -8.015
    -7.187
    -4.008
    -2.325
    -2.850
    -3.539
    -4.044
    -4.274
    -1.235
    -1.777
    -0.912
    -3.200
     1.701
     7.226
     8.244
     6.108
     5.014
     3.162
     4.340
     6.246
     4.437
     8.320
    11.251
     9.824
     7.429
     6.089
     4.005
     6.673
    10.053
    10.998
    15.310
    15.014
    19.698
    21.839
    20.809
    21.292
    21.035
    22.798
    21.104
    23.516
    25.981
    27.086
    22.570
    18.786
    15.969
    14.378
    12.243
    10.428
    11.791
    14.075
    11.675
    10.777
     7.974
     8.987
     8.429
     5.659
     3.506
     4.953
     6.811
     8.762
     4.716
     1.997
     3.604
     1.132
    -1.300
    -3.948
    -7.135
    -6.654
    -4.003
    -5.702
    -7.189
    -8.670
   -10.712
    -6.535
    -4.639
   -14.479
   -15.905
   -12.662
    -1.829
    -2.461
   -10.275
    -8.669
    -5.173
    -9.899
   -10.461
   -14.028
   -20.346
   -21.129
   -18.770
   -19.509
   -15.733
   -13.866
   -10.533
    -9.353
    -6.694
    -3.817
    -4.407
    -4.820
    -6.238
    -9.806
    -9.929
    -9.880
   -11.277
   -11.352
   -11.381
    -9.704
    -7.717
    -5.013
    -5.094
    -4.812
    -3.186
    -4.239
    -4.816
    -2.258
    -0.622
    -1.056
    -0.558
    -1.262
    -2.030
    -3.823
    -4.388
    -6.261
    -1.463
     2.177
     3.613
     0.393
     0.832
     4.991
     3.084
     2.594
     3.405
     5.396
     7.584
     7.326
     4.841
     5.125
     5.230
     6.332
     5.537
     5.571
     5.399
     4.422
     2.746
     2.392
     1.642
     0.884
     0.215
     0.353
     0.903
     2.765
     2.960
     0.798
     2.728
     4.628
     6.141
     4.202
     1.813
    -0.548
    -1.001
     3.908
     8.883
     1.670
    -6.116
    -8.385
    -5.982
    -4.202
    -5.839
    -6.725
    -7.106
    -6.735
    -6.342
    -5.864
    -6.011
    -4.422
    -4.347
    -1.788
    -0.400
     2.134
     0.538
    -1.322
     0.250
     0.062
     1.502
     1.126
     0.138
     1.763
     2.785
     2.121
     3.204
     3.010
     5.234
     5.566
     4.423
     6.287
     7.778
     8.163
     8.001
     7.159
     6.872
     8.543
     8.963
     8.631
     7.477
     8.861
    10.226
     9.869
    10.884
    10.698
    12.027
    12.799
    14.963
    15.084
    15.299
    14.325
    13.154
    12.623
    11.930
    11.178
    11.687
    11.140
    10.374
     8.432
     6.349
     6.384
     6.116
     6.396
     4.778
     2.466
     3.027
     1.491
     1.567
     0.571
    -1.031
    -3.324
    -3.257
    -4.436
    -5.170
    -6.344
    -7.244
    -7.365
    -7.822
    -8.243
    -9.437
   -12.312
   -11.732
   -13.028
   -13.857
   -13.869
   -16.568
   -16.408
   -17.481
   -17.468
   -17.583
   -16.985
   -17.648
   -16.533
   -16.188
   -16.688
   -17.445
   -16.340
   -15.287
   -14.426
   -13.857
   -13.627
   -11.174
   -10.331
    -9.454
   -10.505
   -10.940
    -9.235
    -8.246
    -7.572
    -6.995
    -5.359
    -7.255
    -6.825
    -5.865
    -5.751
    -6.190
    -4.890
    -4.148
    -4.322
    -2.056
    -0.777
     0.757
     1.940
     1.498
     3.063
     2.542
     2.902
     6.236
     7.559
     8.425
     8.239
     8.498
     8.536
     8.436
     7.031
     7.775
     9.308
     7.807
     6.997
     6.997
     7.918
     7.098
     6.144
     6.462
     5.182
     6.922
     7.269
     7.108
     6.908
     7.963
     8.369
     7.737
     7.061
     8.707
     9.647
    10.449
    10.785
    10.975
    10.942
    11.928
    12.165
    11.721
    12.789
    12.442
     9.637
     9.357
     9.522
     8.224
     7.888
     7.272
     6.569
     5.920
     5.566
     5.460
     6.627
     6.415
     7.022
     7.879
     5.875
     5.680
     6.484
     5.292
     3.820
     3.055
     1.540
    -0.289
    -0.984
    -1.684
    -3.912
    -4.691
    -5.769
    -7.211
    -7.829
    -8.446
    -8.994
    -8.083
    -8.783
    -8.186
    -8.688
    -8.699
    -9.416
    -8.688
    -9.838
   -10.531
    -9.655
    -9.402
   -10.318
    -9.913
   -10.448
   -10.549
   -11.562
   -12.694
   -11.582
   -12.158
   -10.968
    -9.867
    -9.539
    -8.510
    -9.214
    -7.670
    -7.331
    -8.250
    -7.891
    -5.722
    -4.769
    -3.040
    -1.120
    -1.537
     0.264
     1.738
     4.317
     5.438
     4.576
     5.292
     4.350
     4.960
     3.426
     3.042
     0.962
     0.167
     1.051
    -0.686
     0.197
    -0.717
    -2.218
    -1.575
    -0.893
     1.272
     1.383
     2.170
     1.568
     2.087
     2.892
     3.616
     3.249
     4.290
     4.268
     5.157
     4.755
     5.013
     5.424
     3.878
     4.732
     3.873
     5.172
     4.800
     4.769
     5.683
     6.230
     6.262
     5.399
     5.440
     5.315
     5.829
     6.628
     6.459
     7.320
     7.083
     7.123
     5.910
     6.731
     7.087
     6.458
     5.263
     4.069
     2.447
     2.200
     1.897
     0.487
     1.079
    -0.057
    -0.927
    -2.758
    -4.122
    -4.461
    -3.760
    -4.034
    -6.408
    -6.488
    -7.233
    -6.405
    -5.983
    -6.233
    -5.257
    -4.712
    -3.710
    -3.757
    -3.968
    -3.631
    -4.324
    -4.902
    -5.360
    -7.003
    -8.220
    -7.015
    -6.003
    -4.048
    -3.345
    -1.033
     1.072
     0.309
    -0.471
    -0.585
    -3.085
    -4.318
    -4.209
    -3.276
    -2.298
    -0.641
     0.876
     0.241
    -0.709
    -1.043
    -0.780
    -4.078
    -5.675
    -4.809
    -4.900
    -4.144
    -3.965
    -3.547
    -3.290
    -0.864
    -2.286
    -3.408
    -3.609
    -1.998
    -1.491
    -1.724
    -1.769
    -0.069
     1.096
     3.014
     3.237
     2.869
     2.480
     1.361
     1.015
     2.045
     1.155
     3.470
     4.120
     4.596
     5.605
     4.932
     6.642
     7.613
     8.970
     8.423
     9.091
    11.030
    11.889
    12.537
    11.555
    12.017
    11.758
    10.503
    10.185
     9.572
     7.466
     5.104
     4.696
     2.999
     2.139
     0.434
    -1.704
    -1.787
    -3.926
    -4.298
    -2.468
    -0.842
    -0.280
     0.736
     0.244
     0.546
     1.149
     2.081
     1.937
     2.380
     1.631
     2.876
     1.628
     1.139
     0.561
     0.094
     0.318
    -0.241
    -2.268
    -2.975
    -3.395
    -4.375
    -3.863
    -3.279
    -3.712
    -3.637
    -3.769
    -1.611
    -2.544
    -3.680
    -4.305
    -5.941
    -6.506
    -8.050
   -10.025
    -8.349
    -5.678
    -7.689
   -10.163
   -10.151
    -9.909
    -7.587
    -7.216
    -6.093
    -6.318
    -6.554
    -6.544
    -3.978
    -3.839
    -1.565
    -1.590
    -0.287
    -1.255
    -1.272
     1.252
     2.899
     3.139
     2.921
     1.832
     2.331
    -1.301
    -4.293
    -4.770
    -3.287
    -0.927
     0.984
     1.947
     1.826
     0.131
     0.429
     0.159
     0.014
    -0.695
    -1.682
    -1.446
    -1.306
    -0.905
    -1.556
     0.082
    -0.652
    -0.708
     0.501
    -0.257
    -0.580
    -0.946
    -0.072
     0.040
     0.101
     0.625
     1.480
     3.762
     3.318
     0.273
     1.314
     0.248
     3.294
     3.825
     4.576
     5.544
     5.350
     4.969
     4.257
     4.619
     4.561
     4.351
     2.770
     3.018
     2.215
     1.769
     2.875
     2.181
     2.720
     4.481
     4.801
     4.801
     5.061
     4.187
     5.256
     6.102
     5.460
     5.386
     5.966
     6.392
     6.046
     5.731
     5.400
     4.271
     3.397
     2.642
     3.813
     3.421
     3.226
     2.803
     2.766
     3.524
     2.847
     2.724
     1.578
     0.468
    -0.856
     0.494
    -0.385
    -1.111
    -3.153
    -3.608
    -3.118
    -3.581
    -2.928
    -4.504
    -5.743
    -4.648
    -4.125
    -3.925
    -5.018
    -4.360
    -4.988
    -4.341
    -4.150
    -4.066
    -4.081
    -4.877
    -5.014
    -4.497
    -5.002
    -4.576
    -7.013
    -6.747
    -6.398
    -5.699
    -4.375
    -2.966
    -1.968
    -2.866
    -3.708
    -4.031
    -2.910
    -1.891
    -1.649
    -0.940
     0.206
     0.641
     2.286
     0.070
    -1.121
    -0.369
     1.113
     1.344
     1.384
    -1.508
    -2.411
    -2.312
    -1.464
     0.921
     1.719
     0.159
    -0.235
     0.315
     0.650
     0.548
     1.008
     0.817
     0.025
     0.825
    -0.017
    -0.698
    -0.763
    -0.496
    -0.830
    -1.058
    -0.207
    -1.295
    -1.326
    -0.588
     1.312
     0.830
    -0.383
     0.020
    -0.175
     0.258
     0.325
     1.117
     0.801
     1.388
     1.143
     0.969
     1.313
     2.196
     3.439
     2.342
     2.132
     2.883
     3.233
     3.284
     3.325
     2.647
     2.695
     2.519
     1.690
     1.314
     1.492
     1.429
     1.513
     1.692
     1.944
     0.965
     1.447
     2.114
     3.650
     3.916
     3.624
     2.996
     3.218
     2.242
     1.043
     0.682
     0.418
     0.943
     0.205
     0.243
     0.161
     0.323
     1.042
     0.810
     0.161
    -0.282
    -0.523
    -1.104
    -0.264
    -0.779
    -0.098
    -0.741
    -0.882
    -0.711
    -0.619
    -1.480
    -1.505
    -0.997
    -2.250
    -2.018
    -1.588
    -1.715
    -1.298
    -2.240
    -1.405
    -1.876
    -1.114
    -0.981
    -0.983
    -1.320
    -1.047
    -0.658
    -1.789
    -1.533
    -1.324
    -1.177
    -1.315
    -0.483
    -0.860
     0.166
     0.507
    -0.130
     0.311
     0.233
    -0.539
    -0.536
    -1.106
    -0.903
    -1.655
    -2.560
    -1.486
    -0.996
    -1.687
    -2.412
    -1.381
    -2.287
    -1.290
    -1.107
    -1.170
    -1.311
    -0.739
    -1.483
    -1.679
    -2.048
    -2.689
    -1.226
    -2.330
    -2.018
    -2.577
    -2.722
    -1.902
    -0.673
    -0.782
    -0.262
     0.917
    -0.177
     1.252
     1.585
     2.310
     3.062
     5.580
     5.517
     6.219
     6.378
     6.240
     6.030
     5.760
     5.075
     3.908
     3.424
     2.369
     1.490
     1.465
     1.054
     1.879
     1.754
     1.625
     1.908
     1.617
     2.511
     1.582
     1.781
     2.082
     1.635
     2.533
     1.280
     1.596
     1.707
     0.744
    -0.622
     0.261
    -0.181
    -0.442
    -0.771
    -0.838
    -1.531
    -1.893
    -3.006
    -2.985
    -3.043
    -3.010
    -2.974
    -1.946
    -2.117
    -1.894
    -2.205
    -2.116
    -2.473
    -2.835
    -2.012
    -3.001
    -2.591
    -3.171
    -2.456
    -2.451
    -2.764
    -2.895
    -2.175
    -2.796
    -2.671
    -3.089
    -2.608
    -2.648
    -2.116
    -2.399
    -1.887
    -1.344
    -1.708
    -1.015
    -0.695
     0.191
    -0.301
    -0.403
    -0.414
     0.193
     0.343
     0.514
     0.940
    -0.117
     0.322
    -0.055
     0.693
     1.131
     0.553
    -0.037
     1.168
     0.862
     1.459
     1.099
     1.064
     1.216
    -0.691
    -1.600
    -0.488
    -0.498
    -0.939
    -1.279
    -0.069
     0.129
     0.108
     0.017
    -0.812
    -0.361
    -0.326
     1.088
     1.301
     1.578
     1.548
     3.238
     4.115
     4.639
     3.912
     4.145
     4.624
     4.073
     3.919
     2.783
     2.139
     2.270
     1.892
     0.813
     1.244
     1.249
     0.855
     1.068
     1.424
     1.449
     0.710
     0.828
     0.872
     1.056
     1.491
     2.737
     1.673
     0.739
     0.820
     0.623
     0.329
    -0.086
    -0.120
    -0.144
    -0.692
    -0.346
    -0.811
    -1.624
    -2.875
    -1.062
    -1.493
    -1.605
    -1.436
    -0.754
    -1.381
    -1.803
    -0.890
    -0.874
     0.403
     0.845
     1.023
     0.271
    -0.144
    -0.796
    -0.349
    -0.807
    -1.575
    -0.287
    -1.176
    -0.344
     0.027
    -0.980
    -0.332
    -0.962
    -0.284
    -1.148
    -0.513
    -1.001
    -1.053
    -1.267
    -0.594
    -0.267
    -0.347
    -0.270
    -0.651
    -0.498
    -1.062
    -0.131
    -0.785
    -0.740
    -0.528
    -0.258
     0.384
    -0.674
    -1.483
    -1.849
    -1.324
    -2.001
    -2.051
    -1.774
    -1.700
    -1.261
    -1.736
    -2.280
    -2.393
    -2.393
    -2.395
    -1.477
    -1.104
    -1.069
    -1.220
    -1.738
    -1.050
     0.661
     0.142
    -0.441
     0.417
     0.633
     0.629
     0.415
    -0.428
    -1.591
    -1.584
    -1.222
    -2.058
    -1.444
    -0.336
    -0.515
    -0.795
    -0.514
    -0.319
     0.293
     1.174
     1.718
     2.068
     1.891
     1.435
     1.334
     2.558
     1.992
     2.709
     2.752
     3.059
     3.519
     3.044
     2.984
     3.220
     3.895
     3.936
     4.386
     4.504
     5.514
     4.342
     4.571
     4.504
     3.597
     3.808
     3.127
     2.308
     1.536
     0.627
     0.898
     0.394
    -0.618
    -1.164
    -1.623
    -1.902
    -2.105
    -2.260
    -2.445
    -1.725
    -1.308
    -0.917
    -0.331
    -0.442
    -0.645
    -0.103
    -0.180
     0.425
    -0.074
    -0.336
    -0.661
    -0.747
    -0.522
    -0.608
    -0.618
    -1.230
    -1.422
    -0.822
    -1.901
    -2.179
    -3.032
    -2.669
    -3.901
    -3.156
    -3.757
    -4.014
    -3.266
    -3.272
    -3.791
    -3.103
    -2.743
    -2.332
    -2.180
    -2.581
    -2.141
    -1.684
    -1.796
    -1.148
    -1.061
    -0.884
    -0.081
     0.222
    -0.744
    -0.512
    -0.533
    -0.338
    -0.533
    -0.482
    -0.781
     0.347
     0.365
     0.079
     0.407
    -0.295
    -0.330
     0.065
     0.320
     1.117
     1.561
     1.297
     1.513
     1.408
     1.926
     1.851
     1.483
     1.433
     2.795
     2.648
     2.466
     1.977
     2.283
     1.715
     0.678
     1.039
     0.365
     1.031
     0.714
     1.130
     1.006
     0.793
     0.446
     0.649
     0.578
     0.791
     0.749
     0.983
     1.207
     2.003
     1.945
     1.928
     2.088
     0.758
     1.251
     1.137
     1.040
     0.989
     1.222
     1.275
     1.185
     1.300
    -0.105
     0.542
     0.778
     1.401
     0.653
     0.500
     0.592
     1.706
     1.553
     1.215
     1.206
     0.689
     1.143
     0.734
     0.654
     1.062
     0.628
    -0.910
    -0.676
     0.651
     0.257
    -0.263
     0.114
     0.356
    -0.282
    -0.963
     0.441
     0.670
     1.477
     0.941
     0.777
     1.012
     0.755
    -0.523
    -0.868
    -0.943
    -1.642
    -3.451
    -4.106
    -6.126
    -4.576
    -4.796
    -4.866
    -2.816
    -0.741
     0.339
    -0.123
    -0.084
     0.394
    -0.242
     0.075
    -0.665
     0.709
     0.706
     0.645
     0.546
    -0.968
    -1.655
    -2.584
    -2.264
    -1.187
    -1.516
    -2.648
    -1.088
    -1.380
    -0.193
     1.010
    -0.155
    -1.890
    -2.626
    -2.955
    -3.372
    -2.931
    -1.815
    -2.469
    -3.657
    -5.517
    -5.060
    -4.414
    -4.660
    -3.219
    -2.184
    -3.835
    -4.330
    -3.654
    -4.273
    -3.686
    -2.099
    -3.478
    -6.164
    -7.179
    -5.879
    -7.382
    -5.923
    -4.350
    -1.728
    -0.211
     5.312
     6.108
     3.263
     3.026
     5.938
    10.251
    12.153
    11.020
    10.736
     9.181
     9.542
     8.166
     6.471
     3.918
    -0.783
    -0.958
    -0.806
    -2.421
    -2.711
    -3.536
    -3.237
    -2.318
    -1.008
     0.702
     4.793
     8.465
     8.542
     8.023
     7.198
     5.897
     5.350
     7.324
     3.721
     1.217
    -4.337
    -6.042
    -6.721
    -6.954
    -3.700
    -0.603
     0.919
     2.258
     2.150
     2.396
     4.553
     5.380
     6.531
     6.502
     7.362
     8.185
     8.438
     9.040
    11.111
    14.062
    15.563
    15.525
    15.823
    16.715
    15.174
    16.830
    16.399
    13.630
     4.027
    -0.572
     1.772
     7.327
     4.679
    -5.507
    -3.211
     0.671
     1.426
    -2.638
    -7.164
   -11.032
   -11.436
   -16.821
   -22.012
   -24.336
   -21.021
   -18.978
   -17.065
   -16.359
   -18.123
   -16.770
   -13.951
   -13.212
   -14.289
   -14.178
   -11.479
    -8.839
    -7.509
    -7.734
    -7.462
    -7.609
    -8.943
    -9.909
   -10.510
   -11.098
    -9.624
    -8.361
    -6.799
    -7.190
    -6.749
    -5.038
    -3.252
    -1.446
     1.504
     3.351
     3.152
     1.750
     2.306
     3.083
     3.843
     4.287
     4.349
     4.924
     4.974
     4.757
     4.595
     4.051
     3.711
     2.916
     2.081
     1.354
     0.318
    -0.052
    -0.048
     0.289
     1.004
     1.679
     1.921
     2.434
     2.428
     2.567
     2.940
     3.392
     3.631
     3.982
     4.081
     4.239
     4.343
     4.645
     4.931
     5.391
     5.613
     5.497
     5.055
     5.255
     5.364
     5.458
     5.341
     5.344
     5.408
     5.402
     5.393
     5.407
     5.400
     5.414
     5.403
     5.396
     5.372
     5.371
     5.336
     5.318
     5.265
