     4.268
     4.655
     4.918
     5.291
     5.541
     5.900
     6.136
     6.485
     6.709
     7.044
     7.235
     7.509
     7.671
     7.982
     8.078
     8.301
     8.347
     8.493
     8.516
     8.730
     8.642
     8.750
     8.688
     8.780
     8.739
     8.848
     8.688
     8.714
     8.456
     8.496
     8.220
     8.141
     7.709
     7.525
     7.271
     6.683
     6.515
     6.304
     5.791
     5.646
     5.226
     4.516
     4.060
     3.374
     2.666
     2.226
     1.877
     1.171
     0.210
    -0.470
    -0.981
    -1.323
    -2.034
    -2.895
    -3.912
    -5.060
    -5.810
    -6.594
    -6.866
    -6.540
    -7.638
    -8.117
    -7.501
    -6.806
    -6.806
    -6.981
    -6.798
    -5.098
    -4.574
    -4.034
    -2.715
    -2.287
    -2.147
    -2.458
    -2.197
    -2.326
    -1.270
    -1.868
    -1.351
    -1.060
    -0.444
    -0.719
     0.197
     1.560
     3.819
     4.225
     3.355
     1.940
    -0.313
    -0.668
    -2.737
    -3.033
    -5.449
    -7.004
    -8.428
   -10.022
   -12.329
    -9.735
    -9.306
    -8.309
    -5.507
    -4.888
    -3.721
    -3.586
    -3.807
    -4.242
    -3.582
    -4.040
    -3.645
    -2.426
    -3.330
    -3.758
    -5.078
    -4.688
    -4.681
    -5.650
    -5.423
    -5.806
    -5.105
    -3.946
    -4.087
    -4.645
    -5.042
    -4.536
    -4.958
    -4.398
    -3.603
    -1.991
    -1.504
    -1.862
    -1.706
    -2.131
    -1.647
    -1.268
    -1.663
    -1.189
     0.294
     0.930
     0.149
     0.892
     0.812
     1.384
     3.010
     3.216
     3.870
     2.893
     3.861
     3.551
     2.039
     2.372
     2.382
     3.834
     4.372
     3.763
     3.833
     4.505
     4.267
     3.973
     6.991
     4.293
     3.714
     4.722
     6.533
     7.769
     8.732
     9.210
     7.226
     6.772
     8.004
     7.809
     6.999
     6.468
     5.344
     5.330
     4.493
     2.096
     2.700
     2.821
     2.357
     3.091
     3.935
     1.250
     0.092
     0.494
     1.974
     2.190
     1.949
     1.444
     3.597
     4.768
     1.702
     0.239
    -0.874
    -1.990
    -2.250
    -1.261
    -0.010
     4.084
     5.650
     5.027
     6.110
     5.705
     3.072
    -0.083
    -0.433
     3.766
     7.789
     7.614
     6.484
     7.717
     8.274
     9.877
    10.111
     8.977
    12.766
    13.753
    11.528
    11.422
    13.040
    11.744
    12.612
    12.758
     8.196
     3.330
     2.986
     3.270
     1.838
    -1.727
    -3.262
    -4.735
    -5.088
    -4.933
    -6.959
    -3.862
    -7.828
    -8.167
    -7.038
    -9.820
   -13.823
   -14.555
   -15.449
   -16.009
   -17.273
   -18.042
   -17.770
   -18.842
   -18.237
   -18.580
   -18.065
   -18.816
   -14.487
   -15.098
   -11.472
   -13.995
   -17.861
   -19.129
   -17.992
   -16.020
   -15.348
   -16.774
   -15.583
   -14.157
   -13.773
   -13.646
   -10.452
    -9.793
    -8.885
    -6.732
    -6.333
    -5.103
    -1.876
    -4.681
    -4.792
    -4.614
    -0.905
    -0.641
    -1.089
     0.030
     1.996
     1.062
     1.500
     3.124
     3.020
     3.654
     3.103
     4.370
     5.481
     5.955
     7.588
     6.882
     6.794
     8.109
     8.329
     7.701
     6.818
     7.902
     8.509
     9.010
     7.442
     8.179
     9.036
    11.295
    12.097
    13.042
    13.574
    10.756
    12.653
    12.631
    11.017
    10.270
     9.231
     8.492
     8.697
     5.899
     6.828
     9.306
     5.831
     4.998
     7.754
     9.144
    10.023
     7.617
     5.890
     5.414
     4.456
     6.261
     8.664
     8.575
     7.122
     6.300
     6.136
     5.928
     4.451
     3.847
     2.992
     3.315
     6.110
     8.146
     5.870
     6.049
     4.784
     4.796
     3.440
     4.686
     6.180
     7.576
     7.208
     5.301
     1.876
     3.160
     6.082
     5.778
     4.836
     3.273
     1.317
     2.372
     3.525
     0.551
    -0.220
    -1.445
    -1.964
    -2.172
    -3.413
    -2.565
     0.663
    -0.940
    -2.118
    -6.996
    -9.201
    -8.658
    -9.039
    -9.672
    -9.599
    -8.737
    -9.575
   -10.679
   -13.063
   -12.203
   -14.153
   -14.773
   -14.028
   -13.749
   -12.273
   -13.366
   -12.681
   -13.180
   -13.290
   -14.347
   -14.639
   -12.288
   -12.619
   -12.344
   -11.340
   -11.180
    -9.829
    -8.845
    -8.312
    -7.924
    -7.343
    -6.729
    -4.455
    -4.235
    -5.057
    -4.525
    -5.431
    -5.856
    -4.578
    -1.901
    -1.339
    -0.003
    -1.734
    -1.773
    -0.819
     1.616
     1.919
    -1.005
     1.609
     1.611
    -0.510
    -2.773
    -4.280
    -2.621
    -1.960
    -3.673
    -2.655
     0.879
     2.477
     6.214
     5.924
     6.353
     2.783
     1.148
     0.005
    -0.048
     1.054
     2.730
     3.008
     1.691
    -0.169
    -0.130
    -1.512
     0.398
    -2.536
    -3.145
    -3.551
    -1.013
     1.784
     4.985
     4.707
     9.060
     8.388
     9.325
     7.634
     6.686
     7.829
    11.412
    17.036
    19.245
    21.560
    21.161
    20.510
    19.401
    24.092
    22.322
    20.608
    20.841
    20.658
    18.498
    15.627
    15.602
    14.526
    13.902
    10.517
    11.840
    10.458
    11.312
     9.789
     8.024
     5.061
     4.968
     3.323
     2.266
    -0.816
    -1.239
    -1.621
    -1.982
    -4.733
    -7.610
    -9.568
   -10.470
    -9.000
   -10.845
   -11.016
    -9.812
    -6.220
    -6.361
    -7.729
    -8.767
    -9.495
    -8.722
    -8.358
    -8.386
    -7.451
    -7.965
    -7.115
    -9.107
   -10.114
    -8.702
   -10.520
    -9.643
    -9.136
    -9.813
   -13.158
   -12.835
    -9.768
    -7.951
    -6.203
    -6.473
    -8.431
    -8.869
    -7.645
    -7.380
    -7.272
    -9.365
    -9.723
    -8.131
    -7.034
    -6.225
    -6.683
    -7.809
    -9.117
    -8.196
    -5.992
    -5.242
    -3.472
    -3.687
    -4.631
    -6.683
    -8.240
    -7.540
    -5.328
    -3.271
    -3.476
    -3.449
    -2.805
    -2.889
    -2.138
     0.264
     0.032
     1.456
     2.640
     3.604
     4.757
     5.608
     6.834
     4.758
     3.727
     3.443
     5.281
     6.209
     7.757
    10.461
     8.837
     9.467
     9.371
     9.970
    11.447
    11.694
    12.419
    12.506
    11.963
    10.552
    10.395
    10.618
    10.201
     8.125
     7.516
     7.426
     8.202
     8.138
     6.512
     8.443
     9.378
     9.287
     7.743
     4.775
     3.628
     1.429
     0.835
    -0.061
    -1.245
    -3.110
    -4.382
    -3.181
    -1.742
    -3.366
    -4.659
    -3.459
    -2.482
    -0.753
     0.482
     2.089
     0.777
     0.776
     2.136
     1.199
     2.502
     2.030
     1.135
     0.809
     0.422
     0.858
     1.466
    -0.562
    -0.793
    -1.363
    -2.509
    -3.176
    -3.335
    -2.566
    -2.976
    -3.852
    -6.199
    -7.415
    -6.016
    -6.925
    -7.457
    -7.962
    -7.658
    -6.295
    -8.608
    -7.844
    -8.448
    -8.381
    -8.852
    -9.642
    -8.619
    -6.387
    -6.356
    -6.415
    -5.719
    -7.090
    -7.034
    -6.708
    -6.330
    -2.914
    -3.470
    -3.246
    -3.689
    -3.138
    -2.838
    -1.305
    -0.858
    -1.598
    -0.803
    -1.426
     0.046
    -0.342
    -0.109
     0.750
     1.342
     0.265
     0.109
     2.360
     0.926
    -0.235
    -0.025
    -0.034
    -0.702
     0.486
     0.925
     2.082
    -0.015
     4.101
     4.798
     3.386
     6.034
     5.457
     8.575
     7.790
     9.321
     8.998
     8.790
     8.768
    10.354
     8.408
     8.508
     9.933
     9.699
     9.411
     7.543
     8.282
     6.323
     5.753
     4.910
     5.094
     5.927
     4.414
     3.840
     3.897
     4.657
     5.636
     5.668
     5.046
     5.496
     6.456
     5.612
     4.646
     4.553
     5.392
     6.655
     6.660
     6.258
     6.422
     6.628
     6.785
     5.396
     3.734
     3.972
     3.242
     1.263
     2.130
     0.568
    -1.522
    -1.235
    -3.431
    -4.052
    -6.547
    -7.625
    -8.991
    -9.063
    -8.577
    -8.562
   -10.129
   -11.851
   -11.791
   -11.134
   -12.135
   -12.543
   -11.906
   -12.329
   -12.399
   -12.160
   -13.613
   -13.782
   -11.785
   -11.570
   -11.062
    -8.300
    -8.948
    -7.763
    -5.147
    -4.864
    -5.854
    -5.934
    -4.428
    -3.428
    -2.019
    -3.615
    -2.653
    -3.052
    -3.269
    -4.600
    -7.150
    -7.121
    -5.729
    -4.908
    -5.366
    -4.541
    -2.771
    -4.528
    -2.641
    -2.160
    -1.398
     0.977
     1.961
     2.782
     1.065
     2.272
     2.507
     3.353
     3.365
     4.513
     5.934
     5.599
     5.831
     4.992
     6.226
     4.168
     4.789
     6.402
     7.332
     7.741
     8.727
     8.195
     8.582
     8.048
     6.237
     5.325
     5.326
     3.973
     3.989
     3.957
     6.268
     6.231
     3.907
     2.210
     0.307
    -0.169
    -0.279
     0.076
    -2.584
    -2.206
    -0.068
     0.840
     2.955
     4.551
     4.182
     3.503
     3.583
     3.164
     2.556
     2.850
     2.686
     2.934
     1.991
     3.748
     4.394
     3.964
     3.393
     3.806
     4.391
     4.059
     4.444
     2.035
    -0.304
     0.736
    -0.225
    -1.321
     1.225
     1.769
     1.357
    -0.017
     2.995
     2.116
     4.280
     4.397
     4.420
     5.517
     6.459
     6.659
     5.950
     4.621
     4.870
     3.827
     3.005
     3.387
     2.324
     2.925
     4.463
     4.050
     3.598
     5.197
     4.258
     4.578
     4.011
     5.152
     5.157
     3.859
     2.151
     1.999
    -0.365
    -1.367
    -3.979
    -2.794
    -1.921
    -3.242
    -3.538
    -4.358
    -5.003
    -5.291
    -6.032
    -6.992
    -7.949
    -6.990
    -8.155
    -8.000
    -8.016
    -6.960
    -7.784
    -7.484
    -5.187
    -7.371
    -8.349
    -8.306
    -8.478
    -9.170
    -7.285
    -9.907
   -10.167
   -12.028
   -12.402
   -11.836
   -11.396
   -11.830
   -11.211
   -11.824
   -10.672
    -9.988
   -10.783
   -12.082
   -11.202
   -11.545
    -9.080
    -5.021
    -3.984
    -4.792
    -4.585
    -5.871
    -5.953
    -5.263
    -4.754
    -8.273
   -10.102
   -10.392
   -11.769
   -12.305
   -13.752
   -13.332
   -11.732
   -11.954
   -12.226
   -10.150
    -7.064
    -3.605
    -1.434
     1.150
     1.352
     5.169
     6.754
     8.944
    10.410
    10.569
    11.736
    13.330
    15.707
    17.577
    19.765
    20.044
    21.056
    21.827
    21.731
    20.120
    19.915
    20.831
    18.641
    18.427
    15.673
    13.860
    15.143
    16.850
    19.535
    17.194
    14.065
    13.456
    13.904
    15.841
    16.816
    15.590
    15.357
    15.047
    13.984
    10.947
    10.670
     8.027
     5.753
     4.672
     3.266
     2.433
     2.450
     2.207
     0.131
    -1.283
    -1.569
    -1.826
    -2.427
    -3.479
    -3.511
    -5.635
    -2.290
    -0.748
     0.726
     0.626
     0.084
    -0.568
    -1.999
    -2.847
    -3.906
    -4.183
    -2.887
    -1.243
    -1.008
    -1.504
    -2.026
    -3.141
    -2.827
    -2.332
    -1.383
    -2.773
    -4.913
    -6.139
    -6.754
    -7.956
    -9.361
   -10.471
    -8.794
    -8.391
    -8.154
    -7.009
    -6.312
    -7.323
    -8.011
    -6.996
    -7.190
    -5.907
    -6.689
    -8.755
   -10.197
   -13.121
   -15.562
   -14.717
   -12.793
   -11.867
    -8.551
    -7.599
    -7.947
    -8.916
    -7.900
    -8.810
   -10.205
   -10.835
   -12.942
   -15.032
   -16.364
   -15.315
   -14.419
   -15.277
   -13.585
   -11.313
   -10.708
    -8.798
    -7.193
    -7.876
   -10.176
   -13.703
   -12.766
   -13.064
   -13.933
   -14.599
   -16.813
   -19.980
   -20.165
   -17.558
   -16.129
   -17.166
   -18.611
   -17.231
   -16.221
   -13.708
    -5.614
    67.902
    59.572
    37.879
    37.834
    39.027
    37.840
    35.924
    36.137
    40.023
    40.284
    36.626
    31.974
    30.621
    25.479
    26.219
    22.101
    24.051
    26.543
    19.828
    16.604
     6.255
     1.731
     9.696
    11.568
    14.336
    10.165
     4.942
     1.622
     1.620
     0.551
    -5.688
   -11.036
   -15.062
   -15.355
   -12.363
   -15.568
   -20.702
   -23.552
   -24.709
   -23.619
   -22.521
   -15.703
   -12.485
   -11.316
    -8.354
    -8.654
   -11.919
   -12.285
    -4.566
    -2.953
    -4.005
    -8.642
    -9.483
    -6.343
    -3.524
     2.813
     5.964
    11.704
    12.329
    13.495
     8.160
     7.300
     9.140
     8.227
     7.564
     7.778
    11.592
    17.723
    11.172
     7.698
     7.017
     2.869
     1.920
     1.815
     4.901
     6.908
     0.988
    -4.595
     1.747
     3.629
     2.072
     4.027
     6.423
     5.499
     4.947
     6.197
     6.126
     2.182
     0.327
     3.929
     1.722
    -0.097
     2.094
     2.804
     1.618
    -0.497
    -1.731
    -5.375
    -9.547
    -5.203
    -0.981
     0.318
    -5.149
    -4.920
    -7.183
   -13.511
   -18.732
   -20.933
   -24.823
   -22.565
   -25.889
   -26.062
   -28.238
   -28.211
   -26.556
   -31.320
   -33.227
   -30.341
   -30.426
   -29.675
   -30.621
   -28.186
   -19.499
    -8.385
   -13.886
   -16.457
    -5.122
    -0.947
    -0.997
    11.719
    17.389
    10.398
    14.023
    23.759
    45.921
    37.562
    17.096
    13.349
    19.107
    24.554
    18.458
    13.425
    15.452
    15.108
    12.768
    15.134
    14.604
    13.887
    14.112
     9.821
     5.377
     9.102
    15.348
    10.942
     8.982
    11.872
    14.614
     5.887
     2.731
     3.719
     4.391
     7.279
    10.624
     2.808
     9.838
    11.021
    15.769
    23.846
    20.562
    -5.789
    -9.925
     2.133
     7.005
     4.298
    -2.742
    -0.890
     3.346
     0.573
    -0.737
    -1.126
    -3.686
   -27.339
   -22.572
   -10.064
   -12.030
   -14.638
   -10.174
    -6.737
    -7.479
    -8.590
    -5.966
    -9.287
   -11.537
    -7.357
    -8.656
    -7.319
    -5.104
    -3.621
    -1.820
     3.263
     0.342
     0.235
     2.284
     2.683
    -0.876
    -3.653
     0.238
     4.055
     1.928
    -2.341
    -0.429
    -3.466
    -3.042
    -2.887
    -4.352
    -5.293
    -4.082
    -3.308
    -5.813
    -5.900
    -7.572
   -10.562
    -8.769
    -7.417
    -6.584
    -4.791
    -8.004
    -6.636
    -8.403
    -5.677
    -3.688
    -4.581
    -2.992
     0.869
     1.712
     1.144
     5.149
     2.603
     2.678
     0.857
     3.638
     5.487
     4.387
     4.782
     4.067
     4.066
     5.977
     6.772
     3.828
     3.849
     3.334
     2.914
     4.249
     3.503
     4.018
     7.806
     8.278
    17.322
    13.430
    11.249
    10.246
    10.223
     9.216
     6.598
     6.238
    12.772
    17.431
    11.439
     4.363
     0.302
     0.041
     6.260
     8.094
    -1.756
    -5.230
    -5.006
    -3.574
    -7.823
    -6.556
    -3.994
    -1.178
     0.939
     4.614
     4.011
     2.420
     2.057
     2.804
     6.708
     1.911
    -1.137
    -1.127
    -0.106
    -1.173
    -6.754
    -4.468
    -7.448
    -9.069
    -8.846
    -3.407
   -10.135
   -11.566
    -6.916
    -2.846
    -7.375
   -12.681
   -15.094
   -13.285
    -9.561
   -12.945
    -6.104
    -6.159
    -3.781
   -15.104
   -10.379
   -12.070
    -8.988
    -7.023
    -6.104
    -0.730
    -3.681
     2.339
     1.637
     4.360
     5.935
     7.627
     6.908
     6.965
     3.114
     6.246
     9.002
     6.384
     4.124
     0.738
    -3.059
    -2.091
    -3.930
     0.350
     3.290
     0.809
    -2.613
    -4.982
     1.363
     4.973
     4.243
     2.623
     2.060
     2.320
    12.091
     7.681
     3.830
     6.892
     5.640
     1.765
    -0.713
    -2.040
    -3.287
     0.067
    -0.431
    -1.511
    -5.077
    -3.344
     3.071
     5.100
     0.748
    -2.051
    -1.252
    10.852
    15.284
     1.120
    -0.606
     4.585
     2.317
    -1.493
     1.483
    -3.214
    -4.191
     0.804
     0.712
     1.306
     3.790
     3.257
     2.280
     2.404
     3.210
     4.243
     2.181
     0.306
    -3.377
    -4.223
    -4.134
    -4.161
    -2.922
    -3.763
    -3.589
    -4.627
     0.787
    -0.204
    -1.366
     0.479
     0.619
    -2.687
    -3.405
     0.632
     0.258
    -0.574
    -2.118
    -0.429
    -2.725
    -3.253
    -4.649
    -3.904
     0.791
     3.105
     4.052
    -1.232
     3.866
     1.416
     0.798
    -0.370
     3.911
     2.570
     2.531
     3.994
     2.129
     0.951
     2.326
     2.388
     0.135
     1.704
    -0.878
     0.071
     0.824
     4.117
     3.857
    -1.049
     0.531
     4.670
     3.584
     3.987
     1.212
    -2.462
     0.736
     5.318
     1.382
     1.198
    -1.038
    -2.652
    -3.414
     4.363
     3.111
    -2.320
    -1.386
    -2.602
     0.584
     2.514
     1.927
     1.243
     1.133
     0.137
    -0.041
    -0.384
    -0.087
     0.138
    -0.056
    -1.988
     1.703
     1.824
    -2.578
    -2.527
    -3.579
    -4.047
    -2.540
    -4.464
    -2.839
    -1.212
    -1.670
    -0.029
    -0.482
     1.538
     2.091
    -0.127
     0.747
    -0.246
     1.090
    -0.705
    -1.509
    -1.934
    -1.228
    -2.308
    -0.711
    -1.608
    -2.396
    -2.029
    -0.982
     1.738
     1.737
     1.049
    -0.188
    -0.090
    -0.846
     0.134
    -1.011
    -1.645
    -2.657
    -3.026
    -3.757
    -5.234
    -5.911
    -4.061
    -4.858
    -6.039
    -6.786
    -7.008
    -6.313
    -5.646
    -7.594
   -10.253
    -9.382
    -9.031
    -8.682
    -9.894
    -8.667
    -8.372
    -7.056
    -7.199
    -6.796
    -5.731
    -6.058
    -5.018
    -5.161
    -5.463
    -4.997
    -6.323
    -5.123
    -1.735
    -0.136
    -1.847
    -1.551
     0.536
     2.623
     3.883
     5.133
     6.034
     5.485
     8.820
    10.551
    12.457
    12.741
    15.441
    15.965
    15.873
    13.011
    12.039
    10.986
     9.668
     8.650
     4.734
     4.150
     6.126
     5.318
     2.108
     3.692
     2.111
     3.173
     3.963
     6.291
     9.573
     9.710
    11.328
     9.394
    10.603
    10.972
     9.913
     7.807
     7.190
     7.842
     8.932
     8.627
     9.317
    14.032
    16.726
    18.913
    15.394
    15.450
    14.824
     2.625
     1.608
    -1.128
    -5.766
    -6.961
    -8.153
   -11.728
   -10.766
    -9.654
    -9.510
    -9.431
    -9.912
    -9.175
    -7.557
    -7.018
    -7.359
    -4.354
    -3.260
    -4.045
    -0.789
     1.910
     3.912
     7.379
     6.321
     3.868
     3.385
     4.529
     5.566
     5.039
     2.908
     1.929
    -1.913
    -2.131
    -1.535
    -2.005
    -2.296
    -2.534
    -5.900
    -8.629
    -9.221
    -9.726
    -9.219
    -8.580
    -9.259
    -8.562
    -7.613
    -5.444
    -5.210
    -5.176
    -8.096
    -8.989
   -11.192
   -11.156
   -10.951
   -12.521
   -14.852
   -16.358
   -20.373
   -20.092
   -20.911
   -20.959
   -20.208
   -19.101
   -18.757
   -18.571
   -19.176
   -19.532
   -17.238
   -18.521
   -16.899
   -16.828
   -15.858
   -15.103
   -15.012
   -14.819
   -13.589
   -14.504
   -11.038
    -8.120
    -5.261
    -2.069
     0.505
     2.923
     5.297
     5.351
     7.843
     6.462
     5.228
     5.581
     5.459
     9.035
    15.030
    19.307
    19.447
    19.140
    23.064
    28.200
    27.968
    27.684
    28.821
    30.398
    29.618
    29.551
    28.522
    24.149
    19.905
    18.484
    15.252
    12.081
    10.176
    10.198
     8.465
     9.642
    13.265
    13.962
    15.788
    15.390
    13.376
    11.453
    11.775
    11.121
    10.251
    11.463
    13.118
    13.804
    15.259
    15.802
    13.568
    11.872
    10.727
     8.776
     7.977
     5.922
     6.315
     6.581
     7.609
     5.776
     4.244
     2.447
     1.626
    -0.008
    -1.025
     0.219
    -1.868
    -3.312
    -5.703
    -4.389
    -4.768
    -3.745
    -5.625
    -8.704
   -11.853
   -13.279
   -15.693
   -18.496
   -21.031
   -20.989
   -21.329
   -21.794
   -26.149
   -25.714
   -25.986
   -24.478
   -21.841
   -21.140
   -21.374
   -20.729
   -20.335
   -17.906
   -16.142
   -14.426
   -12.858
   -14.265
   -13.065
   -12.083
   -11.064
   -11.448
   -12.352
   -12.792
   -14.605
   -16.029
   -11.346
   -11.128
    -5.418
    -5.411
    -1.339
     2.399
     1.217
     0.622
    -0.536
    -3.383
    -5.893
    -3.484
     1.926
     2.958
     8.757
    11.759
    10.284
    10.091
    10.734
     8.478
     4.132
    10.475
    12.937
    12.593
    12.841
    13.317
    10.370
    15.465
    19.184
    14.813
     9.189
     5.890
     6.627
     8.700
     8.259
     4.947
     6.358
     7.064
     8.767
     8.646
     3.173
    -2.837
    -3.941
    -7.922
   -11.866
    -9.968
   -10.173
    -9.212
    -5.463
    -5.620
    -6.656
    -4.108
    -4.231
    -5.239
    -5.557
    -8.026
    -7.393
    -1.714
    -7.933
    -2.814
    -3.344
    -0.636
     3.681
     1.445
    -2.512
     1.010
    -0.512
    -0.513
     0.014
     0.441
     2.886
     6.956
     7.837
     8.845
    13.184
    15.808
    17.766
    20.344
    19.705
    18.585
    16.153
    18.461
    14.306
     9.108
     7.410
     5.518
     3.112
     1.682
     1.396
     2.629
     2.527
     4.436
     2.149
     1.170
    -0.541
     0.019
    -0.480
     0.335
     2.093
     5.623
     6.787
     5.917
     3.977
     4.158
     1.947
     0.410
    -1.575
    -5.017
    -7.874
   -14.084
   -15.800
    -4.436
    -1.448
     0.281
     2.721
     1.396
    -2.721
    -3.422
    -4.961
    -6.889
    -6.903
    -5.332
     0.056
     4.116
    10.016
    13.984
    10.600
     6.972
    -5.621
   -11.201
   -14.269
   -16.936
   -17.148
    -9.536
    -1.157
     0.879
     2.241
     1.197
     0.661
    -2.359
    -2.680
    -3.297
    -4.623
    -6.107
    -6.483
    -5.823
    -4.887
    -5.557
    -5.415
    -5.297
    -6.210
    -6.985
    -7.310
    -7.136
    -6.427
    -5.114
    -4.540
    -4.166
    -5.148
    -6.017
    -6.665
    -6.789
    -7.883
    -8.008
    -7.524
    -2.091
     1.530
     4.434
     6.510
     6.696
     6.994
     6.443
     5.370
     4.148
     1.932
    -0.280
    -1.463
    -2.614
    -3.303
    -3.501
    -3.387
    -2.325
    -1.895
    -1.192
     0.378
    -0.032
    -0.901
     0.440
     0.922
     1.552
     0.756
    -0.872
    -0.892
    -2.545
    -2.139
    -1.099
    -1.834
    -2.748
    -2.048
    -0.778
    -0.493
     1.360
    -1.731
    -1.579
    -2.191
    -0.261
     0.067
     0.002
    -0.717
     0.478
     1.295
     1.077
     0.886
     1.980
     2.501
     3.569
     4.222
     3.563
     3.494
     3.404
     3.907
     4.364
     5.440
     5.308
     5.991
     6.095
     6.490
     6.240
     4.652
     4.119
     4.165
     2.440
     3.410
     3.756
     1.399
     2.398
     2.127
     1.642
     0.853
     1.896
     1.903
     2.186
     4.032
     4.767
     5.751
     9.009
     8.764
    10.248
    10.058
    10.368
     9.720
     9.608
     7.016
     7.251
     9.779
     8.534
     6.238
     6.681
     8.725
     7.489
     5.987
     4.272
     3.010
     0.403
    -3.129
    -3.634
    -5.068
    -6.434
    -8.321
    -7.412
    -5.658
    -6.687
    -6.008
    -5.592
    -6.841
    -6.658
    -6.839
    -6.121
    -7.058
    -6.013
    -7.258
    -6.469
    -6.128
    -5.042
    -3.860
    -1.950
    -1.943
    -1.818
    -1.899
    -0.912
    -2.054
    -2.886
    -2.081
    -3.315
    -3.422
    -3.490
    -4.060
    -3.834
    -3.050
    -3.558
    -2.878
    -2.694
    -2.603
    -2.110
    -3.206
    -3.973
    -3.964
    -4.600
    -4.835
    -5.009
    -5.074
    -5.427
    -5.344
    -4.008
    -3.287
    -3.281
    -3.124
    -1.941
    -2.028
    -2.356
    -2.725
    -3.025
    -3.635
    -2.757
    -3.132
    -3.766
    -2.835
    -1.668
    -1.234
    -0.599
     0.475
     0.387
     2.027
     1.465
     2.598
     3.413
     2.405
     3.156
     3.119
     2.895
     2.465
     1.752
     2.585
     2.792
     2.954
     4.168
     3.058
     3.598
     3.130
     3.031
     3.419
     3.066
     2.585
     1.794
     0.966
    -0.024
     0.662
     0.260
    -0.127
     0.545
    -0.207
     0.189
     0.497
     0.284
     0.833
     1.282
     1.261
     1.128
     1.481
     1.023
     1.619
     1.450
     1.232
     1.012
     0.502
    -0.115
    -0.453
    -0.392
    -0.731
     0.471
     0.227
     1.996
     2.195
     2.460
     2.737
     4.120
     3.699
     2.165
     2.498
     1.702
     0.788
     1.850
     0.530
     0.609
    -0.316
     0.304
    -0.322
    -1.352
    -2.080
    -2.246
    -1.532
    -0.950
    -0.691
     0.452
     1.570
     2.524
     1.717
     1.446
     1.251
     1.773
     2.966
     1.453
     1.301
     0.277
    -0.327
     0.483
     1.675
     2.313
     1.233
     1.330
     1.612
     1.756
     2.666
     2.994
     1.591
     2.302
     2.893
     2.176
     1.869
     2.125
     0.894
     2.098
     2.495
     2.252
     2.073
     1.200
     0.065
     1.323
     0.767
     0.094
     0.876
    -0.326
    -0.573
    -1.157
     0.242
    -0.463
     0.119
    -0.764
    -1.017
    -0.555
    -0.663
    -0.409
    -0.757
    -0.414
    -0.750
    -0.431
    -0.909
    -1.425
    -1.578
    -1.282
    -0.963
    -1.514
    -1.326
    -2.606
    -1.647
    -1.514
    -1.575
    -1.713
    -1.752
    -2.360
    -0.932
    -1.726
    -1.004
    -0.670
    -1.418
    -0.568
    -1.878
    -2.278
    -1.901
    -1.523
    -2.355
    -3.761
    -3.239
    -2.907
    -3.449
    -3.114
    -3.662
    -3.084
    -4.260
    -4.098
    -3.776
    -3.894
    -6.199
    -6.445
    -6.454
    -6.189
    -6.159
    -5.690
    -5.677
    -5.749
    -5.510
    -6.365
    -5.904
    -6.015
    -5.781
    -7.643
    -7.243
    -7.953
    -7.226
    -7.473
    -7.387
    -5.496
    -5.890
    -5.335
    -2.487
    -0.046
     0.966
     4.032
     4.178
     7.350
     9.159
     9.824
     9.716
     9.915
     9.847
     9.934
     8.135
     6.586
     6.842
     5.905
     5.877
     5.710
     4.889
     4.738
     5.777
     6.402
     6.590
     6.650
     6.080
     5.627
     6.349
     5.162
     5.166
     4.788
     5.813
     6.409
     4.625
     4.336
     3.409
     3.667
     3.109
     2.850
     3.061
     3.240
     3.009
     2.556
     2.071
     1.283
    -0.011
    -0.487
     0.080
     1.155
     1.163
     2.006
     2.185
     1.075
     1.709
     1.749
     2.426
     3.012
     0.976
     1.016
     1.254
     1.777
     0.362
    -0.956
    -1.340
    -0.206
     1.325
     2.663
     2.569
    -1.507
    -4.786
    -6.796
    -4.995
    -4.121
    -3.103
    -2.194
    -1.848
    -1.979
    -2.795
    -3.771
    -5.807
    -6.009
    -6.681
    -3.640
    -3.037
    -1.920
    -2.404
    -3.020
    -2.829
    -4.074
    -2.884
    -4.044
    -3.184
    -1.480
    -0.615
     0.145
    -0.106
    -0.631
    -0.663
    -0.510
    -1.114
    -1.659
    -0.440
    -0.252
    -1.572
    -1.489
    -0.216
    -0.580
     1.052
     0.505
     0.222
     0.111
    -3.333
    -3.177
    -3.170
    -2.617
    -2.818
    -2.609
    -3.258
    -2.055
    -1.870
    -1.757
    -1.481
    -1.308
    -0.158
     0.021
    -0.166
     1.348
     0.638
     0.083
    -0.922
    -1.019
    -1.183
    -1.041
    -1.814
    -2.381
    -2.105
    -1.950
    -1.169
    -1.552
    -0.937
    -0.838
    -0.553
    -0.084
    -0.147
    -0.406
     0.857
     0.071
    -1.710
    -3.854
    -3.742
    -2.924
    -1.091
     0.823
     2.283
     2.943
     3.833
     2.481
     2.474
     2.341
     3.543
     3.487
     1.824
     0.965
     1.799
     2.147
     1.785
     0.809
     1.680
     1.533
     1.500
     2.606
     3.085
     2.920
     3.574
     3.181
     3.991
     2.601
     3.035
     1.846
     2.985
     3.196
     2.571
     2.387
     1.157
     1.979
     2.222
     1.684
     1.727
     1.744
     1.264
     1.632
     1.913
     2.378
     0.848
     1.176
     1.033
     0.818
     0.942
    -0.168
     0.337
    -0.323
    -0.161
    -0.610
    -0.071
    -0.259
    -0.134
     0.239
    -0.657
    -1.941
    -1.973
    -1.900
    -2.768
    -2.954
    -2.865
    -1.111
    -0.865
    -0.301
     0.860
     0.546
     0.512
     0.386
     0.062
     1.037
     1.899
     1.038
     1.852
    -0.070
    -0.195
    -0.917
    -1.029
    -0.594
    -1.148
    -0.281
     1.284
     0.334
     0.123
     0.259
    -0.075
    -0.367
    -1.330
    -1.866
    -2.236
    -1.102
    -0.235
    -0.165
    -0.189
    -0.379
     0.598
    -1.434
    -0.954
    -0.614
    -0.769
    -1.599
    -1.910
    -1.245
    -1.175
    -1.955
    -1.203
    -1.434
    -1.261
    -1.351
    -1.297
    -0.308
    -1.632
    -2.621
    -2.766
    -2.225
    -2.083
    -1.092
    -1.619
    -1.501
    -1.640
    -2.534
    -2.801
    -2.630
    -2.277
    -2.732
    -2.028
    -1.862
    -1.271
    -0.220
    -0.312
    -0.910
    -1.952
    -1.311
    -1.812
    -0.108
     0.379
    -0.760
    -1.096
     0.921
     1.651
     1.071
     0.442
     0.337
     1.397
     0.808
     1.094
     0.646
     1.241
     1.458
     1.429
     1.123
     2.905
     2.032
     1.443
     1.097
     1.601
     2.772
     2.390
     1.568
     1.454
     1.968
     1.909
     1.544
     1.662
     2.348
     3.418
     3.161
     3.833
     3.439
     2.830
     3.924
     4.078
     4.028
     4.962
     4.519
     4.457
     4.609
     4.967
     4.450
     4.676
     4.768
     3.504
     3.373
     3.435
     1.821
     2.820
     1.465
     0.273
     0.827
     0.789
     1.331
    -0.428
    -0.303
    -0.585
    -0.736
    -0.573
    -1.800
    -0.684
    -0.816
    -0.567
    -0.397
    -1.961
    -2.700
    -3.545
    -5.311
    -5.698
    -7.283
    -7.150
    -7.884
    -7.800
    -7.740
    -8.403
    -7.385
    -9.928
    -6.803
    -4.981
    -7.431
    -5.024
    -3.453
    -2.240
    -2.985
    -3.242
    -2.454
    -1.123
    -0.401
    -0.864
    -1.672
    -0.459
    -1.059
    -2.409
    -1.565
    -2.495
    -3.260
    -4.683
    -4.411
    -3.951
    -4.163
    -5.424
    -5.720
    -3.246
    -4.105
    -3.782
    -1.640
    -2.298
    -1.393
    -4.053
    -1.390
    -5.588
    -4.391
    -3.608
    -5.616
    -4.856
    -5.028
    -3.120
    -0.081
    -0.222
     0.442
     1.404
     2.463
     3.722
     7.039
     5.974
     6.481
     7.417
     8.939
     9.675
    11.839
    13.301
    11.712
    12.846
    12.728
    12.069
    12.425
    13.946
    17.062
    14.347
    12.578
    10.873
     9.458
    15.311
    13.076
     9.572
     9.385
    14.950
     7.189
     9.943
     7.193
     7.649
     4.087
     3.298
     0.749
     2.698
     3.318
     3.639
     1.142
    -1.978
    -1.202
    -1.597
    -1.852
    -2.157
    -2.558
    -2.435
    -2.605
    -2.471
    -3.814
    -3.134
    -3.127
    -3.739
    -4.213
    -2.182
    -3.417
    -2.701
    -4.695
    -4.689
    -5.106
    -5.571
    -6.650
    -6.720
    -6.590
    -6.662
    -7.846
    -5.838
    -7.036
    -6.731
    -8.077
    -9.256
    -8.429
    -9.057
    -8.269
    -7.556
    -8.189
    -8.559
    -8.853
    -8.290
    -7.446
    -8.186
    -7.870
    -8.474
    -8.365
    -7.773
    -7.560
    -7.104
    -6.498
    -6.428
    -6.038
    -5.932
    -5.705
    -5.576
    -5.114
    -4.973
    -4.479
    -4.440
    -4.214
    -4.081
    -3.908
    -3.998
    -3.440
    -3.200
    -2.713
    -2.813
    -2.239
    -1.824
    -1.246
    -1.094
    -0.702
    -0.431
     0.011
     0.265
     0.674
     0.949
     1.329
     1.620
     2.000
     2.272
     2.663
     2.945
     3.333
     3.607
     3.996
