     5.865
     6.121
     6.405
     6.641
     6.908
     7.118
     7.365
     7.559
     7.782
     7.955
     8.171
     8.288
     8.430
     8.579
     8.714
     8.717
     8.761
     8.712
     8.770
     8.682
     8.649
     8.522
     8.424
     8.294
     8.381
     8.105
     8.045
     7.884
     7.479
     7.587
     7.310
     6.910
     6.454
     5.870
     5.739
     4.975
     4.497
     4.324
     3.668
     3.325
     2.867
     2.210
     1.587
     1.076
     0.115
    -0.503
    -0.480
    -1.470
    -2.364
    -2.993
    -3.574
    -4.121
    -4.785
    -5.736
    -6.486
    -7.485
    -8.204
    -8.907
    -9.259
    -9.216
   -10.200
   -10.567
   -10.347
    -9.297
    -9.650
    -9.344
    -8.122
    -6.731
    -5.701
    -4.861
    -2.633
    -3.168
    -2.617
    -1.992
    -1.469
    -1.486
    -0.065
    -1.076
     0.757
    -0.838
     0.150
     0.344
     0.024
     1.024
     4.625
     4.864
     4.574
     2.139
     0.325
    -1.011
    -2.781
    -4.106
    -4.972
    -5.852
    -7.479
   -10.377
   -10.785
    -9.784
    -7.106
    -5.821
    -3.749
    -2.715
    -1.725
    -0.742
    -2.615
    -3.069
    -2.495
    -2.921
    -1.191
    -1.559
    -1.797
    -2.308
    -3.753
    -3.210
    -3.230
    -2.545
    -3.859
    -4.134
    -4.524
    -3.985
    -2.053
    -2.497
    -3.748
    -3.414
    -3.920
    -3.804
    -1.416
    -1.265
     0.454
    -0.049
    -0.190
    -0.341
    -0.688
     0.016
    -0.454
     1.512
     1.128
     2.171
     1.834
     2.734
     2.600
     3.036
     3.842
     3.711
     4.724
     3.265
     3.072
     2.579
     1.296
     1.048
     0.979
     2.185
     4.780
     3.724
     3.500
     3.634
     3.167
     2.192
     7.297
     4.911
     2.728
     2.563
     6.482
     6.483
     7.430
     7.505
     7.544
     6.405
     7.382
     7.317
     5.256
     6.062
     3.184
     5.214
     3.984
     2.313
     2.078
     2.142
     2.341
     2.037
     3.225
     1.589
     0.197
     0.679
     0.476
     3.029
     1.847
     1.782
     3.134
     4.962
     2.978
     1.191
    -1.837
    -1.090
    -3.680
    -0.423
     1.170
     6.318
     7.915
     7.902
     7.514
     6.256
     3.528
     0.494
    -2.522
    -0.062
     4.583
     7.952
     7.453
     7.238
     7.803
    10.464
    10.370
     7.500
     8.610
    12.229
    10.826
     7.831
    11.110
     9.218
     8.731
     9.173
     4.746
     0.299
     0.031
    -0.984
    -3.835
    -4.887
    -7.444
    -8.133
    -9.747
    -8.111
   -11.155
    -6.037
    -8.298
    -8.977
    -8.179
    -9.711
   -13.608
   -14.273
   -14.434
   -15.010
   -17.054
   -16.659
   -16.492
   -18.346
   -16.193
   -17.209
   -16.924
   -18.797
   -12.480
   -14.417
    -8.480
    -8.513
   -17.257
   -20.626
   -18.530
   -14.885
   -13.698
   -14.858
   -14.654
   -12.126
   -11.670
   -11.615
   -10.602
    -8.360
    -8.093
    -6.741
    -5.497
    -3.244
    -1.191
    -3.075
    -1.565
    -2.504
     0.175
     2.731
     1.816
     1.729
     1.732
     2.986
     3.276
     5.212
     5.285
     4.675
     4.583
     4.850
     5.932
     8.048
     9.120
     8.180
     9.855
    10.169
    10.064
     9.001
     9.043
     8.812
     8.979
     8.861
     8.017
     8.730
     9.768
    11.198
    12.305
    12.955
    14.087
    13.877
    13.197
    11.936
    12.173
    10.928
     8.787
     8.188
     9.583
     4.936
     6.581
     9.902
     6.976
     6.838
     6.986
     8.855
     8.592
     7.585
     6.304
     5.065
     6.134
     5.095
     8.960
     9.086
     7.945
     7.608
     6.668
     6.299
     5.444
     3.225
     1.056
     3.741
     3.956
     5.678
     4.842
     3.374
     2.315
     4.063
     3.163
     4.893
     7.030
     7.102
     7.230
     3.081
    -0.163
     0.618
     3.454
     5.326
     3.288
     1.330
    -0.852
    -0.265
     1.182
     0.987
    -4.055
    -4.447
    -6.304
    -6.334
    -5.338
    -6.816
    -1.984
    -6.352
    -6.079
    -9.869
   -11.474
   -10.731
    -9.825
   -11.442
   -11.186
   -10.785
   -10.472
   -11.308
   -12.444
   -12.559
   -13.450
   -13.327
   -15.491
   -13.239
   -12.333
   -13.058
   -12.052
   -11.902
   -12.775
   -13.886
   -13.446
   -11.696
   -10.169
    -9.861
    -8.869
    -8.869
    -8.861
    -8.275
    -7.314
    -7.066
    -6.858
    -6.521
    -4.537
    -4.278
    -3.893
    -4.940
    -5.654
    -5.534
    -4.227
    -0.921
    -1.417
    -1.376
    -3.099
    -2.884
    -0.623
     0.275
     1.897
    -2.085
     0.465
     1.720
    -1.181
    -2.104
    -3.895
    -2.366
    -1.317
    -1.343
    -0.375
     3.929
     8.247
    11.794
    12.148
     8.220
     4.936
     2.399
     1.727
     2.036
     3.130
     5.193
     5.508
     4.277
     0.483
     0.987
     0.363
     1.864
    -0.843
    -2.073
    -2.917
    -0.529
     2.180
     6.424
     6.835
    10.055
    10.449
    11.157
     9.236
     5.774
     6.266
    10.989
    18.126
    20.056
    21.213
    20.427
    19.322
    19.359
    25.011
    23.258
    20.390
    20.112
    20.746
    18.536
    14.737
    14.051
    12.348
    11.664
     9.479
     9.678
     9.095
     9.298
     9.082
     6.164
     4.314
     2.378
     1.458
     0.595
    -2.425
    -3.207
    -4.049
    -2.837
    -6.194
    -7.998
   -10.151
   -10.956
   -10.183
   -13.059
   -11.943
    -9.602
    -6.430
    -6.174
    -8.077
    -8.057
    -9.184
    -8.395
    -9.978
    -9.023
    -7.976
    -7.602
    -7.837
    -9.732
   -11.685
   -10.641
   -10.359
   -10.565
   -10.678
   -10.340
   -13.688
   -14.898
   -10.661
    -7.133
    -7.237
    -7.057
   -10.020
    -7.888
    -7.842
    -6.138
    -6.864
    -7.903
    -9.771
    -7.848
    -5.566
    -4.800
    -6.714
    -8.052
    -8.752
    -7.837
    -4.508
    -4.481
    -1.422
    -3.374
    -4.597
    -6.577
    -8.885
    -8.584
    -5.371
    -3.128
    -2.187
    -3.291
    -3.221
    -2.026
    -2.075
     0.832
     0.858
     0.698
     2.799
     2.996
     6.073
     8.202
     8.476
     6.244
     3.679
     4.922
     4.886
     6.920
     9.144
    12.225
     9.218
     9.152
     9.129
     9.394
    11.333
    12.418
    11.462
    12.353
    11.461
     9.191
     8.360
     8.318
     8.418
     7.591
     6.095
     6.551
     6.552
     6.268
     6.522
     7.352
     8.459
     8.381
     6.608
     4.202
     2.404
     1.430
    -0.600
    -2.770
    -2.926
    -4.092
    -5.003
    -3.951
    -3.979
    -3.928
    -4.953
    -2.907
    -0.868
     1.113
     1.191
     2.071
     1.107
     1.387
     1.964
     2.162
     2.811
     2.753
     1.051
     1.790
     2.059
     1.734
     2.672
     2.031
     1.256
     1.269
    -0.629
    -0.827
    -0.895
    -0.054
     1.179
    -1.553
    -4.173
    -4.295
    -4.612
    -6.886
    -8.006
    -7.950
    -9.217
    -7.405
    -9.339
    -8.674
    -8.629
    -9.578
    -9.114
    -8.983
    -8.336
    -7.413
    -5.378
    -5.601
    -5.974
    -6.795
    -6.184
    -6.127
    -6.332
    -3.312
    -3.155
    -3.020
    -3.836
    -2.502
    -2.141
    -1.183
    -1.355
    -1.584
     0.391
     0.232
     1.219
    -0.177
    -0.205
     0.853
     2.123
     1.386
     1.125
     1.962
     0.710
    -0.271
     0.444
     0.022
     1.173
     2.295
     1.980
     2.493
     1.125
     4.128
     6.041
     3.919
     6.283
     4.487
     8.184
     7.191
     7.997
     7.599
     7.051
     5.296
     7.164
     8.080
     5.958
     8.621
     6.719
     5.578
     5.713
     5.435
     3.643
     2.258
     0.983
     1.821
     3.934
     3.855
     1.727
     1.334
     2.462
     4.707
     4.751
     6.904
     7.641
     8.919
     6.869
     5.592
     4.260
     6.848
     8.907
     7.937
     7.355
     6.607
     6.874
     6.414
     5.361
     3.362
     4.280
     2.389
     1.230
     2.424
     0.167
    -0.828
    -2.089
    -2.920
    -4.247
    -7.061
    -8.329
    -9.285
    -9.174
    -7.394
    -8.479
   -10.162
   -11.275
   -12.510
   -11.314
   -12.287
   -12.015
   -11.903
   -12.808
   -12.823
   -12.861
   -12.753
   -12.613
   -12.459
   -12.449
   -12.235
    -7.940
    -8.723
    -7.570
    -5.593
    -5.568
    -4.924
    -5.981
    -5.832
    -5.461
    -1.310
    -3.999
    -5.274
    -4.215
    -4.935
    -5.812
    -8.060
    -9.883
    -7.707
    -5.569
    -4.111
    -4.110
    -4.831
    -3.878
    -4.042
    -2.431
    -0.346
     0.720
     2.165
     4.271
     4.214
     2.401
     4.554
     5.807
     4.680
     7.843
     6.822
     6.953
     7.236
     7.101
     8.311
     4.492
     5.215
     7.236
     8.600
    10.586
    10.642
    10.760
    10.561
    10.559
     8.238
     6.548
     6.271
     6.300
     6.527
     6.322
     7.132
     7.511
     5.267
     2.288
     1.899
    -1.146
    -0.307
     0.701
    -0.497
    -3.370
    -0.517
     2.343
     4.545
     6.584
     5.659
     4.436
     4.420
     4.346
     4.055
     3.911
     3.955
     3.847
     3.671
     5.459
     5.313
     5.309
     5.171
     4.151
     6.008
     4.747
     3.652
     3.710
     3.339
     2.468
     1.458
     1.828
     3.694
     3.294
     1.724
     1.430
     1.909
     1.747
     2.300
     1.262
     1.979
     2.787
     2.557
     3.719
     1.205
     0.337
    -0.015
    -2.091
    -2.554
    -2.584
    -1.545
    -2.735
    -0.595
    -1.651
    -1.596
     0.245
    -0.748
    -0.440
     0.195
     1.327
     2.145
     2.278
    -1.054
    -0.373
    -1.374
    -2.490
    -3.722
    -1.683
    -1.758
    -2.678
    -1.874
    -3.136
    -4.122
    -5.063
    -5.415
    -6.797
    -5.847
    -6.910
    -8.045
    -9.219
    -9.081
    -8.161
    -7.165
    -7.179
    -6.310
    -7.614
    -9.060
    -9.300
    -7.465
    -8.995
    -9.142
   -10.039
   -11.203
   -12.294
   -13.398
   -12.350
   -12.188
   -13.275
   -11.267
   -12.012
   -10.892
    -9.775
   -10.626
   -11.504
   -11.624
   -12.711
    -9.365
    -6.496
    -4.229
    -6.312
    -6.282
    -6.333
    -7.393
    -6.021
    -4.702
    -6.322
    -6.709
    -8.497
    -7.485
    -8.313
    -8.422
    -7.391
    -7.025
    -5.268
    -6.082
    -4.829
    -0.532
     1.637
     4.474
     7.001
     7.197
     8.606
    11.658
    10.311
    11.363
    11.313
    11.512
    11.724
    15.321
    17.586
    20.662
    20.011
    20.008
    21.180
    20.881
    18.102
    19.060
    20.237
    17.884
    17.557
    15.634
    14.882
    14.487
    18.444
    19.561
    18.581
    15.482
    15.108
    14.338
    17.072
    19.211
    19.016
    19.157
    17.795
    17.185
    13.922
    11.511
     8.706
     5.649
     3.457
     2.337
     2.890
     2.719
     2.834
    -0.714
    -0.741
    -0.952
    -1.402
    -2.619
    -3.891
    -3.857
    -5.200
    -3.443
    -2.359
     0.284
     0.469
    -1.950
    -1.972
    -4.243
    -4.485
    -5.085
    -5.811
    -4.422
    -2.425
    -2.437
    -2.609
    -3.681
    -4.112
    -3.040
    -2.669
    -2.138
    -3.282
    -4.496
    -7.075
    -9.429
    -9.644
   -10.790
   -12.478
   -11.682
   -10.938
    -9.003
    -9.435
    -8.645
    -7.777
   -10.009
    -8.163
    -7.626
    -7.060
    -7.748
   -10.037
   -10.697
   -13.874
   -18.591
   -17.281
   -14.647
   -14.855
   -11.877
    -9.029
   -10.069
   -10.727
    -9.610
   -11.244
   -11.682
   -14.030
   -16.598
   -19.802
   -20.357
   -19.602
   -19.747
   -18.766
   -17.072
   -15.039
   -15.409
   -12.392
   -11.496
   -12.647
   -14.899
   -19.037
   -18.141
   -18.652
   -19.730
   -20.319
   -24.480
   -26.876
   -27.913
   -25.369
   -22.879
   -24.775
   -27.037
   -23.692
   -22.909
   -20.571
   -11.284
    69.312
    84.863
    57.226
    48.735
    45.231
    44.200
    43.363
    39.252
    47.089
    49.241
    47.334
    41.900
    39.206
    32.119
    29.083
    27.816
    28.150
    33.836
    26.317
    22.938
    11.244
     5.302
    12.689
    14.244
    23.629
    19.764
    13.993
    10.964
    11.223
    11.454
     7.581
     1.928
    -4.251
    -5.881
    -1.172
    -6.492
   -13.032
   -16.899
   -20.298
   -18.190
   -19.434
   -12.464
    -7.175
    -4.821
    -2.958
    -1.567
    -6.575
    -6.089
    -1.206
     3.357
     0.506
    -4.381
    -9.999
    -8.115
    -4.826
     1.703
     4.665
    12.050
    13.698
     9.822
     3.430
    -0.375
     1.271
     0.900
     0.075
    -0.805
     3.225
    10.210
     6.075
     1.600
    -0.882
    -4.589
    -7.251
    -7.151
    -5.493
    -3.831
    -7.869
   -14.670
   -10.181
    -6.027
    -5.328
    -4.364
    -1.748
    -2.555
    -4.032
    -3.089
    -2.408
    -6.033
   -10.044
    -6.487
    -6.845
    -9.536
    -5.947
    -7.545
    -8.088
   -10.579
   -15.268
   -19.051
   -24.372
   -21.925
   -12.689
    -5.882
   -11.045
   -11.185
   -11.955
   -19.515
   -22.536
   -24.942
   -28.930
   -28.636
   -30.719
   -31.698
   -32.673
   -32.479
   -29.688
   -29.789
   -31.443
   -28.320
   -26.466
   -22.082
   -18.306
   -15.613
    -6.000
     8.143
     7.767
     5.588
    11.926
    24.928
    24.605
    30.260
    38.096
    39.307
    41.176
    48.781
    59.333
    62.532
    38.881
    29.183
    28.272
    32.975
    27.147
    18.665
    16.945
    16.788
    14.420
    10.927
     9.793
    10.143
     8.522
     8.559
     4.389
     4.995
     8.231
     8.698
     5.816
     4.633
     8.518
     0.531
    -4.177
    -1.703
    -0.882
     1.131
     2.855
     1.348
     4.419
     9.110
    14.097
    25.072
    27.083
    -4.371
   -19.873
    -5.714
    -0.498
    -2.370
    -5.286
    -7.281
    -4.045
    -4.004
    -4.620
    -5.011
    -3.267
   -23.497
   -25.466
   -11.469
    -8.150
   -14.412
   -10.513
   -10.031
   -11.486
   -11.848
   -10.921
   -13.688
   -14.453
    -6.455
    -8.601
    -7.663
    -7.327
    -5.409
    -5.694
     3.851
     0.587
    -0.528
     2.029
     2.107
    -0.467
    -4.851
    -4.246
     1.278
     0.707
    -4.407
    -3.238
    -3.660
    -5.556
    -3.258
    -6.636
    -4.953
    -4.763
    -4.393
    -4.199
    -7.358
    -7.296
    -9.552
    -6.588
    -9.340
    -4.479
    -3.306
    -4.711
    -4.223
    -4.786
    -4.304
     0.605
     0.391
    -0.700
     2.203
     4.043
     3.861
     6.714
     6.713
     4.767
     2.898
     4.124
     8.604
     6.162
     5.800
     3.505
     3.597
     9.078
     8.148
     7.433
     3.601
     2.493
     4.113
     6.835
     6.090
     3.694
     9.974
    12.224
    15.738
    13.961
     8.153
     7.651
     8.803
     8.156
     6.276
     1.747
     6.461
    17.500
    14.804
     4.944
     0.258
    -4.366
     3.503
     8.410
     3.431
    -4.947
    -5.755
    -2.426
    -5.824
    -5.952
    -4.622
    -1.518
     0.258
     2.753
     2.944
     1.122
     1.065
    -2.699
     3.076
     0.194
    -4.095
    -4.828
    -3.313
    -5.209
   -10.132
   -10.355
   -10.559
   -12.497
   -13.639
    -8.350
   -11.757
   -14.715
   -11.185
    -4.235
   -10.062
   -10.880
   -15.416
   -14.794
   -13.340
   -12.837
    -7.259
    -5.379
    -3.942
   -10.499
    -9.740
    -5.265
    -4.051
    -4.218
    -5.157
    -1.351
    -1.665
     3.907
     2.862
     5.199
     9.312
    12.502
    10.802
    10.933
     8.732
     3.760
    13.417
    10.041
    11.453
     5.740
    -0.012
     0.560
    -2.749
     2.333
     4.244
     3.609
     0.953
    -2.197
     0.185
     5.845
     5.753
     4.497
     2.207
     1.525
    11.424
    12.852
     6.665
     5.363
     4.564
     2.153
    -1.558
    -3.428
    -2.661
     0.257
    -0.841
     0.407
    -4.744
    -3.714
    -0.314
     7.314
     5.929
    -1.439
    -6.249
     8.528
     9.892
     6.489
    -4.292
    -2.027
     4.443
    -3.824
    -1.156
    -0.450
    -4.507
    -3.822
     0.195
     0.542
     1.013
     4.063
    -1.123
     0.682
    -0.094
     4.961
     2.794
    -0.248
    -3.091
    -4.965
    -3.178
    -3.019
    -0.836
    -3.033
    -5.809
    -5.760
     0.527
    -1.016
    -2.717
    -0.486
     2.671
    -1.948
    -5.101
    -1.434
     0.241
     0.574
    -2.756
     1.227
    -1.451
    -2.213
    -1.493
    -3.966
     0.360
     3.860
     6.125
     1.794
    -0.441
     2.029
     0.049
    -1.259
     1.778
     2.316
     3.630
     5.416
     3.081
     0.889
     2.404
     1.698
     0.075
     0.568
     0.497
    -0.451
     0.717
     4.097
     4.084
    -0.145
    -1.298
     3.451
     3.180
     2.255
     2.326
    -2.180
    -1.929
     3.011
     2.314
     3.115
     0.041
    -2.402
    -7.565
    -1.141
     5.564
    -0.204
    -4.338
    -6.537
    -3.273
     0.248
     0.169
    -0.610
    -1.987
    -3.042
    -2.959
    -2.820
    -1.789
    -2.591
    -3.649
    -4.687
    -2.582
    -0.086
    -1.003
    -6.327
    -4.157
    -4.905
    -4.207
    -3.947
    -5.076
    -2.820
    -1.779
    -0.694
    -1.495
     0.255
    -0.206
     1.132
     1.010
     0.042
    -0.058
    -0.230
    -1.263
    -1.450
    -1.049
    -1.281
     0.612
    -0.113
     0.697
    -0.378
     1.806
     2.958
     4.061
     4.345
     2.368
     2.276
     2.246
     2.595
     2.255
     1.091
    -0.167
    -1.078
    -2.194
    -1.357
    -2.990
    -1.105
     0.047
    -2.885
    -3.248
    -3.423
    -2.860
    -1.899
    -3.298
    -4.509
    -5.692
    -4.528
    -3.514
    -4.426
    -3.638
    -4.419
    -2.744
    -2.252
    -2.491
    -2.116
    -2.938
    -3.502
    -2.235
    -1.425
    -3.409
    -4.408
    -3.554
    -0.091
     2.098
     1.934
     0.013
     0.155
     2.467
     3.297
     4.559
     4.777
     4.869
     6.264
     8.261
     9.028
     9.799
     9.647
    12.140
    12.107
    10.204
     7.100
     6.237
     4.395
     3.175
     1.036
    -0.064
     0.383
    -0.912
    -2.859
     0.083
    -1.319
     2.241
     1.505
     4.586
     5.824
     7.900
     7.952
     8.267
     9.511
     9.378
     7.333
     5.788
     6.587
     5.913
     8.320
     6.393
     7.616
    11.552
    15.031
    17.554
    14.809
    11.848
    13.756
     0.531
    -4.058
    -5.341
    -8.740
   -10.801
    -8.723
   -13.092
   -12.524
   -11.199
   -11.108
   -10.270
   -10.395
   -10.082
    -8.228
    -7.328
    -6.290
    -3.585
    -2.501
    -2.790
    -1.314
     1.751
     2.655
     8.159
     6.617
     3.430
     2.179
     2.948
     3.909
     3.847
     1.733
     0.946
    -1.574
    -3.803
    -2.142
    -3.068
    -2.545
    -3.055
    -5.426
    -6.530
    -7.996
    -8.376
    -8.589
    -8.908
    -7.242
    -6.658
    -6.423
    -4.126
    -4.188
    -2.045
    -4.790
    -6.399
    -7.733
    -8.150
    -8.485
   -10.792
   -13.509
   -14.944
   -17.546
   -19.052
   -19.454
   -18.766
   -18.138
   -15.484
   -15.008
   -14.240
   -14.465
   -14.031
   -12.151
   -12.640
   -11.621
   -12.086
   -11.445
    -9.870
   -10.531
    -9.846
   -10.395
    -8.605
    -6.513
    -4.053
    -1.550
     1.508
     4.441
     6.285
     7.926
     7.246
     9.960
     8.389
     5.754
     5.203
     4.913
     6.799
    13.524
    20.794
    20.605
    19.279
    19.579
    26.954
    27.547
    28.342
    27.869
    30.415
    29.194
    27.008
    25.189
    21.595
    18.000
    13.316
    11.754
     7.950
     7.998
     7.284
     6.070
     6.461
    10.979
    11.801
    13.736
    14.233
    11.014
     7.395
     7.943
     7.690
     7.559
     9.381
     9.534
    11.195
    15.083
    14.659
    12.650
     9.295
     7.846
     6.413
     3.282
     3.216
     2.740
     4.449
     6.065
     5.253
     3.357
     0.811
    -1.237
    -2.343
    -1.928
    -3.405
    -4.296
    -4.492
    -6.258
    -5.818
    -6.921
    -3.989
    -6.893
   -10.166
   -14.643
   -14.875
   -18.036
   -20.850
   -23.524
   -23.677
   -20.207
   -21.485
   -26.337
   -27.550
   -25.624
   -23.618
   -21.082
   -20.157
   -21.074
   -21.247
   -20.983
   -17.905
   -14.612
   -12.184
   -10.914
   -11.891
   -10.619
    -9.689
    -9.866
   -10.074
   -11.650
   -11.612
   -12.361
   -15.633
   -10.219
    -8.637
    -2.945
    -4.450
    -0.220
     6.535
     4.605
     2.587
     0.655
    -1.258
    -4.068
    -2.967
     1.579
     5.182
    10.074
    14.540
    11.823
    11.804
    12.042
     9.331
     5.713
    10.607
    12.801
    13.122
    14.211
    13.426
    11.617
    12.817
    19.533
    13.279
     8.702
     2.355
     3.892
     7.362
     7.328
     3.775
     4.048
     6.183
     8.924
     9.131
     3.861
    -2.991
    -5.137
    -8.447
   -13.170
   -10.196
    -7.426
    -8.176
    -4.034
    -2.470
    -5.775
    -3.548
    -3.279
    -3.972
    -2.764
    -6.715
    -7.388
     0.435
    -5.914
     0.146
     0.298
     3.192
     7.573
     5.871
     4.031
     3.767
     2.556
     0.955
     3.679
     2.561
     4.929
     9.546
    11.493
     7.836
    12.125
    13.941
    14.362
    16.897
    18.337
    16.456
    11.541
    14.519
    14.719
     7.445
     4.563
     3.233
     1.222
     2.612
    -0.439
     1.237
     1.651
     4.404
     2.967
     0.921
     0.579
     0.661
     0.850
    -0.189
     3.337
     6.429
     7.649
     6.176
     4.863
     3.714
     2.898
    -1.169
    -1.062
    -7.376
    -9.528
   -16.417
   -21.661
    -5.623
    -0.238
     1.366
     0.838
     0.498
    -5.960
    -5.884
    -7.805
    -9.822
    -9.643
    -7.457
    -1.100
     2.395
     9.426
    13.926
    10.219
     6.703
    -8.070
   -17.803
   -17.089
   -18.493
   -18.582
   -11.205
     1.947
     3.219
     3.863
     0.820
    -1.809
    -4.719
    -4.234
    -6.113
    -7.362
    -7.735
    -8.795
    -7.661
    -6.519
    -7.297
    -6.301
    -6.166
    -7.092
    -8.371
    -8.914
    -8.143
    -6.694
    -5.865
    -5.706
    -6.652
    -6.189
    -7.683
    -7.123
    -7.319
    -8.481
    -8.425
    -7.900
    -2.832
     5.476
     4.530
     9.594
     8.563
     9.809
     8.977
     7.755
     4.781
     2.878
     0.875
    -0.283
    -1.251
    -2.389
    -0.954
    -2.424
    -1.325
     0.608
     0.834
     1.920
     0.780
     0.986
     2.836
     3.121
     3.951
     3.787
     1.789
     0.985
     0.406
     1.451
     1.366
     0.769
     0.858
     0.504
     1.526
     1.480
     3.590
    -0.485
    -1.857
    -1.506
     1.487
     2.429
     1.246
     0.560
     1.426
     2.673
     2.648
     2.576
     2.436
     2.467
     4.329
     6.493
     5.538
     3.205
     3.228
     4.437
     5.439
     5.321
     6.434
     5.664
     5.251
     6.041
     5.263
     4.040
     3.919
     1.765
     0.513
     0.721
     0.561
     0.622
     1.365
     1.608
     0.316
     0.138
     1.075
     2.146
     1.957
     4.124
     5.211
     5.255
     8.115
    10.336
    10.226
    10.412
     9.862
    10.010
     8.848
     7.194
     6.584
     9.645
     7.923
     5.775
     6.279
     7.260
     5.395
     5.359
     4.406
     2.259
     0.453
    -5.540
    -7.003
    -7.751
    -8.817
    -9.751
    -7.695
    -7.017
    -7.238
    -6.029
    -6.440
    -8.262
    -9.619
    -7.707
    -7.859
    -8.661
    -7.693
    -8.225
    -7.883
    -6.997
    -4.856
    -4.086
    -3.151
    -2.190
    -3.091
    -2.241
    -2.371
    -2.525
    -3.429
    -3.667
    -3.789
    -4.472
    -4.768
    -4.885
    -2.908
    -3.895
    -2.964
    -3.085
    -3.225
    -3.166
    -1.729
    -3.228
    -4.268
    -4.086
    -5.209
    -5.403
    -5.238
    -5.506
    -5.355
    -4.927
    -3.873
    -2.808
    -2.755
    -1.783
    -1.789
    -2.070
    -3.051
    -3.163
    -3.201
    -3.211
    -3.340
    -3.229
    -3.440
    -3.346
    -2.343
    -0.136
     0.448
     0.324
     0.578
     1.560
     1.505
     2.635
     3.325
     2.289
     3.343
     3.446
     3.486
     3.296
     3.254
     2.823
     2.938
     2.665
     3.753
     4.220
     3.797
     3.649
     4.941
     5.651
     3.779
     3.416
     2.481
     2.457
     1.217
     2.605
     1.313
     1.746
     1.239
     2.373
     2.221
     2.120
     1.200
     2.288
     3.210
     2.190
     2.194
     2.460
     2.290
     2.105
     1.009
     2.095
     2.085
     1.084
    -0.264
    -0.006
    -0.051
    -0.036
     2.017
     1.625
     2.682
     2.863
     2.948
     5.013
     4.764
     4.893
     3.636
     2.752
     2.688
     2.755
     2.656
     1.825
     1.710
     1.297
     0.335
    -0.330
    -1.641
    -1.710
    -1.377
    -2.539
    -0.798
    -1.576
     0.843
     1.490
     1.479
     1.594
     1.530
     1.546
     1.646
     2.370
     0.948
     1.558
     0.714
    -0.141
     0.018
     1.514
     1.791
     1.722
     1.809
     2.070
     0.737
     3.842
     2.645
     2.623
     2.361
     0.424
     0.318
    -0.490
     0.367
    -0.696
    -0.425
     0.369
     0.098
    -1.750
    -0.554
    -0.629
    -0.766
     0.105
    -1.010
    -2.003
    -3.117
    -2.087
    -3.407
    -2.492
    -2.484
    -2.572
    -2.404
    -2.742
    -2.913
    -2.063
    -1.840
    -1.150
    -0.747
    -0.871
    -2.190
    -2.262
    -2.318
    -2.614
    -2.425
    -1.469
    -1.761
    -1.770
    -2.953
    -2.256
    -2.069
    -3.128
    -3.207
    -2.440
    -3.267
    -2.553
    -2.411
    -2.487
    -1.776
    -2.814
    -1.224
    -2.103
    -2.020
    -1.650
    -3.306
    -1.796
    -3.349
    -3.564
    -3.425
    -3.607
    -2.908
    -4.128
    -3.073
    -3.323
    -4.523
    -3.610
    -4.889
    -4.866
    -5.066
    -5.009
    -5.247
    -5.398
    -5.823
    -4.721
    -4.937
    -5.139
    -5.316
    -5.391
    -5.512
    -5.744
    -6.053
    -5.647
    -5.868
    -6.073
    -5.279
    -4.671
    -2.480
    -1.589
    -2.658
     0.671
     4.278
     3.130
     6.106
     5.968
     9.965
    12.375
    14.360
    13.994
    13.678
    15.589
    14.319
    12.272
     9.776
     7.666
     8.469
     7.252
     6.161
     5.813
     5.548
     6.296
     7.157
     7.363
     5.903
     6.393
     5.846
     6.744
     5.591
     5.191
     4.249
     5.045
     6.661
     4.640
     3.708
     2.479
     3.174
     3.149
     1.303
     3.002
     2.599
     2.500
     0.594
     0.462
     1.076
    -1.942
    -1.222
    -1.288
    -0.086
    -1.070
     0.378
     1.706
     0.708
     0.365
     0.333
     1.098
     2.342
     0.450
    -0.906
    -0.162
     0.936
    -1.140
    -2.421
    -3.226
    -2.599
    -0.263
     1.942
     2.692
    -1.308
    -7.406
    -8.548
    -7.630
    -6.573
    -4.623
    -3.270
    -1.238
    -3.350
    -4.467
    -4.343
    -6.196
    -6.424
    -6.192
    -5.260
    -4.044
    -3.201
    -4.229
    -4.111
    -3.952
    -4.870
    -4.876
    -3.682
    -4.567
    -2.505
    -1.277
    -1.491
    -1.381
    -1.222
    -1.121
    -2.177
    -2.076
    -0.834
    -0.783
    -1.748
    -2.774
    -2.683
    -0.435
    -0.250
     0.608
    -0.303
     0.008
    -0.707
    -2.755
    -2.992
    -2.762
    -2.562
    -1.229
    -0.494
    -2.118
    -2.169
    -3.007
    -1.766
    -1.728
    -1.525
    -0.605
    -0.394
    -0.127
     1.816
     1.039
    -1.074
    -0.749
    -1.753
    -0.588
    -0.470
    -0.980
    -1.256
    -1.172
    -0.841
    -0.908
    -0.520
     0.256
     0.537
     0.625
     0.749
     0.476
     1.982
     2.897
     2.796
    -0.188
    -1.867
    -2.649
    -1.741
     1.322
     3.399
     3.764
     3.660
     4.473
     4.543
     3.450
     4.506
     5.724
     7.640
     2.249
     2.300
     2.426
     1.396
     2.376
     2.431
     1.421
     1.654
     2.465
     2.685
     3.482
     2.743
     3.536
     3.892
     5.751
     2.882
     1.635
     1.424
     2.474
     3.672
     3.446
     2.394
     1.620
     2.283
     1.389
     2.425
     2.166
     1.646
     1.941
     1.661
     2.439
     2.498
     2.366
     0.434
     0.329
    -0.404
    -1.186
     0.158
    -1.027
    -1.084
    -0.967
     0.016
    -1.158
    -1.345
     0.390
    -1.478
    -1.214
    -1.644
    -1.428
    -2.658
    -2.898
    -2.965
    -2.134
    -3.084
    -2.154
     0.584
     1.511
     1.216
     0.427
     0.181
    -1.323
    -1.325
     0.772
     0.941
     0.682
    -0.517
    -0.520
    -0.667
    -0.783
    -0.826
    -1.002
    -1.108
     0.724
     0.612
     0.403
     0.459
     0.115
    -1.814
    -2.167
    -2.256
    -4.168
    -2.361
    -1.563
    -1.498
    -0.592
    -1.827
    -0.773
    -2.781
    -2.286
    -1.248
    -1.276
    -2.255
    -3.144
    -3.714
    -1.537
    -2.412
    -1.517
    -1.464
    -1.991
    -3.196
    -2.140
    -2.089
    -2.847
    -3.310
    -3.479
    -3.283
    -1.393
    -1.775
    -2.733
    -2.886
    -2.700
    -2.884
    -3.057
    -2.896
    -2.976
    -2.972
    -2.112
    -1.964
    -0.935
    -0.260
    -1.086
    -0.379
    -1.097
    -0.481
    -0.151
    -0.648
    -0.654
    -0.337
     0.557
     1.423
     1.384
     1.542
     2.387
     1.385
     2.629
     2.490
     3.441
     3.370
     3.233
     3.228
     3.173
     3.848
     4.069
     3.945
     2.865
     4.639
     3.564
     2.534
     3.110
     2.552
     1.725
     2.903
     1.973
     2.197
     2.919
     2.634
     4.861
     3.632
     4.797
     3.839
     4.702
     3.603
     4.700
     5.484
     4.313
     5.152
     5.358
     5.135
     5.139
     5.167
     5.770
     5.107
     2.893
     3.020
     2.009
     2.865
     2.253
     0.347
    -0.658
    -0.904
    -0.958
    -0.748
    -1.118
    -2.497
    -0.544
    -0.349
    -1.422
    -2.688
    -1.698
    -0.938
    -1.049
    -2.045
    -2.683
    -2.595
    -4.410
    -4.795
    -5.221
    -5.391
    -5.642
    -8.554
    -7.787
    -5.641
    -8.731
    -8.490
   -11.138
   -10.022
    -5.258
    -7.553
    -5.996
    -6.507
    -4.679
    -5.057
    -2.829
    -3.907
    -3.222
    -3.165
    -1.661
    -2.655
    -2.552
    -1.608
    -2.592
     0.090
    -2.169
    -0.465
    -2.621
    -3.000
    -1.895
    -0.673
    -4.412
    -5.344
    -3.019
    -0.951
    -1.705
    -1.422
    -2.699
    -1.156
    -3.437
     1.176
    -0.738
    -2.461
     0.060
    -4.111
    -4.439
    -3.425
    -3.263
     1.290
     1.113
     1.770
     2.795
     2.644
     3.007
     6.757
     6.660
     5.804
     6.052
     6.674
     7.937
     9.733
    10.638
    10.744
    11.219
    10.828
    10.388
     9.274
     8.745
    15.008
    17.543
    14.897
     9.066
     8.001
     7.261
    17.503
    10.551
     5.463
    12.132
     7.927
     9.210
     9.234
     6.935
     5.423
     5.181
     2.106
     0.834
    -0.374
     1.660
     2.055
    -1.373
    -2.443
    -1.785
    -2.652
    -1.370
    -1.049
    -3.365
    -3.353
    -3.468
    -3.060
    -2.686
    -2.465
    -2.977
    -4.267
    -2.719
    -3.235
    -3.910
    -5.319
    -6.030
    -5.880
    -5.190
    -8.058
    -8.942
    -7.857
    -9.185
    -9.920
    -7.880
    -6.914
    -6.868
    -9.021
   -10.529
    -9.630
    -9.535
    -9.649
    -8.128
    -8.461
    -8.676
    -8.901
    -8.501
    -6.867
    -7.658
    -7.266
    -7.478
    -7.364
    -6.942
    -6.693
    -6.576
    -5.857
    -5.499
    -5.349
    -4.981
    -4.911
    -4.797
    -4.001
    -3.816
    -3.462
    -3.231
    -3.216
    -2.674
    -2.567
    -2.694
    -2.261
    -1.892
    -1.176
    -0.861
    -0.739
    -0.105
     0.354
     0.755
     1.056
     1.343
     1.748
     2.143
     2.423
     2.791
     3.105
     3.452
     3.755
     4.080
     4.370
     4.696
     4.977
     5.292
     5.562
