     5.242
     5.077
     5.004
     4.816
     4.723
     4.516
     4.405
     4.204
     4.082
     3.837
     3.715
     3.464
     3.246
     2.952
     2.779
     2.385
     2.121
     1.770
     1.406
     0.999
     0.723
     0.198
    -0.078
    -0.374
    -0.402
    -0.995
    -1.071
    -1.388
    -1.904
    -2.285
    -2.489
    -2.787
    -3.398
    -4.120
    -4.592
    -5.320
    -5.766
    -6.125
    -6.225
    -6.676
    -6.592
    -6.619
    -7.147
    -7.530
    -8.140
    -8.502
    -8.685
    -8.803
    -8.592
   -10.050
   -10.168
   -10.645
   -10.734
   -10.983
   -11.096
   -12.497
   -12.336
   -12.324
   -13.734
   -13.706
   -13.256
   -12.930
   -13.337
   -13.545
   -12.243
   -10.907
   -10.172
    -9.944
    -6.924
    -5.701
    -3.238
    -2.012
    -1.329
     0.795
     2.455
     2.040
     1.966
     2.415
     4.580
     5.663
     6.959
     7.293
     7.093
     8.390
     9.650
     8.438
    10.297
     9.502
     9.547
     9.228
     9.398
    11.042
    11.704
    12.447
    12.008
    12.198
    10.980
     9.986
     9.435
     8.544
     7.898
     6.707
     5.851
     5.327
     3.644
     3.245
     3.219
     3.085
     3.223
     1.823
     2.460
     3.061
     2.563
     2.949
     2.760
     1.713
     0.982
     0.459
     0.549
     0.390
     0.065
    -0.130
    -0.734
    -0.851
    -1.372
    -1.744
    -1.729
    -1.065
    -1.173
    -1.569
    -2.071
    -2.129
    -2.555
    -2.598
    -2.543
    -2.900
    -3.021
    -2.916
    -3.503
    -3.040
    -3.382
    -4.575
    -3.782
    -3.769
    -2.541
    -2.250
    -1.864
    -2.498
    -2.712
    -3.261
    -1.894
    -2.018
    -1.660
    -2.079
    -0.890
    -0.448
    -2.595
    -3.309
    -2.249
    -3.650
    -4.776
    -4.200
    -2.001
    -1.322
     0.589
     2.057
     1.766
     1.574
     2.777
     2.321
     3.327
     4.258
     3.070
     3.024
     4.008
     4.033
     3.403
     4.180
     5.582
     4.426
     5.529
     6.162
     2.917
     3.623
     3.272
     3.766
     3.357
     2.390
     2.737
     4.425
     3.663
     1.858
    -0.157
    -1.608
    -1.250
     0.644
     2.085
     2.416
     1.985
     1.190
     2.675
     0.560
    -0.754
    -3.428
    -6.045
    -5.712
    -3.873
    -0.678
    -1.263
    -2.468
    -2.394
    -4.607
    -5.943
   -10.203
   -10.183
    -9.328
    -9.213
    -8.459
    -9.380
   -10.095
   -10.339
    -7.329
    -7.635
    -8.381
    -8.727
    -7.321
    -6.025
    -3.867
    -2.907
    -1.810
     0.787
     1.492
     1.999
     5.384
     7.034
     7.043
     9.629
    10.622
    10.007
     9.280
     9.928
     8.952
     8.314
     7.153
     5.612
     2.899
     2.522
     1.374
     3.075
     3.487
     3.956
     1.243
     5.760
     3.009
    -2.987
    -0.215
     0.852
     0.627
     0.006
    -0.467
    -0.024
    -1.359
    -1.665
    -3.612
    -2.112
    -2.132
    -2.389
    -2.233
    -1.746
    -2.106
    -0.661
    -1.457
    -0.439
     0.100
    -1.294
    -0.962
    -2.064
    -2.499
    -2.171
    -1.412
    -2.131
    -1.997
    -2.631
    -3.670
    -4.515
    -3.129
    -2.825
    -3.126
    -2.805
    -3.503
    -2.553
    -1.885
    -1.914
    -1.559
    -1.994
    -3.271
    -2.640
    -2.534
    -2.194
    -2.888
    -1.779
    -0.751
    -0.948
     0.052
     1.075
     0.678
     0.835
     0.592
     1.062
     0.142
    -0.187
     1.506
     2.483
     2.167
     1.333
     3.349
     2.536
     3.062
     3.990
     4.448
     5.652
     5.605
     3.797
     5.087
     5.551
     4.849
     5.613
     5.497
     4.412
     4.565
     4.145
     4.149
     3.470
     2.982
     3.026
     1.866
     1.905
     2.615
     2.105
     2.580
     2.032
     3.533
     3.490
     4.348
     3.241
     2.382
     2.519
     0.977
     1.077
     0.185
    -0.862
    -1.268
    -0.723
    -0.903
    -0.899
    -1.557
    -1.474
    -2.966
    -2.504
    -3.976
    -4.565
    -5.143
    -3.242
    -2.956
    -2.762
    -4.728
    -3.366
    -2.754
    -1.666
    -0.275
    -0.343
    -0.369
     1.668
     0.608
     0.517
     1.467
     1.545
     1.590
     2.499
     1.639
     1.225
     1.758
     1.140
     0.861
     0.871
     0.273
     0.435
    -1.063
     0.002
    -1.109
    -1.059
    -0.845
    -0.746
    -2.478
    -2.905
    -3.322
    -3.796
    -3.345
    -2.988
    -2.665
    -1.958
    -2.443
    -3.667
    -3.583
    -3.399
    -3.852
    -3.959
    -4.189
    -6.122
    -6.016
    -8.403
    -8.082
    -6.675
    -6.165
    -5.196
    -5.506
    -5.020
    -5.159
    -4.862
    -2.761
    -2.924
    -2.531
    -2.284
    -1.586
     1.048
     5.109
     7.230
     6.887
     4.778
     2.705
     2.298
     1.519
     2.597
     3.782
     4.218
     3.988
     2.401
     1.132
     0.930
     2.018
     2.498
     2.360
     1.193
    -0.071
     0.038
     0.953
     2.388
     1.876
     1.885
     1.626
    -0.351
     0.031
    -0.768
    -1.861
    -0.169
     0.253
     1.133
    -0.867
    -0.347
    -0.895
    -0.279
     0.288
     1.619
     1.573
     2.040
     1.963
     2.841
     2.546
     1.774
     0.095
    -1.171
    -2.074
    -1.515
     0.302
     1.671
     0.264
     0.623
     2.001
     1.010
     0.722
     0.715
     2.076
     1.350
     1.975
     2.461
     1.366
     1.904
     1.753
     1.130
     2.173
     2.831
     1.799
     2.395
     2.452
     1.973
     1.103
     2.343
     3.004
     3.068
     2.912
     2.504
     1.835
     1.020
     0.219
     0.613
    -0.628
    -0.920
    -0.365
    -1.600
    -0.607
    -0.629
    -1.960
    -0.767
    -1.124
     0.269
     1.024
     0.886
     1.192
     2.178
     2.570
     2.908
     3.305
     3.266
     2.857
     2.296
     3.298
     4.034
     2.546
     2.185
     2.122
     1.574
     3.784
     4.526
     4.055
     2.173
     1.152
     0.282
     0.769
     0.919
     1.872
     0.642
     1.368
    -0.069
    -1.416
    -1.559
    -1.135
    -0.153
    -0.792
     0.596
    -0.663
     0.545
     1.264
     1.473
     2.323
    -0.027
    -1.388
    -1.636
    -1.160
    -1.154
    -2.258
    -3.355
    -5.893
    -5.970
    -5.964
    -6.265
    -5.960
    -7.283
    -8.638
    -9.446
    -9.568
    -8.550
    -8.532
    -7.143
    -6.164
    -6.343
    -8.272
    -8.158
    -7.076
    -7.764
    -8.591
    -7.262
    -6.878
    -5.196
    -4.771
    -5.507
    -5.095
    -3.708
    -4.232
    -3.166
    -2.769
    -2.306
    -2.295
    -2.093
    -2.414
    -2.117
    -1.740
    -1.498
    -0.595
    -0.153
    -2.129
    -3.129
    -3.314
    -3.029
    -1.836
    -0.954
    -1.168
    -0.693
    -0.767
     0.706
     0.581
     2.164
     2.721
     3.050
     3.214
     4.432
     4.379
     4.727
     6.064
     5.136
     4.162
     4.560
     3.225
     3.929
     4.492
     4.597
     3.918
     4.367
     4.652
     5.725
     5.521
     6.136
     6.790
     5.935
     5.370
     5.625
     5.073
     5.318
     5.000
     4.952
     4.581
     4.003
     4.749
     4.359
     4.472
     5.426
     6.647
     6.446
     5.624
     5.767
     6.168
     5.211
     6.309
     5.454
     5.449
     7.491
     7.510
     6.758
     4.749
     6.131
     5.784
     5.598
     6.007
     5.697
     4.929
     4.707
     5.279
     5.217
     5.697
     6.895
     6.932
     7.193
     5.419
     5.131
     1.193
    -1.551
    -1.998
    -2.835
    -6.022
    -7.359
    -5.742
    -8.239
    -9.312
    -9.399
    -8.496
    -6.509
    -7.031
    -6.282
    -6.557
    -7.296
    -5.796
    -4.467
    -4.063
    -2.622
    -1.562
    -1.059
    -0.464
    -0.492
    -1.284
    -0.283
    -0.941
     0.295
     0.576
    -0.828
    -0.256
    -1.261
    -1.243
    -0.804
    -2.196
    -2.303
    -2.225
    -2.349
    -3.422
    -4.286
    -4.816
    -5.248
    -5.581
    -6.247
    -6.926
    -6.386
    -6.771
    -6.546
    -6.310
    -6.055
    -5.821
    -5.643
    -4.529
    -4.297
    -2.296
    -3.061
    -2.832
    -2.080
    -2.773
    -3.044
    -3.902
    -4.667
    -6.113
    -5.871
    -5.942
    -5.070
    -5.302
    -5.926
    -6.727
    -6.394
    -6.250
    -7.740
    -7.976
    -6.289
    -6.401
    -6.493
    -7.031
    -7.414
    -8.918
    -8.480
    -6.612
    -4.856
    -2.577
    -1.972
    -2.851
    -2.397
    -2.715
    -1.957
    -1.326
    -0.451
     0.010
    -0.330
    -0.658
     0.514
     0.921
     0.973
     2.214
     1.630
     1.155
     1.374
     1.705
     2.385
     3.612
     5.216
     6.284
     7.081
     7.241
     7.179
     6.781
     6.552
     7.741
     7.002
     8.494
    10.326
    11.885
    10.711
    10.025
    10.538
    12.427
    12.113
    11.862
    11.705
    11.821
    11.893
    10.451
    10.405
    11.310
    10.392
    10.338
     9.392
     8.731
     8.213
     9.085
    10.779
    10.512
    10.541
    10.790
     9.802
     9.605
    11.350
    11.092
    10.877
    10.088
     9.745
    10.779
    10.253
    10.855
    10.712
    10.211
    11.210
    11.279
    11.126
    10.993
    11.493
    10.368
     9.761
    10.409
    10.099
     9.132
     8.147
     7.461
     9.285
     8.431
     6.813
     4.604
     0.122
    -3.526
    -7.035
   -10.505
   -11.689
   -16.777
   -19.461
   -23.511
   -25.171
   -27.036
   -28.882
   -29.947
   -30.626
   -31.542
   -34.161
   -34.897
   -34.184
   -32.111
   -30.239
   -28.701
   -27.787
   -27.250
   -25.914
   -23.930
   -22.463
   -20.427
   -17.589
   -14.561
   -10.913
    -9.154
    -6.462
    -4.484
    -2.232
     0.076
     2.879
     3.147
     4.414
     4.934
     5.254
     4.400
     3.934
     3.996
     2.854
     3.343
     2.400
     2.115
     1.009
     1.096
     1.386
     0.929
     0.278
    -0.291
     0.759
     1.718
     2.697
     3.182
     3.712
     4.034
     2.821
     2.150
     2.875
     3.131
     3.892
     2.493
     4.466
     4.590
     4.036
     4.121
     5.162
     5.159
     6.102
     7.831
     8.585
     7.961
     5.283
     3.535
     0.426
    -2.504
    -2.944
    -2.211
    -1.738
     1.778
     4.781
    10.304
    15.396
    16.634
    16.407
    17.210
    16.668
    17.915
    16.570
    16.655
    14.654
    14.377
    12.947
    10.127
     7.368
     3.801
     2.503
     4.186
     2.274
     0.851
    -0.667
    -1.265
    -2.796
    -4.537
    -5.204
    -3.801
    -4.158
    -5.220
    -4.404
    -3.569
    -2.098
    -0.658
    -0.496
    -1.544
    -2.318
    -1.506
    -0.235
    -0.023
     0.990
     1.016
     0.224
     0.205
     1.478
     4.159
     3.183
     3.026
     5.491
     6.164
     5.767
     4.930
     5.194
     6.674
     5.486
     5.437
     5.394
     5.317
     5.755
     6.824
     7.117
     6.428
     7.842
     6.997
     4.069
     2.808
     1.453
    -0.361
    -2.953
    -1.680
    -1.123
    -3.612
    -5.681
    -7.408
    -7.226
    -7.847
    -7.263
    -5.909
    -4.412
    -4.353
    -3.473
    -5.356
    -5.977
    -5.239
    -3.012
    -2.466
    -2.163
    -1.230
    -1.674
    -1.119
    -0.859
    -0.261
     0.644
     0.317
     0.334
     2.150
     2.941
     0.132
    -0.245
     0.456
    -0.051
    -0.197
    -1.202
    -0.079
     1.388
    -0.959
    -0.862
     0.810
     0.202
     0.233
     1.011
    -0.105
    -1.596
    -4.698
    -6.298
    -9.024
   -10.085
    -9.141
    -9.040
    -9.438
   -10.910
   -12.465
   -13.299
   -12.620
   -10.683
   -11.411
   -13.087
   -12.744
   -13.786
   -16.170
   -17.621
   -17.945
   -19.133
   -21.112
   -20.519
   -18.076
   -16.535
   -17.658
   -19.755
   -21.674
   -23.842
   -25.687
   -27.636
   -30.309
   -33.811
   -33.808
   -32.329
   -30.775
   -31.670
   -31.149
   -31.796
   -33.324
    -7.874
    28.207
    25.046
    16.704
    15.738
    18.125
    15.253
    18.012
    19.310
    20.909
    22.189
    22.223
    18.135
    18.943
    19.906
    20.187
    23.030
    24.542
    25.082
    29.769
    33.486
    29.192
    25.940
    28.838
    35.070
    41.239
    41.708
    42.304
    42.057
    43.405
    44.652
    43.928
    45.420
    44.714
    44.261
    44.583
    41.857
    35.446
    31.866
    30.835
    30.366
    28.769
    30.275
    29.347
    24.499
    24.182
    23.303
    22.448
    18.853
    18.423
    15.201
    12.936
    10.835
     8.351
     1.935
    -6.996
   -12.442
   -16.063
   -27.166
   -33.955
   -32.959
   -37.223
   -39.699
   -39.745
   -40.234
   -40.880
   -40.230
   -36.785
   -31.815
   -33.540
   -34.240
   -33.274
   -36.600
   -36.561
   -38.352
   -36.906
   -33.344
   -34.040
   -34.029
   -29.903
   -28.489
   -30.548
   -28.954
   -25.940
   -24.486
   -26.863
   -27.462
   -24.272
   -26.808
   -26.379
   -23.812
   -23.870
   -22.297
   -22.151
   -24.715
   -26.491
   -28.419
   -26.852
   -25.441
   -25.685
   -21.657
   -18.486
   -17.075
   -14.524
    -9.472
    -5.729
    -3.307
    -2.631
    -1.213
     0.370
     3.142
     5.215
     5.033
     8.374
    14.536
    19.910
    23.165
    24.785
    30.073
    35.948
    39.556
    38.315
    38.380
    44.922
    54.105
    54.078
    51.207
    55.820
    51.194
    42.900
    52.354
    63.732
    43.644
    24.176
    13.465
    33.265
    29.624
    10.761
    -4.269
    -2.360
    -5.870
   -11.179
   -17.165
   -13.474
   -18.914
   -21.529
   -13.971
    -9.426
    -7.981
    -3.563
   -10.117
   -17.174
   -13.162
    -2.536
    -3.714
    -5.491
    -4.457
     2.716
     5.176
     3.608
     0.942
     3.147
     4.581
     7.600
     0.348
     4.229
     3.445
     7.267
     1.209
    -4.661
   -14.852
   -21.538
   -19.526
    -0.894
     1.985
    -8.092
   -13.424
   -11.116
    -7.181
    -1.517
     4.302
     4.831
    -8.170
   -18.423
   -19.845
   -28.885
   -28.158
   -24.775
   -15.791
   -10.187
    -7.409
     1.418
    -0.434
    -6.084
   -14.626
   -14.364
   -14.049
    -6.757
     1.026
     5.194
     3.025
     6.485
     6.929
    10.665
    13.835
    11.567
     9.251
    16.729
    23.675
    28.634
    29.042
    24.400
    19.898
    18.899
    16.510
    19.198
    14.654
    11.523
    10.630
     6.824
     5.045
     1.320
    -1.487
    -0.209
     5.470
     0.996
     2.268
     1.154
    -1.021
    -0.804
     1.203
    -0.474
    -0.481
     4.416
     6.362
     2.138
     2.705
     3.088
    -1.764
    -2.191
    -7.970
    -5.835
    -3.737
    -1.701
     2.029
     0.958
    -1.175
    -3.562
    -2.455
    -6.876
    -7.085
    -6.380
    -8.537
   -12.548
   -10.725
    -5.590
    -4.566
   -17.955
   -14.841
   -15.941
    -9.088
   -10.251
   -11.817
   -10.314
   -10.748
    -1.505
    12.071
     3.603
    -6.398
   -11.679
   -12.818
    -6.723
    -4.028
   -11.203
   -22.410
   -18.113
   -19.251
   -21.962
   -25.424
   -24.232
   -22.347
   -19.650
   -14.697
   -12.326
   -11.794
   -12.443
    -9.164
    -5.110
    -8.994
   -10.795
    -8.730
    -3.367
    -2.686
    -4.069
    -5.281
    -5.964
    -4.040
    -4.493
    -0.336
    -0.264
    -0.806
     1.640
    10.989
    11.646
    11.604
     7.016
     4.673
     7.203
     8.319
     6.981
    12.550
    16.717
    16.875
     8.508
    10.563
     6.652
     9.376
    13.758
    13.422
    18.779
    18.736
    25.129
    26.196
    24.948
    25.819
    25.151
    25.743
    27.925
    24.556
    33.450
    30.832
    27.581
    20.497
    16.444
    16.814
    15.562
    12.531
    13.294
    16.470
    14.441
    11.155
     6.556
     9.037
     9.297
     3.782
     2.887
     2.966
     4.860
    10.244
     1.428
    -2.024
     1.567
    -1.166
    -6.074
    -7.199
   -10.695
   -11.047
    -6.618
    -8.016
    -8.708
    -9.968
   -16.309
    -7.633
    -3.204
   -20.967
   -21.599
   -13.147
    -2.706
     0.622
   -13.562
   -12.414
    -4.361
   -12.483
   -12.468
   -16.673
   -26.992
   -26.026
   -19.379
   -23.183
   -19.709
   -11.533
   -12.119
    -8.773
    -5.363
    -0.826
    -4.247
    -4.608
    -5.718
    -9.152
    -9.741
   -11.255
   -11.383
   -12.497
   -11.193
    -9.836
    -7.159
    -4.192
    -3.525
    -4.864
    -0.287
    -1.045
    -4.143
    -1.191
     1.057
     2.164
     1.253
     0.450
    -1.886
    -0.504
    -2.352
    -4.809
     0.049
     4.651
     6.133
     0.095
    -0.476
     5.909
     4.542
     3.933
     4.357
     6.928
     9.407
     7.803
     4.542
     4.973
     3.788
     7.264
     5.184
     5.642
     6.304
     2.426
     1.580
     0.662
    -0.628
    -0.958
    -2.560
    -2.484
     1.389
     2.351
     3.393
    -1.321
     0.143
     4.327
     5.305
     4.285
     1.704
    -3.474
    -3.147
     1.065
    10.490
    -0.272
   -12.283
   -13.878
    -7.217
    -5.248
    -7.817
    -9.673
    -9.133
    -8.782
    -7.186
    -6.359
    -7.778
    -5.091
    -3.571
    -1.866
     0.940
     4.524
     3.775
    -2.718
    -0.276
     1.869
     2.576
     2.886
     0.766
     2.003
     2.621
     3.065
     3.571
     5.888
     6.428
     8.845
     6.093
     7.970
     9.863
    11.023
     9.126
     9.169
     8.824
     9.006
    10.747
    10.855
    10.733
    11.072
    12.032
    11.894
    13.929
    14.174
    14.221
    16.031
    17.384
    18.393
    17.507
    15.597
    15.067
    15.567
    13.796
    14.366
    12.138
    12.550
    13.075
     9.410
     7.715
     6.439
     6.369
     6.997
     5.345
     2.982
     1.710
     1.914
     1.683
     0.128
    -1.993
    -4.178
    -4.004
    -5.061
    -6.449
    -7.893
    -8.234
    -7.823
    -7.903
    -9.472
   -11.330
   -12.928
   -13.800
   -13.765
   -15.203
   -16.453
   -19.581
   -20.283
   -21.194
   -20.794
   -20.346
   -21.124
   -19.481
   -21.150
   -20.901
   -21.837
   -21.717
   -20.693
   -18.286
   -17.692
   -15.889
   -17.190
   -14.012
   -13.064
    -9.733
   -11.871
   -11.334
   -11.881
    -8.265
    -7.846
    -5.640
    -5.722
    -6.577
    -8.588
    -6.018
    -6.144
    -7.323
    -6.494
    -5.897
    -5.302
    -2.569
    -0.291
     2.391
     2.735
     1.509
     2.684
     3.290
     3.531
     5.050
     9.226
     9.629
     9.197
     8.142
    11.439
     9.146
     9.391
     9.892
    12.249
    11.934
    10.502
     9.051
    11.130
    10.462
    10.025
     8.911
     9.027
     8.785
    10.095
     9.494
     9.662
    10.439
    10.760
     8.369
     8.844
     9.558
    10.053
    12.484
    12.217
    11.504
    11.339
    11.539
    11.833
    13.204
    11.868
    11.526
     9.693
     7.918
     9.132
     8.055
     8.141
     7.379
     6.286
     6.377
     4.917
     6.440
     7.972
     7.415
     7.867
     8.078
     5.378
     6.481
     6.434
     5.002
     3.226
     1.134
    -1.319
    -2.729
    -2.845
    -4.440
    -5.282
    -6.146
    -8.069
    -8.744
    -9.729
    -8.809
    -8.581
    -7.374
    -8.747
    -8.692
    -8.895
    -8.384
    -7.706
    -8.979
    -8.006
    -9.809
    -8.752
    -8.708
    -8.496
    -9.946
    -9.562
    -9.963
   -11.270
   -13.041
   -11.869
   -11.672
   -10.778
   -10.188
    -9.539
    -8.608
    -8.833
    -9.326
    -7.837
    -9.355
    -9.429
    -6.417
    -5.538
    -3.084
    -0.897
    -1.466
    -0.280
     2.053
     3.844
     5.673
     4.829
     3.519
     2.967
     2.553
     2.513
     1.707
    -0.198
    -1.240
    -1.643
    -2.484
    -1.044
    -1.103
    -2.287
    -1.679
    -1.215
     1.684
     1.706
     1.734
     1.793
     1.715
     3.295
     3.527
     3.281
     3.478
     3.930
     4.909
     5.067
     5.896
     5.145
     3.462
     5.535
     3.566
     4.327
     5.231
     5.955
     5.598
     6.715
     6.025
     6.775
     4.919
     5.921
     6.742
     6.828
     7.047
     7.075
     7.128
     6.518
     6.518
     6.949
     8.082
     6.556
     5.739
     3.594
     3.023
     2.782
     1.377
     0.072
     0.859
     0.538
    -1.122
    -3.346
    -4.847
    -3.058
    -4.423
    -3.481
    -4.766
    -6.192
    -6.708
    -4.552
    -3.793
    -4.232
    -4.394
    -3.044
    -2.773
    -3.166
    -3.357
    -3.939
    -4.079
    -4.032
    -4.056
    -5.996
    -6.882
    -4.592
    -5.227
    -2.953
    -2.775
    -0.518
     2.279
    -0.044
    -2.071
    -1.787
    -2.866
    -4.090
    -4.417
    -3.008
    -1.396
    -0.866
     0.972
    -1.236
    -1.255
    -1.704
    -0.585
    -4.394
    -6.898
    -7.990
    -6.741
    -4.768
    -6.249
    -6.514
    -5.262
    -2.467
    -4.445
    -5.381
    -5.292
    -4.314
    -2.761
    -3.091
    -1.173
    -0.823
     1.388
     2.260
     3.562
     3.496
     2.013
     2.098
    -0.234
     1.347
     2.509
     5.336
     4.982
     6.779
     6.907
     7.238
     8.217
    10.477
    10.655
    11.230
    11.208
    12.699
    12.746
    14.360
    13.799
    12.928
    12.787
    11.176
    12.438
    11.771
     8.954
     5.891
     5.414
     3.788
     0.233
     0.206
    -1.713
    -2.744
    -4.907
    -5.224
    -4.064
    -3.691
    -2.474
    -2.354
    -3.210
    -2.736
    -0.512
     1.353
     1.412
     1.369
     1.601
     2.175
     2.446
     0.854
     0.309
    -0.731
    -0.222
    -1.429
    -3.318
    -3.545
    -4.677
    -4.984
    -5.193
    -4.938
    -3.930
    -2.842
    -3.301
    -2.909
    -3.313
    -4.191
    -5.656
    -5.342
    -8.798
    -9.742
   -11.027
   -10.994
    -3.208
    -8.365
   -10.679
   -10.345
    -7.874
    -8.480
    -4.950
    -4.653
    -5.366
    -5.427
    -5.635
    -2.423
    -1.714
    -0.982
    -0.047
    -0.528
     1.256
    -0.020
     1.595
     5.221
     3.880
     3.115
     2.832
     4.365
    -1.957
    -4.501
    -5.984
    -2.836
    -1.182
     1.397
     2.384
     2.882
     2.100
    -0.526
    -1.381
    -0.074
    -0.640
    -0.956
    -1.699
    -0.166
    -0.924
    -0.982
    -0.670
     0.125
    -0.367
     0.269
     0.099
     0.537
     0.513
     0.293
     0.903
     0.734
     1.746
     1.961
     5.144
     3.461
     0.732
    -0.073
     0.556
     2.977
     3.990
     5.255
     5.491
     5.219
     5.059
     3.564
     3.382
     3.524
     3.024
     2.812
     1.110
     0.289
    -0.191
     2.279
     1.503
     1.812
     3.800
     4.543
     5.053
     5.094
     4.599
     4.609
     5.970
     5.610
     5.168
     6.478
     7.009
     6.281
     6.597
     5.016
     4.176
     2.581
     3.330
     4.702
     4.198
     2.083
     1.341
     3.243
     3.298
     3.331
     3.160
     1.592
     0.511
    -0.695
    -0.459
    -1.133
    -2.471
    -4.139
    -4.884
    -3.980
    -4.038
    -4.998
    -7.367
    -5.661
    -4.582
    -4.177
    -4.323
    -3.545
    -4.822
    -5.024
    -4.118
    -3.939
    -4.011
    -4.379
    -4.658
    -4.534
    -4.908
    -4.370
    -5.230
    -7.118
    -8.132
    -7.361
    -5.529
    -4.012
    -2.970
    -1.853
    -1.167
    -3.385
    -4.473
    -2.741
    -1.351
    -0.032
    -0.862
     0.539
     2.140
     1.964
     0.392
    -1.393
     0.197
     0.421
     2.297
     2.788
    -2.559
    -2.869
    -1.752
     0.690
     1.727
     2.900
     1.761
     0.819
     2.114
     1.522
     2.017
     1.932
     2.133
     1.987
     1.851
     1.042
    -0.176
    -0.721
    -0.858
    -0.714
    -0.419
    -0.316
    -1.659
    -1.258
    -0.850
    -0.073
    -0.075
    -0.561
    -0.580
    -0.057
    -0.084
     0.441
     0.015
     0.258
     0.668
     1.151
     0.565
     1.959
     1.495
     1.015
     2.735
     2.305
     2.908
     3.929
     3.011
     2.593
     3.283
     1.611
     1.856
     1.242
     1.115
     0.947
     1.669
     1.958
     1.893
     0.927
     0.848
     0.932
     2.156
     3.106
     2.823
     3.301
     3.480
     3.007
     1.408
     1.166
    -0.256
     0.245
    -1.283
    -0.408
    -0.239
    -0.205
     0.417
     0.007
    -0.268
    -1.135
    -1.496
    -1.206
    -1.737
    -1.421
    -1.341
    -1.787
    -1.246
    -0.985
    -0.780
    -0.597
    -1.694
    -1.424
    -2.315
    -1.810
    -1.660
    -1.287
    -1.131
    -1.125
    -1.486
    -2.035
    -1.338
    -0.386
    -0.846
    -0.980
    -0.482
    -0.413
     0.198
    -0.567
    -0.869
    -1.505
    -0.615
     0.435
    -0.044
     0.020
     1.483
     0.728
     0.353
     0.685
    -0.122
     0.460
     0.421
    -0.994
    -0.846
    -1.287
    -1.546
    -1.562
    -0.771
    -0.577
    -1.850
    -1.014
    -1.728
    -0.991
     0.401
     0.210
     0.009
    -0.103
    -0.859
    -1.230
    -2.009
    -2.070
    -1.657
    -1.751
    -2.296
    -2.048
    -1.436
    -0.915
    -0.602
    -1.196
    -0.754
     0.241
     0.562
     1.417
     1.382
     3.202
     4.079
     6.629
     6.171
     6.593
     7.748
     7.053
     6.998
     5.591
     4.264
     3.164
     3.037
     1.363
     0.810
     0.396
     0.121
     0.782
     0.236
     0.017
     0.611
     0.939
     0.798
     1.664
     0.910
     2.119
     0.871
     1.022
     1.030
     1.111
     0.323
     0.217
    -1.114
    -1.209
    -1.412
    -0.832
    -1.088
    -1.825
    -2.181
    -2.963
    -3.598
    -4.162
    -3.307
    -3.274
    -3.033
    -1.945
    -1.698
    -2.302
    -1.999
    -1.566
    -2.179
    -2.816
    -3.408
    -3.864
    -3.390
    -3.721
    -3.878
    -3.326
    -3.531
    -3.274
    -2.974
    -2.643
    -2.972
    -3.653
    -2.807
    -2.516
    -2.347
    -2.126
    -2.414
    -1.954
    -1.513
    -0.454
    -0.926
     0.525
     0.025
    -0.672
     0.450
     1.443
     0.980
     1.540
     1.248
     1.234
     0.169
     0.793
     1.108
     1.447
     1.897
     1.599
     1.397
     1.835
     1.005
     2.727
     1.986
     2.021
     1.580
     2.163
     2.003
     2.234
     1.262
     0.993
     1.256
     2.452
     1.447
     0.879
    -0.258
    -1.645
     0.324
     0.063
     0.846
     1.649
     2.117
     3.352
     3.921
     4.510
     4.918
     4.468
     3.632
     4.562
     3.064
     2.666
     2.082
     1.733
     0.806
     0.913
     0.085
    -0.067
     0.262
     0.295
    -0.304
     0.796
    -0.409
    -0.011
     0.643
     1.075
     1.264
     2.421
     1.915
     0.204
     0.529
    -0.108
    -0.172
    -0.664
    -1.081
    -0.708
    -1.563
    -0.857
    -1.815
    -2.896
    -3.422
    -3.008
    -1.891
    -1.983
    -2.473
    -2.000
    -1.925
    -1.991
    -2.396
    -1.145
     0.495
     1.075
     0.385
     0.450
     0.297
    -0.415
     0.016
    -1.103
    -1.584
    -1.081
    -1.142
     0.029
    -0.596
    -1.074
    -0.855
    -0.836
    -1.371
     0.094
     0.315
    -0.955
    -1.309
    -0.727
    -1.098
    -0.046
    -0.227
    -0.099
    -0.393
    -0.568
    -0.079
    -0.925
    -0.978
    -0.711
    -0.987
    -0.506
    -0.460
    -0.561
    -0.316
    -1.241
    -1.810
    -1.526
    -1.201
    -0.653
    -0.521
    -0.674
    -0.934
    -1.227
    -1.401
    -1.873
    -2.398
    -1.878
    -0.913
    -0.200
    -0.820
    -0.834
    -1.150
     0.262
     0.236
     0.493
     0.162
     0.910
     0.520
     0.653
    -0.781
    -1.268
    -1.386
    -1.533
    -1.395
    -0.640
    -0.955
     0.531
     0.153
     0.053
    -0.958
     0.054
     0.664
     2.125
     2.223
     2.214
     2.467
     2.170
     1.757
     3.316
     2.753
     3.838
     4.620
     4.750
     4.307
     3.995
     3.804
     4.277
     5.243
     5.182
     5.012
     6.245
     5.654
     4.686
     2.718
     3.144
     2.975
     2.658
     2.291
     0.869
    -0.953
    -1.001
    -1.612
    -1.579
    -3.288
    -2.840
    -2.661
    -2.939
    -3.730
    -2.379
    -2.095
    -3.827
    -1.909
    -1.068
    -0.575
    -0.325
    -1.223
    -0.827
    -0.949
    -1.523
    -1.121
    -0.929
    -0.602
    -0.279
     0.128
    -0.956
    -2.221
    -2.072
    -1.821
    -1.987
    -2.753
    -2.947
    -2.261
    -3.619
    -3.414
    -4.456
    -4.716
    -2.887
    -3.498
    -2.885
    -2.876
    -2.477
    -2.824
    -2.938
    -2.491
    -2.724
    -1.892
    -2.506
    -1.180
    -0.879
    -1.160
    -0.584
    -0.541
    -0.171
    -1.001
    -0.686
    -0.714
    -0.192
    -0.574
     0.129
     0.527
     0.612
     0.804
    -0.078
    -1.285
    -1.310
    -0.875
     0.485
     2.687
     3.368
     3.314
     3.290
     4.157
     3.061
     2.305
     3.356
     3.586
     4.177
     3.487
     3.610
     2.789
     2.382
     2.044
     1.551
     0.892
     0.583
     1.522
     1.472
     1.734
     1.360
     0.901
     1.306
     1.189
     0.960
     1.377
     1.257
     1.362
     1.979
     1.915
     1.617
     2.216
     3.160
     2.135
     1.518
     1.492
     2.125
     1.481
     0.677
     1.589
     0.938
     2.023
     0.837
     0.278
     0.901
     1.226
     0.428
     0.334
     0.251
     1.403
     1.437
     1.403
     0.964
     0.913
     1.433
     0.333
     0.818
     0.980
    -0.396
    -1.062
    -0.298
     0.159
    -0.624
    -0.161
    -0.164
    -0.080
    -0.368
    -0.881
     0.206
     0.170
     1.022
     0.758
     0.623
     0.346
    -0.269
    -2.001
    -1.969
    -1.991
    -3.368
    -5.425
    -6.004
    -7.836
    -6.707
    -6.151
    -5.586
    -3.242
    -1.608
    -0.694
    -0.342
    -1.317
    -0.097
    -1.376
    -2.772
    -2.044
    -0.506
    -0.760
    -1.850
    -0.781
    -2.913
    -3.239
    -3.969
    -3.178
    -3.215
    -2.524
    -3.811
    -2.567
    -2.678
    -0.215
     1.728
     0.001
    -2.244
    -3.194
    -3.630
    -3.325
    -2.555
    -2.282
    -3.228
    -4.151
    -5.862
    -5.972
    -4.115
    -3.475
    -2.085
    -2.443
    -3.250
    -2.616
    -3.209
    -2.790
    -1.385
    -0.632
    -2.496
    -2.760
    -3.872
    -3.201
    -4.223
    -2.306
    -2.161
     0.318
     4.037
     9.341
     9.217
     5.347
     4.552
     9.550
    13.562
    14.754
    13.815
    10.996
    10.527
     9.182
     7.360
     5.451
     1.513
    -1.057
    -3.672
    -2.282
    -4.296
    -3.155
    -3.296
    -3.508
    -2.219
    -0.044
     3.365
     7.162
    10.182
    10.919
     9.366
     7.936
     7.209
     7.135
     8.328
     3.375
     1.476
    -6.196
    -7.427
    -5.873
    -5.225
    -0.228
     0.635
     1.902
     4.508
     4.340
     4.666
     4.638
     7.511
     8.723
     8.837
     9.366
     8.114
     8.089
     9.263
    11.568
    14.534
    16.025
    16.021
    16.043
    15.883
    14.562
    15.592
    13.643
     8.932
    -2.433
    -7.357
    -2.080
    -0.475
     5.295
   -11.812
    -9.450
    -2.543
    -1.167
    -7.770
   -11.208
   -15.386
   -16.359
   -22.382
   -28.448
   -31.726
   -26.178
   -23.064
   -19.274
   -19.479
   -20.059
   -17.736
   -14.809
   -13.922
   -15.357
   -15.085
   -11.382
    -7.259
    -5.705
    -5.935
    -7.091
    -7.243
    -8.074
    -9.910
   -10.343
   -11.642
    -9.156
    -7.242
    -6.127
    -6.399
    -5.610
    -4.029
    -0.169
     0.635
     4.960
     5.671
     6.320
     4.218
     5.335
     6.102
     7.310
     6.476
     6.128
     7.188
     7.718
     7.003
     6.538
     5.741
     5.956
     4.084
     3.073
     2.232
     0.954
     0.410
     1.148
     1.172
     2.314
     3.058
     2.948
     3.923
     3.813
     3.856
     4.277
     4.639
     4.798
     5.409
     5.248
     5.570
     5.565
     5.980
     6.246
     6.696
     6.861
     6.805
     5.837
     6.224
     6.248
     6.373
     6.080
     6.096
     6.120
     6.100
     5.966
     5.988
     5.904
     5.912
     5.797
     5.771
     5.654
     5.637
     5.502
     5.456
     5.299
