     3.940
     4.327
     4.576
     4.951
     5.187
     5.551
     5.775
     6.135
     6.346
     6.685
     6.890
     7.191
     7.380
     7.674
     7.791
     8.056
     8.112
     8.246
     8.320
     8.457
     8.497
     8.520
     8.422
     8.582
     8.519
     8.834
     8.610
     8.616
     8.412
     8.500
     8.319
     8.289
     7.975
     7.679
     7.558
     7.209
     6.575
     6.605
     6.123
     5.881
     5.540
     5.027
     4.666
     4.278
     3.507
     2.893
     2.572
     1.954
     1.280
     1.066
    -0.089
     0.033
    -1.237
    -1.735
    -2.497
    -3.858
    -5.450
    -5.777
    -5.786
    -5.518
    -6.835
    -7.692
    -6.820
    -5.854
    -6.173
    -6.632
    -6.192
    -5.090
    -3.425
    -4.185
    -2.916
    -1.113
    -0.602
    -0.975
    -1.385
    -1.031
    -0.059
    -0.599
     0.005
    -0.660
    -0.261
    -0.799
    -0.245
    -0.008
     1.948
     4.370
     3.945
     3.232
     0.985
    -1.129
    -2.713
    -4.325
    -4.107
    -6.546
    -8.245
   -10.918
   -12.454
   -12.641
   -10.082
    -9.166
    -7.224
    -6.208
    -4.585
    -4.886
    -2.740
    -5.616
    -4.875
    -4.885
    -4.535
    -2.354
    -3.444
    -3.733
    -5.272
    -6.324
    -5.080
    -5.042
    -5.963
    -5.019
    -6.296
    -4.675
    -4.174
    -3.768
    -6.261
    -5.879
    -4.667
    -4.924
    -4.358
    -1.579
    -1.258
    -1.214
    -2.466
    -2.064
    -1.909
    -1.274
    -2.217
    -1.572
    -1.267
     0.813
     1.044
     1.375
     0.838
     1.120
     3.185
     2.702
     3.366
     2.936
     3.169
     3.430
     1.522
     1.372
     1.547
     1.319
     3.619
     4.270
     2.437
     3.606
     3.187
     3.487
     6.411
     6.153
     3.436
     4.530
     5.375
     6.627
     7.486
     8.874
     8.888
     7.756
     8.598
     7.596
     6.759
     6.022
     5.619
     5.348
     4.953
     3.916
     3.889
     4.247
     3.704
     2.766
     4.387
     1.924
     0.385
     0.570
     1.281
     3.444
     1.031
     1.749
     3.122
     5.522
     2.437
     1.185
    -0.915
    -0.140
    -4.278
    -2.494
    -1.665
     1.515
     4.918
     3.928
     5.752
     6.412
     5.134
     2.244
    -0.434
     1.140
     4.777
     6.757
     6.160
     5.752
     7.923
     9.889
    11.289
    12.025
    11.653
    15.535
    13.193
    10.261
    13.319
    13.508
    11.368
    11.965
    10.053
     5.836
     2.157
     4.759
     1.812
     0.305
    -3.629
    -4.013
    -5.127
    -4.049
    -6.599
    -5.921
    -5.098
    -5.119
    -5.557
    -6.305
   -11.206
   -12.112
   -14.268
   -13.675
   -16.455
   -17.281
   -15.642
   -16.974
   -14.954
   -17.583
   -16.646
   -19.283
   -15.456
   -14.555
   -14.529
   -10.606
   -14.761
   -20.584
   -18.994
   -16.837
   -16.486
   -17.617
   -16.679
   -15.072
   -15.273
   -13.102
   -12.920
   -11.359
   -11.598
    -9.344
    -8.621
    -5.837
    -3.459
    -4.200
    -5.695
    -3.796
    -2.482
    -0.800
    -0.993
    -0.760
     0.432
     0.714
     0.353
     2.399
     2.941
     2.389
     2.083
     3.877
     2.949
     4.989
     7.062
     8.009
     7.116
     9.019
     8.427
     8.403
     8.129
     7.982
     8.313
     8.640
     6.900
     8.438
     9.685
    10.979
    12.151
    11.838
    12.799
    10.172
    11.822
    12.080
    10.065
    11.611
    10.118
     7.094
     8.419
     5.555
     6.063
     8.910
     8.396
     6.090
     7.077
     7.688
     9.975
     7.865
     6.565
     5.275
     4.593
     4.420
     6.808
     8.508
     7.711
     5.566
     6.270
     5.798
     4.733
     3.571
     3.124
     1.105
     4.238
     7.145
     6.007
     4.050
     2.752
     2.405
     1.620
     2.286
     4.816
     5.882
     7.601
     6.606
     0.053
     1.878
     5.901
     7.370
     7.339
     5.568
     3.540
     2.245
     6.030
     4.877
     0.303
    -0.333
    -0.967
     0.254
    -1.456
    -6.128
     3.376
     0.040
    -2.110
    -6.142
    -8.918
    -8.244
    -7.796
    -8.405
    -9.341
    -8.508
    -8.619
    -9.647
   -10.505
   -11.844
   -13.769
   -14.337
   -15.182
   -13.766
   -12.654
   -12.770
   -12.906
   -13.126
   -13.362
   -13.679
   -13.937
   -13.367
   -12.413
   -11.727
   -11.156
    -9.603
    -8.129
    -7.644
    -7.855
    -6.690
    -6.032
    -5.523
    -4.352
    -3.774
    -3.575
    -3.987
    -5.754
    -5.942
    -3.655
    -2.114
    -0.777
     1.425
    -0.034
     0.194
    -0.957
     1.328
     0.598
    -0.455
     0.883
     2.332
     0.827
    -1.307
    -4.015
    -2.690
    -1.365
    -3.749
    -5.004
    -4.372
    -0.157
     3.667
     6.249
     6.524
     4.397
     1.586
    -0.765
    -0.986
     1.098
     2.241
     3.311
     3.432
     1.918
    -0.447
    -3.089
    -0.457
    -1.280
    -2.791
    -4.462
    -4.653
    -2.036
     1.350
     2.867
     6.865
     8.158
     9.036
     8.312
     4.811
     4.409
     8.482
    12.544
    18.508
    19.268
    21.038
    18.713
    17.411
    21.223
    21.322
    18.996
    19.671
    21.176
    18.011
    15.680
    15.742
    15.823
    14.570
    12.606
    12.722
    11.821
    12.731
    11.705
     9.213
     6.125
     4.969
     5.080
     3.221
     1.286
    -0.730
    -1.907
    -1.329
    -3.923
    -5.717
    -7.096
    -9.661
   -11.632
    -9.378
   -11.346
   -10.058
    -6.650
    -5.400
    -7.238
    -7.521
    -9.359
    -8.224
    -7.815
    -8.508
    -7.562
    -6.792
    -6.770
    -8.087
    -9.420
    -8.881
    -9.101
    -9.987
   -10.138
    -9.454
   -12.335
   -14.146
   -10.810
    -7.494
    -5.524
    -6.512
    -7.217
    -7.439
    -6.926
    -6.939
    -7.435
    -8.489
    -9.356
    -9.909
    -7.842
    -6.239
    -6.522
    -7.714
    -8.474
    -9.533
    -7.287
    -5.206
    -3.158
    -2.597
    -4.270
    -5.125
    -8.290
    -7.789
    -5.027
    -3.464
    -3.443
    -2.788
    -3.379
    -2.214
    -2.290
    -1.108
     0.149
     0.963
     1.052
     2.329
     4.022
     5.553
     7.102
     5.733
     3.882
     2.472
     3.681
     4.956
     7.113
    10.354
     9.628
     9.205
     9.786
     9.111
    11.610
    11.205
    11.816
    11.783
    10.675
    10.706
     9.673
     9.588
     9.829
     9.082
     6.841
     7.277
     8.239
     7.868
     8.095
     7.474
     8.955
     8.998
     8.923
     6.317
     4.045
     2.571
     1.712
     0.260
     0.076
    -2.108
    -3.404
    -3.025
    -1.545
    -3.938
    -3.320
    -1.873
    -1.590
    -0.604
     1.222
     2.135
     2.007
     0.771
     2.016
     2.293
     2.820
     2.912
     1.909
     2.453
     2.199
     0.882
     0.760
     0.944
     0.022
    -0.549
    -2.012
    -2.320
    -1.708
    -1.958
    -1.843
    -1.646
    -4.769
    -5.480
    -5.517
    -7.671
    -7.857
    -7.086
    -8.959
    -8.093
    -9.413
    -9.846
    -9.528
    -8.205
    -9.932
   -10.761
    -9.285
    -8.511
    -7.772
    -6.031
    -6.790
    -8.197
    -6.955
    -7.341
    -7.769
    -5.758
    -5.044
    -4.809
    -5.070
    -4.279
    -4.348
    -3.298
    -1.687
    -2.084
    -1.493
    -2.128
     0.483
     0.306
    -1.212
    -1.112
     0.211
    -1.268
     0.244
    -0.280
    -1.003
    -0.772
    -1.326
    -1.098
    -0.614
    -0.118
    -1.022
     0.110
    -0.918
     2.648
     7.365
     4.085
     5.920
     6.390
     8.502
     7.720
     9.199
     9.193
     9.073
     8.051
     9.407
     8.886
     8.266
     8.436
     9.696
     8.684
     9.127
     7.447
     6.730
     5.346
     2.999
     3.795
     4.977
     4.735
     3.316
     2.476
     4.398
     5.981
     5.892
     6.374
     6.998
     7.350
     6.339
     5.628
     6.011
     6.368
     7.441
     7.546
     8.348
     7.316
     7.845
     7.817
     7.485
     5.995
     6.307
     4.287
     3.179
     3.217
     1.792
     0.514
    -0.530
    -2.212
    -2.941
    -5.860
    -6.218
    -6.446
    -8.794
    -7.846
    -7.615
    -9.318
   -10.136
    -9.809
   -10.404
   -10.881
   -10.995
    -9.733
    -9.612
   -10.488
   -10.450
   -10.854
   -10.935
   -10.766
    -9.186
    -9.591
    -6.644
    -6.722
    -6.360
    -4.777
    -3.838
    -3.426
    -4.900
    -4.676
    -4.136
    -2.863
    -3.467
    -3.350
    -3.691
    -3.075
    -5.393
    -7.214
    -8.073
    -7.691
    -6.807
    -6.478
    -5.883
    -5.255
    -4.698
    -5.072
    -3.681
    -2.405
    -1.928
     0.557
     1.212
    -0.196
     0.569
     1.509
     2.883
     2.797
     3.563
     2.631
     4.477
     3.630
     3.734
     5.178
     3.423
     2.538
     3.614
     5.064
     6.386
     6.835
     7.849
     6.697
     6.985
     6.352
     4.629
     3.852
     3.733
     4.124
     3.495
     3.866
     4.606
     3.810
     0.268
    -0.704
    -1.174
    -1.583
     0.067
    -2.444
    -4.651
    -2.410
    -1.765
     1.376
     2.091
     0.389
     1.209
     1.347
     0.371
     1.035
     0.392
     0.749
     1.702
     2.048
     1.738
     2.423
     2.847
     3.317
     2.435
     3.314
     4.442
     3.036
     2.500
     2.864
     3.090
     2.192
     1.363
     2.525
     5.346
     4.689
     2.452
     4.646
     7.662
     7.172
     7.366
     6.555
     7.753
     8.042
     8.344
     7.634
     7.101
     6.881
     6.648
     4.569
     4.545
     3.597
     4.860
     6.024
     5.275
     4.641
     5.853
     4.391
     5.126
     2.983
     3.453
     4.266
     4.070
     1.739
     2.464
     1.925
    -1.176
    -2.733
    -2.519
    -1.757
    -1.695
    -1.593
    -3.693
    -3.982
    -4.443
    -3.817
    -5.848
    -5.423
    -5.681
    -6.468
    -6.710
    -6.859
    -6.435
    -6.543
    -5.656
    -5.770
    -5.884
    -7.460
    -8.179
    -6.508
    -7.185
    -6.623
    -7.710
    -8.642
    -9.791
   -11.068
   -11.042
    -9.786
   -11.171
   -10.008
   -11.889
   -10.374
    -9.329
    -9.094
   -10.829
   -10.038
   -10.139
    -8.252
    -6.097
    -3.633
    -4.692
    -5.685
    -6.121
    -7.484
    -7.026
    -7.824
   -10.729
   -13.088
   -12.892
   -14.130
   -14.126
   -16.272
   -15.369
   -14.574
   -14.323
   -13.745
   -13.499
    -9.569
    -6.558
    -4.385
    -1.319
    -1.295
     3.612
     4.973
     8.037
     8.490
     8.147
    10.493
    11.940
    12.306
    15.745
    18.689
    19.795
    19.823
    19.435
    19.694
    19.963
    18.599
    20.686
    17.366
    16.322
    15.713
    13.815
    13.586
    15.308
    17.466
    15.776
    13.636
    11.980
    11.646
    12.921
    14.679
    14.524
    14.680
    14.519
    14.167
    11.609
     9.192
     9.519
     5.233
     4.295
     3.322
     1.993
     1.740
     2.063
     1.141
    -0.224
    -0.834
    -0.767
    -2.369
    -2.864
    -3.286
    -4.818
    -2.911
    -0.903
     1.356
     1.199
     1.178
     0.017
    -1.746
    -1.736
    -2.390
    -4.249
    -2.366
     0.061
    -0.825
    -1.106
    -1.347
    -1.994
    -1.419
    -1.862
    -0.657
    -2.486
    -2.111
    -3.864
    -6.600
    -7.844
    -7.793
    -9.738
    -7.075
    -6.196
    -5.929
    -5.795
    -4.915
    -5.551
    -5.855
    -6.061
    -4.466
    -3.917
    -5.330
    -5.442
    -7.400
    -9.458
   -12.712
   -12.917
   -11.274
    -9.743
    -7.355
    -5.820
    -6.319
    -7.488
    -5.913
    -7.271
    -7.967
    -7.804
   -11.578
   -13.134
   -14.701
   -14.934
   -14.681
   -13.091
   -11.675
    -9.438
    -9.651
    -7.483
    -4.830
    -5.785
    -7.237
   -10.206
   -10.503
   -11.530
   -10.823
   -11.864
   -12.902
   -16.029
   -17.076
   -16.252
   -15.863
   -15.090
   -16.339
   -15.634
   -15.587
   -12.721
   -11.209
    26.212
    58.607
    45.037
    38.239
    39.014
    39.119
    37.196
    34.377
    36.015
    38.462
    35.251
    31.246
    30.331
    24.777
    24.201
    22.235
    20.254
    25.029
    22.862
    15.755
    10.376
     4.945
     6.569
     4.872
     8.683
     3.307
    -1.042
    -4.927
    -5.873
    -5.791
   -10.483
   -16.454
   -21.271
   -23.509
   -20.793
   -20.375
   -23.320
   -26.599
   -29.014
   -28.798
   -27.899
   -23.632
   -19.354
   -14.846
   -12.005
   -11.165
   -13.338
   -14.821
    -9.768
    -4.888
    -5.819
    -6.529
   -10.513
    -7.545
    -1.825
     1.957
     8.601
     9.733
    17.391
    16.608
    11.270
    10.223
    10.296
    11.959
    10.147
     9.038
     9.749
    15.341
    12.604
     9.838
     9.469
     7.271
     6.372
     4.524
     7.292
     7.938
     5.728
     0.792
     4.357
     4.767
     6.605
     7.122
    10.131
     8.424
     8.081
     9.668
    10.233
     6.971
     5.854
     5.303
     6.096
     5.735
     5.661
     7.941
     6.481
     5.507
     4.562
     2.329
     0.098
    -1.770
     1.346
     5.836
     2.133
    -0.480
    -1.094
    -6.754
   -12.804
   -14.316
   -17.346
   -18.281
   -20.979
   -21.209
   -23.308
   -23.842
   -24.046
   -27.237
   -30.212
   -29.256
   -30.386
   -28.817
   -29.033
   -26.794
   -24.556
   -17.833
   -16.711
   -19.462
   -18.181
    -8.890
    -2.456
     0.559
     3.478
     3.969
     8.017
    20.134
    32.107
    30.594
    18.001
    13.830
    14.130
    15.539
    21.344
    13.595
    10.308
     9.167
    13.936
    11.647
     7.487
    10.446
     9.546
     9.821
     6.971
     6.882
    10.686
     4.148
     5.337
     9.612
    14.402
     4.137
     1.026
     1.416
     3.270
     1.771
     3.743
     5.542
     4.920
     8.727
     9.653
    15.827
    24.192
     4.566
   -13.892
    -4.197
     2.824
    -7.970
    -2.428
    -2.603
     0.849
    -2.715
    -4.628
     3.978
     7.323
   -13.924
   -18.996
    -7.645
    -6.912
    -8.749
   -10.592
    -7.863
   -11.320
    -8.097
    -5.919
    -7.064
   -10.852
    -5.142
    -2.500
    -5.326
    -7.522
    -5.904
    -7.670
     3.662
     2.811
    -0.431
     3.298
     1.398
     2.066
     1.482
     0.472
     2.963
     3.652
     1.278
     0.584
     3.219
    -0.599
     2.201
    -1.383
    -2.415
     0.259
    -1.605
    -1.762
    -1.711
    -2.941
    -4.788
    -6.697
    -8.673
    -7.265
    -5.497
    -6.033
    -6.157
    -5.914
    -7.083
    -5.001
    -1.800
    -2.453
     1.354
     4.383
     0.410
     5.571
     4.480
     3.493
     3.161
     5.727
     5.366
     5.316
     2.984
     6.136
     5.077
    11.149
    10.761
     9.254
     7.506
     5.121
     4.656
     5.492
     7.102
     3.128
     6.046
    12.365
    13.876
    13.368
     6.408
     2.608
     7.129
     6.648
     4.987
     1.957
    -1.164
    10.591
    18.099
     5.950
     1.265
    -5.107
    -1.704
     6.950
     2.146
    -3.843
    -9.833
    -4.416
    -7.900
   -10.247
    -8.436
    -4.353
    -2.722
    -0.821
     2.586
     0.651
     0.787
    -1.963
     3.315
     4.656
    -0.410
    -2.313
    -4.437
    -1.179
    -3.282
    -5.007
    -6.100
    -9.309
    -9.730
    -7.524
    -8.684
   -12.257
   -10.812
    -6.126
    -4.450
   -10.952
   -13.379
   -13.119
    -9.827
   -10.941
    -5.389
    -4.701
    -4.558
    -8.821
   -13.872
    -7.920
    -8.130
    -6.556
    -5.658
    -4.068
    -0.806
     2.825
     3.303
     6.907
     8.731
     9.830
     8.710
     8.721
     7.396
     7.354
     9.342
     9.671
     9.985
     8.325
     1.557
    -3.729
    -6.295
    -4.170
     0.272
     1.091
    -3.014
    -6.049
    -3.606
     2.152
     2.247
     2.668
     0.864
    -0.057
     6.724
     8.915
     7.080
     7.248
     4.885
     2.993
     2.519
    -1.433
    -1.286
    -1.189
    -0.679
     0.271
    -3.665
    -4.619
    -0.338
     0.110
     3.132
     5.833
    -3.721
     1.523
    10.243
    10.514
     2.451
     1.893
     2.414
     0.970
     0.450
     0.541
     0.553
    -1.470
    -2.136
     2.614
     0.331
     2.629
     1.463
     1.653
     0.234
     2.690
     4.393
     1.566
     0.150
    -3.387
    -4.757
    -5.395
    -3.650
    -5.087
    -6.688
    -6.934
    -4.337
    -2.123
    -2.291
    -0.609
    -1.208
    -0.479
    -4.688
    -4.126
    -1.530
    -1.137
    -1.706
    -0.454
     0.148
    -3.982
    -2.148
    -5.355
    -2.494
     0.392
     6.174
     6.512
     2.562
     5.965
     1.732
     2.397
     2.846
     3.363
     0.939
     7.520
     7.180
     1.621
     3.946
     2.331
     2.560
     3.466
     2.315
     2.184
     2.754
     5.153
     5.171
     3.566
     0.387
     4.756
     4.288
     2.904
     2.910
     1.187
    -0.043
     3.209
     1.004
     2.214
     0.806
     1.537
    -3.600
     2.052
     6.033
    -0.085
     2.568
    -1.840
    -3.740
     1.475
     1.697
     2.312
    -0.889
    -0.744
    -1.345
    -1.826
    -1.623
    -2.565
    -3.053
    -4.451
    -2.564
    -1.280
    -0.905
    -3.388
    -3.263
    -4.775
    -5.456
    -3.502
    -4.462
    -2.559
    -3.647
    -1.149
    -1.725
    -1.993
     0.977
     0.057
    -1.272
     0.147
    -0.437
    -1.209
    -2.427
    -2.766
    -2.502
    -3.663
    -2.231
    -4.476
    -2.932
    -3.260
    -0.849
     0.357
    -0.225
     1.916
     1.379
    -0.785
    -1.308
     0.014
     0.094
    -0.513
    -2.226
    -2.384
    -3.479
    -4.398
    -5.427
    -4.576
    -4.625
    -4.487
    -5.642
    -6.227
    -6.029
    -5.100
    -6.638
    -8.143
    -8.866
    -8.208
    -7.087
    -9.177
    -8.101
    -8.566
    -6.672
    -5.941
    -6.937
    -6.107
    -5.990
    -5.843
    -5.516
    -4.581
    -5.284
    -4.939
    -5.191
    -1.795
    -1.212
     0.197
    -0.538
     1.155
     3.438
     4.730
     6.008
     6.508
     5.778
     8.873
    10.311
    12.099
    14.187
    13.313
    16.706
    15.930
    14.651
    12.291
    12.339
    10.083
     9.581
     6.522
     5.490
     6.637
     5.923
     3.142
     1.616
     1.802
     4.299
     5.285
     5.908
     8.407
    10.187
    10.735
    10.632
    11.019
    11.258
     9.635
     8.787
     7.711
     7.613
     8.424
     8.537
     7.979
    11.549
    14.615
    17.453
    17.118
    12.490
    13.893
     6.169
     0.516
    -1.156
    -6.638
    -8.514
    -6.980
   -10.035
   -12.384
    -9.727
   -10.167
   -10.239
    -9.999
   -11.241
    -8.525
    -7.354
    -7.479
    -6.657
    -4.745
    -3.830
    -4.070
    -0.649
     2.257
     5.965
     6.917
     4.684
     3.555
     4.502
     4.792
     5.367
     3.111
     2.605
     0.015
    -2.586
    -2.221
    -1.976
    -3.673
    -2.438
    -4.453
    -7.190
    -7.190
    -9.066
    -9.174
    -8.602
    -7.425
    -8.139
    -6.603
    -5.981
    -4.353
    -2.784
    -5.256
    -5.152
    -8.776
    -9.258
    -9.113
    -9.356
   -13.774
   -16.589
   -17.784
   -20.843
   -20.995
   -21.837
   -21.703
   -18.557
   -18.314
   -18.609
   -18.832
   -20.030
   -18.521
   -17.981
   -18.110
   -16.820
   -16.434
   -14.816
   -14.815
   -15.791
   -15.032
   -15.373
   -12.849
    -8.759
    -7.840
    -4.369
    -1.117
     1.817
     2.852
     5.664
     6.759
     8.145
     3.969
     5.751
     6.409
     6.875
    12.396
    18.181
    18.908
    19.336
    18.199
    26.950
    29.638
    28.817
    28.825
    32.148
    31.244
    31.123
    29.112
    27.728
    23.887
    18.009
    15.700
    12.461
    11.392
    10.778
     9.194
     7.313
    12.892
    12.259
    15.221
    15.836
    12.606
    10.617
     9.804
     9.205
     8.246
     9.218
    10.106
     9.842
    12.341
    13.385
    14.307
    10.772
     8.371
     9.562
     7.036
     6.214
     5.165
     5.959
     7.894
     6.373
     4.477
     2.916
     1.160
     0.671
     1.287
     1.029
    -0.100
    -1.583
    -3.097
    -2.142
    -3.405
    -2.770
    -3.163
    -6.210
    -9.931
   -12.319
   -13.544
   -16.309
   -19.796
   -20.910
   -19.287
   -19.974
   -23.555
   -25.158
   -25.598
   -24.057
   -21.585
   -19.934
   -20.262
   -19.379
   -21.823
   -19.192
   -16.684
   -13.427
   -11.813
   -14.618
   -12.244
   -11.520
   -11.069
   -10.393
   -11.148
   -12.326
   -12.388
   -17.825
   -13.530
   -11.858
    -7.959
    -6.826
    -4.917
     1.481
     2.881
     1.988
     0.359
    -2.598
    -5.228
    -5.465
     0.110
     1.549
     6.183
    10.769
    12.370
    10.928
     9.893
     8.417
     6.382
    10.022
    12.239
    11.961
    11.125
    12.930
    11.261
    12.737
    18.693
    14.859
    12.748
     5.136
     6.234
     7.151
     9.628
     3.820
     5.563
     5.135
     8.374
     8.848
     5.825
    -1.907
    -4.115
    -5.058
   -12.745
   -12.495
    -9.253
   -10.015
    -8.358
    -3.620
    -7.390
    -6.265
    -5.587
    -5.599
    -5.355
    -8.273
   -10.029
    -2.758
    -8.625
    -3.945
    -3.797
    -2.462
     3.451
     1.181
    -2.748
     0.117
     0.277
    -2.025
     0.998
     0.611
     1.599
     5.825
    10.041
     9.861
    12.319
    16.418
    17.104
    20.019
    21.886
    21.634
    18.338
    17.761
    16.608
    11.128
     7.700
     5.462
     3.039
     2.773
     1.466
     2.672
     2.778
     2.080
     3.876
     1.887
    -0.313
    -0.846
    -0.616
    -1.407
     0.836
     3.483
     5.220
     6.365
     3.775
     5.102
     3.350
     1.345
    -0.022
    -2.128
    -6.455
    -8.841
   -17.589
   -12.110
     1.442
    -0.078
     3.172
     2.191
    -2.153
    -4.619
    -4.844
    -5.876
    -6.982
    -5.678
    -2.814
     2.137
     7.085
    13.639
    13.005
     8.885
    -0.176
   -12.423
   -15.044
   -16.257
   -16.947
   -14.007
    -3.616
     2.818
     4.007
     2.769
    -0.040
    -2.444
    -4.073
    -4.078
    -4.590
    -5.903
    -6.569
    -5.179
    -5.815
    -5.912
    -5.168
    -5.433
    -6.798
    -5.878
    -7.708
    -6.220
    -5.650
    -5.071
    -4.483
    -4.364
    -4.583
    -5.153
    -6.543
    -6.178
    -7.146
    -8.376
    -7.524
    -6.702
     2.921
     4.950
     7.295
     7.082
     7.128
     6.338
     4.573
     4.868
     2.271
     0.252
    -1.344
    -2.048
    -2.741
    -2.663
    -2.829
    -1.657
    -1.377
    -1.660
    -1.337
     0.268
    -0.971
    -0.974
    -1.000
    -0.151
    -0.083
    -0.691
    -1.545
    -1.303
    -0.939
    -0.193
    -1.826
    -1.717
    -2.133
    -1.100
     0.273
     2.269
     0.078
    -1.883
    -1.713
     0.579
     1.304
     0.575
    -0.477
     0.349
     1.881
     2.549
     1.103
     2.125
     2.491
     3.284
     5.336
     4.570
     4.055
     3.217
     3.347
     4.535
     5.152
     5.903
     5.556
     5.095
     6.047
     6.530
     4.760
     3.896
     2.516
     1.696
     1.383
     1.861
     1.740
     1.694
     2.047
     1.896
     0.922
     1.521
     2.540
     3.154
     3.932
     5.228
     4.641
     7.178
     8.549
     9.639
     9.513
    10.805
     9.056
     7.234
     6.603
     5.061
     6.999
     7.301
     5.741
     7.004
     8.220
     6.806
     4.912
     4.414
     2.621
     2.983
    -1.955
    -5.629
    -7.207
    -8.435
    -8.378
    -7.690
    -6.686
    -7.015
    -5.562
    -5.718
    -7.234
    -6.923
    -7.493
    -7.636
    -7.184
    -6.289
    -6.998
    -6.344
    -6.524
    -4.370
    -4.184
    -2.404
    -1.636
    -1.298
    -1.604
    -1.113
    -1.176
    -1.418
    -2.586
    -2.368
    -2.508
    -1.420
    -2.543
    -2.100
    -1.977
    -1.793
    -2.313
    -2.058
    -2.496
    -1.594
    -1.552
    -3.339
    -2.276
    -3.117
    -3.600
    -4.096
    -5.222
    -4.660
    -3.961
    -4.304
    -3.515
    -2.835
    -2.985
    -2.231
    -2.173
    -2.613
    -3.759
    -2.462
    -4.025
    -3.963
    -2.255
    -3.845
    -1.504
    -0.866
    -1.045
     0.543
     0.259
     1.150
     1.604
     2.006
     2.591
     2.337
     1.997
     2.767
     3.761
     3.517
     3.342
     2.417
     2.245
     3.495
     3.332
     4.074
     3.016
     3.247
     2.918
     2.762
     3.853
     3.930
     3.146
     3.420
     1.832
     0.442
     0.353
     0.900
     0.332
     0.025
     0.549
     0.559
     0.303
     0.361
     0.343
     0.868
     0.906
     0.703
     1.391
     1.183
     1.081
     1.054
     0.745
     0.020
     0.493
    -1.089
    -0.797
    -0.910
    -0.415
     0.255
     0.009
     1.337
     0.686
     1.757
     1.188
     3.827
     2.397
     2.440
     1.022
     1.271
     0.767
     1.022
     0.318
     0.175
    -0.054
    -1.097
    -1.113
    -1.010
    -2.080
    -2.790
    -1.720
    -2.462
    -1.506
    -0.532
     0.561
     0.794
     0.329
    -0.071
     1.217
     1.480
     0.504
     0.751
     0.551
     0.975
    -0.206
     0.904
     1.628
     2.105
     1.312
     1.395
     1.241
     1.120
     2.197
     2.682
     2.337
     2.542
     1.737
     2.068
     3.379
     2.363
     2.044
     2.283
     2.621
     1.551
     1.603
     1.877
     1.217
     0.773
     0.756
     0.800
     0.396
     0.272
    -0.835
     0.021
    -0.903
    -0.628
     0.054
    -0.749
    -0.372
    -0.549
    -0.796
    -0.110
    -0.089
    -0.072
    -1.058
    -1.028
    -0.558
    -1.187
    -0.707
    -0.170
    -0.298
    -1.068
    -0.507
    -0.892
    -0.022
    -0.667
    -0.848
    -0.810
    -0.454
    -1.336
    -0.712
    -1.597
    -0.884
    -0.695
    -1.236
    -0.678
    -1.551
    -1.745
    -2.461
    -1.370
    -2.462
    -2.606
    -2.438
    -2.658
    -2.534
    -2.104
    -2.401
    -2.493
    -2.914
    -3.531
    -2.919
    -4.165
    -4.237
    -4.025
    -4.646
    -5.143
    -5.272
    -5.276
    -5.279
    -4.339
    -4.270
    -4.820
    -5.110
    -4.917
    -6.003
    -7.082
    -6.676
    -7.289
    -7.526
    -7.068
    -5.625
    -6.464
    -6.163
    -5.925
    -3.869
    -0.381
     0.032
     3.420
     2.138
     4.385
     7.130
     9.538
     7.859
     8.234
     8.505
     8.460
     7.364
     6.717
     5.481
     5.515
     5.152
     4.827
     3.517
     4.428
     4.344
     5.524
     6.271
     6.392
     4.718
     5.394
     6.073
     5.473
     4.636
     4.050
     4.283
     5.361
     5.101
     3.184
     2.133
     2.642
     3.338
     2.487
     2.185
     2.256
     1.547
     2.590
     1.099
     0.810
     0.560
    -0.844
    -0.481
    -0.064
     1.016
     1.388
     1.443
     1.069
     1.324
     0.958
     1.867
     1.991
     1.166
     0.918
     1.049
     0.827
     0.921
    -0.713
    -1.997
    -1.792
     0.002
     0.613
     1.028
    -0.176
    -4.031
    -4.235
    -3.994
    -3.097
    -2.465
    -1.850
    -0.827
    -0.252
    -2.041
    -3.015
    -4.191
    -4.226
    -5.023
    -3.218
    -2.721
    -1.898
    -1.742
    -2.577
    -2.886
    -2.405
    -2.276
    -2.684
    -2.301
    -1.568
    -0.488
     0.755
    -0.030
    -0.463
     0.001
    -0.306
    -0.992
    -1.190
    -0.527
    -0.267
    -0.108
    -0.821
     0.180
     0.162
     0.194
     0.187
     0.268
     0.872
    -1.593
    -3.498
    -3.135
    -2.104
    -1.592
    -1.688
    -1.369
    -1.588
    -2.480
    -2.261
    -2.362
    -1.554
    -0.632
    -0.781
    -1.098
     0.086
     0.308
    -1.072
    -1.322
    -1.610
    -1.534
    -0.414
    -1.270
    -1.736
    -1.425
    -0.560
    -1.349
    -0.177
    -1.081
    -0.623
    -0.090
     0.698
     0.692
     0.976
     1.547
     1.017
    -0.855
    -2.840
    -3.970
    -2.462
    -0.744
     1.129
     3.345
     2.579
     3.404
     4.208
     3.334
     2.450
     3.456
     2.918
     1.621
     0.486
     1.613
     1.455
     1.421
     1.415
     1.069
     0.722
     1.410
     1.727
     2.234
     1.750
     2.049
     2.400
     3.745
     3.307
     1.860
     0.621
     1.240
     3.029
     1.990
     2.288
     0.877
     0.588
     2.333
     0.991
     0.916
     1.377
     0.183
     0.648
     0.762
     1.660
     1.290
     1.222
    -0.042
     0.459
    -0.675
    -0.772
    -0.226
     0.364
    -0.790
    -1.321
    -0.301
    -0.560
    -0.473
    -0.705
    -0.461
    -1.813
    -1.666
    -1.857
    -1.880
    -1.811
    -2.312
    -1.187
    -1.984
    -0.844
     0.177
    -0.042
     1.774
     0.189
    -0.232
     0.545
     0.496
     0.698
     0.315
    -1.162
    -0.197
     0.437
    -1.120
    -0.799
    -0.318
     0.281
     0.504
    -0.641
    -0.221
    -0.786
    -0.135
    -0.672
    -0.693
    -0.584
    -1.069
    -0.993
    -0.372
    -0.207
    -0.296
    -1.248
    -0.134
    -0.630
    -1.006
    -0.142
    -0.563
    -1.363
    -1.859
    -1.694
    -1.284
    -1.072
    -1.412
    -0.109
    -2.273
    -0.425
    -0.811
    -1.241
    -1.217
    -0.788
    -1.186
    -1.256
    -1.608
    -0.683
     0.170
    -0.437
    -0.363
    -1.527
    -2.148
    -2.132
    -1.548
    -2.175
    -0.874
    -1.127
    -0.064
     0.157
    -0.321
    -0.289
    -0.418
    -1.714
    -0.245
    -0.461
    -0.563
    -0.774
     0.212
     1.315
     0.727
     0.893
     2.303
     1.122
     0.346
     1.567
     1.390
     1.021
     1.133
     2.060
     2.883
     2.064
     2.239
     2.313
     2.275
     2.236
     2.755
     2.719
     1.537
     1.516
     1.391
    -0.064
     0.496
     1.142
     1.444
     1.760
     2.463
     3.411
     3.786
     3.840
     3.603
     3.753
     5.510
     4.123
     4.712
     4.734
     3.367
     3.378
     3.668
     3.031
     5.302
     5.152
     3.911
     1.322
     2.928
     2.718
     3.352
     2.131
     0.737
    -0.052
    -0.551
     0.442
     0.941
    -0.560
    -0.409
    -0.964
    -0.642
    -0.765
    -1.231
     0.884
    -0.247
    -2.100
    -2.473
    -3.620
    -4.817
    -4.707
    -6.698
    -7.350
    -6.374
    -8.971
    -8.778
    -9.684
    -9.863
   -10.231
   -10.814
   -12.939
    -4.193
    -5.075
    -7.407
    -8.431
    -5.464
    -4.739
    -3.369
    -2.921
    -2.868
    -0.942
    -0.641
    -1.976
    -0.474
    -0.739
    -2.161
     0.591
    -1.122
    -2.128
    -4.064
    -4.198
    -4.252
    -4.171
    -4.922
    -7.962
    -4.780
    -3.392
    -3.445
    -1.708
    -1.804
    -1.680
    -4.000
    -0.365
    -1.270
    -3.338
    -2.628
    -6.297
    -6.503
    -5.889
    -4.244
    -2.482
    -1.349
     0.302
    -0.415
     1.174
     2.680
     5.501
     8.000
     6.494
     7.053
     9.552
     9.822
    10.931
    11.981
    12.303
    13.563
    13.045
    12.626
    14.004
    12.401
    18.093
    24.054
    19.212
    11.861
     9.228
    12.396
    21.370
    10.825
     7.931
    10.770
    11.836
    11.858
    13.311
     8.713
     9.327
     7.436
     5.545
     3.761
     3.086
     4.050
     3.297
     0.261
    -0.276
    -1.290
    -2.167
    -1.460
    -0.861
    -2.442
    -2.948
    -3.550
    -2.983
    -3.447
    -1.725
    -3.121
    -4.580
    -5.030
    -4.944
    -5.151
    -7.198
    -7.504
    -4.966
    -6.504
    -8.095
    -8.994
    -9.093
    -8.267
    -9.744
    -8.664
    -6.647
    -7.720
    -9.134
   -11.161
    -9.884
    -9.637
    -9.574
    -8.006
    -8.314
    -8.556
    -8.720
    -8.696
    -8.179
    -7.751
    -7.851
    -7.827
    -8.042
    -8.108
    -7.911
    -7.828
    -7.449
    -6.939
    -6.452
    -6.473
    -5.883
    -5.917
    -5.624
    -4.956
    -4.725
    -4.509
    -4.396
    -4.225
    -4.056
    -4.161
    -3.890
    -3.370
    -3.016
    -2.671
    -2.158
    -2.134
    -1.580
    -1.325
    -0.841
    -0.652
    -0.234
     0.015
     0.451
     0.705
     1.074
     1.331
     1.755
     2.007
     2.389
     2.645
     3.038
     3.296
     3.684
