     6.657
     6.593
     6.463
     6.372
     6.217
     6.099
     5.930
     5.810
     5.608
     5.460
     5.240
     5.053
     4.780
     4.537
     4.241
     3.971
     3.630
     3.261
     2.925
     2.563
     2.029
     1.724
     1.350
     1.195
     0.661
     0.481
     0.035
    -0.426
    -0.777
    -1.211
    -1.466
    -1.954
    -2.613
    -3.135
    -3.867
    -4.550
    -4.966
    -5.527
    -5.575
    -5.749
    -6.259
    -6.787
    -7.163
    -7.751
    -8.002
    -8.736
    -9.175
    -9.055
    -9.974
   -11.022
   -11.300
   -12.085
   -11.554
   -12.423
   -12.987
   -13.457
   -13.954
   -13.521
   -14.643
   -14.907
   -13.967
   -14.126
   -14.816
   -13.591
   -12.875
   -12.801
   -11.967
   -10.001
    -7.119
    -5.921
    -4.371
    -2.920
    -1.986
     0.036
     0.415
     0.196
     1.246
     2.303
     3.523
     4.483
     5.439
     5.560
     6.238
     7.909
     8.381
     8.620
     9.532
     8.894
     8.674
     7.548
     8.029
     7.804
    10.085
     8.798
    10.051
     8.542
     7.911
     8.178
     8.338
     8.439
     7.645
     6.927
     5.385
     5.742
     5.310
     4.488
     5.005
     5.018
     3.390
     2.864
     3.767
     2.939
     2.593
     4.068
     2.419
     0.541
     2.511
     1.226
     1.249
    -0.264
     0.615
    -0.036
    -0.190
     0.133
    -2.058
    -0.198
    -1.868
    -0.297
    -0.736
     0.457
    -0.685
    -1.559
    -2.094
    -3.602
    -3.405
    -3.479
    -1.484
    -1.456
    -2.514
    -3.419
    -3.780
    -3.620
    -3.548
    -3.029
    -1.873
    -2.765
    -2.651
    -4.057
    -3.143
    -2.687
    -2.305
    -1.233
    -2.555
    -3.544
    -1.756
    -1.697
    -0.336
     1.754
     0.460
     0.196
    -1.697
    -1.444
     1.658
     3.242
     2.739
     4.143
     2.846
     2.767
     2.910
     3.938
     3.016
     2.258
     2.131
     3.710
     1.651
     2.348
     2.351
     3.011
     4.370
     4.274
     6.136
     4.015
     3.574
     0.805
     3.217
     3.244
     5.491
     3.521
     5.506
     4.312
     2.494
    -1.030
    -0.339
    -2.442
    -0.117
     0.133
     0.857
     0.871
     2.853
     1.685
     1.692
    -0.813
    -0.808
    -3.126
    -3.547
    -4.573
    -1.528
    -0.265
    -1.021
    -1.799
    -2.546
    -4.118
    -4.589
    -7.843
    -5.955
    -5.816
    -6.973
    -6.773
    -7.979
    -9.195
    -8.469
    -7.125
    -6.490
    -7.578
    -8.740
    -6.779
    -6.769
    -5.595
    -5.908
    -4.301
    -2.263
    -2.606
    -0.169
    -0.237
     4.409
     6.097
     5.935
     7.458
     6.048
     6.086
     5.708
     5.255
     4.635
     3.780
     3.254
     0.654
     0.945
     2.169
     0.586
     1.541
     1.932
     5.113
     4.753
     0.600
    -0.095
    -0.437
     0.024
     1.476
     0.420
     0.343
    -0.402
    -1.108
    -3.223
    -2.295
    -2.077
    -1.085
    -1.541
    -0.158
    -0.840
     0.165
    -0.576
    -0.545
     0.807
     0.489
     1.014
     0.575
    -1.864
    -1.819
    -0.893
    -2.107
    -1.041
    -1.870
    -1.296
    -2.201
    -2.478
    -2.047
    -1.702
    -0.872
    -0.764
    -2.670
    -3.577
    -2.604
    -2.284
    -2.460
    -2.693
    -1.792
    -2.186
    -1.888
    -1.454
    -1.096
    -1.263
    -0.695
    -0.502
     1.584
     0.732
     1.853
     1.392
     0.902
     0.414
     0.515
     1.245
     0.910
     3.082
     0.826
     0.305
     1.022
     2.362
     1.351
     1.262
     3.303
     2.724
     5.696
     3.573
     4.057
     5.074
     4.520
     5.582
     6.519
     6.314
     4.551
     4.596
     3.853
     4.349
     4.272
     2.704
     2.716
     4.503
     3.820
     4.310
     4.497
     5.333
     5.428
     5.603
     4.676
     4.613
     4.477
     2.617
     2.463
     2.812
    -0.772
     0.174
    -0.338
    -3.645
    -3.189
    -3.293
    -3.311
    -3.751
    -5.110
    -3.638
    -4.138
    -3.120
    -3.375
    -3.278
    -1.359
    -1.461
    -2.021
    -1.676
    -3.655
    -1.523
    -0.719
    -0.197
    -0.177
     0.204
     1.364
     0.492
     1.348
    -0.485
     0.279
     0.294
     0.704
     0.360
     0.614
     0.482
     0.449
     1.402
    -0.173
     0.067
     0.038
    -0.538
    -0.657
    -1.436
    -2.286
    -2.740
    -2.178
    -2.163
    -2.725
    -2.726
    -3.193
    -2.665
    -2.510
    -3.230
    -3.095
    -5.208
    -4.270
    -4.918
    -5.233
    -4.495
    -6.951
    -6.730
    -7.723
    -9.370
    -8.339
    -6.914
    -4.968
    -4.316
    -3.240
    -4.245
    -4.558
    -3.328
    -2.828
    -3.687
    -4.599
    -2.845
    -0.568
     0.542
     3.457
     4.885
     4.432
     1.973
     2.208
     0.792
     1.855
     2.734
     2.630
     3.339
     1.445
    -0.366
     0.398
     2.343
    -0.528
     0.923
    -1.014
     1.787
    -0.349
    -0.420
     0.574
     2.843
     2.308
     2.749
     1.540
     2.432
     1.921
     1.045
    -2.035
    -0.624
     1.838
     1.249
     3.573
     1.780
     2.833
     1.868
     2.070
     1.514
     3.375
     1.649
     3.238
     4.004
     2.699
     1.861
     1.328
     1.714
     3.125
     0.802
     2.319
     3.619
     2.543
     3.200
     3.795
     2.167
     2.065
     2.000
     2.377
     2.263
     1.547
     2.329
     2.295
     0.562
     0.239
     1.988
     0.781
     1.079
     0.733
     0.954
     0.535
    -0.727
     1.344
     2.339
     2.264
     0.923
     1.950
     1.027
     1.731
     0.313
    -0.186
    -0.047
    -0.768
    -1.620
    -0.634
    -1.173
    -1.283
    -1.145
    -0.581
    -1.595
    -0.403
     0.205
     0.133
     0.430
     2.311
     1.496
     1.909
     1.649
     2.017
     1.455
     1.636
     1.398
     1.485
     1.652
     3.144
     2.692
     1.906
     0.285
     2.550
     3.032
     2.092
     1.465
     0.768
     0.958
     1.378
     2.065
     1.831
     0.770
     0.785
     0.864
    -0.171
     0.029
    -0.485
    -0.106
    -0.809
    -0.558
     0.627
    -0.019
     1.137
     1.479
     0.905
     0.717
    -0.755
    -1.351
    -1.286
    -2.346
    -1.315
    -2.896
    -2.516
    -3.200
    -3.169
    -4.422
    -4.716
    -5.025
    -6.248
    -6.508
    -6.425
    -5.631
    -6.519
    -6.347
    -5.411
    -7.717
    -7.321
    -6.953
    -7.906
    -7.383
    -6.309
    -7.068
    -5.755
    -5.086
    -5.439
    -4.110
    -5.351
    -5.578
    -4.422
    -4.868
    -3.815
    -4.176
    -4.082
    -3.297
    -4.227
    -3.886
    -3.138
    -3.094
    -3.255
    -3.436
    -3.973
    -3.711
    -4.737
    -3.688
    -2.755
    -1.372
    -3.083
    -1.656
    -0.132
    -0.001
    -1.481
     1.023
    -0.475
     1.692
     2.346
     2.509
     3.178
     4.418
     4.457
     2.995
     3.211
     2.833
     1.033
     2.973
     2.890
     5.550
     5.155
     4.147
     4.823
     5.477
     5.335
     4.286
     5.779
     5.420
     5.043
     5.218
     4.881
     4.783
     6.669
     5.679
     4.336
     5.409
     5.299
     5.285
     5.301
     5.210
     6.426
     6.997
     5.852
     7.377
     5.548
     5.652
     7.274
     6.877
     6.964
     7.404
     7.736
     5.671
     6.309
     6.215
     6.847
     5.884
     7.304
     6.685
     7.494
     7.398
     6.270
     6.858
     7.728
     6.953
     5.614
     7.863
     7.313
     5.706
     3.786
     1.469
    -1.327
    -1.763
    -3.627
    -4.257
    -5.447
    -6.721
    -7.473
    -6.976
    -6.370
    -5.286
    -4.956
    -4.302
    -4.847
    -3.648
    -3.863
    -4.574
    -3.022
    -3.712
    -1.247
    -0.273
     0.591
    -1.047
    -1.523
    -1.903
    -1.200
    -0.534
     0.574
    -0.059
    -0.304
    -0.531
    -0.855
    -1.063
    -1.403
    -0.859
    -2.600
    -1.923
    -3.596
    -3.207
    -3.707
    -4.560
    -3.254
    -4.191
    -5.240
    -5.458
    -4.252
    -4.776
    -4.595
    -4.011
    -6.096
    -4.792
    -5.691
    -4.015
    -5.196
    -4.609
    -6.250
    -5.816
    -5.875
    -4.850
    -7.783
    -7.606
    -8.329
   -10.155
    -9.286
   -10.511
    -9.768
   -10.677
    -9.537
    -9.065
   -10.769
   -11.351
    -9.367
   -10.024
    -8.698
   -10.333
    -9.629
   -12.138
    -9.582
    -9.588
    -7.923
    -5.675
    -5.060
    -5.820
    -4.705
    -2.706
    -2.625
    -1.161
    -1.874
    -1.347
    -1.889
    -2.553
    -1.105
     0.771
    -0.654
    -0.950
     0.985
    -0.099
     1.288
     0.566
     1.408
     2.781
     3.960
     5.295
     6.239
     6.873
     6.569
     7.735
     6.854
     5.649
     7.758
     7.997
    10.832
    11.323
    11.816
    11.112
    11.102
    13.050
    14.041
    13.927
    13.303
    14.154
    14.587
    12.968
    11.131
    12.543
    12.472
    12.012
    10.446
    11.211
    11.536
    11.681
    11.525
    12.352
    11.895
    11.537
    11.335
    12.456
    11.636
    11.809
    11.661
    12.524
    12.534
    13.264
    12.573
    12.813
    13.647
    12.117
    14.230
    13.562
    13.873
    14.614
    13.379
    15.004
    15.384
    14.155
    15.472
    14.353
    13.407
    10.807
    12.707
    12.668
     9.570
     6.407
     6.713
     0.946
    -3.711
    -6.578
    -7.941
   -12.451
   -15.244
   -20.332
   -22.622
   -25.779
   -24.872
   -26.670
   -28.323
   -29.663
   -30.437
   -33.257
   -32.302
   -33.831
   -32.011
   -30.209
   -30.140
   -29.865
   -26.965
   -26.548
   -23.848
   -23.761
   -22.446
   -19.121
   -16.602
   -14.259
   -10.737
   -10.563
    -7.876
    -6.068
    -2.972
    -2.572
    -3.001
    -1.268
    -1.052
     0.295
    -0.153
    -0.282
    -1.370
    -0.674
     0.059
    -0.436
    -1.670
    -0.981
    -2.148
    -2.380
    -4.169
    -2.527
    -2.529
    -3.083
    -2.497
     0.353
    -0.455
    -0.539
    -0.258
    -0.559
     0.640
    -0.741
     1.251
    -0.644
     0.009
     0.251
     0.815
     1.594
     2.349
     2.363
     2.824
     4.249
     4.297
     4.663
     4.444
     2.341
     3.496
     1.696
     0.342
     0.755
     0.018
     0.965
     3.819
     7.401
    11.599
    15.771
    15.210
    16.261
    16.137
    15.649
    15.747
    15.121
    16.409
    17.040
    16.556
    15.880
    12.152
     9.632
     7.163
     8.957
     9.346
     7.505
     5.300
     8.057
     5.578
     2.620
     2.437
     2.600
     3.876
     2.542
     2.585
     2.800
     3.362
     4.578
     5.183
     4.499
     1.750
     3.149
     3.050
     3.645
     5.161
     3.811
     3.280
     2.326
     5.012
     5.825
     5.761
     5.150
     5.315
     7.413
     8.740
     8.046
     7.496
     8.101
     7.331
     6.753
     4.870
     5.719
     4.376
     3.799
     4.917
     4.364
     4.149
     4.615
     3.253
     1.628
     2.005
    -0.546
    -3.940
    -3.238
    -3.577
    -4.563
    -8.922
    -7.704
    -9.298
    -8.898
    -8.631
    -9.562
    -8.404
    -9.472
    -8.117
    -8.543
    -9.470
    -9.381
    -7.919
    -5.464
    -5.817
    -6.440
    -6.360
    -6.115
    -5.637
    -5.080
    -6.592
    -4.556
    -4.400
    -4.635
    -3.563
    -3.549
    -3.523
    -2.829
    -2.577
    -1.934
    -1.485
    -0.297
    -0.216
    -1.380
    -1.155
     0.757
     0.043
    -1.049
     0.011
     0.737
    -2.629
    -4.520
    -4.434
    -6.401
    -7.667
    -8.079
    -7.913
    -6.439
    -6.961
    -8.842
   -11.259
   -10.950
    -9.352
   -11.104
   -10.930
   -12.237
   -12.213
   -14.605
   -14.766
   -14.690
   -15.561
   -17.889
   -17.876
   -17.109
   -16.789
   -15.178
   -17.441
   -18.989
   -21.985
   -23.061
   -23.309
   -27.561
   -30.111
   -31.453
   -29.582
   -28.580
   -28.664
   -29.332
   -28.274
   -27.993
   -26.362
     5.917
    33.402
    24.003
    16.351
    18.369
    17.131
    18.395
    17.854
    18.770
    20.798
    22.902
    20.677
    19.179
    18.335
    18.596
    21.083
    21.429
    21.928
    24.030
    27.762
    26.221
    22.393
    19.687
    26.559
    33.133
    32.964
    35.552
    37.831
    35.998
    39.414
    39.041
    38.092
    39.540
    37.063
    40.421
    38.510
    34.864
    29.609
    29.935
    27.966
    29.889
    29.722
    32.095
    29.691
    29.104
    29.063
    27.002
    23.074
    22.167
    20.339
    19.315
    16.705
    13.251
    11.184
     5.112
     0.967
    -0.564
   -10.734
   -17.045
   -19.647
   -22.212
   -27.700
   -29.888
   -29.397
   -31.754
   -31.274
   -29.273
   -26.158
   -25.229
   -29.212
   -28.837
   -30.984
   -32.398
   -35.369
   -35.271
   -33.657
   -32.650
   -35.997
   -33.334
   -28.732
   -29.761
   -29.865
   -28.758
   -25.439
   -27.589
   -28.042
   -24.594
   -26.817
   -27.678
   -25.993
   -25.452
   -26.617
   -24.216
   -25.751
   -29.193
   -29.989
   -30.052
   -30.593
   -33.844
   -29.632
   -24.773
   -18.981
   -18.232
   -15.021
   -15.576
   -12.326
   -14.624
   -14.557
   -13.539
   -11.835
   -11.102
   -11.595
   -11.179
    -5.284
     0.585
     2.692
     5.580
     8.915
    12.765
    18.268
    21.843
    21.881
    27.813
    38.812
    43.287
    43.176
    47.151
    57.538
    46.958
    47.869
    66.521
    62.907
    43.242
    31.515
    42.659
    50.617
    30.602
    15.173
    11.695
    11.870
     8.169
    -2.380
    -3.274
    -2.428
    -9.634
    -6.803
    -2.080
    -1.409
    -0.126
    -1.287
   -10.171
   -12.348
    -0.415
     3.591
    -1.691
     1.811
     7.260
     8.999
     8.861
     5.542
     7.335
     7.909
    10.091
     8.701
     6.277
    10.242
    10.129
    11.521
     8.165
    -3.467
   -13.851
   -21.317
    -6.393
     3.150
    -3.779
    -9.260
    -8.458
    -1.573
     2.205
    -2.128
     1.310
    -3.942
   -17.666
   -21.658
   -22.557
   -27.112
   -24.568
   -20.230
   -15.665
   -12.974
    -9.663
    -6.848
    -9.070
   -14.673
   -13.508
   -17.293
   -12.847
    -6.602
     0.626
    -2.938
    -0.516
     3.849
     3.325
     6.718
     4.947
     5.870
     7.302
    14.566
    17.915
    19.887
    18.199
    13.873
    15.007
     9.825
    14.255
    12.456
     7.350
     7.425
     5.086
     2.217
     0.593
    -2.166
    -5.113
     0.456
     2.006
    -0.338
    -3.139
    -3.920
    -2.895
    -1.658
    -1.419
    -1.898
     1.214
     2.459
     1.985
     1.760
     2.735
     2.031
    -2.521
    -4.628
    -4.338
    -2.590
    -1.626
     0.867
     1.671
     2.655
    -1.310
    -0.447
    -0.710
    -1.096
    -2.614
    -2.353
    -6.909
    -8.299
    -4.435
    -0.459
   -10.307
    -6.836
    -9.145
    -7.915
    -5.898
    -6.672
    -5.648
    -8.490
    -7.534
     4.965
     8.277
     0.095
    -6.509
   -10.066
    -5.506
    -2.075
    -3.705
   -11.779
   -15.766
   -14.269
   -16.778
   -18.845
   -19.628
   -18.596
   -15.734
   -13.457
    -9.424
    -9.705
   -10.256
    -8.907
    -5.185
    -4.895
    -6.281
    -7.390
    -6.054
    -2.845
    -3.003
    -4.338
    -4.259
    -5.005
    -4.848
     0.057
     0.869
    -1.691
    -3.834
     5.198
     9.810
     7.199
     4.972
     2.231
     0.143
     2.877
     2.846
     5.825
    10.104
    12.018
     6.941
     5.953
     6.785
     2.294
     6.550
    10.378
    13.688
    15.349
    15.173
    21.202
    20.117
    20.169
    21.302
    21.393
    23.811
    19.801
    24.362
    28.584
    25.717
    21.967
    17.390
    16.352
    13.054
    13.345
    11.353
    13.625
    14.111
    11.999
    10.450
     7.637
     9.825
     8.070
     4.902
     4.193
     6.632
    10.163
     7.705
     1.261
     2.873
     2.070
    -2.075
    -4.809
    -7.081
    -8.999
    -6.742
    -4.907
    -7.913
    -7.923
   -12.745
    -8.917
    -1.909
   -11.279
   -17.967
   -13.372
    -9.021
    -2.338
    -5.312
   -15.871
    -6.912
    -6.380
   -11.803
   -13.469
   -16.035
   -23.664
   -18.200
   -18.670
   -20.137
   -11.740
   -11.970
   -11.081
    -6.893
    -3.379
    -4.749
    -4.036
    -4.200
    -6.235
    -9.615
   -10.500
    -9.024
    -9.353
    -8.354
    -8.399
    -4.803
    -3.187
    -2.743
    -4.014
    -1.970
    -0.967
    -3.198
    -3.840
     1.447
     3.437
    -0.058
    -1.537
    -3.294
    -3.146
    -3.425
    -6.200
    -8.009
    -2.173
     3.007
     5.655
    -0.105
     2.818
     7.208
     3.548
     0.734
     3.293
     7.524
     8.535
     6.609
     5.383
     3.576
     6.011
     6.654
     5.596
     6.991
     4.104
     3.553
     2.369
     0.528
     2.295
     1.308
    -0.087
     1.425
     2.000
     3.080
     1.494
    -0.252
     3.551
     5.043
     7.370
     6.290
     2.235
    -2.703
    -0.491
     3.398
     8.000
    -5.068
    -9.648
    -8.566
    -6.048
    -4.772
    -7.239
    -8.192
    -7.650
    -7.525
    -5.539
    -6.656
    -6.259
    -5.176
    -4.739
    -3.025
     0.146
     3.482
    -2.702
    -2.417
    -2.935
    -2.316
     0.638
    -4.190
    -2.374
    -0.438
     0.805
    -0.079
     2.549
     1.966
     5.226
     4.835
     3.644
     4.689
     7.921
     7.153
     6.434
     6.317
     5.592
     7.647
     8.222
     9.196
     9.553
    10.391
    10.472
    12.577
    11.992
    12.463
    13.608
    14.623
    15.799
    13.277
    13.800
    14.443
    13.313
    12.903
    11.550
    11.327
    11.229
    10.764
     9.742
     7.799
     6.596
     6.721
     5.926
     7.253
     5.552
     4.116
     3.881
     2.236
     2.523
     1.614
     0.229
    -1.654
    -3.101
    -2.072
    -2.911
    -3.929
    -6.423
    -4.640
    -6.582
    -8.395
    -7.815
   -11.246
   -10.483
   -11.851
   -12.138
   -12.623
   -16.513
   -15.059
   -16.156
   -15.005
   -16.588
   -15.618
   -16.697
   -16.806
   -15.261
   -15.794
   -16.011
   -15.121
   -14.023
   -12.994
   -13.471
   -12.199
   -10.949
   -10.070
    -8.557
    -9.835
   -10.817
    -9.437
    -7.859
    -6.676
    -7.306
    -6.085
    -7.809
    -6.877
    -5.023
    -6.041
    -4.777
    -3.816
    -3.854
    -4.200
    -0.801
    -0.379
     0.202
     0.877
     0.236
     0.726
     1.524
     3.378
     4.667
     7.663
     8.343
     8.365
     8.006
     9.600
     7.575
     4.895
     7.817
     8.321
     5.735
     4.822
     6.159
     7.484
     5.336
     3.961
     4.948
     6.134
     6.153
     6.909
     5.831
     6.970
     9.568
     7.713
     8.207
     7.429
     8.335
    11.675
    10.032
     9.746
    11.279
    10.922
    10.114
    10.580
     9.496
    10.536
     9.268
     6.903
     6.907
     5.868
     7.492
     5.998
     5.707
     5.188
     1.880
     1.501
     3.264
     3.226
     3.601
     5.338
     3.362
     4.309
     3.702
     5.073
     2.101
     0.693
     1.130
    -2.774
    -3.643
    -4.240
    -3.762
    -3.876
    -4.615
    -7.170
    -7.425
    -8.629
    -7.745
    -7.519
    -5.845
    -6.922
    -4.602
    -5.926
    -6.892
    -6.612
    -5.656
    -7.140
    -6.804
    -5.713
    -7.028
    -7.495
    -6.752
    -7.876
    -7.364
    -8.520
    -8.332
    -8.637
    -7.261
    -7.117
    -5.922
    -5.748
    -5.330
    -5.153
    -3.410
    -4.700
    -5.692
    -4.184
    -3.687
    -2.086
     1.966
     2.336
     1.162
     3.240
     5.596
     6.477
     5.905
     5.845
     5.160
     4.816
     4.545
     3.122
     1.389
    -0.900
    -1.201
    -1.586
    -2.742
    -2.766
    -2.385
    -3.187
    -4.375
    -0.915
     0.240
     0.656
     2.344
     1.707
     1.264
     2.050
     3.688
     2.413
     3.106
     2.348
     4.688
     4.467
     4.315
     4.801
     3.585
     4.515
     1.942
     3.361
     3.730
     2.872
     3.990
     4.357
     4.591
     4.650
     3.892
     4.197
     5.205
     5.409
     5.661
     6.771
     6.036
     3.664
     4.109
     5.307
     5.615
     5.783
     5.120
     1.739
     2.240
     0.829
    -0.553
    -1.547
    -0.796
    -2.752
    -3.887
    -5.342
    -5.479
    -4.730
    -3.863
    -5.699
    -7.418
    -7.125
    -6.792
    -5.630
    -5.420
    -6.408
    -3.675
    -4.183
    -3.174
    -3.134
    -3.242
    -4.099
    -4.068
    -6.368
    -4.630
    -6.692
    -4.409
    -7.077
    -4.970
    -3.507
    -1.192
    -0.417
     2.214
     0.636
     0.445
    -0.246
    -0.930
    -4.213
    -3.895
    -1.991
    -0.632
    -0.338
     2.605
     2.393
    -0.286
    -0.787
    -0.845
    -4.258
    -7.317
    -6.948
    -3.349
    -3.977
    -5.502
    -2.866
    -2.148
    -2.982
    -2.741
    -2.837
    -4.115
    -1.495
    -2.810
    -0.569
     0.093
     0.254
     1.685
     3.986
     5.041
     4.601
     3.175
    -0.054
     2.455
     2.842
     1.550
     4.292
     5.604
     5.706
     6.087
     8.028
     7.686
     9.301
    10.743
     8.778
    10.994
    12.260
    11.600
    14.072
    12.122
    12.524
    11.924
     9.446
    10.289
     8.934
     7.453
     6.000
     1.775
    -0.423
     0.991
    -1.957
    -4.612
    -3.170
    -6.240
    -7.092
    -3.454
    -2.886
    -1.446
    -2.041
    -0.766
    -0.153
     1.068
     1.443
     1.971
     1.559
     2.121
     2.601
     0.252
     0.239
     0.488
     0.674
     0.326
    -1.105
    -0.563
    -2.979
    -4.092
    -2.678
    -3.941
    -3.061
    -1.358
    -2.637
    -2.175
    -1.185
    -2.133
    -3.802
    -4.221
    -7.455
    -6.094
    -8.105
    -9.201
    -6.613
    -6.919
    -8.717
    -8.777
    -6.838
    -6.711
    -5.321
    -4.692
    -5.037
    -6.737
    -6.540
    -4.880
    -2.916
    -3.139
    -1.150
    -0.676
     1.935
     0.257
    -0.299
     0.319
    -0.050
    -0.003
    -1.052
    -0.586
     0.168
    -2.320
    -4.584
    -2.281
    -0.354
     1.008
     1.558
     2.361
     1.272
    -0.363
     0.146
    -0.304
    -0.136
    -1.508
    -2.170
    -1.101
    -1.645
    -1.278
    -1.134
    -1.524
    -2.013
    -0.975
    -0.455
    -0.728
    -0.605
    -0.368
     0.295
    -0.306
     0.631
     0.825
     2.503
     5.013
     2.610
     0.394
     0.261
     1.075
     4.319
     5.195
     4.883
     5.529
     3.622
     3.982
     4.899
     4.186
     3.290
     2.219
     1.538
     0.678
     1.235
     1.641
     3.509
     1.017
     2.412
     2.783
     4.466
     4.772
     3.870
     3.344
     4.964
     6.292
     5.691
     5.703
     5.760
     4.706
     5.945
     3.913
     3.548
     3.300
     2.217
     2.798
     3.976
     2.843
     2.530
     2.913
     3.447
     2.983
     3.620
     2.040
     2.519
     1.448
    -0.486
     0.065
    -0.024
    -1.371
    -3.878
    -4.444
    -3.207
    -4.859
    -3.587
    -5.239
    -3.235
    -5.539
    -3.921
    -4.317
    -5.162
    -3.570
    -3.538
    -5.239
    -4.319
    -2.790
    -3.918
    -5.253
    -4.652
    -3.737
    -5.038
    -5.412
    -6.078
    -6.576
    -4.776
    -4.900
    -4.960
    -2.205
     0.163
    -1.579
    -2.728
    -2.995
    -1.136
     0.148
    -1.110
    -0.047
     1.452
     3.115
     2.760
    -0.003
    -0.377
     2.312
     2.873
     2.510
    -0.277
    -0.810
    -1.361
    -0.274
     0.615
     2.838
     1.099
     1.334
     1.921
     2.825
     1.819
     2.554
     2.572
     1.839
     0.940
     1.438
     0.096
     0.067
     0.037
    -1.375
    -0.803
    -1.243
    -0.297
    -1.111
    -1.469
    -0.058
     0.542
    -0.046
    -0.845
    -2.020
    -0.174
     0.228
     0.454
     0.049
     0.740
    -0.313
     0.070
     0.742
    -0.061
     1.033
     1.375
     0.925
     1.646
     2.131
     2.071
     3.126
     1.455
     1.074
     1.707
     0.907
     0.521
     0.120
     0.555
     0.753
     0.190
     0.539
     0.871
     0.640
     1.565
     1.985
     3.012
     1.659
     3.691
     1.100
     1.126
     0.601
     0.220
    -1.472
     0.054
    -0.347
     0.321
    -0.328
    -0.356
     0.760
     0.772
     0.822
     0.521
     0.155
    -0.931
    -3.094
    -1.232
    -1.819
    -2.125
    -2.564
    -2.232
    -1.582
    -2.141
    -1.099
    -1.889
    -1.427
    -2.629
    -0.881
    -1.318
    -1.959
    -1.411
    -2.272
    -1.698
    -1.490
    -1.512
    -1.913
    -0.662
    -1.197
    -0.465
    -0.786
    -0.892
    -1.254
    -0.080
    -0.610
    -0.149
    -0.652
     0.657
    -0.239
     1.422
     0.803
     1.154
     0.887
     1.026
    -0.176
    -0.661
    -0.866
    -0.818
    -1.815
    -0.870
     0.546
    -0.139
    -2.511
    -0.815
    -1.096
    -1.503
     0.397
    -1.267
    -0.737
     0.302
    -0.460
    -0.281
    -1.300
    -2.598
     0.110
    -0.657
    -0.011
    -1.739
    -2.198
     0.241
     0.390
     0.038
     1.311
     0.924
     1.207
     3.048
     3.349
     3.654
     4.322
     5.648
     5.924
     7.878
     6.997
     6.720
     5.904
     6.333
     5.760
     5.447
     4.392
     3.510
     3.825
     3.390
     1.812
     2.106
     1.315
     2.005
     1.964
     1.345
     2.959
     2.589
     1.440
     1.536
     1.066
     1.276
     0.571
     0.489
     1.093
    -0.071
     0.488
     0.045
    -1.363
    -0.305
    -0.595
    -2.197
    -1.895
    -1.817
    -2.912
    -3.307
    -4.218
    -3.570
    -3.691
    -2.552
    -2.280
    -3.025
    -3.274
    -3.088
    -4.294
    -2.515
    -4.740
    -4.032
    -3.532
    -4.301
    -4.218
    -3.607
    -4.269
    -4.411
    -4.276
    -4.641
    -3.186
    -5.171
    -3.099
    -3.243
    -3.595
    -4.269
    -3.246
    -3.057
    -3.997
    -2.875
    -2.374
    -2.762
    -2.831
    -1.857
    -1.279
    -1.724
    -1.318
    -0.818
     0.055
    -1.278
    -0.400
    -1.285
    -1.111
    -0.739
    -0.924
    -1.915
    -0.037
    -0.894
    -1.355
    -0.488
     0.529
     0.042
    -0.763
    -0.172
    -0.100
     0.303
    -1.505
    -0.275
     1.013
     1.873
     0.419
    -0.155
     0.522
     2.436
     2.695
     3.646
     4.755
     3.629
     5.928
     6.994
     7.510
     7.173
     6.028
     6.013
     5.978
     6.418
     4.823
     4.289
     4.282
     4.283
     2.696
     2.950
     3.524
     1.918
     2.921
     2.299
     1.714
     2.254
     1.452
     2.595
     1.300
     2.401
     2.338
     3.548
     3.032
     0.661
     1.110
     1.454
    -0.220
     0.782
    -0.368
     0.465
     1.020
     0.641
    -0.544
    -2.031
    -1.971
    -2.550
    -2.456
    -1.976
    -1.386
    -0.427
    -2.988
    -0.947
    -0.533
     1.186
     1.935
     0.736
     0.893
    -1.087
     1.436
    -0.183
     0.037
    -1.632
    -2.256
     0.355
    -1.634
    -0.384
    -0.035
    -1.936
    -2.365
    -1.701
    -1.564
    -1.581
    -1.823
    -1.829
    -0.923
    -1.861
    -1.125
    -1.800
    -2.411
    -3.131
    -1.898
    -2.331
    -1.612
    -0.296
    -1.707
    -1.972
    -2.074
    -1.298
    -1.348
    -2.065
    -2.671
    -2.794
    -1.083
    -2.573
    -2.567
    -2.071
    -2.148
    -2.041
    -3.154
    -2.783
    -3.345
    -2.136
    -2.135
    -1.644
    -1.948
     0.085
    -0.741
    -2.309
    -0.569
    -0.453
    -2.430
    -0.391
    -0.041
     0.482
    -0.330
    -0.459
    -0.297
    -1.194
    -1.361
    -1.293
    -1.859
    -1.842
     0.328
    -0.628
     0.158
     0.423
     0.434
     0.406
     2.272
     1.157
     3.275
     1.999
     1.258
     1.734
     2.607
     3.439
     2.896
     3.899
     2.292
     3.565
     2.808
     3.378
     3.145
     4.814
     4.272
     3.431
     4.395
     5.174
     4.943
     3.671
     4.975
     3.973
     4.325
     4.175
     3.889
     1.581
    -0.150
     0.862
     1.193
    -0.802
    -1.927
    -1.915
    -1.967
    -1.899
    -2.640
    -1.542
    -2.846
    -1.740
    -0.496
    -0.750
    -0.127
    -0.496
    -0.201
     1.250
     1.347
     0.469
    -0.869
    -0.350
     0.394
     0.711
    -0.004
    -1.310
    -1.139
    -1.771
    -0.252
    -1.981
    -2.332
    -2.751
    -2.977
    -2.575
    -1.661
    -1.842
    -2.728
    -2.581
    -3.670
    -3.511
    -4.080
    -2.859
    -1.920
    -1.701
    -2.466
    -1.827
    -1.451
    -1.851
    -0.970
    -1.504
    -1.808
    -1.331
    -0.746
    -2.594
    -2.010
    -1.781
    -1.726
    -2.164
    -0.039
    -0.282
    -0.795
     0.569
     0.095
    -0.896
    -0.747
    -0.011
     0.614
     1.846
     2.282
     2.984
     2.920
     3.177
     1.626
     1.366
     2.173
     2.651
     2.227
     4.036
     3.582
     2.937
     2.373
     2.062
     1.347
     1.537
     1.143
     1.484
     1.905
     1.747
     0.976
     1.174
     0.618
     0.517
     0.196
     0.062
     0.273
     1.350
     1.063
     2.443
     2.389
     2.573
     2.738
     1.985
     0.945
     0.454
     1.023
     0.279
    -0.552
    -0.086
     0.820
     0.326
     1.242
     0.084
    -0.207
     0.160
     1.507
     0.904
    -0.451
     0.434
     0.856
     0.259
     0.627
     0.364
    -0.616
     0.622
     0.578
    -0.993
    -1.094
    -0.909
    -1.555
    -0.173
    -1.359
    -1.014
    -0.207
     1.374
    -0.240
    -0.591
     0.010
     1.532
     1.172
     1.088
     0.654
     0.609
     0.710
     0.383
    -0.718
     0.116
    -1.064
    -1.571
    -3.376
    -4.974
    -4.546
    -3.057
    -4.473
    -4.206
    -1.370
    -0.742
    -0.460
    -0.101
     0.623
     0.387
    -0.210
     0.144
     0.675
     0.750
     1.423
     0.117
    -0.679
    -1.011
    -3.054
    -2.077
    -2.596
    -0.954
    -2.350
    -1.163
    -1.072
    -0.546
     0.188
     0.947
    -2.564
    -2.455
    -2.990
    -4.495
    -3.596
    -3.083
    -3.130
    -4.915
    -4.847
    -6.248
    -4.754
    -4.932
    -5.031
    -3.381
    -4.315
    -4.172
    -4.570
    -3.296
    -4.902
    -3.500
    -3.662
    -3.513
    -6.062
    -8.618
    -6.972
    -6.893
    -4.907
    -3.268
    -1.018
     1.587
     3.345
     5.097
     2.906
     2.657
     6.886
    12.287
    12.725
    10.656
    10.243
     9.718
     8.977
     9.195
     6.407
     4.186
     1.497
     0.814
     0.430
    -0.583
    -1.044
    -2.331
    -0.877
     0.600
     1.271
     4.174
     7.341
     9.126
     9.860
     8.121
     9.260
     6.002
     8.412
     7.262
     4.872
     0.861
    -3.719
    -4.013
    -5.510
    -3.402
    -1.869
    -0.396
     2.139
     2.906
     2.979
     3.117
     5.802
     6.890
     7.417
     5.877
     8.085
     7.014
     7.389
     9.536
    11.783
    14.712
    15.198
    14.389
    15.928
    15.657
    14.460
    17.048
    15.315
    11.728
     1.585
     0.619
     1.950
     7.750
     5.346
    -6.568
    -0.706
     1.451
    -3.201
    -6.339
    -8.446
   -14.149
   -15.673
   -22.050
   -25.028
   -25.497
   -22.111
   -20.246
   -17.175
   -18.819
   -18.717
   -17.205
   -15.044
   -16.111
   -15.767
   -14.486
   -11.825
    -9.182
    -8.754
    -8.905
    -9.289
    -9.274
   -10.462
   -11.590
   -13.089
   -12.269
   -10.133
    -8.692
    -7.826
    -8.374
    -7.691
    -5.945
    -3.743
    -1.179
     0.907
     1.911
     2.898
     0.608
     1.463
     2.724
     3.224
     3.374
     4.302
     4.768
     4.615
     4.083
     3.949
     3.221
     3.510
     2.306
     1.830
     0.785
     0.087
     0.294
     0.362
     1.045
     2.280
     2.592
     3.254
     3.257
     3.180
     3.489
     4.197
     4.725
     5.149
     5.172
     5.388
     5.674
     5.935
     5.937
     6.389
     7.024
     7.155
     6.632
     6.660
     6.838
     7.175
     7.088
     7.044
     7.074
     7.138
     7.075
     7.126
     7.114
     7.123
     7.085
     7.085
     7.017
     7.011
     6.942
     6.913
     6.819
     6.766
