     4.480
     4.806
     5.112
     5.425
     5.717
     6.016
     6.290
     6.585
     6.850
     7.119
     7.377
     7.605
     7.795
     8.036
     8.184
     8.334
     8.434
     8.541
     8.555
     8.698
     8.724
     8.693
     8.629
     8.639
     8.747
     8.692
     8.656
     8.667
     8.335
     8.462
     8.145
     8.040
     7.687
     7.295
     7.088
     6.510
     6.236
     6.015
     5.435
     5.263
     4.863
     4.309
     3.782
     3.065
     2.489
     1.891
     1.405
     0.914
    -0.088
    -0.817
    -1.475
    -1.595
    -2.660
    -3.181
    -4.180
    -5.626
    -6.761
    -7.260
    -7.666
    -7.281
    -8.530
    -9.249
    -8.448
    -7.980
    -7.651
    -7.769
    -7.470
    -6.418
    -5.196
    -4.328
    -3.368
    -2.382
    -1.778
    -1.927
    -1.578
    -1.036
    -0.344
    -1.130
     0.040
    -0.697
    -0.083
    -0.575
     0.296
     1.724
     4.108
     4.619
     4.712
     3.479
     0.993
     0.262
    -1.772
    -2.065
    -3.960
    -5.451
    -7.661
    -8.939
   -11.017
    -9.521
    -8.025
    -7.550
    -5.008
    -4.082
    -2.786
    -3.296
    -3.438
    -5.054
    -3.918
    -4.312
    -3.833
    -2.405
    -3.885
    -3.486
    -5.032
    -5.711
    -4.000
    -4.422
    -5.126
    -5.166
    -5.237
    -4.039
    -3.809
    -4.127
    -4.979
    -5.391
    -4.442
    -4.808
    -3.355
    -1.457
    -1.916
    -2.435
    -2.066
    -2.238
    -1.576
    -0.962
    -2.193
    -1.261
    -0.130
     0.638
     0.350
     1.315
     0.654
     1.304
     3.503
     2.783
     3.382
     3.069
     2.880
     2.531
     2.058
     0.810
     2.149
     3.274
     4.350
     4.388
     2.755
     3.756
     3.558
     2.647
     6.028
     3.414
     2.082
     3.333
     4.639
     5.521
     7.442
     8.424
     7.403
     6.470
     8.248
     8.013
     6.941
     6.475
     4.981
     4.537
     4.605
     3.797
     2.697
     2.941
     2.850
     2.614
     3.602
     1.365
    -0.543
     0.810
     1.889
     3.327
     1.483
     1.903
     3.225
     5.198
     1.939
     1.850
    -0.712
    -1.078
    -3.619
    -1.045
    -0.823
     4.362
     5.400
     5.643
     5.968
     6.342
     3.375
     0.559
    -1.546
     2.581
     6.667
     7.745
     6.047
     7.032
     7.797
    10.116
     9.910
     9.810
    11.788
    14.335
    11.566
    10.709
    12.848
    12.241
    12.422
    12.357
     8.627
     4.377
     3.047
     3.120
     2.569
    -0.909
    -2.818
    -3.619
    -4.016
    -2.941
    -5.446
    -2.921
    -6.094
    -5.924
    -4.822
    -7.653
   -11.913
   -12.534
   -13.484
   -15.002
   -15.925
   -16.921
   -16.427
   -17.724
   -16.030
   -18.860
   -17.742
   -19.032
   -13.853
   -16.547
   -11.261
   -12.102
   -18.287
   -19.682
   -17.484
   -17.181
   -15.324
   -17.110
   -16.650
   -14.632
   -13.494
   -13.039
   -11.351
   -11.429
   -10.445
    -8.208
    -6.936
    -5.736
    -1.752
    -5.932
    -5.997
    -4.494
    -1.907
    -0.856
    -1.653
    -0.854
     1.022
     0.577
     1.032
     2.913
     2.688
     1.469
     0.607
     2.537
     3.211
     4.339
     5.970
     6.069
     7.075
     7.854
     8.464
     7.404
     6.108
     6.615
     7.592
     8.465
     5.861
     6.815
     9.026
    10.944
    11.402
    11.822
    12.463
     9.948
    12.708
    11.743
    10.342
    11.325
     8.986
     8.067
     8.537
     7.364
     7.077
     9.877
     7.832
     7.398
     9.017
     9.401
    11.761
     8.623
     6.570
     6.993
     5.700
     6.325
     9.113
     8.704
     8.431
     6.882
     6.826
     6.133
     4.851
     4.530
     3.444
     2.560
     4.666
     7.578
     6.031
     5.339
     3.911
     3.540
     3.272
     3.160
     6.091
     7.786
     7.660
     5.620
     0.580
     4.150
     5.871
     6.009
     6.319
     5.053
     2.569
     3.335
     5.526
     2.990
     0.056
    -1.256
    -2.042
    -1.391
    -2.603
    -4.060
     1.436
    -1.352
    -2.436
    -6.976
    -8.961
    -8.961
    -8.899
    -9.042
   -10.015
    -8.172
    -9.568
   -10.432
   -11.049
   -11.688
   -13.768
   -15.050
   -14.801
   -13.890
   -12.962
   -13.802
   -13.202
   -13.158
   -14.111
   -15.262
   -14.683
   -13.279
   -12.657
   -12.101
   -11.077
   -10.959
    -9.725
    -8.622
    -8.764
    -7.433
    -7.344
    -5.994
    -4.794
    -4.895
    -4.757
    -4.953
    -5.908
    -5.517
    -5.157
    -2.128
    -1.668
     0.581
    -1.084
    -0.807
    -0.758
     1.103
     1.801
    -1.769
     1.710
     2.106
    -0.716
    -1.892
    -4.637
    -2.392
    -1.044
    -4.301
    -3.234
    -0.185
     2.444
     5.682
     6.499
     6.627
     3.814
     0.860
    -0.071
     0.376
     1.727
     3.070
     3.302
     1.911
     0.132
     0.358
    -1.916
     0.778
    -2.903
    -3.072
    -3.919
    -1.993
    -0.295
     4.164
     3.693
     8.187
     8.537
     8.858
     7.835
     6.165
     6.381
    10.033
    15.315
    18.065
    20.042
    20.360
    19.632
    18.765
    23.827
    22.087
    20.141
    20.683
    21.056
    18.836
    15.708
    15.602
    15.137
    14.390
    11.845
    12.141
    11.070
    11.461
    10.446
     7.672
     4.581
     4.718
     3.385
     2.198
    -0.561
    -1.443
    -1.333
    -2.009
    -5.717
    -7.408
    -8.478
   -10.273
    -9.856
   -10.590
   -10.848
    -9.365
    -5.885
    -5.742
    -8.008
    -7.699
    -9.287
    -8.689
    -8.010
    -8.052
    -6.908
    -6.786
    -6.645
    -8.503
    -9.016
    -7.970
    -9.947
   -10.061
    -9.835
    -8.907
   -12.835
   -13.778
   -10.415
    -8.142
    -6.675
    -7.095
    -7.879
    -7.708
    -6.632
    -6.751
    -6.957
    -8.829
    -8.863
    -8.038
    -6.661
    -6.611
    -6.423
    -7.303
    -8.200
    -8.196
    -5.368
    -3.936
    -2.931
    -2.755
    -4.013
    -5.780
    -7.966
    -7.671
    -5.212
    -3.367
    -3.362
    -3.309
    -3.326
    -2.186
    -2.193
    -0.447
    -0.033
    -0.025
     1.634
     2.934
     4.169
     4.951
     6.023
     3.836
     2.875
     2.812
     3.917
     5.048
     8.266
    10.322
     8.360
     9.174
     9.451
     9.273
    11.382
    11.431
    12.395
    12.113
    11.093
    10.160
    10.254
    10.282
    10.408
     8.085
     7.069
     7.097
     8.100
     6.979
     7.356
     8.146
     9.356
     9.280
     8.072
     4.911
     3.992
     1.876
     1.921
     0.771
    -0.105
    -3.442
    -4.551
    -2.595
    -1.378
    -3.012
    -4.677
    -3.250
    -2.768
    -0.591
     0.317
     2.108
     1.275
     1.053
     2.003
     1.399
     2.989
     1.672
     0.638
     0.817
     0.578
     0.205
     0.647
    -0.174
    -0.293
    -0.734
    -2.044
    -2.729
    -2.761
    -2.009
    -3.262
    -2.952
    -5.551
    -7.407
    -6.657
    -7.036
    -7.908
    -7.887
    -8.276
    -6.691
    -8.647
    -9.060
    -8.132
    -6.983
    -9.500
    -9.657
    -8.557
    -7.022
    -7.283
    -5.912
    -5.636
    -7.687
    -6.791
    -5.938
    -7.204
    -3.352
    -3.581
    -3.507
    -5.000
    -2.825
    -3.180
    -2.351
    -0.206
    -1.454
    -0.619
    -1.995
     0.298
    -0.255
    -0.352
     0.173
     1.530
    -0.166
     1.105
     1.456
     0.242
     0.334
     1.104
    -0.040
     0.003
     1.079
     0.588
     2.105
     0.089
     2.973
     4.389
     3.412
     5.596
     5.955
     7.691
     7.627
     9.545
     8.598
     8.265
     8.159
     9.119
     7.878
     7.807
     8.731
     9.764
     8.409
     7.089
     7.465
     6.557
     4.991
     3.880
     4.906
     6.225
     4.904
     4.850
     3.739
     5.026
     5.818
     6.103
     6.233
     6.855
     5.986
     5.586
     5.731
     5.051
     6.101
     6.871
     7.095
     7.102
     7.052
     7.988
     7.153
     6.308
     4.426
     4.599
     3.891
     2.321
     3.212
     1.147
     0.009
    -0.865
    -2.756
    -4.010
    -6.196
    -7.100
    -7.491
    -7.946
    -7.810
    -7.978
    -9.830
   -11.772
   -10.593
   -10.642
   -11.491
   -12.246
   -11.047
   -11.011
   -12.037
   -12.169
   -12.692
   -12.469
   -11.524
   -10.275
   -11.221
    -8.104
    -8.929
    -7.951
    -6.087
    -5.563
    -5.270
    -6.327
    -5.204
    -4.101
    -2.604
    -4.376
    -4.384
    -4.239
    -4.170
    -5.355
    -8.126
    -7.813
    -7.841
    -5.841
    -5.715
    -5.703
    -4.321
    -5.111
    -4.468
    -3.275
    -3.241
    -1.295
     0.191
     2.007
    -0.819
     1.228
     1.442
     2.371
     2.877
     4.569
     4.063
     5.665
     5.354
     4.595
     6.657
     4.722
     4.724
     5.434
     7.529
     7.744
     8.741
     8.630
     8.366
     8.773
     6.776
     5.427
     5.551
     4.506
     4.863
     4.388
     6.424
     6.307
     4.506
     1.184
     0.180
     0.279
    -0.764
     0.359
    -2.130
    -2.355
    -0.035
    -0.210
     2.865
     4.364
     3.328
     3.367
     3.281
     3.139
     2.274
     1.958
     2.960
     2.710
     2.952
     3.705
     4.633
     4.607
     3.661
     4.300
     5.296
     5.349
     4.970
     3.122
     3.020
     3.029
     1.713
     1.044
     2.887
     4.200
     2.805
     1.748
     3.349
     3.897
     4.147
     4.925
     3.443
     4.534
     6.348
     6.040
     5.037
     4.080
     3.894
     3.958
     1.836
     2.346
     1.466
     2.530
     3.212
     3.089
     2.954
     3.793
     2.793
     3.600
     2.110
     4.350
     3.997
     3.954
     1.726
     1.814
     0.650
    -0.644
    -2.652
    -1.751
    -0.404
    -1.639
    -2.878
    -2.984
    -3.037
    -4.246
    -5.025
    -6.399
    -7.035
    -6.563
    -7.248
    -7.310
    -8.009
    -7.217
    -7.115
    -7.186
    -5.252
    -7.138
    -7.311
    -8.151
    -7.917
    -8.058
    -7.115
    -9.011
   -10.090
   -10.876
   -11.154
   -10.949
   -10.686
   -11.659
   -10.727
   -11.582
   -10.141
   -10.239
    -9.519
   -11.884
    -9.978
   -11.022
    -9.313
    -6.520
    -4.687
    -5.640
    -6.479
    -7.296
    -7.632
    -7.515
    -6.695
    -9.233
   -10.426
   -11.959
   -12.785
   -12.503
   -13.548
   -13.986
   -12.178
   -13.124
   -12.633
   -10.816
    -7.977
    -4.837
    -2.511
    -0.940
    -0.213
     3.737
     5.028
     7.343
     9.624
     9.750
    10.255
    11.559
    13.498
    17.097
    18.003
    19.470
    20.486
    21.107
    20.118
    19.536
    20.253
    21.539
    18.027
    18.137
    16.112
    14.027
    14.005
    16.912
    17.901
    16.615
    13.808
    12.614
    12.733
    15.736
    16.352
    15.647
    15.613
    15.444
    14.704
    11.442
    11.353
     9.755
     7.135
     6.363
     5.046
     3.088
     2.794
     2.976
     1.047
    -0.336
    -0.446
    -0.648
    -2.018
    -3.726
    -2.931
    -4.863
    -1.699
    -0.961
     1.238
     2.035
     1.000
    -0.230
    -1.255
    -1.210
    -3.698
    -4.254
    -2.009
     0.084
    -0.633
    -1.947
    -0.965
    -1.427
    -1.350
    -2.092
    -1.077
    -2.398
    -2.201
    -3.933
    -6.497
    -6.920
    -7.552
    -9.280
    -6.623
    -7.070
    -6.258
    -6.700
    -4.845
    -6.344
    -6.495
    -5.898
    -6.115
    -5.438
    -5.981
    -7.582
    -9.611
   -11.873
   -13.927
   -13.145
   -11.794
   -11.756
    -9.018
    -7.166
    -7.669
    -9.088
    -7.310
    -8.787
    -9.995
   -10.886
   -13.808
   -15.689
   -16.224
   -16.537
   -15.743
   -15.484
   -14.910
   -11.691
   -12.214
   -10.159
    -8.167
    -9.303
   -10.453
   -14.592
   -14.102
   -14.426
   -14.583
   -15.607
   -17.806
   -20.819
   -21.242
   -19.988
   -19.643
   -19.345
   -20.226
   -19.389
   -18.577
   -16.330
    -8.925
    51.351
    56.938
    38.812
    36.887
    37.800
    37.962
    36.087
    34.511
    38.009
    39.628
    36.330
    31.371
    31.101
    25.177
    25.363
    21.952
    23.613
    25.938
    19.683
    16.611
     8.450
     3.516
    10.207
    10.866
    15.299
    11.606
     5.937
     2.822
     3.116
     1.267
    -2.827
    -9.007
   -12.596
   -13.655
   -11.908
   -14.793
   -17.683
   -20.391
   -23.408
   -21.117
   -21.678
   -15.180
   -11.302
    -8.600
    -7.752
    -7.687
   -10.357
   -10.809
    -5.385
    -1.714
    -3.823
    -6.925
    -8.125
    -6.147
    -3.018
     2.513
     5.475
    11.691
    12.001
    12.316
     6.436
     6.373
     7.966
     7.570
     6.539
     4.932
     8.513
    14.891
    10.180
     6.672
     6.107
     1.598
     0.816
     0.183
     3.118
     4.581
     0.712
    -3.369
     1.341
     3.343
     2.844
     3.458
     6.924
     5.767
     5.256
     6.480
     7.166
     4.215
     0.889
     3.248
     3.490
     2.483
     3.415
     4.097
     3.379
     0.637
    -0.730
    -3.421
    -6.335
    -4.741
    -0.431
     2.042
    -3.933
    -4.738
    -5.239
   -11.830
   -17.023
   -19.182
   -22.981
   -21.123
   -24.291
   -25.105
   -26.681
   -27.878
   -26.645
   -29.927
   -32.185
   -31.379
   -30.000
   -29.275
   -28.839
   -27.428
   -21.809
   -10.522
   -12.139
   -14.933
    -7.683
     1.645
     2.157
    10.056
    14.398
    14.753
    17.311
    24.627
    39.981
    39.904
    22.427
    16.262
    17.607
    22.678
    20.632
    12.436
    12.760
    13.211
    12.408
    11.417
    11.869
    11.495
    11.431
    10.375
     6.920
     5.438
     9.998
     8.816
     7.958
     8.694
    10.199
     2.438
     1.060
     1.864
     1.727
     4.710
     6.246
     2.727
     5.526
     8.217
    10.790
    19.962
    20.851
    -4.513
   -14.107
    -0.980
     1.044
    -0.217
    -2.833
    -4.454
    -0.438
    -4.234
    -3.862
     1.554
     1.543
   -20.628
   -19.634
    -6.713
    -8.798
   -13.788
   -10.983
    -7.949
    -8.084
    -7.388
    -6.456
    -7.740
   -10.506
    -4.943
    -8.295
    -5.751
    -5.788
    -3.660
    -2.969
     4.807
     1.435
     0.183
     3.948
     3.421
     1.209
    -1.626
    -0.246
     4.679
     4.258
     0.688
     2.078
     1.155
    -1.952
     0.946
    -2.611
    -3.512
    -2.049
    -2.530
    -2.173
    -3.239
    -5.629
    -8.889
    -6.673
    -8.442
    -4.906
    -3.513
    -5.773
    -5.037
    -6.172
    -5.601
    -1.637
    -1.890
    -2.551
     2.163
     4.453
     2.248
     6.263
     5.150
     3.075
     3.390
     4.261
     5.993
     5.953
     5.843
     6.411
     6.279
     8.815
     8.975
     7.099
     5.866
     4.404
     4.038
     7.913
     5.558
     4.140
     8.385
    12.171
    11.916
     9.764
     5.040
     6.031
     7.111
     4.646
     3.457
     2.598
     5.202
    16.346
    12.625
     3.371
    -1.308
    -4.491
     1.745
     7.799
    -2.258
    -9.479
    -7.954
    -6.565
    -9.513
   -10.378
    -8.270
    -5.335
    -2.557
     1.000
     1.995
    -0.350
    -1.473
    -0.994
     4.625
     1.312
    -1.964
    -3.208
    -1.525
    -2.465
    -6.664
    -5.866
    -8.245
    -9.696
   -11.887
    -4.641
    -9.673
   -12.136
    -9.625
    -2.414
    -5.999
   -10.706
   -14.443
   -14.115
    -9.017
   -10.650
    -5.553
    -5.661
    -2.763
    -9.904
   -11.050
    -9.486
    -7.615
    -7.417
    -5.356
    -1.295
    -2.689
     3.276
     2.790
     7.654
     8.440
    10.114
     9.223
     9.182
     8.248
     6.840
    11.580
     9.312
     8.688
     4.287
    -1.407
     0.155
    -2.365
     2.003
     5.007
     2.395
    -1.841
    -4.402
     0.938
     5.946
     5.462
     3.521
     2.259
     2.582
    10.743
     9.965
     5.885
     6.744
     5.208
     3.048
     0.449
    -0.778
    -3.170
    -1.002
    -0.263
    -0.824
    -6.691
    -3.472
     0.879
     2.726
     3.093
    -2.538
    -4.125
     7.495
    13.624
     5.151
    -0.192
     2.047
     3.723
    -1.263
     1.022
    -1.543
    -3.912
    -1.549
    -0.381
     0.440
     0.211
     3.790
     0.713
     0.991
     1.114
     3.967
     2.077
     0.436
    -2.755
    -3.693
    -3.635
    -5.007
    -3.880
    -5.438
    -5.982
    -7.563
    -1.516
    -2.802
    -2.578
    -2.113
    -0.282
    -2.000
    -4.754
    -1.372
    -1.108
    -0.683
    -2.049
     0.671
    -1.765
    -2.742
    -2.944
    -4.144
     0.810
     3.850
     5.094
     1.664
     2.906
     3.453
     2.253
     1.219
     4.171
     3.435
     3.791
     5.878
     3.776
     1.323
     2.581
     2.530
     0.836
     3.442
     1.246
     0.250
     1.595
     4.019
     3.975
    -0.042
    -0.637
     3.816
     4.058
     3.266
     1.851
    -2.495
    -0.241
     4.355
     0.303
     1.441
    -0.791
    -2.277
    -4.462
     3.194
     3.809
    -1.502
    -1.786
    -4.856
    -1.363
     1.467
     1.112
     0.554
    -0.934
    -1.769
    -0.782
    -2.005
    -1.646
    -2.067
    -1.543
    -2.662
    -0.499
     0.514
    -0.418
    -2.992
    -3.176
    -3.708
    -3.433
    -3.591
    -3.362
    -1.633
    -2.802
    -0.427
    -1.347
     1.984
     2.432
     0.679
     0.579
     1.109
     0.856
     0.003
    -1.236
    -1.084
     0.054
    -2.434
    -0.023
    -1.585
    -2.206
    -1.242
     0.347
     2.207
     1.098
     2.235
     1.574
     1.062
     1.102
     2.132
     0.531
    -0.072
    -1.013
    -0.920
    -2.018
    -3.078
    -4.116
    -3.035
    -2.931
    -3.860
    -5.925
    -6.069
    -5.922
    -5.343
    -7.252
    -9.092
    -9.322
    -7.947
    -7.856
    -9.543
    -8.605
    -8.310
    -6.383
    -7.269
    -6.478
    -6.430
    -5.992
    -5.273
    -5.303
    -5.379
    -6.276
    -5.874
    -6.175
    -2.618
    -1.045
    -2.917
    -2.762
    -0.601
     1.609
     2.409
     3.665
     3.579
     4.445
     6.884
     8.669
     9.812
    10.230
    13.090
    15.009
    13.930
    11.978
    11.045
     9.935
     9.156
     9.169
     4.516
     3.732
     5.085
     5.369
     1.686
     2.976
     1.455
     4.088
     3.221
     6.580
     8.828
     9.820
    10.007
     9.170
    11.108
    10.150
     9.709
     9.323
     7.622
     7.372
     8.489
     7.453
     8.696
    12.962
    16.132
    18.901
    16.805
    14.454
    16.459
     4.125
     3.658
    -0.063
    -4.553
    -6.048
    -6.075
    -9.919
   -10.405
    -9.132
    -8.124
    -9.104
    -9.209
    -9.200
    -7.677
    -6.704
    -6.850
    -4.326
    -2.988
    -4.057
    -1.037
     1.142
     3.260
     7.275
     6.389
     4.815
     3.693
     4.865
     6.479
     5.554
     3.036
     3.006
    -0.339
    -2.483
    -0.624
    -1.800
    -2.275
    -2.071
    -5.277
    -6.434
    -8.299
    -8.644
    -8.732
    -7.925
    -8.258
    -7.719
    -7.580
    -4.879
    -4.711
    -4.086
    -7.150
    -8.364
   -10.910
   -11.054
   -10.538
   -12.300
   -14.987
   -16.906
   -19.745
   -21.276
   -21.613
   -21.886
   -21.083
   -19.245
   -18.575
   -20.143
   -19.426
   -19.884
   -18.128
   -18.549
   -17.796
   -17.303
   -16.809
   -15.514
   -15.034
   -16.148
   -14.422
   -15.439
   -11.848
    -8.987
    -6.574
    -3.852
    -1.023
     0.828
     3.081
     4.393
     6.467
     5.898
     4.294
     5.067
     4.996
     7.534
    13.275
    18.596
    19.045
    19.725
    20.963
    28.112
    27.774
    28.825
    29.277
    31.043
    30.150
    29.896
    28.912
    25.715
    21.752
    18.741
    15.382
    12.663
    11.319
    10.910
     9.357
     8.947
    13.464
    14.797
    15.701
    15.778
    12.791
    10.779
    12.046
    10.188
     9.804
    10.661
    12.268
    12.474
    14.131
    15.577
    14.806
    11.107
    10.462
     9.582
     7.815
     6.183
     6.933
     7.527
     9.296
     6.395
     5.017
     2.665
     2.384
     1.076
     0.859
     1.369
     0.170
    -1.243
    -3.656
    -2.568
    -3.295
    -2.836
    -3.933
    -7.499
   -10.766
   -12.240
   -14.361
   -17.569
   -21.052
   -21.368
   -20.161
   -21.657
   -24.967
   -26.160
   -26.501
   -25.260
   -22.559
   -21.235
   -21.525
   -21.932
   -21.240
   -18.220
   -16.126
   -13.064
   -12.487
   -14.763
   -12.579
   -11.759
   -11.571
   -11.931
   -11.801
   -13.328
   -14.564
   -16.793
   -12.803
   -12.100
    -6.821
    -7.629
    -3.312
     2.061
     1.008
     0.068
    -1.712
    -4.567
    -6.375
    -5.389
     1.075
     2.334
     7.647
    10.707
    10.032
    10.744
    10.617
     8.520
     5.036
     9.476
    11.768
    11.194
    11.386
    12.631
    10.004
    13.790
    19.460
    14.545
     9.923
     4.977
     5.656
     8.736
     8.136
     5.097
     6.541
     6.652
     8.322
     8.139
     4.262
    -2.980
    -2.775
    -7.268
   -11.571
    -9.875
    -9.563
    -9.327
    -5.201
    -4.535
    -5.601
    -3.465
    -4.267
    -4.889
    -4.540
    -7.520
    -6.887
    -1.279
    -6.501
    -1.512
    -3.431
    -0.209
     4.210
     2.368
    -1.968
     2.232
    -0.630
    -1.382
     0.922
    -1.002
     2.222
     6.052
     6.826
     8.229
    11.544
    15.268
    15.648
    19.215
    19.687
    19.103
    16.520
    18.056
    16.044
    10.330
     8.466
     6.407
     3.721
     2.886
     2.324
     3.312
     3.754
     3.995
     2.880
     1.819
     0.192
     0.231
    -0.779
    -0.479
     2.072
     5.280
     6.441
     6.712
     4.714
     4.932
     2.103
     0.308
    -0.890
    -4.191
    -7.314
   -12.612
   -17.238
    -5.066
    -0.247
     0.100
     2.580
     2.250
    -2.929
    -2.882
    -4.970
    -6.338
    -7.248
    -6.716
    -1.189
     2.608
     8.418
    13.584
     9.819
     8.157
    -4.182
   -11.799
   -13.503
   -16.025
   -17.546
   -10.460
    -0.608
     1.202
     2.965
    -0.253
     0.602
    -3.034
    -3.022
    -4.022
    -4.467
    -6.497
    -6.606
    -6.182
    -5.445
    -6.360
    -4.973
    -6.160
    -7.121
    -6.850
    -7.788
    -7.582
    -6.447
    -5.573
    -5.333
    -4.212
    -5.074
    -6.095
    -7.045
    -6.980
    -7.685
    -8.823
    -8.176
    -3.845
     1.770
     4.344
     5.891
     6.706
     5.699
     6.362
     5.512
     4.667
     2.526
    -0.225
    -1.334
    -2.172
    -2.978
    -2.589
    -2.692
    -1.726
    -1.559
    -1.569
    -0.770
     0.653
    -1.383
    -0.442
     0.563
     1.360
     0.661
    -0.075
    -1.249
    -1.425
    -1.645
    -0.480
    -1.516
    -2.404
    -1.427
    -0.433
    -0.108
     0.955
    -0.857
    -1.141
    -1.846
     0.287
     0.584
     0.201
    -0.518
     0.475
     1.610
     1.920
     1.481
     2.505
     2.745
     3.705
     4.865
     3.531
     3.796
     3.700
     3.878
     5.127
     4.876
     4.967
     5.908
     5.996
     6.991
     6.042
     5.229
     3.851
     3.659
     1.992
     2.730
     3.729
     2.139
     2.018
     2.259
     1.246
     1.198
     1.153
     2.128
     1.879
     3.876
     4.396
     6.036
     8.083
     9.090
    10.829
     9.708
     9.679
     8.563
     8.055
     7.534
     6.258
     9.063
     7.940
     6.047
     6.631
     8.420
     8.022
     5.713
     4.908
     3.848
     1.455
    -3.160
    -4.558
    -5.238
    -6.889
    -8.525
    -6.574
    -6.561
    -6.216
    -5.293
    -5.332
    -6.561
    -6.487
    -6.662
    -6.620
    -6.808
    -5.860
    -7.235
    -6.078
    -6.097
    -3.968
    -4.358
    -2.246
    -2.236
    -2.372
    -2.752
    -1.982
    -1.724
    -2.705
    -2.141
    -3.290
    -3.481
    -3.207
    -4.511
    -3.424
    -3.386
    -3.695
    -2.740
    -3.028
    -3.297
    -2.159
    -2.065
    -4.300
    -3.251
    -4.562
    -4.459
    -4.476
    -4.966
    -4.624
    -4.711
    -4.119
    -3.136
    -3.197
    -3.407
    -2.411
    -2.571
    -2.740
    -2.838
    -2.738
    -3.763
    -3.004
    -3.794
    -3.786
    -2.518
    -0.706
    -0.668
    -0.327
     0.180
     0.311
     2.107
     1.535
     3.125
     2.850
     1.970
     2.770
     2.919
     2.763
     2.724
     2.625
     2.235
     3.224
     3.293
     4.285
     3.280
     4.019
     3.037
     3.183
     3.346
     3.266
     3.415
     2.477
     1.102
     0.170
     0.063
     0.230
     0.147
     0.097
     0.420
     0.341
     0.061
     0.326
     1.152
     1.334
     1.147
     1.383
     1.475
     1.439
     1.301
     1.429
     1.426
     0.156
     0.219
    -0.763
    -0.614
    -0.642
    -0.613
     0.549
     0.546
     1.424
     1.275
     2.500
     2.197
     3.735
     3.394
     2.714
     2.274
     1.428
     0.529
     1.734
     0.815
     0.796
    -0.326
    -0.442
    -0.307
    -0.989
    -2.104
    -2.482
    -1.379
    -1.211
    -0.823
     0.950
     0.981
     1.174
     1.215
     0.800
     1.248
     2.126
     1.727
     0.937
    -0.006
     0.433
    -0.715
     1.407
     2.146
     2.047
     2.116
     1.975
     0.981
     0.681
     1.664
     2.861
     1.883
     1.724
     2.479
     2.844
     3.271
     3.005
     1.920
     2.794
     2.852
     2.430
     2.534
     1.631
     0.684
     1.254
     1.333
     1.182
     0.967
     0.093
    -0.432
    -0.148
    -0.468
    -0.330
     0.384
    -0.752
    -0.540
    -0.862
    -0.892
     0.009
    -0.062
    -0.031
    -0.621
    -0.687
    -0.675
    -1.842
    -0.816
    -0.774
    -1.100
    -1.190
    -1.292
    -2.263
    -1.612
    -1.927
    -1.876
    -1.914
    -1.990
    -2.112
    -1.402
    -2.698
    -1.609
    -1.805
    -1.804
    -1.126
    -2.142
    -2.311
    -2.472
    -1.771
    -3.098
    -3.094
    -3.147
    -3.451
    -3.391
    -2.489
    -2.662
    -2.954
    -3.984
    -4.165
    -4.257
    -4.763
    -5.477
    -5.813
    -5.971
    -5.947
    -6.182
    -5.462
    -5.697
    -5.636
    -5.543
    -5.745
    -5.955
    -6.264
    -5.708
    -7.786
    -6.566
    -7.936
    -7.071
    -7.258
    -6.139
    -5.776
    -5.868
    -4.883
    -2.578
     0.389
     0.334
     3.560
     2.790
     6.167
     8.839
    10.337
     9.753
    10.565
    10.145
    10.078
     8.783
     6.821
     6.524
     5.537
     5.510
     5.416
     4.460
     4.429
     4.144
     5.333
     6.364
     6.117
     4.927
     5.021
     6.107
     6.027
     4.772
     4.735
     5.550
     6.521
     5.404
     4.135
     3.053
     3.096
     3.396
     3.480
     2.921
     3.028
     1.976
     2.463
     2.237
     0.993
     0.242
     0.189
     0.514
     1.293
     1.535
     2.448
     2.446
     1.631
     1.567
     1.491
     2.457
     2.220
     1.485
     1.421
     1.461
     1.467
     1.343
     0.276
    -1.510
    -0.622
     1.426
     2.406
     2.324
    -0.527
    -4.377
    -5.969
    -5.060
    -3.780
    -2.729
    -1.908
    -1.928
    -1.731
    -2.865
    -4.119
    -5.825
    -5.475
    -6.427
    -3.462
    -3.339
    -1.447
    -3.414
    -3.389
    -3.549
    -3.974
    -2.974
    -4.060
    -2.879
    -1.636
    -0.855
    -0.620
    -0.626
    -0.633
    -0.162
     0.431
    -1.408
    -1.288
    -0.298
    -0.127
    -0.842
    -0.940
    -0.809
    -0.709
     0.065
     0.288
     0.700
     0.759
    -3.375
    -3.432
    -3.411
    -2.021
    -2.960
    -2.913
    -2.807
    -1.878
    -1.859
    -1.840
    -1.855
    -0.717
    -0.400
    -0.758
    -0.644
     0.401
     0.495
    -0.539
    -1.352
    -1.242
    -1.954
    -1.063
    -1.876
    -1.695
    -2.516
    -2.465
    -1.474
    -1.162
    -1.470
    -0.318
    -0.378
     0.787
    -0.114
     0.075
     1.006
    -0.080
    -1.153
    -2.983
    -3.132
    -1.974
     0.173
     2.044
     3.737
     3.009
     4.157
     4.202
     3.147
     2.048
     2.925
     2.572
     1.885
     0.916
     2.154
     2.092
     1.325
     0.421
     1.416
     1.551
     0.313
     1.503
     2.624
     2.556
     3.314
     3.383
     3.302
     2.580
     2.432
     1.467
     2.508
     3.577
     2.581
     2.741
     1.517
     1.257
     2.596
     1.388
     1.361
     1.411
     1.162
     1.324
     1.089
     2.150
     0.242
     0.389
     0.284
     0.272
     0.038
    -0.879
    -0.014
    -0.857
    -0.198
    -0.448
    -0.150
    -0.199
    -0.448
    -0.518
    -0.531
    -1.531
    -1.772
    -1.738
    -1.658
    -2.578
    -1.870
    -0.622
    -1.011
    -0.061
     0.863
     0.572
     0.792
     0.512
    -0.468
     0.384
     1.033
     0.967
     0.902
     0.336
     0.233
     0.303
     0.020
    -0.088
    -0.188
    -0.187
     1.574
     0.275
     0.193
     0.006
     0.017
    -0.149
    -1.320
    -1.381
    -1.373
    -0.626
     0.395
     0.189
     0.166
    -0.226
     0.913
    -1.505
    -1.629
    -0.577
    -0.901
    -2.305
    -2.426
    -2.164
    -1.368
    -1.208
    -1.611
    -1.473
    -1.327
    -0.892
    -1.132
    -0.418
    -1.406
    -1.513
    -1.644
    -1.963
    -2.007
    -1.191
    -0.713
    -0.927
    -1.174
    -2.456
    -2.930
    -2.686
    -1.650
    -2.114
    -1.992
    -0.993
    -1.121
    -0.564
    -0.562
    -1.814
    -1.526
    -1.960
    -1.880
    -0.443
    -0.573
    -0.555
    -1.499
     1.426
     1.120
     0.975
     1.378
     0.674
     0.569
     0.763
     0.792
     0.416
     1.423
     2.385
     2.483
     1.106
     2.096
     2.204
     0.906
     0.734
     1.066
     2.611
     1.372
     0.859
     0.759
     1.475
     0.843
     0.904
     1.806
     1.712
     3.651
     2.654
     3.476
     2.720
     2.811
     3.571
     4.004
     3.677
     5.573
     4.558
     4.260
     4.365
     4.361
     4.141
     4.336
     4.551
     4.520
     2.214
     3.574
     1.670
     3.507
     0.717
     0.724
     0.569
     0.396
     0.637
    -0.129
    -0.684
    -0.375
    -0.551
    -0.219
    -0.045
    -0.159
     0.028
    -0.255
    -0.251
    -2.300
    -2.522
    -3.490
    -5.248
    -5.870
    -6.398
    -5.960
    -7.769
    -7.511
    -7.681
    -8.197
    -8.086
   -10.399
    -7.420
    -4.221
    -6.655
    -5.298
    -4.263
    -2.663
    -3.214
    -2.695
    -2.711
    -0.886
     0.440
    -0.693
    -0.902
    -1.730
    -0.681
    -2.617
    -0.479
    -2.684
    -2.975
    -4.029
    -4.943
    -4.808
    -3.456
    -4.555
    -5.339
    -2.847
    -3.051
    -2.621
    -1.965
    -1.692
    -0.928
    -3.478
    -1.908
    -4.068
    -4.963
    -4.061
    -5.869
    -5.661
    -5.653
    -4.125
    -1.613
    -0.511
    -0.214
     0.535
     1.618
     3.817
     6.545
     6.271
     6.433
     6.530
     8.680
     8.729
    11.350
    12.747
    11.589
    13.607
    13.216
    12.284
    13.120
    13.413
    18.063
    17.151
    14.148
    10.118
     8.982
    12.161
    15.703
     8.909
     7.019
    13.534
    10.278
    10.554
     9.908
     8.832
     5.869
     5.060
     1.225
     1.435
     1.680
     3.365
     1.443
    -2.157
    -1.869
    -2.197
    -2.871
    -1.930
    -2.464
    -3.217
    -3.318
    -3.192
    -3.619
    -3.373
    -2.984
    -3.442
    -3.923
    -2.746
    -3.493
    -4.065
    -5.428
    -5.668
    -5.284
    -5.686
    -7.228
    -7.607
    -6.751
    -6.955
    -8.118
    -6.119
    -6.290
    -6.520
    -7.888
    -9.519
    -8.295
    -8.942
    -8.511
    -7.238
    -7.650
    -8.016
    -8.631
    -7.967
    -6.771
    -7.903
    -7.669
    -8.151
    -8.261
    -7.948
    -7.806
    -7.446
    -6.881
    -6.534
    -6.425
    -6.007
    -5.758
    -5.681
    -5.155
    -4.862
    -4.629
    -4.343
    -4.210
    -3.866
    -3.807
    -3.833
    -3.360
    -3.090
    -2.504
    -2.314
    -2.112
    -1.605
    -1.191
    -0.872
    -0.526
    -0.248
     0.177
     0.489
     0.845
     1.183
     1.514
     1.847
     2.189
     2.514
     2.851
     3.181
     3.513
     3.834
     4.164
