     6.692
     6.551
     6.497
     6.328
     6.249
     6.054
     5.956
     5.763
     5.635
     5.404
     5.271
     5.012
     4.766
     4.475
     4.234
     3.834
     3.572
     3.189
     2.806
     2.405
     1.977
     1.522
     1.222
     0.946
     0.673
     0.048
    -0.123
    -0.544
    -1.068
    -1.360
    -1.706
    -2.270
    -2.921
    -3.641
    -4.369
    -5.160
    -5.392
    -5.957
    -6.184
    -6.287
    -6.753
    -7.097
    -7.651
    -8.349
    -8.672
    -9.260
    -9.819
    -9.580
   -10.457
   -12.064
   -11.933
   -12.767
   -12.397
   -12.905
   -13.623
   -14.556
   -14.466
   -14.520
   -15.904
   -15.968
   -15.315
   -15.179
   -15.795
   -15.192
   -13.927
   -13.165
   -12.258
   -10.740
    -8.272
    -5.487
    -3.672
    -3.229
    -1.988
     0.091
     1.664
     1.492
     1.919
     2.887
     4.514
     5.017
     6.083
     6.285
     7.057
     9.530
    10.229
     9.220
    11.010
     9.499
     9.326
     9.265
     9.252
    10.628
    10.573
    10.550
    10.661
    10.626
     9.793
    10.037
    10.052
    10.017
     8.951
     8.574
     6.764
     7.330
     4.536
     4.206
     4.733
     4.773
     3.652
     2.707
     3.405
     3.545
     2.804
     3.981
     3.782
     1.838
     2.759
     0.894
     1.296
     0.349
     0.895
    -0.084
     0.125
    -0.383
    -1.757
    -1.396
    -0.878
    -0.679
    -1.915
    -1.517
    -0.625
    -1.843
    -2.244
    -3.328
    -3.512
    -3.014
    -1.716
    -2.671
    -3.790
    -3.843
    -4.374
    -4.311
    -3.369
    -3.481
    -2.636
    -3.233
    -3.673
    -5.437
    -3.797
    -4.349
    -2.170
    -1.124
    -2.518
    -3.428
    -2.169
    -2.129
    -0.773
    -0.616
    -0.883
    -2.689
    -3.583
    -3.070
     0.368
     0.873
     2.142
     3.170
     1.764
     1.864
     2.936
     4.342
     2.886
     2.948
     1.643
     3.056
     2.066
     3.357
     1.870
     2.594
     3.856
     4.440
     4.959
     3.563
     2.144
     1.740
     3.851
     3.945
     4.700
     3.108
     4.762
     4.202
     2.510
    -0.029
    -0.076
    -2.727
    -0.126
     1.593
     1.759
     3.704
     2.559
     3.167
     1.938
    -0.147
    -1.848
    -4.457
    -5.607
    -3.550
    -0.725
     0.598
    -0.580
    -0.722
    -1.969
    -2.957
    -5.336
    -9.167
    -6.648
    -6.734
    -7.503
    -5.904
    -7.831
    -9.641
    -6.754
    -6.674
    -6.854
    -7.502
    -6.518
    -7.189
    -5.243
    -4.391
    -2.570
    -1.645
     0.869
     1.058
     3.136
     5.055
     5.585
     6.776
     8.491
     8.016
     6.773
     6.992
     7.323
     5.433
     6.120
     5.155
     3.027
     1.020
     0.744
     0.766
     0.209
     2.092
     3.214
     2.120
     7.242
    -0.379
    -4.048
     0.013
     0.672
     0.011
     0.699
    -0.023
    -1.383
    -1.664
    -1.947
    -3.087
    -2.418
    -2.995
    -2.677
    -1.438
    -0.905
    -1.268
    -0.497
    -3.245
    -1.001
    -1.288
    -0.175
    -0.837
    -3.284
    -3.091
    -2.205
    -2.547
    -1.633
    -2.297
    -2.698
    -5.071
    -5.516
    -5.150
    -3.143
    -2.638
    -3.343
    -4.736
    -2.790
    -3.416
    -2.467
    -3.393
    -4.551
    -3.787
    -3.514
    -2.313
    -2.678
    -3.535
    -2.253
    -0.660
    -1.513
     0.248
     0.035
     1.676
     1.497
     0.443
     0.820
     0.633
     0.091
     2.263
     2.699
     3.233
     2.451
     3.245
     3.573
     5.070
     4.628
     5.550
     6.035
     6.793
     4.993
     6.303
     7.105
     6.599
     8.243
     6.981
     6.907
     6.209
     5.600
     4.310
     5.178
     5.717
     3.711
     3.969
     3.618
     3.425
     3.685
     4.457
     4.611
     5.154
     6.377
     4.893
     5.370
     5.151
     2.669
     1.161
     2.115
     1.528
    -0.281
    -0.910
    -1.813
    -1.271
    -1.972
    -0.558
    -1.767
    -3.739
    -3.711
    -4.897
    -4.379
    -5.182
    -3.728
    -0.856
    -3.809
    -4.769
    -2.867
    -3.507
    -1.501
    -0.958
    -0.941
    -0.393
     0.099
     1.598
     0.037
     0.844
     1.103
     0.904
     1.235
     0.558
     0.903
     0.602
    -0.262
    -0.249
     0.590
    -0.269
    -1.031
    -2.352
    -1.011
    -1.876
    -1.662
    -2.397
    -2.172
    -3.094
    -3.575
    -3.657
    -3.866
    -4.023
    -3.735
    -2.873
    -3.137
    -4.171
    -5.906
    -5.226
    -5.038
    -4.539
    -5.891
    -6.433
    -7.541
    -8.405
    -9.679
    -8.877
    -6.820
    -5.768
    -3.665
    -5.195
    -4.039
    -4.799
    -4.537
    -2.769
    -3.457
    -4.036
    -2.098
    -1.086
     2.276
     6.532
     7.326
     6.151
     3.841
     2.191
     1.545
     1.077
     3.659
     4.057
     4.422
     3.110
     0.631
    -0.494
     0.524
     1.381
     2.307
     0.945
     0.073
    -0.431
    -0.047
     1.801
     2.560
     3.023
     2.129
     1.667
     1.793
     0.883
    -0.437
    -1.747
     0.255
     1.523
     2.241
     1.581
     1.218
     0.561
     1.707
     2.118
     3.098
     3.224
     1.623
     3.433
     2.955
     2.201
     1.680
     1.188
     0.670
     2.171
     0.872
     1.558
     2.518
     1.152
     2.278
     2.197
     0.850
     1.239
     0.841
     1.643
     0.227
     1.130
     2.374
     1.726
    -0.629
    -0.356
     1.370
     0.770
     2.639
     0.283
     1.374
     1.839
     0.744
     1.190
     1.356
     2.320
     1.713
     1.456
     0.951
     2.122
     1.147
     0.164
    -0.040
    -0.778
    -0.263
     0.615
    -1.117
    -0.884
    -0.682
     0.380
    -1.420
    -0.384
     0.699
     0.192
     0.136
     1.547
     1.806
     3.120
     2.941
     3.241
     2.181
     2.796
     2.790
     3.580
     3.255
     3.055
     2.917
     2.874
     1.867
     4.808
     5.150
     4.056
     2.149
     1.299
     1.089
     1.452
     2.930
     2.498
     1.466
     1.291
     1.352
    -0.463
     0.001
     0.451
     0.368
    -0.833
    -0.582
    -1.267
    -0.071
     1.134
     1.356
    -0.004
    -1.254
    -2.849
    -2.655
    -1.251
    -2.688
    -1.971
    -2.257
    -3.284
    -5.176
    -4.679
    -5.301
    -5.453
    -6.208
    -6.971
    -6.946
    -7.128
    -6.292
    -7.840
    -6.442
    -5.556
    -7.328
    -8.616
    -6.903
    -8.035
    -8.118
    -8.260
    -7.006
    -5.219
    -4.878
    -5.184
    -4.931
    -5.783
    -4.910
    -4.451
    -4.355
    -2.885
    -3.814
    -4.588
    -4.198
    -3.668
    -3.867
    -2.651
    -3.714
    -3.542
    -4.040
    -3.453
    -4.474
    -4.526
    -3.413
    -2.010
    -1.387
    -2.795
    -0.955
    -1.162
    -0.767
    -2.121
    -0.068
    -0.434
     1.219
     1.314
     2.585
     2.954
     3.975
     4.238
     2.285
     3.099
     1.016
     0.495
     1.934
     1.595
     4.058
     5.446
     4.438
     4.639
     5.971
     6.223
     5.715
     6.140
     6.541
     6.143
     5.101
     6.069
     5.350
     6.526
     5.385
     4.464
     5.384
     5.266
     5.345
     6.320
     5.376
     7.703
     7.611
     7.181
     6.713
     6.797
     6.478
     7.299
     7.811
     7.237
     8.094
     7.639
     5.504
     5.391
     6.618
     6.781
     6.944
     8.058
     7.412
     7.991
     7.416
     7.031
     8.753
     8.212
     7.855
     7.869
     8.876
     8.154
     6.404
     2.641
    -1.765
    -1.681
    -2.983
    -4.864
    -5.759
    -5.175
    -6.685
    -8.183
    -7.547
    -6.612
    -6.349
    -5.846
    -5.298
    -5.058
    -4.080
    -4.441
    -5.726
    -2.901
    -2.730
    -1.874
    -0.146
     1.044
     0.310
    -0.744
     0.412
     0.341
     0.631
     0.354
     0.281
     0.413
     0.074
    -1.548
    -1.474
    -0.839
    -1.132
    -1.664
    -1.568
    -3.361
    -3.819
    -3.300
    -4.278
    -3.698
    -5.092
    -5.729
    -6.071
    -4.654
    -4.644
    -4.297
    -4.015
    -5.284
    -4.578
    -4.507
    -4.126
    -4.348
    -4.891
    -5.268
    -4.085
    -4.710
    -4.618
    -6.909
    -8.351
    -7.983
    -9.222
    -8.837
    -9.789
    -9.488
   -10.218
   -10.249
    -9.893
   -11.003
   -11.223
    -9.399
    -9.603
    -9.600
   -10.541
   -11.075
   -12.560
   -11.161
   -10.381
    -8.894
    -6.291
    -5.200
    -5.515
    -4.702
    -4.805
    -4.988
    -3.105
    -4.607
    -2.805
    -3.494
    -2.944
    -2.649
     0.094
    -0.833
    -1.713
     0.423
    -0.973
     0.174
    -0.231
    -0.747
     1.401
     2.175
     4.941
     5.107
     6.413
     6.042
     6.516
     6.538
     6.928
     7.837
     8.637
    11.116
    11.903
    12.775
    11.936
    12.547
    13.211
    14.874
    14.330
    14.096
    13.701
    14.493
    14.207
    11.816
    13.002
    13.386
    12.070
    11.453
    10.863
    12.754
    12.152
    12.094
    12.439
    12.156
    12.363
    11.617
    12.060
    11.745
    12.918
    13.100
    12.959
    12.827
    13.726
    13.843
    13.793
    14.141
    13.858
    14.755
    13.898
    15.027
    14.608
    14.291
    15.466
    15.853
    14.948
    14.964
    14.949
    14.356
    11.806
    13.565
    13.172
    12.470
     8.160
     6.943
     2.104
    -2.477
    -6.032
    -8.509
   -11.537
   -16.213
   -21.769
   -24.947
   -26.895
   -28.104
   -29.599
   -29.291
   -31.342
   -32.510
   -34.900
   -34.808
   -34.838
   -32.999
   -30.879
   -30.509
   -30.031
   -29.355
   -27.803
   -24.837
   -24.823
   -22.492
   -19.501
   -16.638
   -12.592
   -10.277
    -8.733
    -6.861
    -5.013
    -2.260
    -0.380
    -0.518
     1.330
     2.527
     2.800
     0.456
     2.533
     1.823
     0.992
     0.552
     0.364
    -1.029
    -1.059
    -1.278
    -1.740
    -3.235
    -2.396
    -1.834
    -3.168
    -0.920
     0.496
     0.794
     0.920
     0.198
    -0.075
     0.528
    -0.533
     0.500
    -0.298
     0.549
     0.904
     0.607
     1.294
     1.883
     2.578
     3.177
     3.919
     4.916
     4.722
     4.618
     1.499
     0.510
    -1.773
    -3.799
    -3.244
    -3.496
    -2.855
     0.552
     4.240
     9.752
    13.979
    14.663
    14.213
    14.509
    14.815
    15.826
    14.419
    15.480
    15.311
    14.963
    14.586
    10.513
     7.840
     6.241
     6.554
     8.196
     5.744
     4.161
     5.081
     4.903
     2.922
     1.130
     0.771
     2.938
     2.769
     0.677
     1.961
     3.327
     4.828
     4.649
     3.882
     3.059
     3.402
     3.834
     4.895
     5.662
     4.412
     3.025
     3.299
     3.874
     6.113
     6.422
     5.482
     6.081
     9.880
    10.156
     9.113
     8.160
     8.623
     8.529
     7.403
     7.318
     6.812
     6.327
     6.362
     6.991
     6.106
     5.409
     6.294
     4.044
     2.260
     2.690
     0.400
    -3.271
    -3.994
    -2.047
    -3.498
    -6.387
    -7.157
    -7.885
    -6.391
    -7.360
    -7.793
    -6.032
    -6.197
    -6.932
    -6.546
    -7.176
    -7.081
    -6.010
    -4.425
    -3.212
    -3.275
    -3.331
    -4.651
    -3.903
    -2.710
    -2.767
    -2.123
    -2.398
    -1.747
    -0.625
    -0.740
    -1.622
    -3.025
    -1.356
    -2.605
    -1.201
    -0.848
     0.160
    -0.433
    -2.260
    -0.706
    -0.173
    -1.652
    -1.379
    -1.095
    -2.538
    -3.738
    -5.173
    -8.289
   -10.093
    -9.522
    -9.178
    -8.429
    -8.721
   -10.904
   -13.403
   -13.903
   -12.051
   -13.476
   -12.639
   -14.890
   -14.163
   -16.636
   -18.531
   -17.516
   -19.030
   -21.255
   -21.874
   -20.802
   -19.163
   -19.270
   -21.165
   -22.096
   -25.575
   -26.712
   -28.623
   -31.490
   -34.578
   -36.026
   -34.834
   -33.360
   -32.741
   -33.999
   -32.204
   -32.807
   -27.410
    20.018
    32.271
    20.582
    15.300
    17.451
    16.313
    16.944
    16.758
    20.067
    20.908
    23.504
    20.109
    18.867
    17.902
    18.024
    20.193
    23.457
    21.917
    21.549
    28.587
    25.390
    21.504
    23.260
    30.590
    38.453
    41.006
    42.039
    43.304
    42.874
    44.590
    45.964
    44.220
    46.982
    45.207
    46.276
    42.444
    39.522
    35.254
    32.870
    34.355
    33.316
    35.310
    37.650
    34.298
    31.141
    31.139
    28.703
    26.158
    24.050
    22.533
    18.955
    15.714
    14.712
    10.777
     2.597
    -0.685
    -5.687
   -10.975
   -24.630
   -26.372
   -28.276
   -33.154
   -33.283
   -34.102
   -35.981
   -36.349
   -32.172
   -28.050
   -26.571
   -31.698
   -30.964
   -34.665
   -37.621
   -38.527
   -38.993
   -36.377
   -35.118
   -36.375
   -33.449
   -27.548
   -29.850
   -30.607
   -28.323
   -25.131
   -27.325
   -28.676
   -24.419
   -25.254
   -29.496
   -25.292
   -23.900
   -24.927
   -22.548
   -25.685
   -27.813
   -30.197
   -31.340
   -31.684
   -33.694
   -29.358
   -22.679
   -19.585
   -20.238
   -16.966
   -15.638
   -13.382
   -14.447
   -14.786
   -14.719
   -11.920
   -11.052
   -12.052
   -10.373
    -6.208
     0.299
     3.513
     5.293
     7.723
    15.198
    19.721
    24.112
    22.327
    29.468
    45.004
    48.654
    47.702
    53.931
    66.244
    51.413
    52.894
    73.063
    71.380
    49.749
    31.481
    41.793
    57.382
    34.613
    15.254
    10.389
    14.390
     4.653
    -6.512
    -5.301
    -2.155
   -14.043
   -11.095
    -0.869
    -3.429
    -0.504
    -2.099
    -9.982
   -16.225
    -5.654
     6.189
    -0.639
    -2.980
    -0.434
     4.038
     5.850
     3.364
     2.481
     6.322
     7.892
     4.078
     2.758
     5.734
     4.907
     9.723
     2.748
   -14.754
   -20.018
   -22.998
   -15.838
     4.529
    -6.852
   -16.777
   -14.574
    -9.551
    -2.867
    -1.320
     1.573
    -5.624
   -16.291
   -19.008
   -22.080
   -31.109
   -25.073
   -19.671
   -11.568
   -10.984
    -8.232
    -3.989
    -5.441
   -11.526
   -16.650
   -15.558
   -10.692
    -2.332
     5.230
     1.811
     0.909
     6.454
     6.069
    11.377
     8.166
     5.839
     7.689
    18.379
    22.112
    23.264
    23.083
    16.503
    16.216
    12.308
    15.015
    14.452
     7.926
     8.443
     7.450
     2.758
     0.435
    -3.675
    -2.191
     0.701
     6.094
     3.232
     0.132
    -0.450
    -1.324
     1.104
     4.155
     0.928
     2.069
     5.332
     4.660
     4.916
     4.867
     4.991
    -0.821
    -1.634
    -4.403
    -0.410
     0.755
     5.351
     4.438
     5.681
    -0.807
     0.400
     0.347
    -0.782
    -1.848
    -1.419
    -1.901
    -7.101
    -1.771
     3.447
    -6.613
   -13.976
   -16.137
   -14.663
    -7.142
   -10.376
   -11.603
   -13.208
   -10.525
     5.361
    12.266
    -4.875
   -11.050
   -15.608
   -10.103
    -2.770
    -4.432
   -16.804
   -24.508
   -15.982
   -21.377
   -22.785
   -23.837
   -22.209
   -20.677
   -16.557
   -10.785
   -11.670
   -13.239
   -13.040
    -7.264
    -5.330
   -10.498
   -10.307
    -8.240
    -1.829
    -5.513
    -8.059
    -6.920
    -7.940
    -6.150
    -4.502
     1.790
    -3.385
    -4.602
     3.820
    12.690
     7.101
     6.249
     0.599
    -1.019
     3.359
     3.723
     5.166
     8.645
    14.952
     8.761
     8.411
     6.757
     3.578
     6.276
    10.894
    15.968
    14.288
    16.630
    21.417
    22.469
    21.252
    23.023
    22.827
    24.812
    23.515
    23.652
    31.778
    26.629
    22.483
    15.015
    13.021
    17.212
    17.452
    17.130
    17.725
    16.569
    13.924
    11.542
    12.146
    13.894
    11.815
     5.899
     5.712
     8.001
    13.226
    10.538
     1.523
     2.101
     2.925
    -0.474
    -5.601
    -6.113
   -10.590
    -6.467
    -3.874
    -7.580
   -10.178
   -11.149
    -9.170
     0.119
    -8.236
   -24.808
   -15.170
    -4.399
     1.336
    -7.330
   -16.884
    -7.672
    -3.823
   -12.785
   -11.700
   -16.119
   -27.006
   -19.654
   -16.661
   -20.563
   -12.859
    -9.214
   -10.759
    -6.911
    -2.032
    -1.382
    -4.353
    -3.949
    -7.633
    -8.262
    -8.307
    -9.096
    -9.936
    -9.969
    -8.936
    -7.005
    -1.780
    -4.318
    -4.475
    -4.069
     0.462
    -3.700
    -4.892
     2.459
     3.029
     1.156
    -1.814
    -1.242
    -3.998
    -1.930
    -6.039
    -6.787
     1.435
     6.447
     3.682
    -3.638
     2.052
     5.223
     3.998
     0.909
     3.767
     7.005
    10.918
     4.893
     2.480
     3.214
     3.687
     6.517
     3.707
     6.897
     3.385
     0.422
     1.157
    -1.024
    -0.063
    -3.066
    -2.968
    -0.800
     1.218
     1.486
     0.258
    -4.112
     1.579
     4.658
     5.249
     4.276
    -0.163
    -6.736
    -3.495
     3.793
     5.765
    -6.564
   -15.278
   -13.422
    -5.416
    -6.175
    -8.721
   -11.142
    -9.547
    -9.873
    -6.290
    -7.959
    -7.686
    -6.589
    -4.069
    -1.749
     0.370
     4.360
    -0.435
    -2.501
    -1.970
    -0.358
     2.767
    -1.901
    -0.708
     0.491
     1.666
     1.071
     2.811
     6.070
     7.036
     6.602
     5.978
     6.825
     9.872
     9.579
     8.722
     9.017
     9.458
     9.313
    11.278
    12.526
    10.825
    12.426
    12.741
    14.245
    14.289
    14.018
    15.137
    17.488
    19.107
    16.635
    15.888
    15.685
    15.578
    15.365
    13.892
    13.642
    12.899
    13.315
    12.404
     8.946
     7.303
     7.280
     6.748
     6.316
     4.908
     3.834
     3.056
     3.304
     2.751
     1.288
    -0.520
    -1.955
    -2.151
    -3.554
    -3.091
    -5.374
    -6.263
    -4.725
    -6.461
    -9.005
    -9.977
   -11.375
   -11.788
   -13.113
   -12.464
   -15.505
   -18.401
   -17.073
   -18.242
   -17.784
   -18.982
   -18.656
   -17.984
   -19.266
   -18.036
   -19.405
   -20.628
   -17.028
   -16.046
   -15.736
   -15.698
   -13.760
   -12.945
   -10.897
    -9.336
   -12.419
   -11.725
   -11.230
    -8.236
    -7.933
    -5.955
    -6.364
    -7.440
    -8.703
    -3.950
    -6.209
    -5.178
    -5.023
    -4.931
    -3.906
    -1.331
    -0.156
     2.393
     1.569
    -0.175
     1.077
     0.395
     3.576
     5.631
     8.828
     9.425
     7.917
     8.749
    11.607
     5.977
     8.599
     8.514
    10.194
     8.583
     6.482
     6.812
     8.510
     5.936
     5.707
     5.671
     6.438
     7.263
     7.465
     6.197
     7.063
    10.866
     9.016
     7.312
     9.316
     8.930
    11.046
    10.757
     9.704
    10.956
    10.515
    10.226
    11.629
     9.974
     9.753
     9.938
     7.180
     6.250
     7.313
     6.924
     6.356
     5.817
     4.302
     3.977
     1.601
     4.848
     4.563
     5.349
     5.219
     4.532
     3.478
     4.828
     5.113
     1.905
    -0.069
    -1.124
    -3.811
    -4.429
    -4.668
    -5.328
    -4.639
    -5.409
    -8.261
    -7.931
    -8.769
    -7.777
    -6.983
    -6.441
    -7.052
    -6.481
    -6.603
    -6.594
    -6.376
    -6.389
    -6.661
    -7.229
    -6.525
    -7.296
    -7.165
    -7.818
    -7.615
    -7.427
    -7.852
    -9.065
    -8.115
    -7.918
    -7.735
    -7.163
    -6.158
    -6.503
    -6.426
    -5.975
    -4.804
    -6.701
    -5.859
    -3.958
    -1.937
     1.674
     2.047
     1.573
     4.208
     5.807
     5.484
     6.959
     6.664
     4.936
     4.533
     3.696
     3.659
     0.815
    -2.025
    -0.443
    -1.558
    -1.821
    -1.658
    -1.442
    -2.083
    -2.519
    -0.387
     2.738
     1.701
     2.803
     1.460
     1.407
     4.181
     3.394
     3.043
     3.554
     3.604
     5.698
     5.244
     5.855
     5.592
     3.452
     6.129
     2.247
     3.381
     3.798
     4.096
     5.480
     5.726
     4.421
     4.935
     3.567
     5.297
     5.756
     5.360
     6.020
     7.466
     6.636
     3.969
     4.383
     6.058
     6.412
     5.338
     3.794
     0.929
     2.321
     0.236
    -1.642
    -2.765
    -1.704
    -2.995
    -4.764
    -5.943
    -6.437
    -5.446
    -5.491
    -6.679
    -7.843
    -7.851
    -9.047
    -5.612
    -4.606
    -5.538
    -2.967
    -4.224
    -3.470
    -3.396
    -3.506
    -4.339
    -4.896
    -5.703
    -5.247
    -8.207
    -4.707
    -6.934
    -5.275
    -3.145
    -2.767
     0.466
     2.793
    -0.820
    -1.400
    -3.003
    -3.065
    -5.537
    -4.501
    -1.844
    -0.114
     0.932
     2.500
     0.020
    -0.443
     0.000
    -1.189
    -5.347
    -8.212
    -7.352
    -5.132
    -4.156
    -5.815
    -4.489
    -2.017
    -1.714
    -2.649
    -4.895
    -3.937
    -2.075
    -0.441
    -1.634
     1.253
     1.475
     2.780
     3.730
     4.253
     4.161
     1.895
     1.736
     0.900
     3.497
     4.323
     4.611
     5.885
     8.006
     6.156
     9.755
    10.174
    10.453
    11.431
    10.731
    11.883
    15.240
    13.128
    16.203
    14.408
    12.486
    13.251
    10.406
    11.336
    10.122
     9.163
     4.384
     1.761
    -0.742
    -2.147
    -2.601
    -5.508
    -6.855
    -8.228
    -8.634
    -5.588
    -5.155
    -3.028
    -3.794
    -3.195
    -1.681
     1.286
     2.016
     1.718
     2.832
     3.665
     3.662
     1.568
     1.135
     1.230
     1.561
     1.938
    -1.566
    -1.176
    -2.062
    -2.865
    -3.237
    -3.739
    -1.937
    -0.472
    -1.431
    -1.767
    -0.311
    -2.514
    -4.166
    -5.219
    -7.236
    -8.057
    -8.230
   -11.232
    -6.726
    -0.340
    -9.474
    -8.397
    -7.427
    -6.142
    -5.553
    -1.966
    -4.469
    -6.222
    -6.312
    -5.295
    -1.707
    -2.842
    -0.667
    -1.052
    -1.139
     0.260
    -2.288
     1.563
     2.797
     1.764
    -0.293
     2.260
     2.916
    -3.450
    -5.256
    -5.660
    -0.182
    -0.227
     2.239
     1.510
     1.094
    -1.274
    -1.028
    -1.967
    -0.711
    -2.299
    -1.974
    -2.145
    -2.039
    -2.171
    -1.422
    -2.526
    -2.380
    -1.833
    -1.537
    -0.821
    -1.059
    -1.374
    -0.475
    -1.468
    -0.076
     0.381
     1.646
     6.089
     1.721
    -0.485
    -1.605
     0.594
     2.766
     4.911
     5.396
     5.025
     3.785
     4.054
     4.454
     3.498
     3.340
     2.943
     1.842
     0.404
     0.402
     1.058
     3.113
     0.989
     1.381
     3.116
     5.194
     5.158
     4.202
     4.257
     4.450
     6.468
     5.513
     6.055
     6.611
     4.953
     6.931
     5.234
     3.631
     1.995
     1.814
     3.583
     3.955
     3.206
     2.760
     2.808
     3.543
     2.964
     3.513
     2.421
     2.944
     1.550
    -0.026
     0.429
    -0.222
    -2.403
    -4.159
    -4.135
    -3.146
    -3.322
    -3.983
    -6.076
    -3.473
    -4.209
    -2.876
    -4.393
    -4.067
    -3.913
    -3.122
    -4.577
    -3.500
    -1.802
    -2.789
    -4.565
    -3.957
    -4.020
    -3.748
    -5.133
    -5.508
    -7.549
    -4.842
    -4.820
    -2.951
    -1.190
     1.161
    -0.018
    -2.716
    -4.320
    -1.842
    -0.198
     0.283
     0.414
     2.392
     2.794
     2.585
    -0.248
    -0.573
     2.813
     2.796
     2.964
     1.213
    -2.545
    -2.505
     0.146
     2.571
     3.836
     2.142
     2.564
     1.034
     2.913
     2.043
     2.775
     3.024
     2.127
     1.733
     1.978
     0.051
    -0.079
    -0.390
    -1.315
    -0.664
    -0.838
    -1.361
    -1.218
    -1.849
    -1.266
    -0.869
    -1.076
    -1.240
    -2.782
    -0.022
    -0.719
    -1.229
    -1.657
    -1.408
    -1.116
    -0.658
    -0.852
     0.094
     0.270
     0.515
     0.534
     1.965
     1.833
     1.610
     1.533
     0.900
     1.533
     1.855
     1.251
     0.419
     0.208
     0.878
     0.188
    -0.153
     0.268
     0.152
    -0.027
     1.825
     1.530
     3.053
     2.476
     2.068
     1.915
     0.932
     0.759
     0.880
    -1.735
    -0.457
    -1.165
     0.398
     0.107
     0.218
     1.221
     1.045
     0.269
    -0.793
    -0.566
    -1.241
    -2.272
    -1.313
    -2.400
    -1.657
    -2.391
    -1.668
    -0.955
    -2.133
    -1.031
    -1.944
    -2.202
    -1.832
    -1.497
    -1.960
    -1.626
    -1.548
    -2.571
    -1.949
    -1.172
    -0.748
    -1.379
    -1.354
    -0.615
     0.099
    -0.279
    -0.608
    -0.311
    -0.216
    -0.027
     0.189
    -0.006
     1.204
    -0.474
     0.679
     1.106
     1.236
     0.906
     0.788
     0.098
    -0.017
    -0.989
    -0.695
    -0.908
     0.051
     0.286
     0.750
    -1.252
    -0.030
    -0.920
    -1.258
     0.989
    -0.335
     0.142
     0.115
    -0.238
    -0.064
    -1.093
    -2.186
    -0.518
    -0.943
     0.348
    -0.984
    -0.565
     0.235
    -0.060
     0.437
     1.056
     1.319
     1.772
     2.808
     3.112
     3.192
     4.765
     5.686
     6.913
     8.399
     6.878
     7.945
     6.797
     6.077
     4.236
     4.376
     4.038
     2.967
     2.230
     2.598
     2.154
     1.961
     1.915
     1.891
     2.020
     1.680
     3.082
     3.065
     1.590
     1.617
     1.559
     2.029
     1.185
     0.333
     0.547
    -0.089
    -0.048
    -0.533
    -1.294
    -0.946
    -1.335
    -2.249
    -2.251
    -2.433
    -3.373
    -3.246
    -4.332
    -3.701
    -3.512
    -2.952
    -2.977
    -3.012
    -3.293
    -3.622
    -4.142
    -3.310
    -5.710
    -5.200
    -5.444
    -5.099
    -4.971
    -4.665
    -4.512
    -4.866
    -5.630
    -5.384
    -5.020
    -4.918
    -3.400
    -3.138
    -3.502
    -3.298
    -3.282
    -2.990
    -3.149
    -2.737
    -2.516
    -2.419
    -1.977
    -0.814
    -1.265
    -1.716
    -1.357
    -1.345
    -0.973
    -1.528
    -1.489
    -1.521
    -0.728
    -0.725
    -0.469
    -1.630
    -0.897
    -1.047
    -1.095
    -0.309
    -0.525
     0.664
    -0.522
     0.435
     0.076
     1.199
    -1.058
    -0.083
     1.284
     2.528
     1.689
     0.892
     1.390
     2.107
     2.810
     3.334
     5.748
     5.397
     7.081
     8.618
     9.481
     8.600
     7.300
     6.688
     5.828
     6.611
     4.538
     3.582
     3.764
     4.425
     1.928
     1.558
     2.159
     1.238
     2.096
     1.381
     0.618
     1.581
     1.686
     1.742
     1.190
     2.264
     2.937
     3.391
     2.803
     0.285
     0.303
     0.716
     0.248
    -0.068
    -0.449
     0.326
     0.398
     0.950
    -1.276
    -2.731
    -1.152
    -1.470
    -1.276
    -1.643
    -0.518
     0.261
    -1.774
    -0.863
    -0.267
     1.517
     1.935
     1.414
     1.080
    -0.721
     1.616
     0.447
     0.711
    -1.768
    -1.570
     0.467
    -0.597
     0.507
     0.131
    -1.955
    -2.717
    -2.429
    -1.634
    -1.074
    -1.325
    -2.094
    -2.065
    -2.424
    -2.156
    -2.132
    -2.320
    -2.858
    -1.896
    -2.434
    -0.908
    -2.297
    -2.464
    -2.706
    -2.653
    -2.105
    -2.638
    -2.654
    -2.482
    -2.938
    -2.611
    -2.983
    -2.125
    -1.329
    -0.980
    -1.993
    -2.490
    -2.109
    -2.752
    -2.259
    -1.966
    -2.426
    -1.947
    -0.300
    -0.629
    -0.981
    -0.269
    -0.883
    -1.678
     0.068
     0.431
    -0.372
    -0.061
    -0.808
    -0.588
    -0.303
    -0.885
    -0.823
    -0.770
    -1.094
     0.130
    -0.098
     0.288
     0.526
     0.368
    -0.033
     2.098
     0.866
     2.157
     1.595
     2.080
     0.919
     1.015
     3.528
     2.550
     4.116
     3.215
     4.149
     3.707
     3.185
     2.971
     4.487
     4.228
     4.092
     4.462
     5.748
     5.042
     4.275
     4.826
     4.100
     3.574
     4.155
     3.282
     0.456
    -1.271
    -1.121
    -0.396
    -1.521
    -2.488
    -2.407
    -2.470
    -2.582
    -3.844
    -1.658
    -2.118
    -3.497
    -1.412
    -0.693
    -0.147
    -0.019
    -0.012
     0.047
    -0.118
    -0.055
    -0.213
     0.505
     0.437
     1.268
     0.727
    -0.260
    -0.929
    -1.743
    -0.569
    -2.150
    -2.755
    -1.983
    -2.453
    -2.655
    -2.058
    -2.821
    -3.662
    -2.574
    -4.026
    -3.046
    -3.556
    -2.503
    -2.851
    -1.376
    -1.691
    -1.475
    -1.120
    -1.728
    -1.381
    -1.479
    -0.815
    -1.467
    -0.633
    -1.543
    -2.009
    -0.964
    -1.169
    -1.072
     0.845
     0.479
     0.362
    -0.155
     0.427
    -1.198
    -1.335
    -0.287
     0.710
     1.651
     4.488
     4.254
     3.680
     4.775
     3.133
     2.659
     2.504
     4.033
     4.124
     4.911
     4.783
     3.649
     2.922
     1.811
     1.155
     1.697
     1.835
     2.343
     2.279
     2.346
     1.695
     2.224
     0.012
    -0.015
     0.258
    -0.045
    -0.945
     0.165
     0.194
     2.239
     2.501
     2.238
     1.861
     2.528
     0.888
    -0.173
     1.289
     0.489
    -0.740
    -0.020
    -0.231
     0.014
     0.652
    -0.016
    -0.072
    -0.147
     0.974
    -0.081
    -0.528
     0.494
     0.799
    -0.242
     0.905
    -0.421
    -1.146
     0.024
    -1.293
    -1.563
    -1.431
    -2.387
    -1.933
    -1.160
    -1.333
    -2.095
    -0.023
     0.927
    -0.796
    -1.236
    -0.996
     0.778
     0.281
     0.264
    -0.068
     0.656
     0.227
    -0.274
    -1.887
    -0.667
    -0.979
    -3.323
    -4.885
    -6.390
    -5.390
    -4.520
    -4.977
    -4.595
    -0.441
    -0.049
    -0.240
     0.858
     0.372
     1.304
    -1.081
    -0.886
    -0.322
     0.442
     0.778
    -0.758
    -1.074
    -0.276
    -2.825
    -1.695
    -1.510
    -1.005
    -1.272
    -2.259
    -1.869
    -0.449
     0.850
     1.862
    -2.780
    -2.731
    -3.874
    -4.275
    -2.892
    -2.416
    -2.912
    -5.434
    -5.333
    -6.241
    -4.589
    -3.740
    -3.308
    -1.562
    -4.003
    -3.997
    -2.360
    -3.057
    -3.379
    -1.874
    -3.241
    -3.651
    -4.357
    -6.202
    -5.600
    -5.016
    -2.968
    -2.132
     1.214
     2.401
     8.932
     5.825
     1.554
     4.457
    10.445
    14.700
    14.303
    12.167
    10.302
    11.619
     9.949
     8.718
     6.899
     2.095
     1.059
    -0.705
    -0.765
    -2.891
    -2.207
    -2.722
    -2.045
    -0.624
     2.839
     4.628
     9.293
    11.349
    10.834
     9.220
     7.547
     6.017
     8.845
     7.499
     2.760
    -1.675
    -6.308
    -6.462
    -5.874
    -3.604
    -2.007
    -0.956
     1.810
     3.264
     1.955
     3.453
     5.346
     7.342
     7.716
     4.664
     7.382
     5.837
     6.706
     7.830
    11.656
    14.838
    14.397
    14.640
    16.083
    15.177
    13.863
    17.091
    15.148
     5.397
    -3.437
    -2.881
     1.045
     5.166
     0.483
    -9.371
    -3.768
     3.563
    -1.642
    -6.508
    -9.999
   -12.294
   -17.213
   -22.831
   -28.098
   -27.849
   -23.176
   -19.732
   -17.241
   -19.769
   -18.966
   -16.781
   -14.548
   -14.906
   -15.893
   -14.420
   -11.058
    -7.546
    -7.626
    -7.490
    -9.182
    -8.222
    -9.036
    -9.461
   -11.509
   -11.684
    -8.679
    -7.130
    -7.744
    -7.233
    -6.851
    -4.603
    -1.252
     0.362
     2.880
     4.678
     3.663
     2.075
     3.074
     4.354
     4.956
     3.989
     5.168
     5.675
     5.562
     4.783
     4.193
     3.901
     4.815
     1.969
     1.777
     0.410
    -0.428
    -0.138
     0.143
     0.835
     2.172
     2.507
     2.687
     3.332
     2.901
     3.330
     4.164
     4.388
     4.748
     5.010
     5.114
     5.692
     5.772
     5.893
     6.514
     6.851
     7.252
     6.742
     6.237
     6.914
     6.987
     7.032
     6.830
     6.964
     7.012
     7.024
     6.969
     7.071
     7.035
     7.085
     6.992
     7.017
     6.952
     6.972
     6.866
     6.851
     6.724
