     5.994
     5.828
     5.705
     5.514
     5.369
     5.154
     4.989
     4.786
     4.603
     4.357
     4.171
     3.900
     3.645
     3.303
     3.075
     2.681
     2.358
     1.936
     1.565
     1.101
     0.659
     0.237
    -0.115
    -0.336
    -0.600
    -1.097
    -1.299
    -1.666
    -2.194
    -2.675
    -2.808
    -3.154
    -3.862
    -4.611
    -5.207
    -5.994
    -6.462
    -6.864
    -6.839
    -7.360
    -7.450
    -7.571
    -7.988
    -8.592
    -8.895
    -9.435
    -9.739
    -9.403
    -9.763
   -11.245
   -11.502
   -12.036
   -11.682
   -12.243
   -12.512
   -13.778
   -13.812
   -13.152
   -14.896
   -15.148
   -13.600
   -13.439
   -14.407
   -14.122
   -13.146
   -11.479
   -10.383
    -9.642
    -5.621
    -3.858
    -1.759
     0.302
     0.706
     3.302
     3.801
     3.247
     3.585
     4.967
     6.559
     6.040
     7.767
     7.973
     7.637
     9.171
    10.154
     9.310
    10.629
    10.171
     9.789
     8.561
     9.566
    10.406
    12.637
    12.294
    12.729
    12.181
    11.501
    10.035
     9.348
     8.812
     7.700
     6.213
     5.493
     5.067
     4.393
     3.478
     3.441
     3.469
     3.567
     1.464
     2.894
     2.741
     2.185
     2.917
     2.705
     0.678
     0.470
     0.321
     0.194
    -1.119
    -0.236
    -0.483
    -0.773
    -1.028
    -2.885
    -2.053
    -2.887
    -1.431
    -1.515
    -2.204
    -2.274
    -2.365
    -3.549
    -4.358
    -4.011
    -4.285
    -3.672
    -2.756
    -3.615
    -3.842
    -4.682
    -4.902
    -5.271
    -4.376
    -2.611
    -3.376
    -2.952
    -4.312
    -4.537
    -3.963
    -2.979
    -3.071
    -2.931
    -3.659
    -1.533
    -1.115
    -1.880
    -1.228
    -1.582
    -1.912
    -3.186
    -3.309
    -0.658
     0.510
     2.142
     3.823
     3.738
     2.977
     3.344
     3.476
     3.694
     3.697
     2.836
     4.079
     2.959
     3.945
     4.443
     4.940
     6.536
     5.522
     7.065
     6.809
     4.554
     3.510
     4.010
     3.924
     5.145
     3.507
     5.153
     5.147
     3.593
     1.525
    -0.482
    -2.720
    -1.257
     0.497
     3.217
     1.587
     3.280
     1.230
     2.971
    -0.085
    -0.523
    -2.834
    -5.287
    -6.647
    -4.187
    -0.480
    -0.941
    -3.413
    -2.353
    -4.976
    -5.610
   -10.820
   -10.845
    -9.172
    -8.832
    -8.847
   -10.535
   -11.441
   -10.861
    -8.109
    -7.367
    -7.647
    -9.255
    -7.332
    -6.757
    -2.823
    -3.628
    -1.901
     1.179
     1.125
     2.933
     4.415
     8.614
     8.833
    10.186
    11.696
    10.752
    10.311
     9.927
     9.746
     8.700
     7.044
     5.544
     2.345
     2.605
     1.792
     2.635
     2.858
     3.136
     3.409
     5.686
     2.820
    -2.218
    -1.084
    -0.018
     1.157
    -1.032
    -0.748
    -1.343
    -1.418
    -3.410
    -3.871
    -3.426
    -3.196
    -3.398
    -2.490
    -2.644
    -2.679
    -2.142
    -1.622
    -0.680
     0.039
    -1.730
    -1.639
    -3.038
    -3.353
    -3.495
    -3.624
    -3.090
    -3.465
    -3.334
    -3.826
    -4.968
    -3.246
    -3.409
    -2.457
    -2.673
    -3.854
    -4.646
    -2.994
    -3.049
    -2.754
    -2.408
    -3.478
    -3.282
    -4.559
    -2.441
    -2.641
    -1.636
    -1.501
    -1.816
    -0.423
     0.452
     0.840
     0.779
     0.361
     1.595
     0.885
     0.588
     1.207
     4.484
     2.801
     1.499
     2.849
     4.479
     3.667
     4.111
     4.748
     4.771
     7.438
     5.432
     5.930
     6.735
     6.629
     6.700
     7.182
     6.341
     5.437
     5.143
     4.979
     4.994
     4.831
     4.045
     3.322
     4.379
     2.799
     3.315
     3.575
     3.908
     5.163
     5.407
     4.975
     3.723
     2.722
     3.299
     1.776
     2.310
    -0.624
    -0.749
    -1.648
    -2.554
    -2.152
    -2.148
    -3.829
    -2.292
    -4.164
    -3.326
    -4.259
    -3.959
    -4.201
    -3.740
    -2.149
    -2.438
    -4.056
    -3.362
    -3.346
    -0.889
     0.685
    -0.133
     0.550
     2.101
     1.688
     1.372
     2.682
     1.733
     1.807
     2.019
     2.037
     1.307
     1.584
     1.289
     1.532
     1.800
     0.005
     0.330
    -0.692
     0.250
    -1.799
    -1.468
    -2.121
    -2.175
    -2.592
    -3.468
    -3.783
    -4.334
    -3.982
    -3.735
    -3.219
    -3.688
    -4.285
    -4.815
    -5.285
    -5.052
    -5.935
    -4.535
    -6.216
    -7.406
    -7.925
   -10.313
    -9.324
    -7.742
    -7.119
    -6.235
    -5.626
    -5.298
    -5.945
    -4.458
    -2.974
    -2.854
    -3.130
    -3.091
    -0.543
     2.076
     5.391
     7.787
     7.251
     4.852
     1.970
     1.594
     2.389
     4.309
     3.940
     4.838
     2.838
     1.209
     1.113
     1.445
     0.426
     1.662
     1.193
     1.732
    -0.623
    -0.374
     0.706
     2.720
     1.427
     2.469
     1.420
     1.320
     0.882
    -0.252
    -2.791
    -0.552
     0.672
     0.784
     0.652
    -0.366
     0.334
    -0.283
     0.591
     1.337
     1.895
     1.689
     2.015
     3.068
     2.517
     2.022
     0.068
    -1.184
    -0.961
    -1.457
     0.521
     2.443
     1.464
     1.333
     2.344
     1.851
     1.466
     1.667
     2.847
     2.453
     2.645
     2.664
     2.366
     1.829
     1.902
     2.258
     3.146
     2.336
     2.184
     2.683
     2.000
     0.707
     1.339
     3.185
     3.585
     2.698
     3.276
     2.865
     2.123
     0.501
     0.334
     0.018
    -0.666
    -1.118
    -0.952
    -0.885
    -0.618
    -0.513
    -2.138
    -0.262
    -0.694
     0.870
     1.694
     1.346
     2.409
     2.406
     3.627
     3.820
     3.773
     3.248
     2.695
     2.379
     2.972
     4.000
     2.987
     2.547
     1.921
     1.333
     3.499
     4.808
     3.613
     2.398
     0.879
     0.416
     0.833
     1.111
     2.485
     1.489
     1.273
     0.483
    -0.228
    -0.472
    -0.569
    -0.464
    -0.496
     0.326
     0.470
     0.350
     1.549
     1.308
     1.789
     0.820
    -0.786
    -1.867
    -0.782
    -2.175
    -2.471
    -4.851
    -6.124
    -6.233
    -6.410
    -6.851
    -6.812
    -8.125
    -9.406
   -10.336
   -10.465
    -9.196
    -9.612
    -8.261
    -7.044
    -8.475
    -8.447
    -8.955
    -8.078
    -8.374
    -8.897
    -7.854
    -7.320
    -5.912
    -6.243
    -5.421
    -5.634
    -5.010
    -4.535
    -4.692
    -3.769
    -3.680
    -2.882
    -1.955
    -3.397
    -3.316
    -3.061
    -1.247
    -0.888
    -1.517
    -3.768
    -3.973
    -4.908
    -3.802
    -2.283
    -2.025
    -2.387
    -1.498
    -0.472
     1.023
     0.436
     2.315
     1.544
     2.926
     3.938
     4.145
     4.291
     5.651
     6.610
     5.233
     4.004
     4.550
     1.777
     4.454
     5.318
     6.216
     5.388
     5.642
     6.579
     6.870
     6.505
     6.710
     7.754
     6.365
     6.441
     6.240
     5.396
     6.059
     6.138
     6.366
     4.967
     4.122
     5.842
     5.764
     5.192
     5.869
     6.598
     7.156
     5.771
     7.417
     6.708
     5.711
     7.223
     6.295
     6.387
     7.943
     8.725
     7.245
     5.888
     6.514
     6.989
     5.654
     7.189
     6.683
     6.373
     6.043
     5.946
     5.414
     7.023
     8.043
     7.968
     8.580
     6.254
     6.184
     2.531
    -0.893
    -1.884
    -3.970
    -5.738
    -7.849
    -7.055
    -9.400
   -10.521
   -10.086
    -9.348
    -7.184
    -6.750
    -6.136
    -7.765
    -7.043
    -5.928
    -4.137
    -4.101
    -3.353
    -1.405
    -1.020
    -0.408
    -0.976
    -0.738
    -1.074
    -1.034
     0.454
     1.187
    -0.528
     0.163
    -1.455
    -1.106
    -0.425
    -2.383
    -2.117
    -2.912
    -2.089
    -3.755
    -4.663
    -5.525
    -5.385
    -5.862
    -5.873
    -6.399
    -6.688
    -6.090
    -6.197
    -5.661
    -4.928
    -5.779
    -5.921
    -4.764
    -4.369
    -3.259
    -3.456
    -3.681
    -3.667
    -3.985
    -3.665
    -5.364
    -5.414
    -7.697
    -8.282
    -7.757
    -7.353
    -6.983
    -8.247
    -8.120
    -8.105
    -8.502
   -10.009
    -8.989
    -8.907
    -7.248
    -8.678
    -8.572
    -9.633
   -10.140
   -10.465
    -7.981
    -5.699
    -4.806
    -4.081
    -4.186
    -2.676
    -3.087
    -2.918
    -1.451
    -1.123
    -0.606
    -1.725
    -0.595
     0.416
     0.432
     0.070
     1.458
     0.568
     0.137
     0.864
     1.629
     2.295
     4.178
     4.968
     6.486
     7.319
     7.529
     8.061
     7.613
     6.880
     8.753
     8.928
    11.130
    12.611
    13.437
    12.684
    11.704
    13.026
    14.355
    14.491
    13.966
    14.533
    14.078
    13.517
    11.833
    12.722
    12.843
    12.316
    11.894
    11.254
    10.408
    10.637
    11.377
    12.891
    11.268
    11.851
    11.690
    11.313
    11.501
    12.523
    12.758
    12.308
    11.733
    11.954
    11.730
    11.847
    12.785
    11.959
    13.241
    12.989
    13.156
    14.147
    13.980
    13.915
    13.121
    12.348
    13.889
    12.531
    11.456
     9.446
    10.329
    12.482
    10.494
     6.588
     6.039
    -0.363
    -5.061
    -8.661
   -11.528
   -14.634
   -19.638
   -24.175
   -27.789
   -29.203
   -29.902
   -31.793
   -33.922
   -34.154
   -35.527
   -37.489
   -38.820
   -37.752
   -35.460
   -33.507
   -32.097
   -31.128
   -29.836
   -28.763
   -25.565
   -25.078
   -22.891
   -18.698
   -15.936
   -13.335
    -9.962
    -7.671
    -5.340
    -2.404
     0.938
     2.201
     2.652
     4.267
     3.649
     5.545
     4.374
     3.503
     2.689
     3.160
     3.160
     2.676
     1.621
     0.928
     0.832
     0.169
    -0.399
    -0.997
    -0.837
    -0.427
     0.517
     2.826
     2.685
     2.837
     3.727
     2.112
     1.554
     2.071
     3.227
     2.874
     1.954
     2.825
     3.491
     3.676
     3.611
     4.403
     4.437
     6.036
     7.183
     8.217
     6.884
     4.667
     3.934
    -0.400
    -2.508
    -2.530
    -2.255
    -1.328
     1.650
     6.793
    12.799
    18.320
    19.061
    19.910
    19.593
    19.337
    19.421
    19.261
    19.147
    17.731
    17.567
    16.138
    11.888
     8.322
     4.549
     5.048
     6.070
     4.089
     1.368
     1.870
    -0.493
    -3.096
    -4.054
    -4.199
    -3.288
    -3.945
    -4.474
    -3.247
    -2.584
    -1.130
     0.292
     0.517
    -1.416
    -1.220
    -0.697
    -0.205
     2.082
     2.222
     1.671
     0.231
     1.396
     2.924
     5.066
     4.572
     4.588
     6.234
     7.861
     6.775
     6.408
     6.710
     8.143
     6.726
     5.095
     6.363
     5.483
     6.058
     7.152
     6.905
     6.092
     7.807
     7.355
     4.091
     3.314
     0.716
    -2.384
    -2.938
    -2.859
    -3.358
    -6.673
    -7.184
   -10.016
    -9.045
    -9.426
    -9.048
    -8.188
    -7.765
    -6.101
    -5.543
    -7.354
    -8.337
    -6.240
    -3.533
    -3.095
    -3.645
    -2.123
    -2.232
    -2.710
    -1.994
    -1.787
    -0.430
    -1.366
    -1.633
     0.675
     1.370
    -0.872
    -0.644
    -0.080
    -0.423
    -0.355
    -0.367
     1.009
     0.772
    -0.237
     0.452
     1.761
     1.344
     1.299
     2.467
    -0.309
    -3.062
    -5.471
    -6.983
    -9.316
   -10.276
   -10.380
    -8.908
    -9.445
   -11.205
   -13.575
   -13.637
   -11.972
   -11.499
   -12.287
   -14.599
   -14.634
   -16.001
   -16.837
   -18.811
   -19.728
   -20.976
   -22.261
   -21.936
   -19.509
   -16.913
   -18.702
   -21.614
   -24.485
   -27.050
   -26.574
   -30.492
   -33.350
   -36.754
   -35.498
   -33.282
   -32.383
   -33.351
   -33.417
   -33.775
   -28.525
   -10.885
    37.618
    32.830
    20.328
    19.624
    20.535
    18.354
    19.570
    20.998
    23.247
    25.497
    23.940
    20.720
    20.737
    20.859
    23.814
    24.672
    24.377
    28.350
    32.102
    34.509
    29.982
    24.447
    29.590
    37.167
    41.689
    44.862
    44.896
    43.753
    47.376
    47.511
    48.038
    47.853
    46.787
    46.256
    46.386
    43.075
    36.193
    33.688
    30.126
    31.852
    29.613
    31.980
    30.420
    27.598
    26.994
    25.881
    23.928
    19.365
    18.831
    16.633
    14.853
    10.106
     7.610
     0.508
    -7.780
   -13.169
   -19.570
   -30.088
   -35.832
   -35.080
   -40.026
   -42.936
   -41.681
   -42.343
   -42.735
   -41.521
   -37.581
   -32.352
   -34.767
   -35.004
   -34.562
   -37.609
   -39.135
   -40.090
   -38.452
   -35.846
   -37.103
   -36.546
   -31.404
   -29.871
   -32.297
   -31.182
   -27.546
   -26.820
   -29.282
   -27.262
   -26.575
   -27.954
   -28.019
   -25.622
   -24.802
   -22.924
   -24.435
   -27.199
   -29.605
   -30.716
   -29.890
   -30.119
   -28.586
   -24.207
   -19.729
   -17.055
   -14.023
   -10.686
    -6.572
    -5.473
    -4.801
    -3.100
    -2.424
    -0.085
     0.990
     0.513
     6.423
    12.768
    18.264
    23.105
    25.248
    28.266
    35.445
    41.312
    39.846
    41.570
    48.393
    58.902
    59.874
    58.260
    66.071
    56.899
    49.606
    63.593
    72.804
    48.708
    28.325
    23.289
    40.551
    32.776
    12.287
    -1.753
    -1.861
    -2.789
   -12.937
   -16.902
   -14.183
   -20.270
   -21.464
   -14.606
    -9.552
    -8.532
    -5.528
   -13.274
   -20.314
   -12.946
    -2.651
    -6.311
    -5.422
    -3.324
     4.110
     6.258
     3.380
     2.304
     2.005
     3.631
     6.609
    -0.725
     4.100
     3.381
     6.633
     0.063
    -5.611
   -18.062
   -29.792
   -19.969
    -2.882
    -2.688
   -12.410
   -16.257
   -10.646
    -3.454
    -1.615
     4.205
     7.282
   -10.600
   -21.920
   -23.021
   -29.608
   -27.464
   -24.668
   -16.175
    -9.606
    -7.505
     0.835
    -1.938
    -8.905
   -13.138
   -16.039
   -12.258
    -5.915
     3.387
     3.887
     4.378
     8.582
     8.519
    11.951
    14.578
    12.851
    10.053
    18.910
    24.727
    30.462
    29.423
    22.905
    20.159
    15.871
    17.401
    19.245
    13.193
     9.779
     8.350
     4.745
     3.770
     0.591
    -3.961
     0.726
     5.452
     0.563
     0.820
    -0.692
    -0.743
    -0.972
     0.746
    -0.139
     0.671
     4.262
     6.518
     2.698
     3.816
     3.390
    -2.137
    -3.052
    -6.431
    -4.447
    -3.211
    -0.087
     3.560
     3.205
    -0.118
    -2.043
    -0.855
    -4.154
    -4.217
    -3.388
    -6.736
   -10.381
    -8.010
    -1.852
    -6.954
   -17.401
   -16.432
   -15.147
    -9.765
   -10.695
   -11.633
   -11.819
   -11.707
    -1.103
    11.133
     1.769
    -9.119
   -14.269
   -13.121
    -7.496
    -5.936
   -14.074
   -23.558
   -19.784
   -21.814
   -24.041
   -26.802
   -25.431
   -22.747
   -19.542
   -15.030
   -13.509
   -12.482
   -11.784
    -8.418
    -6.582
    -8.406
   -10.402
    -8.715
    -3.696
    -3.278
    -4.302
    -6.027
    -5.888
    -4.788
    -1.428
    -0.264
    -1.456
    -0.774
     3.963
    10.773
    12.408
    11.146
     7.086
     3.385
     6.042
     7.842
     6.238
    14.097
    17.775
    16.170
     8.756
    11.770
     5.479
     9.931
    15.080
    14.829
    21.113
    18.181
    27.718
    27.024
    25.577
    26.869
    26.425
    28.164
    26.893
    27.582
    33.371
    32.996
    28.413
    21.438
    18.404
    16.273
    14.997
    11.279
    12.983
    17.231
    15.129
    12.087
     5.799
     8.700
     8.255
     2.770
     2.058
     4.020
     5.583
     9.623
     1.437
    -2.647
     0.698
    -3.365
    -7.526
    -8.499
   -12.141
   -11.883
    -7.124
    -8.779
    -9.007
   -12.579
   -14.764
    -7.326
    -5.937
   -21.280
   -19.824
   -15.538
    -3.074
     0.753
   -15.602
   -12.128
    -4.699
   -13.507
   -14.942
   -17.018
   -28.238
   -26.183
   -22.228
   -24.637
   -17.512
   -12.511
   -11.553
    -7.503
    -3.264
    -1.310
    -2.863
    -3.406
    -4.812
    -9.394
   -10.584
   -10.561
   -10.512
   -10.874
    -9.983
    -6.108
    -6.061
    -2.473
    -3.034
    -2.306
     1.125
    -1.343
    -3.030
     0.751
     3.879
     2.700
     0.717
    -0.406
    -2.175
    -1.578
    -3.926
    -5.846
    -1.107
     4.852
     7.105
     0.244
    -0.018
     7.129
     3.652
     1.935
     3.326
     8.189
    10.480
     7.726
     5.273
     3.665
     5.050
     7.596
     6.575
     5.834
     5.022
     2.500
     1.445
     0.082
     0.553
     0.367
    -1.973
    -1.844
     0.060
     2.436
     3.136
    -0.832
     0.657
     4.600
     8.001
     5.889
     3.093
    -4.200
    -3.786
     0.876
    10.235
    -2.973
   -13.913
   -14.383
    -9.337
    -6.645
    -8.889
   -10.559
   -10.883
    -9.798
    -8.071
    -7.071
    -8.588
    -6.278
    -4.788
    -2.517
    -0.195
     4.791
     1.401
    -3.465
    -2.300
     0.235
     1.602
     0.229
    -0.935
     0.840
     2.216
     1.441
     3.557
     3.596
     6.071
     8.616
     5.252
     7.672
    10.172
    10.267
     8.894
     8.481
     8.241
     9.144
    10.017
    10.685
    12.429
    12.834
    14.704
    13.950
    15.507
    15.978
    17.317
    18.128
    19.799
    19.263
    19.085
    17.852
    16.026
    16.195
    14.763
    14.837
    13.381
    13.853
    13.273
     9.739
     7.576
     7.121
     7.317
     8.902
     6.023
     3.649
     2.759
     1.700
     2.463
     1.002
    -1.647
    -4.024
    -4.518
    -4.032
    -5.334
    -6.863
    -8.872
    -7.973
    -8.653
   -10.230
   -11.534
   -14.748
   -13.727
   -15.642
   -16.020
   -16.544
   -20.710
   -20.277
   -21.364
   -20.918
   -21.437
   -21.289
   -20.675
   -21.307
   -21.182
   -22.206
   -21.693
   -22.132
   -18.743
   -17.837
   -16.161
   -16.799
   -13.773
   -13.438
    -9.814
   -11.197
   -11.041
   -11.478
    -7.893
    -6.760
    -6.092
    -5.022
    -6.252
    -7.400
    -5.154
    -5.846
    -6.063
    -5.518
    -4.942
    -4.733
    -1.389
     0.026
     2.873
     3.431
     1.555
     3.162
     3.314
     3.925
     5.460
     9.253
     9.440
     9.239
     8.821
    10.838
     9.914
     7.534
     9.753
    12.392
    10.678
     9.236
     9.477
    10.339
     8.945
     8.400
     7.923
     8.580
     9.057
     9.832
     8.356
     9.299
    10.558
    10.190
     8.768
     8.080
     8.998
    10.961
    11.450
    10.839
    11.175
    11.213
    10.691
    11.054
    11.644
    11.813
     9.809
     8.066
     7.593
     7.552
     7.672
     7.205
     6.455
     5.567
     4.487
     3.013
     5.387
     6.188
     6.075
     7.534
     6.615
     5.296
     5.463
     5.813
     4.364
     2.568
     1.657
    -1.645
    -3.029
    -3.631
    -4.401
    -5.357
    -6.049
    -8.129
    -8.902
    -9.344
    -8.553
    -8.706
    -7.225
    -8.660
    -6.791
    -7.159
    -8.024
    -6.909
    -6.763
    -6.690
    -7.650
    -6.231
    -7.015
    -7.873
    -7.876
    -8.738
    -8.656
   -10.321
   -11.419
   -11.088
   -10.807
    -9.559
    -8.610
    -8.787
    -7.239
    -7.460
    -6.427
    -6.028
    -8.334
    -7.075
    -5.770
    -5.007
    -0.559
     0.304
    -0.416
     0.219
     2.997
     5.788
     6.490
     5.770
     4.511
     3.631
     3.416
     2.100
     0.899
    -0.815
    -2.905
    -2.591
    -3.191
    -1.581
    -1.559
    -3.516
    -3.047
    -2.210
     1.045
     0.561
     2.001
     1.937
     1.696
     2.131
     3.409
     3.380
     3.384
     2.846
     4.962
     4.977
     5.440
     5.549
     3.462
     5.061
     2.162
     3.087
     4.821
     4.285
     3.744
     6.072
     4.384
     5.592
     4.391
     4.974
     6.669
     6.663
     6.200
     6.770
     6.479
     6.360
     5.711
     6.503
     7.305
     6.378
     5.731
     3.018
     2.577
     1.891
     0.772
    -0.741
     0.564
    -0.256
    -1.592
    -3.785
    -5.585
    -3.554
    -3.594
    -3.741
    -6.348
    -7.246
    -7.081
    -5.649
    -5.109
    -6.286
    -4.634
    -2.883
    -2.590
    -2.760
    -2.829
    -3.630
    -4.015
    -4.716
    -3.765
    -5.972
    -5.950
    -5.746
    -5.041
    -3.151
    -1.582
     0.154
     3.314
     1.637
    -0.640
    -0.730
    -1.685
    -4.365
    -4.817
    -3.467
    -1.146
    -1.029
     1.789
     0.099
    -1.474
    -2.375
    -1.415
    -4.334
    -8.452
    -8.246
    -6.697
    -5.766
    -6.720
    -5.751
    -5.098
    -3.668
    -4.741
    -4.263
    -5.540
    -3.562
    -2.877
    -1.794
    -1.520
    -0.675
     1.600
     3.965
     5.573
     4.564
     3.811
     2.169
     1.501
     3.874
     3.005
     7.522
     7.418
     7.693
     9.510
     8.829
     9.232
    11.799
    12.676
    11.939
    12.948
    14.676
    14.097
    16.262
    14.994
    14.425
    13.973
    11.093
    12.547
    12.701
     8.165
     5.742
     4.305
     2.478
     0.400
    -1.352
    -4.068
    -3.369
    -7.557
    -9.087
    -6.564
    -5.634
    -4.599
    -4.279
    -4.111
    -3.618
    -2.056
    -0.018
     1.100
     0.954
     1.104
     2.118
     1.354
     0.048
    -0.481
    -0.644
    -0.881
    -1.673
    -3.414
    -4.512
    -5.469
    -5.205
    -5.393
    -4.797
    -4.062
    -3.660
    -3.387
    -2.813
    -3.265
    -4.318
    -5.263
    -7.092
    -8.403
   -10.204
   -10.876
    -9.817
    -5.944
    -8.840
   -11.390
    -9.616
    -8.063
    -6.685
    -5.059
    -4.458
    -5.949
    -5.788
    -4.643
    -1.568
    -1.547
    -0.429
    -0.357
     2.118
     0.706
     0.872
     1.800
     4.707
     3.924
     2.708
     1.868
     2.424
    -1.666
    -5.094
    -4.914
    -2.249
    -0.274
     1.909
     3.362
     2.844
     1.143
    -0.123
    -0.793
    -0.327
    -1.070
    -1.574
    -1.140
    -0.337
    -0.522
    -1.025
    -0.203
    -0.793
    -0.342
     0.652
     0.100
     0.820
     0.373
     0.940
     0.411
     0.636
     1.767
     2.895
     6.020
     3.802
     0.376
     0.438
    -0.179
     3.987
     5.013
     5.492
     6.446
     5.201
     4.937
     4.713
     4.316
     4.388
     3.721
     2.193
     0.966
     0.611
     0.873
     2.915
     1.841
     2.463
     3.667
     4.862
     5.232
     5.120
     4.125
     5.420
     6.798
     6.328
     6.101
     6.944
     7.236
     6.643
     5.438
     4.808
     3.342
     2.077
     2.214
     4.486
     3.199
     1.767
     1.395
     2.737
     3.393
     3.375
     2.749
     1.848
     0.218
    -1.093
    -0.722
    -0.744
    -2.810
    -5.308
    -5.706
    -4.439
    -4.623
    -5.328
    -7.233
    -5.559
    -5.742
    -4.593
    -4.855
    -5.163
    -4.847
    -5.185
    -5.067
    -4.805
    -4.467
    -3.793
    -5.785
    -4.961
    -4.776
    -5.461
    -5.624
    -7.523
    -7.943
    -6.747
    -6.010
    -4.906
    -3.215
    -0.539
    -1.847
    -3.479
    -5.283
    -2.081
    -1.177
     0.009
    -0.404
     1.416
     3.180
     3.283
    -0.355
    -1.532
     0.783
     1.626
     3.239
     1.622
    -1.581
    -2.295
    -1.483
     0.692
     3.655
     3.580
     2.332
     1.660
     2.478
     2.545
     2.260
     2.425
     2.078
     1.786
     1.375
     0.148
    -0.857
    -0.955
    -0.727
    -0.971
    -1.069
    -0.909
    -2.867
    -1.855
    -0.993
     0.240
     0.095
    -1.025
    -1.311
    -0.816
     0.223
     0.920
     0.293
     0.369
     0.780
     1.419
     0.979
     1.667
     1.973
     1.852
     2.556
     2.530
     3.326
     3.615
     4.497
     2.488
     2.850
     2.256
     2.152
     1.260
     0.913
     0.969
     1.112
     1.920
     1.999
     1.156
     1.002
     1.374
     2.814
     3.550
     2.672
     4.628
     3.080
     3.058
     1.170
     1.332
    -0.875
    -0.147
    -0.863
    -0.330
    -0.494
     0.007
     0.343
     0.749
     0.363
     0.013
     0.094
    -0.960
    -2.638
    -1.217
    -1.348
    -1.475
    -1.648
    -1.225
    -0.765
    -1.502
    -1.757
    -2.080
    -2.251
    -3.105
    -1.593
    -1.736
    -2.111
    -1.025
    -2.626
    -2.179
    -1.794
    -1.193
    -1.468
    -1.015
    -1.293
    -1.001
    -0.867
    -1.236
    -1.447
    -1.047
    -1.148
    -0.411
    -0.596
    -0.083
     0.430
     1.192
     0.059
     0.876
     0.162
     0.680
     0.783
    -0.872
    -0.970
    -1.580
    -1.649
    -1.476
     0.096
    -0.630
    -2.368
    -1.714
    -1.845
    -1.114
    -0.013
     0.141
    -0.030
    -0.508
    -1.727
    -1.654
    -2.328
    -2.742
    -1.599
    -1.434
    -2.333
    -2.688
    -1.819
    -0.908
    -0.605
    -1.118
    -0.038
     1.002
     0.590
     1.455
     3.040
     3.776
     4.823
     7.091
     7.043
     7.799
     7.689
     7.376
     6.858
     6.624
     5.417
     4.584
     3.188
     2.148
     1.782
     0.965
     0.700
     1.254
     0.589
     1.187
     1.550
     1.438
     1.687
     1.868
     1.589
     2.447
     1.254
     1.444
     0.840
     1.076
     0.846
     0.402
     0.064
    -1.016
    -1.399
    -0.536
    -0.572
    -2.041
    -2.307
    -2.593
    -3.383
    -4.255
    -4.317
    -3.694
    -3.816
    -1.890
    -1.419
    -2.655
    -2.522
    -2.254
    -3.564
    -2.560
    -3.769
    -3.694
    -3.420
    -4.262
    -4.153
    -3.124
    -3.615
    -4.143
    -3.236
    -3.427
    -2.998
    -4.177
    -3.487
    -2.929
    -2.868
    -3.771
    -2.815
    -2.437
    -2.205
    -1.275
    -0.948
    -0.531
    -0.943
    -0.488
    -0.122
     0.748
     0.438
     1.400
     1.323
     0.711
     0.921
     0.645
     1.595
     1.112
     0.588
     0.345
     0.927
     0.661
     0.229
     1.708
     1.958
     1.308
     0.939
     1.189
     1.400
     1.361
     0.529
     0.365
     0.796
     2.324
     1.050
     0.233
    -0.675
    -1.083
     0.608
     1.616
     2.084
     1.514
     3.343
     4.214
     5.305
     6.136
     5.585
     5.378
     5.278
     6.098
     4.511
     3.622
     3.233
     2.853
     1.613
     1.173
     1.273
     0.428
     0.542
     1.328
     0.126
     0.434
     0.182
     0.800
     1.347
     1.313
     1.378
     2.545
     2.573
     0.559
     0.594
     0.728
    -0.288
    -0.407
    -1.756
    -0.879
    -0.500
    -0.932
    -1.953
    -2.570
    -3.709
    -4.104
    -3.192
    -2.834
    -2.933
    -1.925
    -3.270
    -2.005
    -2.101
    -1.171
     1.175
     1.157
     0.455
    -0.853
     0.082
    -0.632
    -0.602
    -1.759
    -2.478
    -1.189
    -1.572
    -0.623
    -0.329
    -1.163
    -0.635
    -0.278
    -0.971
    -0.705
    -0.046
    -0.691
    -0.466
    -0.665
     0.031
     0.299
    -0.146
    -0.200
    -0.595
    -0.840
    -0.853
    -0.498
    -1.626
    -1.140
    -0.696
    -0.339
     0.016
    -0.744
    -1.483
    -1.558
    -1.321
    -2.201
    -1.895
    -1.380
    -1.610
    -0.568
    -1.494
    -2.097
    -2.397
    -2.328
    -2.348
    -1.427
    -1.552
    -0.645
    -1.027
    -1.758
    -0.341
     0.626
    -0.831
     0.476
     0.138
     1.446
     0.758
     1.740
    -0.217
    -0.924
    -1.477
    -1.373
    -1.715
    -1.316
     0.197
    -0.110
    -0.501
     0.167
    -0.437
     0.499
     1.724
     2.224
     2.945
     3.263
     2.390
     2.703
     3.414
     3.879
     4.060
     3.951
     3.867
     4.519
     4.579
     4.205
     4.231
     4.821
     5.495
     5.226
     4.830
     6.699
     5.889
     4.210
     3.221
     2.780
     3.032
     2.922
     2.362
     0.769
    -1.007
    -1.022
    -1.063
    -1.997
    -3.537
    -3.650
    -3.742
    -3.224
    -3.293
    -3.297
    -3.438
    -3.275
    -1.780
    -1.489
    -0.714
    -0.627
    -0.846
    -0.663
    -0.304
    -0.890
    -1.394
    -1.629
    -0.141
     0.545
    -0.267
    -0.563
    -2.406
    -1.941
    -1.481
    -2.408
    -2.509
    -4.037
    -3.879
    -4.270
    -3.748
    -3.507
    -3.754
    -3.445
    -3.425
    -3.863
    -3.591
    -3.888
    -2.279
    -2.937
    -3.306
    -2.681
    -1.847
    -2.162
    -1.334
    -0.795
    -1.108
    -0.460
     0.244
    -0.902
    -0.840
    -1.154
    -0.720
    -0.355
    -0.429
    -0.430
     0.105
     0.954
     0.947
    -0.078
    -0.986
    -0.847
     0.381
     1.506
     2.636
     3.663
     3.660
     3.684
     3.195
     2.705
     3.310
     3.026
     3.418
     4.333
     3.686
     3.593
     2.573
     2.759
     1.543
     1.888
     1.259
     0.372
     1.361
     1.551
     1.127
     0.681
     1.399
     0.953
     0.661
     0.238
     1.264
     1.808
     1.656
     2.605
     2.916
     2.543
     3.385
     2.577
     1.167
     1.107
     0.839
     1.821
     1.236
     0.658
     2.021
     1.562
     1.711
     0.399
     0.203
     1.214
     1.974
     0.983
     0.494
     0.524
     1.255
     1.305
     0.989
     0.976
    -0.387
     0.525
     0.247
    -0.320
    -0.295
    -0.161
    -1.687
    -0.602
     0.022
    -0.018
    -0.065
     0.398
     0.080
    -0.373
     0.335
     1.655
     1.401
     2.283
     1.373
     0.434
     0.670
     0.856
    -1.398
    -1.114
    -1.795
    -2.774
    -4.584
    -5.978
    -7.544
    -5.375
    -5.907
    -5.754
    -2.923
    -1.332
     0.236
    -0.395
    -0.872
     0.052
    -0.866
    -1.676
    -0.808
    -0.281
    -0.013
    -0.590
    -1.434
    -3.096
    -4.012
    -4.237
    -3.977
    -2.763
    -3.012
    -3.709
    -2.017
    -2.006
    -0.416
     1.157
    -0.802
    -3.048
    -3.503
    -4.117
    -4.105
    -4.103
    -3.230
    -4.862
    -6.226
    -7.658
    -6.977
    -5.197
    -5.111
    -3.596
    -3.601
    -4.458
    -4.460
    -2.750
    -4.555
    -2.678
    -2.104
    -3.706
    -4.926
    -6.109
    -4.820
    -5.491
    -3.088
    -1.830
     0.344
     4.022
     7.841
     7.984
     5.353
     3.399
     9.081
    14.403
    15.391
    13.842
    11.540
    10.230
     9.296
     7.645
     4.819
     1.564
    -1.285
    -2.655
    -1.835
    -3.177
    -2.106
    -3.103
    -1.828
    -1.100
     1.777
     5.197
     9.202
    11.937
    12.666
    10.299
     9.821
     7.853
     8.666
    10.614
     3.860
     2.826
    -4.941
    -5.815
    -6.425
    -4.838
    -0.338
     1.736
     3.475
     5.478
     4.560
     4.863
     6.095
     8.248
     9.707
     8.712
    10.263
     8.397
     7.990
    10.110
    12.028
    15.488
    17.265
    16.464
    16.675
    16.635
    14.977
    17.018
    14.424
    10.947
    -1.663
    -6.173
    -1.795
     1.826
     6.966
   -12.215
    -6.791
    -2.478
    -1.640
    -8.861
   -11.546
   -18.278
   -18.367
   -25.061
   -30.454
   -33.631
   -28.321
   -24.729
   -20.033
   -19.703
   -21.471
   -18.852
   -15.685
   -14.833
   -16.038
   -15.356
   -11.732
    -7.635
    -6.221
    -6.655
    -7.802
    -7.596
    -9.084
   -11.710
   -12.541
   -13.225
    -9.965
    -8.201
    -6.318
    -7.396
    -6.820
    -5.078
    -1.376
    -0.532
     4.494
     5.100
     6.325
     3.023
     4.222
     5.560
     6.416
     6.356
     6.040
     6.933
     7.231
     6.392
     6.101
     5.166
     5.077
     3.630
     2.671
     1.748
     0.389
     0.202
     0.781
     1.014
     2.531
     3.234
     3.387
     4.080
     3.974
     4.143
     4.686
     5.364
     5.550
     5.944
     5.881
     6.235
     6.322
     6.624
     6.907
     7.618
     7.688
     7.534
     6.744
     7.034
     7.183
     7.264
     6.994
     7.014
     7.043
     6.983
     6.908
     6.896
     6.826
     6.788
     6.699
     6.636
     6.531
     6.468
     6.341
     6.253
     6.098
