     4.830
     4.585
     4.485
     4.222
     4.106
     3.826
     3.694
     3.428
     3.293
     2.997
     2.871
     2.571
     2.358
     1.994
     1.834
     1.399
     1.179
     0.778
     0.396
    -0.026
    -0.236
    -0.792
    -1.008
    -1.295
    -1.439
    -1.961
    -1.992
    -2.240
    -2.874
    -3.299
    -3.248
    -3.644
    -4.131
    -4.809
    -5.342
    -6.091
    -6.252
    -6.696
    -6.721
    -7.178
    -7.053
    -7.074
    -7.321
    -7.988
    -7.983
    -8.587
    -8.903
    -8.558
    -8.498
    -9.946
   -10.030
   -10.561
   -10.242
   -10.551
   -10.454
   -11.504
   -11.742
   -11.359
   -12.746
   -12.866
   -11.833
   -11.800
   -13.018
   -13.350
   -11.390
   -10.390
    -9.970
    -9.567
    -6.446
    -4.478
    -3.046
    -2.173
    -1.552
     1.741
     2.534
     2.375
     2.031
     4.033
     4.913
     5.084
     5.113
     4.695
     4.388
     5.160
     6.831
     6.296
     8.004
     8.392
     8.843
     9.205
     9.821
    10.886
    12.146
    14.634
    13.799
    14.188
    13.038
    11.203
     9.650
     8.905
     7.044
     6.955
     6.259
     5.152
     4.644
     2.983
     2.124
     3.813
     2.210
     2.258
     3.235
     3.320
     2.751
     2.900
     3.164
     2.018
     0.498
     0.288
     1.584
     0.382
     0.706
     0.407
     0.809
    -0.401
    -0.234
    -1.223
    -1.241
    -1.466
    -1.288
    -1.672
    -2.445
    -2.333
    -2.321
    -2.572
    -2.625
    -3.692
    -1.580
    -2.546
    -2.452
    -2.656
    -2.600
    -3.047
    -3.050
    -3.881
    -3.977
    -2.913
    -2.894
    -3.090
    -2.834
    -3.137
    -3.036
    -2.349
    -1.674
    -1.829
    -1.649
    -1.236
    -2.021
    -1.153
    -1.686
    -2.884
    -2.952
    -2.953
    -1.449
    -0.719
     2.345
     2.091
     3.024
     2.607
     3.147
     2.733
     3.945
     4.603
     3.289
     3.732
     2.555
     3.433
     4.153
     4.641
     4.646
     5.879
     4.957
     5.499
     3.913
     3.567
     4.219
     3.616
     3.286
     3.664
     2.919
     3.555
     4.226
     1.902
     0.320
    -1.630
    -0.542
    -0.269
     1.031
     1.813
     2.214
     0.579
     0.414
    -0.651
    -1.765
    -3.452
    -6.912
    -7.416
    -6.768
    -2.647
    -3.346
    -4.037
    -4.874
    -6.942
    -8.787
   -13.568
   -12.943
   -12.131
   -13.075
   -11.481
   -12.683
   -13.200
   -13.239
    -9.615
    -8.676
    -9.380
    -9.827
    -6.787
    -5.997
    -3.323
    -1.595
     0.178
     1.673
     2.146
     3.165
     6.333
     9.081
     7.671
    11.117
    11.643
    11.668
    10.285
    11.092
    10.348
    10.652
     8.894
     8.244
     5.546
     5.103
     4.400
     5.209
     4.903
     6.955
     2.186
     6.629
     5.751
    -1.080
     1.984
     3.487
     1.793
     2.168
     2.664
     1.103
     0.268
    -1.207
    -2.895
    -0.328
    -2.097
    -1.403
    -1.763
    -1.383
    -1.718
    -0.316
    -1.400
    -0.875
    -0.326
    -1.118
    -1.726
    -3.731
    -2.651
    -2.692
    -2.474
    -2.662
    -2.983
    -3.330
    -4.925
    -5.300
    -4.540
    -4.893
    -4.666
    -4.543
    -5.015
    -3.285
    -3.497
    -3.736
    -3.925
    -3.144
    -3.455
    -3.604
    -4.924
    -2.941
    -3.179
    -3.277
    -1.963
    -3.146
    -2.412
    -1.603
     0.172
    -0.674
    -0.762
     0.167
    -0.303
     0.668
     2.977
     3.193
     4.165
     2.482
     2.202
     3.346
     3.076
     3.915
     3.521
     3.407
     5.502
     5.453
     6.457
     5.978
     5.923
     6.376
     5.302
     5.119
     5.655
     4.935
     4.846
     4.860
     4.877
     4.852
     3.284
     3.265
     2.557
     3.591
     3.512
     3.920
     4.431
     4.767
     4.148
     3.885
     2.834
     2.656
     1.671
     1.070
     0.500
    -1.014
    -1.512
    -1.240
    -2.181
    -2.069
    -2.507
    -1.298
    -2.714
    -2.161
    -3.410
    -4.551
    -4.245
    -4.312
    -1.414
    -4.069
    -3.752
    -4.287
    -2.069
    -0.895
     0.155
     0.801
     0.903
     0.868
     0.070
     0.704
     0.674
     0.996
     1.062
     0.127
     0.025
     0.196
    -0.290
     0.694
    -0.348
    -0.183
    -1.187
    -1.250
    -2.065
    -2.159
    -2.442
    -1.568
    -0.965
    -1.005
    -1.372
    -2.293
    -3.294
    -3.262
    -3.148
    -3.052
    -3.162
    -3.216
    -3.293
    -4.242
    -4.074
    -3.788
    -3.563
    -3.661
    -4.973
    -6.082
    -6.945
    -7.675
    -7.564
    -7.154
    -5.072
    -4.985
    -5.161
    -5.370
    -5.465
    -4.689
    -2.350
    -1.905
    -2.655
    -2.477
    -0.128
     1.537
     5.471
     7.368
     5.818
     4.045
     2.363
     2.645
     3.500
     4.082
     5.366
     6.632
     5.207
     4.451
     2.906
     1.577
     3.461
     3.999
     3.064
     1.737
     1.159
     2.724
     2.645
     2.070
     2.694
     2.273
     1.898
     1.499
     1.155
    -0.200
    -0.579
     0.944
     0.771
     0.136
     0.197
     0.727
    -0.148
    -0.321
     1.238
     1.968
     1.941
     1.552
     1.704
     2.215
     2.737
     0.811
    -0.798
    -2.190
    -3.749
    -3.112
    -0.742
    -0.780
    -1.639
    -0.234
     0.201
    -1.050
    -0.446
     0.177
    -0.484
     1.210
    -0.061
     0.388
    -0.734
    -0.958
    -0.269
     0.359
     0.700
     0.992
     1.657
     1.933
     1.103
     0.036
     0.465
     1.210
     2.295
     1.022
     2.146
     1.618
     0.745
     0.022
    -0.546
    -0.352
    -0.013
    -0.361
    -0.357
    -0.751
    -0.487
    -1.216
    -1.881
    -0.501
    -0.190
     2.016
     0.912
     1.260
     1.506
     2.354
     3.445
     3.683
     3.725
     3.874
     4.138
     3.703
     4.806
     5.139
     3.091
     4.382
     3.752
     5.003
     5.138
     5.080
     5.194
     3.118
     1.658
     1.823
     1.959
     3.484
     3.498
     2.445
     2.435
     1.702
     0.713
    -0.037
     0.932
     1.079
     1.012
     0.365
     0.495
     1.495
     1.710
     1.496
     2.402
    -0.492
    -1.359
     0.030
     0.028
    -1.583
    -2.076
    -3.147
    -5.483
    -6.303
    -6.934
    -6.800
    -6.849
    -7.926
    -9.162
    -9.874
    -9.974
    -9.662
    -9.611
    -6.972
    -8.185
    -8.001
    -8.526
    -8.478
    -8.472
    -8.545
    -8.397
    -7.111
    -8.445
    -7.236
    -7.216
    -5.965
    -4.558
    -5.386
    -6.022
    -5.565
    -3.582
    -3.523
    -3.191
    -3.173
    -3.117
    -2.090
    -2.022
    -1.816
    -0.967
    -1.066
    -3.370
    -4.233
    -4.563
    -4.016
    -2.901
    -2.192
    -3.008
    -0.246
    -0.287
    -0.806
    -1.612
    -0.756
     1.386
     2.407
     1.616
     4.706
     3.758
     5.205
     4.793
     4.068
     3.739
     1.790
     1.059
     2.454
     4.357
     4.062
     5.183
     4.592
     5.518
     6.677
     6.538
     8.672
     8.526
     7.355
     6.947
     7.523
     7.417
     6.547
     7.564
     6.354
     7.059
     8.263
     5.630
     6.680
     7.280
     8.417
     8.228
     8.190
     7.974
     8.254
     7.132
     6.944
     7.886
     6.798
     6.096
     8.932
     8.876
     7.575
     5.878
     6.935
     6.612
     6.378
     6.587
     5.674
     5.460
     3.775
     5.636
     6.707
     5.839
     7.050
     5.996
     5.843
     4.849
     5.543
    -0.044
    -1.568
    -1.053
    -2.522
    -3.756
    -5.679
    -5.995
    -8.044
    -9.242
    -8.051
    -7.822
    -6.558
    -6.487
    -7.280
    -8.694
    -7.426
    -6.309
    -6.175
    -5.893
    -4.560
    -2.347
    -2.066
    -2.038
    -3.191
    -1.994
    -0.784
    -1.678
    -1.694
    -1.933
    -2.534
    -2.536
    -2.394
    -3.515
    -3.087
    -3.994
    -3.895
    -5.103
    -5.781
    -5.848
    -6.946
    -7.683
    -8.609
    -8.610
   -10.281
    -9.983
   -10.814
   -10.487
   -10.444
   -10.224
    -8.842
    -8.384
    -8.241
    -6.910
    -6.421
    -3.798
    -3.432
    -2.519
    -1.302
    -2.407
    -1.224
    -1.919
    -1.742
    -3.461
    -2.113
    -2.953
    -2.797
    -2.796
    -2.612
    -3.626
    -2.104
    -3.067
    -3.904
    -3.852
    -2.407
    -2.530
    -3.698
    -3.624
    -4.451
    -5.425
    -4.130
    -3.839
    -3.236
    -1.363
    -1.009
    -2.295
    -1.331
    -1.409
    -1.117
     0.322
     0.731
     2.123
     0.457
     1.525
     1.651
     2.715
     1.942
     2.213
     3.263
     2.389
     2.604
     2.435
     2.759
     3.951
     6.213
     6.203
     6.784
     6.909
     6.926
     6.683
     6.628
     6.887
     8.223
     9.405
    11.085
    12.866
    10.577
     9.417
    10.602
    10.768
    10.795
    10.924
    11.238
    11.317
    10.292
    10.431
     9.999
    10.192
     9.319
     8.361
     8.596
     7.070
     7.378
     7.773
     9.375
     7.262
     8.792
     9.726
     7.563
     8.665
    10.239
     9.934
     8.645
     8.323
     8.240
     8.105
     8.615
     8.637
     7.634
     7.600
     8.798
     8.788
     7.900
     7.865
     7.678
     6.643
     6.547
     6.576
     6.444
     5.090
     4.322
     4.490
     5.467
     6.293
     3.049
     3.386
     0.496
    -4.187
    -5.706
    -6.735
   -10.902
   -12.790
   -16.754
   -19.413
   -20.233
   -22.036
   -23.317
   -24.117
   -25.523
   -26.842
   -27.819
   -28.013
   -27.671
   -25.703
   -24.390
   -24.598
   -24.660
   -25.604
   -25.361
   -23.278
   -22.453
   -21.251
   -18.927
   -16.933
   -14.932
   -11.990
    -9.709
    -7.481
    -5.265
    -3.043
    -0.957
     1.036
     1.790
     0.934
     1.993
     0.601
     1.604
     1.564
     1.446
     1.489
     1.520
     2.125
     1.065
     0.838
     1.102
    -0.106
    -0.364
     0.328
     0.407
     1.344
     3.644
     4.562
     4.545
     4.970
     3.242
     2.270
     3.386
     3.456
     4.447
     5.224
     5.292
     5.398
     6.472
     6.055
     6.445
     7.296
     7.281
     8.383
     9.622
     9.191
     7.362
     5.809
     3.360
     2.109
     1.510
     1.813
     2.048
     5.156
     9.918
    14.132
    19.669
    19.988
    20.247
    20.294
    20.595
    20.515
    20.418
    19.412
    19.115
    17.457
    16.154
    11.979
     9.686
     6.119
     4.197
     5.246
     2.047
     0.309
    -0.501
    -2.984
    -5.002
    -7.324
    -8.134
    -8.608
    -8.900
   -11.063
   -10.807
    -9.759
    -8.686
    -7.721
    -8.000
    -8.342
    -9.061
    -6.757
    -5.844
    -4.184
    -3.985
    -2.983
    -4.054
    -3.229
    -1.846
     0.446
     0.302
     1.623
     2.744
     3.420
     3.190
     3.100
     4.417
     3.854
     4.033
     4.082
     3.410
     3.598
     4.856
     7.055
     7.401
     7.592
     7.484
     8.506
     5.401
     5.141
     3.082
     0.882
    -0.207
     0.577
    -0.278
    -1.180
    -3.565
    -5.501
    -5.342
    -5.309
    -5.350
    -4.578
    -4.521
    -1.846
    -1.815
    -3.386
    -4.751
    -3.870
    -3.743
    -2.166
    -2.116
    -1.600
    -0.849
    -1.154
    -1.471
     1.359
     1.693
     1.321
     1.331
     2.175
     3.452
     1.142
     0.654
     1.091
    -0.240
    -0.643
    -0.913
     0.935
     0.354
     0.180
     0.504
     1.344
    -0.601
    -0.972
     0.065
     0.041
    -0.980
    -3.660
    -6.467
    -8.280
    -9.716
   -10.044
    -9.303
   -10.586
   -10.914
   -11.492
   -10.621
    -9.725
    -8.320
    -8.956
   -10.361
    -9.833
   -11.361
   -14.065
   -15.739
   -17.035
   -18.663
   -20.177
   -20.357
   -17.385
   -16.242
   -16.562
   -18.949
   -20.214
   -22.547
   -21.736
   -24.679
   -27.301
   -29.795
   -30.152
   -27.859
   -28.204
   -28.432
   -29.051
   -30.224
   -31.672
    -1.354
    22.948
    19.231
    11.970
    14.451
    16.282
    15.634
    18.044
    18.767
    20.000
    22.423
    20.640
    19.602
    22.034
    21.613
    22.762
    26.954
    27.590
    31.346
    35.275
    36.726
    30.713
    28.546
    29.850
    35.248
    39.414
    39.290
    39.580
    40.713
    41.986
    42.820
    41.796
    43.426
    41.451
    42.114
    41.419
    37.990
    34.496
    29.945
    27.708
    24.550
    23.035
    22.184
    19.728
    15.662
    15.578
    15.807
    13.597
    11.183
     9.969
     8.294
     9.864
     6.458
     2.795
    -3.519
   -10.880
   -17.678
   -19.712
   -30.057
   -33.629
   -34.307
   -39.078
   -40.908
   -41.561
   -42.012
   -42.695
   -44.508
   -41.338
   -37.081
   -36.828
   -35.794
   -34.402
   -35.808
   -36.384
   -39.428
   -38.345
   -35.066
   -34.555
   -35.483
   -31.138
   -30.744
   -33.780
   -31.262
   -27.640
   -27.114
   -28.138
   -27.440
   -26.842
   -26.514
   -27.339
   -24.482
   -22.370
   -23.983
   -23.774
   -25.632
   -25.273
   -26.519
   -22.894
   -21.933
   -20.113
   -18.241
   -13.670
    -9.288
    -4.802
     1.002
     5.437
    10.026
    13.689
    17.317
    17.774
    24.348
    24.569
    26.928
    33.480
    39.387
    45.136
    53.487
    53.375
    60.876
    62.986
    63.604
    60.284
    55.131
    53.815
    60.177
    58.156
    48.600
    50.328
    44.888
    31.816
    35.385
    45.156
    28.144
    10.794
    -2.988
    13.990
    12.462
     2.489
    -9.906
   -13.136
   -12.914
   -18.544
   -21.962
   -21.901
   -28.732
   -29.630
   -23.688
   -19.399
   -22.658
   -18.382
   -19.645
   -28.239
   -24.428
   -18.869
   -18.866
   -21.448
   -19.175
   -12.914
   -12.369
   -13.156
   -13.149
   -12.999
   -13.302
    -6.895
   -10.964
    -8.222
    -5.878
    -4.893
    -8.945
    -3.090
    -9.504
   -20.408
   -13.445
    -3.270
    -1.556
    -6.651
   -13.440
    -9.804
    -5.240
    -1.908
    11.349
    20.933
     7.968
    -3.494
    -3.284
   -10.194
   -12.753
   -11.843
    -7.642
    -3.434
    -2.279
     2.250
     3.645
    -6.928
    -9.399
   -10.001
    -9.080
    -3.825
     1.289
    -0.512
     3.597
     5.429
     4.566
    10.303
    10.436
    10.645
    12.616
    15.403
    19.912
    26.098
    24.178
    22.360
    18.769
    16.322
    17.336
    19.321
    16.498
    13.107
    13.956
     9.533
     9.884
     6.861
     5.376
     6.512
    11.698
     8.144
     6.818
     8.319
     6.388
     5.054
     4.642
     5.091
     7.843
     8.109
     8.204
     6.943
     4.887
     7.266
    -0.084
     1.018
    -4.691
    -1.157
    -2.531
     1.209
     2.404
     3.115
    -2.642
    -3.086
    -0.381
    -4.684
    -4.054
    -2.853
    -7.108
   -10.448
    -7.919
    -5.519
    -8.096
   -21.671
   -19.017
   -16.797
   -10.813
   -11.975
   -13.448
   -12.022
    -9.956
    -3.049
     7.534
    -1.127
    -4.920
   -12.043
   -12.210
   -11.885
    -8.512
   -14.604
   -21.515
   -16.708
   -22.170
   -24.967
   -28.038
   -27.282
   -27.955
   -24.960
   -21.432
   -15.223
   -15.838
   -18.258
   -13.687
   -12.057
   -13.791
   -12.287
   -13.479
    -8.305
    -8.046
    -7.720
    -8.202
   -11.296
    -6.244
    -7.871
    -6.357
    -3.650
    -2.039
    -2.069
     7.061
     8.812
    14.651
    10.046
     4.624
     7.952
     7.376
     7.593
    12.598
    19.980
    20.032
    14.178
    15.265
    11.243
    12.167
    14.002
    13.412
    20.978
    18.212
    25.655
    24.617
    22.724
    23.049
    22.517
    23.848
    25.938
    22.143
    31.125
    25.780
    28.482
    19.992
    16.646
    16.449
    16.651
    13.877
    16.267
    18.310
    20.923
    16.306
     9.465
     8.148
     8.673
     3.767
     5.112
     5.759
     4.417
    11.184
     2.657
    -2.154
     0.953
    -1.217
    -4.135
    -3.823
    -8.283
    -8.373
    -5.105
    -4.404
    -4.654
    -5.786
   -13.001
    -6.180
    -4.503
   -19.700
   -19.463
   -12.171
    -7.961
     1.888
   -11.525
   -10.024
    -5.129
   -13.162
   -12.805
   -16.691
   -24.834
   -23.264
   -18.645
   -23.852
   -19.526
   -11.700
   -12.813
    -8.919
    -4.521
    -3.703
    -5.587
    -3.176
    -3.900
    -6.040
    -7.009
    -8.079
   -10.295
    -9.875
    -9.334
    -8.657
    -6.863
    -4.516
    -3.463
    -4.826
    -0.254
     0.113
    -1.949
     0.282
     0.081
     3.550
     2.178
     0.289
    -0.867
     1.067
     0.578
    -3.273
    -0.194
     3.503
     2.075
    -2.387
    -4.282
     4.987
     2.234
     2.116
     3.695
     4.488
     7.713
     4.901
     5.256
     3.436
     3.136
     7.609
     4.587
     4.334
     5.871
     2.697
     1.540
    -0.215
    -0.860
    -0.166
    -1.580
    -4.660
    -1.048
     2.057
     4.464
     1.499
     1.057
     3.908
     5.233
     4.053
     1.946
    -4.160
    -1.301
    -1.242
     7.945
    -0.208
   -13.532
   -12.847
    -6.739
    -8.127
   -10.203
   -11.372
   -11.272
   -10.252
    -7.953
    -7.778
    -9.426
    -6.877
    -5.963
    -2.788
    -1.122
     2.849
     2.192
    -2.821
    -0.537
     1.731
     1.284
     0.922
    -0.611
     1.403
     1.108
     0.581
     1.650
     3.717
     2.301
     6.876
     4.513
     5.656
     8.464
     9.020
     7.832
     7.648
     8.325
     8.209
     9.717
     9.790
     9.542
    10.284
     9.699
    10.216
    10.826
    11.723
    13.518
    15.694
    19.213
    17.935
    17.182
    17.102
    16.850
    17.345
    18.101
    16.522
    14.000
    15.791
    14.961
    10.675
     8.935
    10.718
    10.178
    10.644
     7.930
     6.832
     6.503
     5.951
     6.424
     5.080
     2.163
    -0.282
     0.357
    -0.385
    -0.115
    -4.410
    -4.064
    -4.451
    -3.966
    -4.613
    -7.293
    -9.505
    -9.292
   -13.092
   -13.224
   -13.721
   -17.297
   -17.914
   -19.733
   -19.008
   -19.814
   -21.103
   -19.802
   -22.465
   -23.327
   -22.930
   -24.066
   -22.702
   -19.945
   -22.051
   -18.589
   -17.797
   -14.779
   -15.697
   -10.761
   -12.923
   -12.349
   -13.650
    -8.341
    -8.563
    -6.214
    -7.524
    -7.227
   -11.011
    -6.587
    -8.735
    -8.779
    -9.320
    -8.151
    -7.396
    -4.734
    -1.481
     0.349
     1.802
     1.373
     0.987
     1.156
     0.687
     3.697
     4.273
     4.692
     5.449
     4.464
     9.665
     7.287
     7.068
     9.313
    13.372
    10.895
     9.749
    11.016
    11.451
     9.913
    10.451
     8.781
     9.318
     8.751
     8.009
     7.504
     8.186
    10.268
     8.758
     7.108
     6.595
     5.701
     7.959
     8.019
     7.862
     9.778
     9.494
     9.632
    10.386
    10.928
    10.738
    10.988
     9.123
     7.852
     8.965
     7.854
     7.439
     6.755
     6.812
     7.128
     6.809
     8.595
     9.230
    10.075
    10.536
    10.355
     8.156
     9.227
     8.801
     7.009
     5.608
     2.970
     0.577
    -0.941
    -1.343
    -3.680
    -3.731
    -4.245
    -5.512
    -6.153
    -5.521
    -6.041
    -6.403
    -6.127
    -5.743
    -4.648
    -4.753
    -4.255
    -5.022
    -5.501
    -6.119
    -5.588
    -6.213
    -5.121
    -6.400
    -6.300
    -6.657
    -7.516
    -9.480
   -11.239
   -10.295
   -11.208
    -9.934
   -10.545
    -9.652
    -9.026
    -9.689
    -9.019
    -8.442
   -10.136
    -9.480
    -8.315
    -6.685
    -4.395
    -3.833
    -4.314
    -1.760
     0.012
     3.096
     3.150
     2.665
     0.905
     1.373
    -0.008
     0.696
    -0.729
    -1.800
    -2.769
    -2.054
    -2.132
    -1.095
    -2.572
    -3.825
    -3.573
    -3.295
     0.372
    -0.308
     1.196
     1.297
     0.276
     2.019
     2.734
     2.639
     1.869
     1.677
     3.119
     2.504
     5.232
     3.150
     3.057
     3.858
     1.577
     1.984
     3.437
     4.424
     5.956
     5.673
     5.456
     4.794
     4.398
     5.917
     7.039
     6.998
     7.649
     6.885
     7.655
     6.836
     5.518
     8.550
     8.331
     6.606
     5.631
     2.791
     3.774
     4.093
     1.298
     0.687
     1.594
     0.236
    -0.884
    -3.131
    -4.252
    -3.264
    -4.470
    -3.533
    -5.839
    -6.584
    -6.414
    -4.224
    -3.258
    -4.507
    -3.621
    -3.520
    -3.088
    -2.880
    -2.926
    -3.699
    -2.646
    -1.955
    -1.923
    -4.347
    -4.703
    -2.913
    -2.639
    -0.090
     0.527
     2.505
     3.206
     1.792
     1.013
     0.612
    -0.803
    -2.068
    -2.013
    -3.045
     0.105
     1.104
     2.112
     0.549
     0.967
    -0.551
     0.890
    -2.737
    -5.009
    -5.934
    -3.961
    -3.606
    -4.997
    -4.654
    -4.374
    -1.177
    -3.355
    -4.497
    -4.833
    -4.509
    -3.493
    -4.584
    -3.824
    -2.395
    -1.883
    -2.330
    -0.843
    -1.625
    -3.473
    -2.417
    -3.829
    -1.554
    -1.011
     2.119
     1.579
     2.976
     3.972
     4.995
     5.324
     7.152
     7.560
     8.083
     8.965
     9.774
    10.315
    11.416
    11.325
    11.844
    11.975
    11.369
    11.954
    12.592
    10.825
     8.556
     8.525
     7.803
     6.740
     7.217
     4.752
     4.998
     2.419
    -0.094
     0.485
    -0.031
    -0.666
    -0.439
    -2.885
    -3.782
    -2.358
     0.560
    -0.984
     0.711
     0.328
     1.138
    -0.668
    -0.725
    -1.629
    -1.311
    -0.423
    -2.866
    -4.558
    -5.072
    -5.795
    -6.423
    -6.127
    -5.889
    -5.952
    -4.418
    -4.673
    -4.364
    -5.012
    -4.702
    -5.895
    -6.857
    -9.829
   -10.715
   -13.689
   -12.561
    -6.631
   -10.434
   -10.337
    -9.498
    -6.338
    -6.277
    -5.151
    -4.583
    -5.477
    -6.247
    -4.268
    -1.427
    -0.874
     2.058
     3.230
     4.110
     4.587
     1.034
     1.164
     1.554
     1.598
     0.337
    -0.060
     3.628
     0.245
    -1.084
    -1.688
     0.910
     0.166
     1.547
     1.887
     2.022
     1.773
     1.036
    -0.325
     0.610
     0.662
     0.820
    -0.446
    -0.243
     0.757
    -1.088
     0.620
     0.600
     1.206
     1.294
     1.432
     1.405
     1.317
     0.167
     1.082
     0.006
     0.010
    -0.011
     4.511
     3.230
     1.287
     1.433
     2.377
     3.557
     5.588
     5.594
     5.696
     4.869
     4.766
     3.680
     3.463
     3.539
     2.098
     2.020
     1.656
     0.428
     1.135
     0.795
     0.902
     1.737
     2.637
     3.611
     4.422
     4.250
     4.139
     4.391
     4.933
     3.929
     4.244
     5.274
     5.169
     4.942
     4.645
     4.563
     2.809
     3.252
     3.138
     5.003
     3.174
     2.103
     2.180
     2.161
     1.703
     2.547
     1.361
     1.251
    -0.178
    -1.339
    -0.630
    -1.752
    -3.150
    -4.297
    -5.184
    -3.514
    -4.579
    -5.822
    -7.339
    -5.789
    -5.254
    -5.219
    -5.120
    -5.040
    -5.300
    -5.163
    -4.232
    -4.244
    -3.430
    -3.294
    -3.684
    -4.728
    -4.722
    -3.498
    -5.174
    -6.227
    -7.112
    -7.379
    -6.210
    -4.073
    -3.284
    -2.502
    -1.598
    -3.649
    -4.622
    -2.277
    -1.162
     0.298
     0.168
     1.205
     1.498
     2.630
    -0.476
    -1.307
     1.859
     2.195
     2.382
     1.324
    -0.466
    -1.738
    -1.332
     1.172
     4.432
     4.513
     2.301
     1.347
     2.339
     1.205
     0.495
     1.844
     1.970
     2.029
     1.223
     1.612
     0.219
     0.470
    -0.434
    -0.350
    -1.481
     0.586
    -1.480
    -1.535
    -1.177
    -0.018
    -0.950
    -0.676
    -0.459
     0.815
     0.920
     1.336
     1.334
     1.906
     2.680
     1.208
     2.033
     2.530
     1.681
     1.972
     1.834
     2.317
     3.545
     2.924
     2.967
     3.115
     2.319
     1.662
     1.941
     1.024
     2.122
     1.345
     2.369
     1.636
     0.865
     1.824
     1.255
     1.539
     2.699
     2.957
     3.027
     3.355
     3.147
     2.436
     1.403
     0.601
    -0.588
    -0.610
    -1.388
    -2.175
    -1.158
    -0.981
    -0.940
    -0.598
    -0.954
    -2.760
    -1.774
    -2.525
    -1.493
    -1.360
    -1.882
    -0.870
    -0.868
    -0.635
    -0.568
    -1.613
    -1.431
    -2.401
    -1.456
    -1.176
    -1.905
    -1.901
    -1.725
    -0.893
    -1.610
    -1.747
     0.364
    -1.630
    -1.696
    -1.608
    -1.577
    -0.510
    -0.737
    -0.743
    -1.715
    -1.452
    -1.564
    -0.597
    -0.508
    -0.684
    -0.456
     0.550
     0.588
     0.780
     1.589
     0.910
     0.172
     0.198
    -0.114
    -0.944
    -0.977
    -1.097
    -0.402
    -1.156
    -1.330
    -1.083
    -1.223
    -1.021
    -0.189
     0.997
     0.762
    -0.375
    -1.229
    -1.172
    -1.385
    -1.205
    -2.326
    -1.251
    -1.606
    -1.422
    -1.028
    -1.285
    -1.225
    -1.106
    -1.047
     0.862
    -0.133
    -0.149
     1.094
     1.791
     2.795
     3.179
     3.998
     4.916
     5.765
     5.812
     5.747
     5.453
     4.575
     2.383
     2.084
     1.932
     0.723
     0.282
     0.947
     0.213
     0.117
     1.187
     0.119
     1.070
     1.880
     2.482
     1.283
     1.229
     0.312
     2.321
     1.354
     0.560
     1.318
    -0.386
     0.230
    -0.456
     0.437
     0.603
     0.469
    -0.222
    -1.341
    -1.602
    -2.476
    -3.456
    -4.170
    -1.877
    -2.068
    -0.921
    -0.798
    -1.546
    -1.502
    -2.718
    -1.743
    -2.627
    -2.310
    -1.502
    -2.487
    -2.228
    -2.351
    -2.198
    -2.946
    -2.829
    -3.610
    -2.444
    -2.561
    -2.149
    -2.447
    -2.066
    -1.966
    -2.018
    -0.942
    -1.501
    -0.355
    -0.160
    -1.099
    -0.904
     0.164
     0.421
     1.427
     1.564
     1.811
     2.822
     1.972
     2.183
     2.303
     1.362
     2.421
     2.501
     2.536
     2.650
     1.856
     2.703
     2.305
     2.074
     2.250
     2.317
     2.352
     2.628
     3.412
     2.550
     2.617
     2.599
     2.298
     3.383
     2.363
     0.992
    -1.498
    -2.416
    -2.931
    -1.645
    -3.145
    -4.045
    -5.077
    -2.936
    -1.680
    -1.667
    -0.580
    -0.131
     0.835
     1.930
     0.898
     1.018
     0.858
     0.771
    -1.302
    -1.402
    -1.951
    -1.781
    -0.725
    -1.749
    -1.918
    -2.873
    -2.826
    -1.863
    -0.615
    -0.681
     0.016
     2.535
     1.252
     1.247
     0.904
     0.895
    -0.025
    -0.306
    -0.429
     0.386
     0.578
    -0.351
    -0.763
    -0.579
    -1.854
    -1.878
    -1.942
    -1.054
    -1.602
    -1.418
    -1.473
    -1.766
    -0.916
    -0.980
     0.937
     1.222
     1.962
     0.718
    -0.360
     0.777
     0.944
     1.524
     0.603
     0.383
     0.943
     1.879
     1.160
     0.768
     0.857
     1.433
     2.307
     1.842
     1.634
     0.325
     0.633
     0.680
     2.259
     2.504
     2.439
     2.292
     2.026
     1.956
     1.798
     1.687
     1.523
     1.463
     1.371
     1.436
     1.135
     1.043
    -0.017
    -1.036
    -1.389
    -1.371
    -1.744
    -1.482
    -0.350
    -0.473
    -1.572
    -1.562
    -1.540
    -1.443
    -1.770
    -1.743
    -1.993
    -2.050
    -1.047
    -0.897
    -1.705
    -0.373
     0.275
     0.552
     0.402
     0.670
     0.261
    -0.288
    -0.675
    -1.427
    -2.823
    -1.770
    -1.531
    -1.582
    -1.733
    -1.296
    -1.615
    -1.565
    -1.499
     0.471
    -0.178
     0.771
     0.726
     1.956
     0.904
     0.139
     0.982
     1.100
     2.178
     2.215
     2.280
     2.629
     3.611
     3.429
     2.450
     2.463
     3.529
     3.736
     2.259
     4.487
     3.442
     3.128
     2.770
     1.917
     1.021
     1.200
     1.086
    -0.074
    -1.931
    -1.866
    -2.182
    -1.936
    -2.713
    -2.730
    -2.642
    -2.689
    -2.604
    -2.334
    -3.348
    -3.351
    -3.485
    -2.411
    -2.302
    -1.181
    -1.195
    -1.303
    -2.136
    -1.607
    -1.806
    -1.989
    -1.047
    -0.731
    -0.763
    -0.463
    -1.809
    -1.568
    -2.893
    -2.380
    -2.636
    -3.436
    -2.615
    -2.832
    -2.801
    -2.599
    -2.694
    -2.370
    -3.294
    -1.066
    -2.396
    -1.039
    -2.213
    -2.188
    -2.276
    -1.014
    -0.073
    -1.195
    -1.011
    -0.886
     0.896
     0.103
     1.010
     1.131
    -0.209
    -0.047
     0.843
     1.085
     0.319
     1.528
     1.380
     1.554
     1.539
     1.399
     0.319
     1.287
     1.336
     1.470
     3.283
     2.451
     4.249
     3.508
     3.236
     4.386
     3.317
     2.983
     3.897
     4.026
     2.921
     3.988
     3.151
     4.054
     2.865
     3.178
     1.962
     1.067
     1.705
     2.441
     1.814
     1.606
     2.040
     1.762
     1.631
     1.725
     2.795
     2.812
     2.675
     2.762
     2.793
     1.877
     2.950
     2.206
     2.101
     1.922
     2.109
     2.358
     3.206
     3.098
     2.193
     2.168
     1.030
     1.063
     1.140
     1.212
     1.217
     1.319
     0.187
     1.281
     0.390
     0.449
     0.523
    -0.406
    -0.814
    -0.396
    -1.595
    -1.097
    -1.163
    -2.144
    -1.565
    -1.034
    -0.927
    -1.995
    -1.028
    -0.797
    -1.800
    -2.686
    -1.391
    -1.431
    -2.081
    -1.972
    -1.948
    -1.836
    -1.753
    -1.647
    -2.806
    -3.389
    -2.343
    -2.193
    -4.517
    -5.253
    -5.183
    -5.655
    -6.831
    -7.100
    -5.255
    -5.007
    -2.834
    -2.887
    -3.533
    -3.355
    -4.442
    -4.562
    -4.246
    -4.005
    -4.846
    -4.866
    -4.580
    -4.604
    -5.181
    -5.022
    -4.894
    -5.545
    -4.392
    -4.465
    -4.967
    -3.552
    -1.660
    -1.168
    -1.451
    -2.240
    -3.063
    -2.539
    -2.432
    -2.341
    -3.247
    -2.840
    -2.869
    -3.611
    -3.619
    -3.200
    -2.804
    -1.771
    -0.825
    -0.410
    -0.198
     0.301
     0.167
     1.872
     2.939
     2.442
     3.541
     2.768
     4.170
     4.293
     5.064
     5.720
     5.957
     7.674
     9.050
    10.019
     7.394
     7.493
    10.700
    11.974
    13.857
    10.677
     8.833
     8.728
     7.592
     5.563
     3.726
     1.493
    -0.498
    -3.229
    -2.284
    -2.647
    -0.684
    -1.250
    -1.134
    -1.012
     1.361
     3.308
     5.509
     7.472
     8.255
     7.088
     5.188
     5.283
     8.502
     7.526
     3.992
     3.422
    -1.587
    -0.152
     1.357
     4.404
     6.577
     7.461
     6.241
     8.203
     7.261
     6.158
     8.064
     9.234
     8.931
     8.055
     9.861
     6.990
     7.242
     5.484
     6.165
     9.159
    10.146
     9.145
     9.343
     9.120
     8.649
     8.338
     4.840
     2.648
    -6.472
    -9.969
    -5.559
    -9.080
    -1.674
   -14.151
   -12.400
    -7.426
    -6.813
   -13.621
   -15.199
   -17.528
   -19.129
   -23.033
   -29.330
   -33.025
   -29.297
   -25.961
   -21.928
   -20.798
   -21.001
   -18.867
   -15.846
   -15.292
   -15.456
   -14.611
   -11.178
    -6.637
    -4.766
    -4.285
    -6.598
    -5.829
    -5.264
    -7.194
    -7.438
    -9.459
    -7.204
    -4.747
    -3.201
    -3.108
    -2.478
    -1.926
     2.504
     4.413
     5.186
     6.773
     8.534
     5.762
     7.693
     8.579
     9.367
     8.176
     8.435
     8.544
     9.021
     8.760
     8.418
     7.203
     7.887
     5.800
     4.853
     4.013
     2.390
     2.062
     2.484
     2.243
     3.437
     3.861
     3.630
     4.579
     4.574
     4.401
     4.950
     5.278
     5.169
     5.744
     5.688
     5.976
     6.058
     6.467
     6.805
     7.150
     7.176
     7.168
     6.282
     6.509
     6.448
     6.621
     6.292
     6.309
     6.289
     6.213
     6.081
     6.059
     5.906
     5.904
     5.711
     5.667
     5.485
     5.436
     5.226
     5.153
     4.916
