     4.804
     5.117
     5.403
     5.701
     5.974
     6.253
     6.507
     6.777
     7.014
     7.267
     7.501
     7.702
     7.856
     8.089
     8.214
     8.329
     8.464
     8.486
     8.525
     8.606
     8.588
     8.551
     8.473
     8.445
     8.422
     8.442
     8.248
     8.251
     7.800
     7.824
     7.704
     7.389
     7.091
     6.692
     6.448
     5.870
     5.341
     5.197
     4.527
     4.347
     3.769
     3.167
     2.741
     1.817
     1.405
     0.831
     0.182
    -0.597
    -1.572
    -1.613
    -2.530
    -3.225
    -4.026
    -4.726
    -5.776
    -6.112
    -7.178
    -7.824
    -8.439
    -8.348
    -9.713
   -10.314
   -10.015
    -9.419
    -9.063
    -9.490
    -8.773
    -7.642
    -7.306
    -6.161
    -4.933
    -4.264
    -3.820
    -4.505
    -2.697
    -1.888
    -1.883
    -0.846
    -0.835
    -1.013
    -0.483
    -0.958
    -0.085
     1.166
     3.536
     5.059
     4.254
     3.862
     2.215
     1.312
     0.439
    -0.744
    -2.962
    -4.289
    -5.667
    -7.660
    -8.266
    -7.021
    -6.521
    -5.351
    -3.570
    -1.594
    -1.308
    -0.915
    -1.412
    -2.810
    -2.074
    -2.506
    -1.347
     0.000
    -1.178
    -1.050
    -1.943
    -1.946
    -2.778
    -2.221
    -2.750
    -3.888
    -2.552
    -2.714
    -1.695
    -2.445
    -2.862
    -3.396
    -2.954
    -3.752
    -1.759
    -1.608
    -0.551
    -0.707
    -0.429
    -0.867
    -1.115
    -0.207
    -2.008
    -1.701
    -0.631
     0.159
    -0.096
    -0.371
     0.420
     1.137
     1.171
     2.160
     3.055
     3.159
     2.094
     2.376
     1.102
     0.897
     0.437
     2.494
     3.646
     2.751
     2.813
     1.918
     1.589
     1.500
     4.815
     2.078
     0.534
     0.945
     4.239
     4.678
     5.874
     6.569
     5.573
     5.488
     6.011
     6.347
     5.982
     5.164
     3.550
     4.820
     3.216
     2.781
     1.997
     1.678
     1.872
     1.847
     3.093
     1.156
    -0.790
    -0.142
     0.628
     1.445
     1.548
     1.364
     2.512
     3.441
     2.959
     1.972
    -0.743
    -1.906
    -2.556
    -2.222
    -1.118
     2.532
     4.706
     5.237
     5.152
     6.198
     3.448
     0.934
     0.107
     1.650
     4.493
     5.993
     5.604
     6.979
     8.062
     9.911
    10.706
    10.782
    10.981
    12.604
    10.800
     9.966
    11.590
    11.990
    11.614
    10.098
     8.122
     3.432
     3.281
     3.432
     1.654
    -2.003
    -2.734
    -3.389
    -4.535
    -3.776
    -5.770
    -1.804
    -5.137
    -4.429
    -4.350
    -6.034
    -8.647
   -10.553
   -10.407
   -11.123
   -12.573
   -13.359
   -14.230
   -15.599
   -14.232
   -16.257
   -15.764
   -17.524
   -11.343
   -14.036
   -10.852
    -9.819
   -15.619
   -16.521
   -15.279
   -14.868
   -13.516
   -14.350
   -14.130
   -13.323
   -12.784
   -12.336
   -12.520
   -10.521
   -10.276
    -8.492
    -8.286
    -5.806
    -3.545
    -4.746
    -6.220
    -5.284
    -2.399
    -2.095
    -2.985
    -2.287
    -0.563
    -1.828
    -0.254
     1.948
     2.054
     0.454
    -1.441
     0.149
     1.926
     2.885
     4.777
     6.075
     5.679
     7.191
     6.482
     6.070
     5.274
     6.710
     5.842
     6.716
     6.103
     5.925
     6.990
     7.501
     8.831
    10.869
    11.968
     9.875
    11.383
    10.403
     9.330
    10.609
     8.121
     8.018
     8.997
     7.492
     9.707
    10.445
    10.040
     8.129
     8.198
    10.156
    10.342
     9.491
     7.692
     7.680
     6.024
     6.798
     9.502
     9.869
     8.730
     7.608
     7.974
     8.023
     6.325
     4.537
     3.824
     5.660
     4.933
     6.172
     5.790
     4.818
     4.710
     4.062
     4.199
     4.204
     8.106
     8.392
     8.963
     4.942
     2.537
     3.817
     6.548
     5.315
     4.441
     3.918
     2.323
     2.526
     3.428
     2.882
    -0.382
    -0.855
    -2.116
    -1.292
    -3.401
    -4.565
    -0.540
    -1.890
    -3.954
    -5.547
    -8.899
    -8.131
    -8.791
    -8.482
   -10.740
    -8.139
    -8.185
   -10.648
   -10.722
   -12.233
   -13.271
   -13.452
   -14.727
   -13.674
   -13.264
   -12.980
   -12.753
   -12.242
   -13.009
   -13.175
   -13.980
   -11.921
   -12.695
   -13.446
   -13.254
   -11.007
   -10.275
    -9.272
    -9.081
    -8.755
    -8.651
    -8.320
    -6.929
    -6.173
    -5.195
    -5.731
    -6.974
    -6.976
    -6.282
    -2.634
    -3.069
    -1.189
    -3.177
    -3.096
    -2.896
     0.461
     1.104
    -1.489
     0.514
     0.158
    -1.014
    -1.599
    -3.349
    -1.645
    -1.836
    -3.044
    -2.802
    -1.453
     2.390
     6.332
     7.516
     6.610
     5.059
     1.657
     1.368
     0.956
     3.091
     4.933
     5.679
     2.708
     1.158
     1.562
     0.594
     1.117
    -1.333
    -0.241
    -1.120
    -0.054
     0.703
     4.252
     4.520
     8.004
    10.045
     9.157
     8.696
     7.570
     7.806
     8.924
    15.144
    17.709
    20.382
    19.438
    18.774
    19.415
    23.352
    22.104
    21.192
    21.053
    20.163
    18.488
    15.087
    16.250
    15.058
    13.544
    12.492
    11.057
    11.240
    11.320
    11.660
     7.865
     6.115
     4.502
     3.689
     2.923
     0.161
    -0.686
    -1.732
    -2.797
    -4.846
    -6.649
    -7.851
    -9.638
    -8.247
   -11.279
   -11.707
    -8.837
    -6.361
    -6.468
    -8.176
    -8.797
   -10.097
    -7.973
   -10.025
    -9.797
    -8.324
    -7.625
    -8.727
    -9.253
   -10.161
    -9.525
   -10.202
   -10.222
   -10.702
    -9.374
   -13.526
   -12.770
   -11.348
    -8.416
    -7.774
    -8.466
    -8.358
    -8.364
    -7.335
    -7.030
    -7.804
    -8.139
    -8.144
    -7.695
    -7.455
    -5.099
    -6.641
    -8.028
    -7.792
    -8.269
    -5.232
    -5.744
    -2.820
    -2.871
    -4.781
    -6.113
    -6.619
    -7.799
    -5.836
    -4.097
    -3.191
    -4.018
    -2.620
    -1.973
    -2.608
     0.258
    -0.467
    -0.608
     0.724
     1.898
     2.893
     5.327
     5.919
     5.408
     4.185
     3.346
     4.944
     5.240
     8.289
    10.476
     7.802
     8.968
     9.361
     9.408
    11.022
    10.699
    11.366
    12.054
    11.428
     9.985
     9.378
    10.151
     9.528
     9.093
     8.135
     7.830
     7.969
     7.769
     7.430
     8.075
     8.829
     8.939
     8.983
     5.700
     3.806
     2.866
     1.206
     0.359
     0.059
    -2.431
    -3.142
    -1.563
    -2.372
    -2.386
    -3.578
    -4.004
    -1.165
    -0.533
     0.397
     2.426
     1.701
     1.207
     0.633
     1.089
     2.153
     1.557
     0.859
    -0.172
    -0.665
    -0.148
     0.544
    -0.418
    -1.121
    -1.458
    -1.691
    -3.341
    -2.963
    -2.721
    -2.779
    -2.133
    -5.219
    -7.105
    -5.999
    -5.669
    -6.332
    -7.193
    -7.476
    -6.499
    -7.356
    -7.851
    -6.755
    -7.174
    -7.694
    -8.393
    -8.432
    -6.783
    -6.174
    -5.840
    -5.297
    -6.359
    -4.586
    -5.127
    -5.064
    -3.743
    -2.603
    -3.214
    -2.753
    -3.065
    -2.372
    -2.062
    -0.479
    -0.965
    -0.888
     0.050
    -0.225
     0.098
    -0.277
     0.321
     0.997
     0.655
     0.968
     1.578
     1.770
     0.967
     0.835
     1.103
     0.946
     1.629
    -0.205
     1.998
     0.605
     3.849
     4.419
     2.650
     5.502
     4.083
     5.856
     5.768
     7.266
     7.003
     7.539
     6.211
     6.636
     6.987
     6.255
     7.528
     7.157
     6.762
     4.719
     5.166
     4.613
     3.671
     2.964
     3.487
     4.118
     3.838
     3.270
     3.304
     3.043
     3.914
     4.152
     4.406
     6.515
     5.545
     5.326
     4.607
     4.590
     6.441
     7.297
     5.754
     7.420
     7.577
     7.830
     7.019
     5.384
     4.696
     4.052
     4.661
     2.868
     2.905
     0.456
     1.059
    -0.295
    -2.004
    -1.952
    -4.814
    -5.571
    -7.249
    -6.847
    -6.890
    -7.683
    -9.055
   -10.798
   -10.377
   -10.595
   -10.650
   -11.724
   -11.225
   -10.433
   -11.605
   -10.986
   -12.326
   -12.306
   -11.839
   -10.784
   -10.423
    -7.497
    -8.676
    -7.414
    -4.777
    -5.305
    -6.203
    -6.825
    -6.027
    -4.892
    -2.057
    -4.912
    -4.035
    -3.919
    -4.321
    -5.220
    -6.735
    -7.095
    -7.288
    -6.305
    -5.098
    -4.387
    -4.513
    -5.155
    -3.400
    -1.737
    -1.881
     0.281
     0.835
     2.854
     1.761
     2.397
     4.068
     4.539
     2.593
     4.712
     3.822
     4.491
     4.820
     4.787
     4.900
     4.330
     4.228
     5.103
     7.174
     8.098
     8.202
     8.503
     8.811
     8.295
     7.694
     7.061
     5.962
     5.196
     6.084
     5.725
     6.483
     6.585
     5.378
     1.792
     1.555
     0.949
     0.950
     1.154
     0.566
    -1.047
     0.191
     1.358
     3.264
     4.299
     3.056
     3.549
     2.707
     3.448
     2.928
     2.769
     2.780
     4.663
     4.297
     4.449
     4.664
     4.798
     4.174
     4.642
     4.841
     4.807
     4.759
     2.894
     3.991
     3.930
     1.816
     2.308
     2.822
     3.903
     2.798
     1.261
     1.945
     1.882
     2.429
     3.312
     1.256
     1.614
     2.979
     3.569
     1.472
     0.847
    -0.069
    -0.220
    -1.688
    -0.670
    -1.692
    -1.145
     0.414
     0.680
     0.348
     1.323
     1.198
     1.159
    -0.379
    -0.134
     2.136
     1.468
     0.237
     0.878
     0.311
    -2.466
    -2.889
    -2.946
    -1.603
    -1.123
    -1.796
    -2.553
    -3.007
    -4.444
    -4.270
    -4.451
    -4.714
    -4.568
    -6.681
    -6.761
    -6.857
    -6.060
    -6.389
    -5.845
    -4.873
    -7.504
    -7.495
    -8.195
    -6.608
    -6.570
    -6.697
    -7.937
    -8.896
   -10.830
   -10.390
   -10.521
   -11.273
   -11.722
   -10.228
   -11.903
   -11.038
    -9.779
   -11.216
   -11.464
    -9.898
    -9.815
    -7.161
    -4.452
    -2.727
    -2.922
    -5.977
    -5.029
    -4.846
    -5.570
    -5.560
    -6.575
    -6.855
    -8.310
    -8.246
    -9.120
   -10.446
   -10.466
    -8.098
    -7.372
    -7.286
    -5.864
    -4.033
    -1.258
     2.905
     3.436
     2.226
     3.294
     4.733
     6.217
     7.604
     8.952
     9.685
    10.466
    12.329
    14.669
    17.619
    17.568
    18.348
    18.797
    18.447
    17.606
    18.680
    18.914
    17.868
    16.161
    15.595
    13.261
    13.104
    15.879
    15.870
    17.141
    13.272
    12.926
    12.161
    14.125
    16.197
    15.990
    14.963
    15.354
    13.634
    12.490
    10.888
     9.272
     6.887
     5.409
     4.587
     2.786
     2.613
     2.492
    -0.332
     0.828
    -0.281
    -0.069
    -1.480
    -3.409
    -3.434
    -4.393
    -2.521
    -1.457
    -0.087
    -0.989
    -1.858
    -2.218
    -4.238
    -4.414
    -4.631
    -5.765
    -4.384
    -3.378
    -3.027
    -4.121
    -4.261
    -2.309
    -3.729
    -3.365
    -3.299
    -4.960
    -5.079
    -6.194
    -7.887
    -8.763
   -10.047
   -10.620
    -7.841
    -7.251
    -6.084
    -6.261
    -5.579
    -5.749
    -5.528
    -5.503
    -5.014
    -4.431
    -4.736
    -6.567
    -7.209
    -9.740
   -12.171
   -11.988
    -9.557
   -10.415
    -7.815
    -5.960
    -6.976
    -7.359
    -6.493
    -7.882
    -7.699
   -10.024
   -11.399
   -14.927
   -14.810
   -14.685
   -15.128
   -14.859
   -12.300
   -11.740
   -11.383
   -10.890
    -8.621
    -9.539
   -12.064
   -14.617
   -14.481
   -14.379
   -14.911
   -15.302
   -18.555
   -19.951
   -20.679
   -20.312
   -19.422
   -20.231
   -21.846
   -20.682
   -19.695
   -17.132
   -14.729
    40.466
    46.679
    34.452
    35.459
    35.675
    35.466
    34.722
    31.771
    36.323
    38.564
    35.706
    33.613
    32.599
    27.311
    26.951
    23.292
    25.802
    26.582
    21.547
    19.209
    11.485
     8.031
    13.102
    10.829
    14.930
    13.612
     9.298
     7.463
     7.117
     5.848
     2.335
    -1.581
    -5.250
    -6.103
    -3.943
    -7.432
   -11.269
   -14.229
   -17.552
   -15.056
   -16.461
   -11.917
    -8.029
    -4.917
    -4.606
    -4.100
    -5.980
    -6.198
    -1.760
     0.225
    -1.651
    -4.305
    -6.132
    -5.795
    -3.078
     1.667
     5.425
    11.149
    10.451
     9.821
     6.155
     3.599
     4.071
     3.189
     3.084
     2.586
     4.724
     9.887
     5.057
     3.717
     1.992
    -1.075
    -1.905
    -2.933
    -1.441
    -0.396
    -4.515
    -5.925
    -2.420
    -1.297
    -0.375
     0.592
     2.636
     1.394
     1.175
     2.734
     3.173
    -0.409
    -2.467
    -0.512
     0.004
    -2.143
    -0.007
    -0.299
    -0.849
    -3.088
    -4.834
    -7.522
   -11.562
   -11.091
    -6.954
    -3.923
    -7.625
    -8.916
   -11.977
   -16.298
   -20.352
   -21.907
   -25.069
   -24.526
   -27.762
   -29.296
   -30.869
   -31.633
   -30.791
   -32.309
   -35.970
   -33.172
   -33.560
   -31.163
   -29.545
   -27.275
   -20.998
    -8.887
    -8.805
    -9.287
    -2.855
     5.881
     8.570
    16.750
    20.545
    21.442
    26.511
    33.484
    45.871
    46.722
    30.714
    26.243
    26.845
    30.978
    28.132
    19.883
    19.306
    18.631
    17.683
    15.198
    15.022
    13.546
    14.578
    11.257
     9.863
     8.725
    11.613
     9.527
    10.408
    10.096
    11.256
     5.278
     1.986
     3.318
     5.617
     6.992
     9.384
     6.579
     8.562
    12.388
    14.923
    21.426
    24.840
     3.403
    -5.521
     5.317
     5.511
     4.326
     3.828
     1.121
     3.683
     1.065
     0.376
    -4.536
    -5.244
   -22.328
   -22.582
   -11.015
   -13.057
   -16.435
   -14.172
   -11.581
   -13.052
   -12.978
   -12.017
   -13.323
   -13.827
    -9.464
   -11.088
   -10.518
    -9.840
    -7.063
    -9.618
    -0.907
    -2.216
    -3.923
    -0.072
     0.141
    -3.540
    -4.670
    -3.337
     2.280
     0.207
    -3.944
    -3.737
    -2.768
    -4.207
    -3.429
    -5.022
    -4.772
    -3.948
    -5.821
    -5.025
    -6.029
    -8.005
    -9.339
    -6.350
   -10.142
    -7.138
    -4.592
    -7.631
    -4.809
    -5.924
    -6.629
    -2.276
    -2.029
    -2.170
    -1.276
    -0.605
    -0.151
     3.613
     2.128
     1.638
     0.809
     1.746
     4.122
     4.028
     3.910
     2.899
     4.062
     5.754
     6.960
     4.869
     2.712
     3.057
     1.789
     4.052
     2.708
     1.480
     5.139
     9.063
    15.424
    14.342
     9.586
    11.030
    12.181
    10.232
     9.917
     7.077
    10.728
    18.375
    16.071
     9.806
     6.396
     0.917
     6.931
    10.779
     5.039
    -1.546
    -2.186
    -0.724
    -2.818
    -2.903
    -2.882
    -1.761
     1.246
     4.003
     3.308
     3.798
     1.454
     1.272
     4.695
     3.868
     0.805
    -1.267
    -0.499
    -1.346
    -5.056
    -5.495
    -5.956
    -8.848
   -10.020
    -5.031
    -8.077
   -11.616
    -9.548
    -3.658
    -7.836
    -9.875
   -12.027
   -12.661
    -9.370
   -10.348
    -5.842
    -6.943
    -5.032
   -11.471
   -10.847
    -9.432
    -7.549
    -8.014
    -6.564
    -2.936
    -4.933
     1.212
    -0.325
     3.243
     4.695
     6.897
     5.971
     6.115
     5.281
     2.650
     8.240
     5.714
     5.882
     3.172
    -1.902
     0.295
    -3.664
     1.246
     2.976
     1.236
    -1.184
    -3.350
     0.254
     4.619
     4.459
     3.077
     1.790
     1.360
     8.438
     8.880
     5.790
     5.200
     4.643
     2.899
     0.043
    -0.293
    -2.486
    -1.707
    -1.774
    -1.216
    -5.929
    -4.845
    -0.936
     2.500
     2.059
    -2.843
    -4.007
     6.322
     8.862
     2.108
    -2.177
     0.356
     2.988
    -2.220
    -1.065
    -2.806
    -4.584
    -3.129
    -2.142
    -2.115
    -1.434
    -0.018
    -1.529
    -0.088
    -1.575
     1.131
     1.843
     0.406
    -1.918
    -4.024
    -1.481
    -1.862
    -2.421
    -2.591
    -5.184
    -5.623
     0.551
    -1.246
    -1.628
    -0.500
     2.107
    -0.599
    -2.301
     0.348
     1.505
     2.185
     1.027
     3.947
     1.374
    -0.011
     1.808
    -1.447
     3.307
     5.667
     5.860
     3.478
     2.242
     3.057
     2.475
     0.751
     4.616
     3.641
     5.288
     5.780
     4.281
     3.226
     3.224
     2.762
     1.209
     2.526
     1.797
     1.998
     2.135
     3.529
     5.536
     1.772
     0.977
     3.673
     4.609
     3.171
     2.321
    -0.614
     0.273
     3.158
     2.014
     1.568
     0.442
    -0.131
    -3.711
     1.362
     3.304
     0.630
    -0.866
    -3.617
    -2.408
    -1.176
     1.897
    -1.139
    -2.151
    -2.549
    -2.073
    -1.988
    -2.584
    -2.514
    -2.574
    -3.756
    -2.126
    -1.140
    -0.981
    -2.963
    -2.907
    -5.814
    -3.085
    -4.055
    -5.542
    -4.006
    -2.819
    -2.147
    -3.385
    -0.015
    -1.003
    -1.895
    -0.463
    -0.710
    -1.982
    -2.367
    -2.298
    -2.256
    -2.005
    -2.893
    -1.325
    -2.130
    -3.090
    -1.374
    -0.514
     1.287
     0.844
     1.868
     0.858
     0.453
     0.927
     1.120
     0.161
     0.588
    -0.214
    -0.899
    -0.995
    -3.279
    -3.014
    -2.786
    -2.780
    -3.544
    -4.814
    -4.879
    -5.723
    -4.738
    -5.627
    -7.350
    -6.264
    -6.336
    -6.045
    -7.124
    -5.971
    -6.280
    -5.714
    -5.489
    -5.548
    -4.190
    -5.599
    -3.914
    -4.042
    -4.088
    -5.570
    -4.541
    -4.902
    -3.145
     0.272
    -0.382
    -1.572
    -0.864
     0.890
     1.986
     3.185
     4.035
     4.630
     6.196
     8.753
     8.829
     8.843
    11.173
    11.856
    13.499
    10.879
    10.199
     9.117
     8.670
     8.135
     3.882
     4.719
     4.488
     6.154
     2.187
     3.907
     2.766
     5.427
     4.226
     6.649
     8.995
    10.499
    10.208
     8.532
     8.729
     8.675
     8.996
     7.420
     7.686
     7.544
     8.276
     6.809
     8.671
    11.813
    13.627
    16.154
    14.812
    15.292
    14.218
     5.842
     1.846
    -0.052
    -4.051
    -5.558
    -5.994
    -9.593
    -9.593
    -9.261
    -9.145
    -9.268
    -9.142
    -9.264
    -8.471
    -7.759
    -6.660
    -4.144
    -3.119
    -3.625
    -2.077
    -0.078
     2.569
     5.620
     5.640
     4.025
     3.786
     4.961
     5.726
     4.320
     3.434
     3.044
     0.381
    -0.805
     0.002
    -1.044
    -1.174
    -1.721
    -4.177
    -4.897
    -7.601
    -8.292
    -8.277
    -7.822
    -7.070
    -6.464
    -6.232
    -5.730
    -5.307
    -3.623
    -7.291
    -7.605
    -8.917
    -9.811
    -9.720
   -11.623
   -14.805
   -16.031
   -18.218
   -20.901
   -20.346
   -21.274
   -19.609
   -19.016
   -18.543
   -19.227
   -19.057
   -18.841
   -18.528
   -17.784
   -17.382
   -15.461
   -15.569
   -15.306
   -14.794
   -14.936
   -13.845
   -14.022
   -10.058
    -8.723
    -6.316
    -3.935
    -1.999
     0.298
     2.408
     2.446
     5.025
     5.861
     4.087
     4.937
     3.997
     7.081
    12.715
    15.425
    16.868
    18.081
    19.472
    23.998
    25.843
    26.988
    28.067
    30.423
    30.156
    28.051
    27.307
    24.691
    21.359
    18.703
    15.845
    13.803
    12.179
    11.418
     9.839
     8.625
    13.488
    14.505
    15.550
    16.187
    14.547
    11.504
    12.628
    11.555
    11.266
    10.939
    11.451
    12.216
    14.451
    15.670
    13.680
    10.689
     9.896
     9.545
     6.862
     7.121
     6.085
     7.634
     7.703
     7.638
     5.215
     3.638
     2.242
     1.334
     0.499
     0.484
    -0.340
    -2.007
    -2.618
    -3.155
    -3.554
    -2.036
    -4.630
    -6.783
    -9.959
   -12.140
   -14.368
   -16.660
   -20.020
   -19.481
   -20.031
   -20.561
   -23.303
   -23.737
   -24.618
   -24.233
   -22.208
   -21.726
   -21.832
   -21.061
   -21.904
   -18.996
   -17.164
   -14.394
   -13.664
   -14.969
   -13.598
   -12.500
   -12.633
   -11.929
   -12.230
   -14.314
   -13.746
   -16.524
   -13.020
   -13.140
    -6.314
    -7.326
    -3.319
     0.023
     0.742
    -0.140
    -0.031
    -3.822
    -4.637
    -3.355
     0.933
     1.828
     6.705
     8.659
     9.746
    10.704
    10.116
     7.910
     5.456
     8.357
    10.096
    10.555
    10.086
    11.559
     9.321
    10.684
    16.877
    13.464
     9.268
     5.713
     5.363
     8.154
     7.589
     5.211
     6.286
     6.712
     8.157
     8.174
     5.978
    -0.605
    -0.781
    -4.618
    -8.972
    -7.790
    -7.844
    -7.531
    -5.091
    -3.335
    -4.178
    -3.159
    -3.579
    -4.040
    -3.249
    -6.014
    -6.037
     0.133
    -4.965
    -1.418
    -2.163
     0.790
     4.796
     2.360
     0.296
     3.160
     1.836
     0.702
     0.959
    -0.527
     1.858
     4.445
     7.480
     6.502
     9.794
    11.369
    13.541
    16.578
    17.359
    16.564
    14.150
    17.109
    14.781
     9.645
     7.420
     5.871
     3.539
     2.937
     1.049
     3.938
     2.617
     5.751
     4.010
     1.648
     0.778
     0.960
     0.234
    -0.014
     2.141
     3.851
     5.492
     5.655
     4.803
     4.894
     2.998
     1.396
     0.872
    -3.701
    -5.916
   -10.524
   -16.306
    -5.574
    -1.387
    -1.795
     0.662
    -0.242
    -2.025
    -2.551
    -2.882
    -6.137
    -6.840
    -6.250
    -1.785
     0.488
     7.465
    10.858
     8.090
     6.616
    -3.963
   -10.544
   -12.400
   -14.645
   -15.618
   -10.701
    -0.907
     1.042
     1.825
     0.472
    -0.345
    -3.579
    -3.587
    -3.866
    -6.777
    -7.800
    -7.123
    -6.886
    -6.133
    -6.460
    -6.006
    -6.051
    -6.396
    -6.285
    -7.892
    -6.281
    -7.002
    -5.106
    -5.318
    -5.291
    -5.843
    -6.367
    -6.908
    -7.296
    -8.584
    -8.102
    -8.296
    -4.101
     1.933
     1.241
     5.105
     6.798
     6.658
     6.751
     5.650
     5.096
     3.064
     1.743
     0.332
    -0.498
    -1.201
    -1.804
    -0.608
     0.043
    -0.168
     0.677
     0.736
     0.787
    -0.255
     1.303
     1.816
     2.784
     2.215
     0.722
     1.055
    -2.829
    -1.895
    -0.418
    -2.130
    -2.197
    -2.093
    -0.953
     0.089
     0.917
    -1.880
    -2.708
    -3.688
     0.160
     0.009
     1.138
    -1.655
    -0.583
     0.366
     1.047
     1.360
     2.149
     1.496
     3.329
     4.775
     4.174
     2.907
     3.735
     2.549
     4.586
     5.209
     5.744
     5.064
     5.948
     6.139
     6.207
     3.810
     3.930
     4.030
     2.610
     2.893
     2.770
     2.148
     2.427
     1.678
     0.930
     1.267
     1.218
     2.707
     3.920
     5.161
     3.803
     5.773
     7.660
     9.135
     9.608
     9.546
    10.255
     8.509
     8.112
     7.174
     7.269
     9.023
     7.503
     6.775
     6.545
     8.675
     6.825
     6.450
     5.324
     3.410
     3.414
    -2.418
    -3.082
    -5.458
    -5.824
    -5.627
    -5.473
    -5.498
    -7.142
    -6.078
    -6.187
    -7.218
    -7.240
    -7.715
    -8.250
    -7.805
    -7.169
    -6.555
    -6.852
    -7.097
    -5.153
    -4.729
    -2.841
    -3.211
    -3.106
    -2.336
    -0.669
    -2.984
    -3.813
    -3.461
    -3.246
    -3.912
    -3.738
    -3.668
    -3.290
    -3.710
    -3.962
    -2.970
    -1.724
    -1.349
    -2.184
    -1.901
    -3.401
    -3.466
    -3.718
    -4.567
    -4.628
    -3.604
    -5.435
    -4.080
    -3.952
    -2.613
    -3.354
    -2.971
    -2.201
    -1.979
    -2.662
    -2.926
    -2.440
    -3.262
    -1.706
    -2.956
    -2.805
    -2.086
    -1.265
    -1.511
    -1.265
    -0.245
    -0.171
     1.761
     0.623
     1.777
     2.325
     1.958
     2.519
     1.601
     2.523
     2.134
     2.012
     2.895
     3.611
     4.105
     4.038
     3.517
     4.360
     3.268
     1.944
     2.722
     2.199
     1.947
     1.560
     1.069
     1.200
     0.207
     0.038
     0.402
     0.566
    -0.172
     0.320
     0.042
     0.460
     0.335
     0.555
     1.150
     1.086
     1.238
     0.816
     0.712
     1.064
     0.267
     0.799
     0.926
     0.527
    -0.269
    -0.146
    -0.310
     0.749
     0.857
     1.855
     2.308
     3.043
     3.088
     3.606
     3.584
     2.584
     2.780
     3.112
     2.193
     1.153
     0.545
     0.800
     1.407
     0.252
    -0.028
    -0.489
    -1.002
    -0.279
    -0.077
    -1.548
    -0.511
     1.239
     1.181
    -0.050
     0.792
     1.178
     1.735
     1.759
     1.636
     1.584
     1.231
     0.222
     0.091
     0.718
     2.397
     2.679
     2.484
     2.216
     1.347
     2.398
     3.671
     2.584
     2.089
     2.188
     3.189
     2.584
     2.547
     2.433
     2.229
     2.369
     2.686
     2.134
     2.103
     1.687
     0.337
     1.394
     1.457
     0.859
    -0.055
    -1.062
    -0.356
    -0.513
    -0.645
    -1.250
    -0.839
    -1.258
    -1.898
    -0.479
    -2.089
    -1.764
    -0.440
    -1.708
    -0.579
    -0.814
    -2.243
    -1.520
    -1.143
    -1.164
    -1.588
    -2.458
    -2.743
    -2.885
    -1.397
    -2.819
    -2.252
    -2.320
    -2.700
    -2.688
    -1.984
    -2.532
    -2.522
    -2.815
    -2.721
    -1.890
    -3.306
    -2.766
    -2.961
    -2.098
    -2.353
    -2.444
    -2.986
    -2.871
    -3.365
    -3.384
    -2.100
    -3.439
    -4.102
    -4.166
    -4.082
    -4.641
    -5.612
    -5.019
    -4.716
    -5.691
    -5.452
    -5.286
    -5.402
    -5.417
    -5.698
    -5.235
    -5.372
    -6.315
    -4.862
    -7.130
    -8.604
    -7.916
    -7.412
    -7.330
    -7.081
    -5.992
    -5.540
    -4.436
    -3.294
     0.370
     0.842
     3.142
     4.572
     6.878
    10.629
    10.116
     9.681
    10.421
    11.745
     9.614
     9.035
     7.918
     7.623
     6.543
     5.721
     4.899
     5.144
     5.307
     5.384
     5.542
     6.798
     6.913
     5.736
     6.507
     6.780
     6.641
     5.606
     4.715
     5.962
     6.463
     6.352
     4.608
     3.438
     3.488
     2.919
     2.369
     2.839
     3.981
     3.777
     2.657
     2.106
     1.929
     1.563
     0.716
     1.370
     2.212
     1.127
     1.991
     2.285
     1.661
     1.470
     1.505
     2.390
     2.309
     0.903
     1.072
     1.111
     0.967
     0.916
    -0.162
    -2.439
    -0.576
     0.267
     1.105
     1.733
    -0.242
    -4.016
    -4.787
    -4.834
    -4.212
    -4.893
    -2.125
    -1.229
    -2.477
    -3.057
    -3.138
    -4.666
    -5.748
    -5.704
    -5.138
    -3.891
    -2.462
    -3.676
    -3.483
    -3.358
    -4.166
    -4.615
    -3.649
    -3.511
    -3.337
    -1.168
    -1.259
    -1.089
    -0.630
    -1.542
    -0.403
    -1.238
    -1.027
    -0.737
    -0.912
    -1.659
    -0.909
    -1.123
    -0.803
    -0.406
    -0.388
    -0.434
    -0.963
    -2.937
    -3.502
    -2.506
    -3.067
    -3.453
    -1.742
    -2.770
    -1.930
    -2.728
    -1.966
    -1.684
    -0.873
    -1.492
    -0.456
    -0.493
     1.233
     1.060
    -0.016
    -1.126
    -1.397
    -3.117
    -0.988
    -2.012
    -2.531
    -4.125
    -2.217
    -2.237
    -1.766
    -1.533
    -0.566
     0.530
     0.249
     0.141
    -0.501
     0.541
     0.264
    -0.223
    -2.943
    -2.875
    -2.290
    -0.042
     1.359
     1.568
     2.723
     4.057
     3.539
     3.047
     2.995
     4.100
     4.708
     2.450
     2.485
     2.706
     2.680
     2.157
     1.958
     2.207
     1.186
     2.381
     1.373
     2.317
     1.541
     3.743
     3.732
     3.873
     3.012
     3.351
     2.843
     2.510
     3.464
     2.609
     3.042
     2.045
     2.234
     2.295
     1.610
     1.314
     1.723
     1.641
     1.261
     2.130
     2.603
     1.627
     0.631
    -0.398
    -0.087
     0.204
     0.200
     0.355
     0.227
     0.657
     1.475
     0.751
    -0.200
     0.610
     0.578
     0.554
    -0.386
    -0.271
    -1.437
    -0.960
    -1.891
    -0.725
    -2.506
    -1.465
    -0.054
     1.018
     1.384
     0.837
    -0.225
    -0.229
     0.713
     1.376
     1.041
     1.082
    -0.717
    -0.318
    -1.340
    -1.182
    -0.937
    -0.455
    -0.470
    -0.015
    -0.364
    -0.390
    -0.542
    -0.623
    -1.165
    -1.027
    -0.845
    -1.796
    -0.080
    -0.682
    -0.673
    -0.289
    -1.022
    -0.024
    -0.668
    -1.827
    -1.285
    -0.722
    -2.017
    -2.058
    -3.164
    -1.795
    -1.925
    -1.589
    -2.101
    -1.682
    -2.176
    -2.262
    -1.728
    -3.555
    -2.652
    -2.443
    -2.592
    -2.198
    -1.148
    -2.231
    -2.334
    -2.401
    -2.736
    -2.597
    -2.978
    -2.697
    -2.182
    -1.935
    -2.854
    -1.859
    -0.215
    -1.615
    -0.613
    -2.144
    -2.444
    -1.544
    -1.011
     0.036
    -0.900
    -0.071
     0.932
     0.822
     0.190
     0.758
     1.416
     0.454
     1.355
     0.116
     1.224
     1.355
     1.604
     2.036
     1.943
     2.766
     1.283
     1.282
     2.032
     0.959
     2.534
     1.651
     1.314
     2.097
     1.669
     1.748
     1.618
     2.240
     2.365
     2.908
     3.387
     4.619
     2.800
     3.475
     3.895
     4.683
     3.789
     5.306
     5.175
     5.205
     4.798
     4.692
     5.832
     5.793
     4.809
     3.719
     2.835
     2.136
     2.917
     2.529
     0.697
     0.210
     0.001
     0.409
     0.103
     0.046
     1.230
     0.163
     0.823
    -0.006
     0.181
     0.538
     0.897
     0.487
    -0.393
    -2.248
    -1.066
    -3.159
    -3.938
    -4.294
    -5.370
    -6.339
    -6.306
    -6.506
    -7.127
    -6.636
    -7.010
    -8.915
    -7.544
    -4.824
    -6.396
    -5.369
    -4.092
    -2.531
    -3.421
    -2.832
    -2.164
    -0.313
    -0.380
     0.615
    -0.001
    -0.739
    -0.094
    -1.268
    -0.986
    -2.520
    -2.725
    -3.664
    -3.851
    -3.132
    -3.160
    -4.993
    -5.269
    -3.310
    -3.027
    -4.247
    -1.685
    -1.927
    -2.641
    -4.029
    -2.259
    -3.533
    -5.672
    -2.270
    -6.481
    -6.277
    -5.856
    -5.157
    -1.578
    -1.720
    -1.409
     0.424
     1.532
     1.539
     3.383
     3.564
     3.428
     5.599
     5.796
     6.307
     8.304
    10.505
    10.221
    10.658
    11.725
    11.499
    11.470
    11.115
    15.873
    16.982
    14.245
    10.499
     8.393
    11.249
    12.590
     8.700
     6.900
    12.770
     8.949
    10.163
    10.107
     8.599
     6.035
     5.640
     2.028
     2.897
     1.093
     2.981
     0.510
    -0.849
    -1.915
    -2.075
    -3.361
    -2.101
    -2.560
    -3.069
    -3.600
    -2.990
    -3.394
    -3.279
    -2.241
    -2.848
    -2.605
    -0.829
    -1.982
    -1.872
    -3.961
    -4.479
    -3.738
    -4.335
    -5.789
    -5.917
    -6.329
    -5.822
    -7.668
    -5.535
    -5.928
    -5.937
    -7.188
    -8.567
    -7.840
    -8.299
    -7.975
    -7.097
    -7.449
    -7.534
    -7.898
    -7.518
    -6.285
    -7.302
    -7.045
    -7.530
    -7.593
    -7.323
    -7.357
    -7.157
    -6.607
    -6.292
    -6.225
    -5.873
    -5.664
    -5.470
    -4.915
    -4.778
    -4.524
    -4.299
    -4.095
    -3.720
    -3.433
    -3.575
    -3.069
    -2.877
    -2.180
    -1.957
    -1.740
    -1.206
    -0.840
    -0.493
    -0.131
     0.158
     0.559
     0.899
     1.241
     1.570
     1.920
     2.249
     2.589
     2.901
     3.234
     3.550
     3.877
     4.184
     4.505
