     6.423
     6.214
     6.193
     5.956
     5.910
     5.646
     5.582
     5.314
     5.220
     4.926
     4.831
     4.499
     4.279
     3.914
     3.750
     3.292
     3.081
     2.631
     2.271
     1.800
     1.422
     0.932
     0.601
     0.188
     0.106
    -0.777
    -0.827
    -1.240
    -1.843
    -2.314
    -2.497
    -3.039
    -3.702
    -4.513
    -5.042
    -6.018
    -6.320
    -6.872
    -7.306
    -7.473
    -7.953
    -8.187
    -8.661
    -9.607
    -9.723
   -10.489
   -10.846
   -10.706
   -11.365
   -12.729
   -12.868
   -13.798
   -13.393
   -14.200
   -14.831
   -14.336
   -14.565
   -14.206
   -16.195
   -16.048
   -15.517
   -15.585
   -16.174
   -16.052
   -14.202
   -13.741
   -12.793
   -11.535
    -9.278
    -6.708
    -5.616
    -4.267
    -3.319
    -1.055
     1.007
     1.401
     1.732
     2.882
     4.768
     4.981
     6.260
     6.367
     6.104
     8.859
    10.876
     9.163
    10.935
    10.285
    10.511
    10.328
    10.861
    10.603
    11.364
    12.001
    12.192
    12.025
    11.360
    12.328
    11.114
    10.762
     9.957
     9.970
     8.866
     8.084
     6.448
     5.817
     6.106
     6.189
     5.772
     5.036
     5.189
     6.017
     5.121
     6.755
     4.977
     5.141
     4.236
     2.917
     4.380
     2.276
     3.784
     2.703
     2.748
     1.815
    -0.477
     0.153
    -0.116
    -0.304
    -0.919
     0.609
     1.036
    -0.263
    -1.784
    -2.227
    -2.992
    -4.313
    -2.416
    -2.521
    -3.709
    -4.350
    -4.049
    -4.089
    -4.931
    -3.337
    -3.344
    -3.032
    -3.310
    -5.697
    -3.501
    -4.852
    -4.527
    -1.682
    -3.118
    -4.328
    -2.898
    -3.185
    -2.941
    -2.626
    -1.473
    -4.542
    -5.659
    -5.595
    -1.873
    -0.907
    -0.843
    -0.267
    -0.336
    -0.550
     0.345
     2.108
     0.966
     1.997
     0.629
     1.975
     0.684
     3.054
     1.998
     1.130
     2.638
     3.281
     3.571
     3.816
     1.833
     1.507
     2.008
     2.461
     4.853
     2.464
     4.260
     2.670
     3.710
     0.887
    -0.391
    -4.617
    -0.588
     0.467
     1.087
     3.321
     3.254
     3.363
     2.001
    -0.450
    -1.621
    -3.718
    -5.046
    -5.457
    -2.836
     0.892
    -0.093
    -1.068
    -1.423
    -1.284
    -3.059
    -7.927
    -7.074
    -6.367
    -7.859
    -6.168
    -6.522
    -9.319
    -8.009
    -7.075
    -7.598
    -8.907
    -7.634
    -8.396
    -6.805
    -6.144
    -3.906
    -2.710
    -0.817
    -0.640
     1.513
     4.372
     5.004
     5.784
     7.924
     8.221
     8.920
     7.404
     8.143
     7.031
     6.567
     6.607
     5.044
     0.841
     2.607
     1.803
     1.209
     2.071
     5.498
     2.854
     8.273
     3.138
    -1.802
     1.065
     1.767
     1.893
     3.195
     1.820
     0.418
    -0.532
     0.379
    -0.953
    -0.902
    -0.900
    -0.822
    -0.346
    -0.075
     0.154
     0.448
    -1.286
     0.400
     0.198
     0.081
    -0.362
    -2.639
    -2.621
    -1.558
    -2.202
    -1.284
    -1.742
    -1.069
    -3.853
    -5.038
    -4.520
    -2.862
    -2.055
    -3.402
    -2.990
    -3.299
    -3.283
    -2.609
    -3.172
    -3.702
    -2.623
    -2.960
    -3.628
    -1.233
    -2.933
    -3.725
    -2.176
    -1.868
    -0.776
     0.481
     1.242
     1.262
    -1.234
     1.218
     0.475
    -0.273
     1.156
     2.998
     2.839
     1.883
     2.921
     2.105
     3.011
     2.902
     4.491
     3.776
     6.260
     3.864
     5.174
     5.446
     5.397
     5.489
     6.158
     5.019
     5.600
     4.005
     4.048
     4.001
     4.474
     2.366
     3.861
     1.646
     1.874
     2.737
     2.279
     3.129
     4.022
     5.547
     4.842
     4.656
     3.928
     2.893
    -0.229
     3.028
     0.595
    -1.061
    -2.202
    -3.704
    -3.451
    -3.745
    -3.514
    -3.853
    -3.981
    -3.312
    -4.533
    -4.767
    -4.375
    -3.388
    -2.550
    -3.721
    -3.978
    -3.568
    -1.699
    -0.003
    -0.911
    -1.369
     0.427
     0.528
     0.697
     0.576
     1.754
     1.707
     0.631
     1.583
     0.998
     0.279
     1.358
    -0.236
     0.544
     1.758
     0.775
    -0.107
     0.161
    -0.410
    -0.015
     0.485
    -1.116
    -2.305
    -2.034
    -2.625
    -3.321
    -3.232
    -3.238
    -3.066
    -2.577
    -3.911
    -3.867
    -4.314
    -4.021
    -3.750
    -4.641
    -5.232
    -5.340
    -6.891
    -7.161
    -9.277
    -8.919
    -6.522
    -6.334
    -3.206
    -5.513
    -3.814
    -4.687
    -5.411
    -1.966
    -2.853
    -2.945
    -2.457
    -1.106
     2.577
     6.190
     7.689
     7.786
     4.303
     1.951
     1.219
     1.658
     4.341
     4.760
     5.478
     4.533
     1.576
     0.607
     0.496
     0.633
     3.077
     1.321
     0.956
     0.305
     0.726
     3.793
     3.402
     3.972
     2.798
     1.471
     1.630
     1.363
     0.302
    -0.937
     0.411
     1.132
     2.455
     2.064
     1.455
    -0.308
     0.672
    -0.107
     3.570
     2.764
     2.924
     2.432
     3.080
     2.109
     0.225
     1.079
    -0.032
     0.817
     0.587
    -0.041
     2.373
     0.690
     2.024
     1.945
     0.919
     0.589
    -0.038
     1.595
     1.288
     0.228
     1.958
     1.814
    -0.519
    -0.144
     1.465
     0.448
     2.965
    -0.586
     1.446
     1.181
    -0.233
     0.524
     1.167
     1.690
     0.291
     1.413
    -0.443
     0.209
    -0.439
    -0.165
    -1.413
    -2.320
    -2.352
    -1.156
    -1.192
    -2.676
    -1.572
    -0.753
    -1.755
    -1.253
    -1.414
    -0.564
    -2.234
    -0.412
     0.567
     1.761
     1.804
     1.070
     2.264
     4.129
     3.508
     3.840
     3.705
     3.770
     3.297
     1.919
     2.441
     4.249
     5.671
     3.936
     2.654
     1.763
     1.965
     1.265
     2.741
     2.269
     0.938
     1.468
     0.953
    -0.434
    -0.720
     0.215
     0.239
    -0.447
    -0.244
    -1.212
     0.005
     1.122
     0.750
     2.004
     1.165
    -0.225
    -1.178
     0.962
    -1.748
    -1.168
    -1.434
    -3.083
    -3.875
    -3.696
    -5.082
    -4.522
    -5.127
    -6.699
    -6.328
    -6.576
    -6.212
    -6.865
    -6.145
    -5.227
    -6.335
    -7.141
    -5.902
    -6.576
    -5.741
    -6.405
    -5.653
    -4.952
    -4.770
    -4.961
    -4.121
    -4.523
    -3.923
    -3.089
    -3.431
    -2.883
    -3.876
    -3.816
    -2.022
    -1.533
    -2.776
    -1.015
    -2.289
    -3.428
    -1.586
    -2.100
    -3.182
    -3.793
    -3.850
    -2.767
    -2.244
    -4.252
    -1.931
    -2.249
    -2.215
    -4.033
    -1.067
    -1.157
     0.170
     0.086
     0.188
     1.780
     3.510
     2.882
     1.641
     2.349
     1.226
    -1.065
     1.412
     1.166
     3.206
     4.041
     3.080
     3.061
     4.397
     5.409
     5.244
     5.169
     5.024
     4.335
     5.469
     5.973
     5.177
     5.582
     5.078
     3.561
     5.658
     5.338
     5.618
     6.145
     5.611
     6.737
     8.166
     6.160
     7.080
     6.656
     6.809
     6.896
     6.940
     6.543
     8.261
     8.379
     6.644
     6.674
     5.910
     8.003
     6.487
     8.570
     7.999
     8.235
     8.793
     8.751
     8.988
     9.247
     8.265
     7.733
     8.838
     8.156
     6.504
     3.895
    -1.127
    -1.345
    -1.014
    -4.271
    -6.293
    -4.849
    -6.330
    -7.558
    -7.219
    -6.981
    -7.109
    -6.261
    -5.212
    -5.551
    -5.706
    -4.798
    -6.823
    -4.087
    -3.984
    -1.972
    -1.039
     0.185
    -1.148
    -1.136
     0.424
    -0.380
    -1.036
     0.045
    -0.805
    -1.679
    -1.610
    -2.339
    -1.754
    -2.420
    -2.299
    -2.414
    -2.476
    -4.416
    -3.548
    -3.110
    -3.480
    -5.226
    -5.491
    -6.389
    -6.878
    -3.617
    -4.731
    -5.310
    -5.203
    -4.210
    -5.073
    -5.188
    -4.195
    -3.088
    -2.911
    -4.984
    -2.921
    -3.912
    -3.693
    -5.902
    -6.454
    -7.848
    -8.996
    -8.769
    -9.039
    -8.880
    -8.052
    -8.742
    -9.261
    -9.467
   -10.438
    -8.818
    -9.586
    -8.315
    -9.051
    -9.921
   -10.123
    -9.364
   -10.863
    -8.207
    -6.421
    -6.150
    -5.395
    -2.830
    -3.565
    -3.565
    -3.216
    -4.073
    -2.420
    -2.784
    -2.552
    -2.472
     0.432
     0.695
    -0.291
     0.138
    -0.186
    -0.452
     0.978
     0.663
     2.504
     2.056
     5.477
     5.343
     6.819
     6.719
     7.594
     6.668
     7.117
     8.546
     7.933
    10.755
    10.285
    12.173
    10.608
    10.538
    12.999
    14.191
    14.219
    13.489
    14.104
    15.186
    13.411
    10.916
    12.987
    12.609
    12.201
    11.368
    11.933
    11.727
    11.535
    11.416
    12.155
    12.274
    11.813
    12.145
    11.089
    11.348
    13.405
    12.211
    12.923
    13.002
    13.249
    13.294
    12.598
    13.216
    13.371
    13.601
    13.069
    13.555
    14.734
    13.850
    14.499
    13.923
    13.678
    13.258
    14.259
    13.350
    10.986
    12.385
    12.571
    13.091
     8.961
     8.192
     3.350
    -0.955
    -5.614
    -7.865
   -10.939
   -14.631
   -21.592
   -23.300
   -26.265
   -27.076
   -29.455
   -29.821
   -30.888
   -32.908
   -35.172
   -34.972
   -35.941
   -34.879
   -32.317
   -31.145
   -31.148
   -29.822
   -28.628
   -25.849
   -25.480
   -24.093
   -20.668
   -18.079
   -15.112
   -11.374
   -10.476
    -8.325
    -7.100
    -3.049
    -2.556
    -1.584
    -0.402
     0.180
     1.847
     0.540
     1.619
     1.906
     1.239
     0.843
     1.193
    -0.124
    -0.290
    -1.174
    -0.716
    -3.029
    -1.903
    -1.802
    -1.325
    -1.304
     0.206
     0.870
     0.313
     0.186
     0.750
     1.145
     1.077
     0.335
     0.137
     1.051
     1.065
     0.719
     0.895
     1.677
     2.660
     2.118
     2.527
     2.875
     4.626
     4.383
     2.465
     4.093
     1.365
     0.612
     0.207
    -0.696
     0.301
     3.191
     6.396
    10.613
    17.056
    18.576
    17.759
    17.724
    17.506
    19.123
    16.484
    19.071
    18.439
    17.546
    19.161
    14.248
    11.410
     9.065
     8.670
     9.162
     5.799
     3.836
     5.006
     3.870
     2.605
    -0.368
    -0.327
     2.493
     2.065
    -0.001
     0.749
     1.149
     3.710
     2.499
     2.332
     2.119
     1.050
     2.295
     3.031
     4.297
     3.531
     2.386
     2.870
     2.865
     5.059
     4.671
     4.387
     4.760
     7.127
     8.749
     7.845
     6.642
     7.573
     6.475
     6.072
     5.733
     4.595
     5.755
     5.212
     6.388
     5.343
     4.294
     5.357
     2.710
     3.230
     2.733
     0.538
    -1.602
    -3.617
    -2.939
    -3.724
    -6.414
    -6.899
    -8.890
    -8.418
   -10.429
   -10.024
    -8.669
    -8.827
    -8.460
    -7.085
    -8.396
    -9.634
    -7.694
    -6.927
    -5.740
    -4.565
    -4.861
    -4.984
    -5.375
    -5.052
    -4.491
    -3.284
    -3.590
    -2.585
    -3.230
    -1.580
    -2.594
    -2.796
    -2.415
    -3.099
    -1.939
    -0.456
     0.325
     0.526
    -1.261
    -0.701
     0.962
    -0.912
     0.903
     0.571
    -1.295
    -2.084
    -2.906
    -6.180
    -7.680
    -8.024
    -7.599
    -6.862
    -6.436
    -9.612
   -10.684
   -12.178
   -10.600
   -12.219
   -10.600
   -12.092
   -12.726
   -13.696
   -14.801
   -16.141
   -17.276
   -18.820
   -19.831
   -20.235
   -18.496
   -18.622
   -19.460
   -20.108
   -23.169
   -25.355
   -26.485
   -29.457
   -31.390
   -35.685
   -32.669
   -32.459
   -32.455
   -31.420
   -31.789
   -31.835
   -29.962
     5.398
    26.639
    18.438
    13.127
    12.876
    13.118
    14.505
    13.631
    17.420
    19.264
    20.772
    19.861
    18.511
    17.714
    17.882
    18.344
    21.821
    21.144
    20.948
    27.118
    26.588
    23.574
    21.487
    29.586
    38.656
    43.002
    43.109
    45.762
    46.177
    46.478
    48.456
    49.127
    49.716
    48.605
    50.463
    47.045
    43.611
    39.391
    36.964
    37.647
    36.396
    36.510
    38.818
    37.330
    32.420
    32.494
    30.925
    28.667
    25.144
    23.558
    20.203
    16.706
    14.687
    10.309
     3.911
    -0.978
    -6.192
    -9.192
   -23.037
   -28.020
   -28.402
   -33.717
   -35.481
   -36.658
   -37.182
   -38.553
   -37.007
   -32.426
   -30.560
   -33.729
   -35.135
   -36.262
   -39.000
   -40.432
   -42.857
   -40.380
   -38.214
   -35.180
   -34.584
   -29.276
   -29.976
   -31.458
   -29.643
   -26.612
   -27.529
   -29.913
   -27.516
   -26.867
   -30.325
   -27.863
   -25.438
   -26.428
   -24.655
   -26.651
   -28.223
   -31.816
   -33.164
   -32.815
   -34.760
   -32.583
   -25.561
   -22.534
   -23.055
   -20.026
   -20.253
   -16.313
   -16.295
   -16.335
   -15.725
   -12.874
   -12.188
   -12.520
   -12.769
    -8.817
    -2.341
     1.766
     4.861
     7.901
    12.789
    18.941
    23.647
    22.645
    27.216
    41.231
    48.629
    49.695
    51.794
    64.875
    54.363
    51.822
    67.028
    74.335
    55.532
    37.684
    38.163
    56.800
    42.314
    23.663
    12.679
    16.151
    10.385
    -1.695
    -3.359
     1.453
    -7.999
    -9.297
    -0.672
    -1.461
    -0.131
     2.084
    -5.098
   -12.768
    -5.517
     5.510
     2.088
    -1.045
    -0.698
     5.808
     6.748
     6.182
     5.486
     9.488
     9.721
     9.695
     4.637
    10.366
     9.211
    13.256
     8.921
    -2.474
   -11.483
   -14.750
   -10.738
     9.033
     4.776
    -6.045
    -7.841
    -2.632
     3.338
    -8.041
    -3.200
    -5.677
   -17.265
   -21.781
   -24.470
   -34.020
   -28.693
   -25.844
   -17.570
   -14.779
   -14.781
    -7.231
    -8.956
   -13.144
   -19.488
   -17.899
   -15.010
    -7.947
    -1.805
    -1.642
    -1.006
     1.330
     3.288
     6.578
     4.958
     3.712
     4.318
    14.616
    18.478
    20.259
    20.883
    15.400
    13.839
    11.121
    12.590
    13.410
     8.288
     5.682
     7.293
     2.855
     0.989
    -2.894
    -2.306
    -0.057
     5.939
     2.587
     0.183
     1.294
     0.092
    -0.103
     3.915
     0.793
     1.952
     2.208
     1.583
     0.128
     1.850
     1.510
    -4.627
    -5.314
    -9.534
    -4.840
    -3.927
     0.164
    -0.409
     0.294
    -3.081
    -4.668
    -3.715
    -6.751
    -6.292
    -6.008
    -6.298
   -12.197
   -10.086
    -3.682
    -9.246
   -11.449
   -11.130
   -11.417
    -3.684
    -5.721
    -7.828
    -7.328
    -5.893
     5.191
    14.353
     1.431
    -4.582
    -7.646
    -7.257
    -0.900
     0.686
    -8.707
   -18.971
   -11.802
   -16.014
   -15.410
   -17.741
   -17.654
   -16.405
   -13.651
    -9.390
    -9.986
    -8.848
    -9.991
    -5.604
    -3.842
    -6.425
    -6.762
    -6.256
     0.021
    -3.324
    -6.431
    -4.725
    -5.122
    -4.076
    -3.418
     2.152
     0.080
    -1.394
     2.739
    13.036
     8.882
     9.409
     4.640
     1.916
     6.192
     7.173
     6.881
     9.882
    14.600
    10.733
     6.828
     7.456
     3.686
     4.901
    10.606
    13.367
    13.881
    14.437
    18.917
    19.704
    18.847
    21.468
    21.295
    23.154
    22.001
    19.236
    28.650
    24.613
    21.591
    15.049
    11.985
    16.132
    15.691
    15.875
    17.129
    17.150
    14.172
    11.208
     8.663
    10.772
    10.670
     5.071
     4.329
     6.413
     8.780
    10.607
     1.305
    -0.421
     0.986
    -0.734
    -5.994
    -5.076
   -10.767
    -9.099
    -5.140
    -6.853
   -11.018
   -12.422
   -12.791
    -3.794
    -6.141
   -23.742
   -17.983
    -9.582
    -1.654
    -5.574
   -16.840
   -11.694
    -3.416
   -14.145
   -14.294
   -15.738
   -26.337
   -23.013
   -18.646
   -24.652
   -17.690
   -12.878
   -15.017
   -10.106
    -6.356
    -4.526
    -5.781
    -5.642
    -7.872
   -10.748
    -6.475
    -6.939
    -8.109
    -8.370
    -9.251
    -7.077
    -2.007
    -3.074
    -3.988
    -4.406
     0.890
    -2.809
    -3.572
     1.346
     3.595
     2.821
    -0.315
     2.465
    -1.413
    -0.124
    -1.073
    -4.211
     3.086
     7.994
     7.277
     0.170
     1.538
     6.618
     5.425
     1.653
     5.919
     7.507
    12.047
     7.648
     3.948
     5.299
     4.482
     7.953
     4.913
     6.051
     5.445
     3.111
     2.061
    -0.056
     1.984
     0.539
    -1.762
    -0.468
     2.329
     3.068
     2.679
    -2.132
     1.870
     5.142
     6.486
     4.273
     1.676
    -4.602
    -3.198
     1.422
     7.522
    -1.809
   -11.831
   -12.833
    -6.636
    -6.800
    -8.258
   -10.302
    -9.069
    -9.481
    -7.619
    -8.103
    -7.721
    -5.852
    -5.701
    -3.035
    -1.342
     2.435
     1.394
    -2.044
    -1.027
    -1.371
     2.376
    -1.426
    -2.142
    -0.220
     1.040
    -0.003
     0.804
     4.043
     3.571
     4.829
     4.858
     5.543
     7.292
     7.735
     6.918
     7.031
     7.010
     8.376
     8.164
    10.215
     9.331
    10.448
    10.793
    11.794
    12.453
    13.305
    12.564
    16.088
    17.438
    17.395
    15.254
    15.556
    14.683
    14.930
    14.002
    12.945
    13.823
    13.066
    12.110
     9.943
     7.613
     7.311
     7.509
     7.891
     6.595
     4.780
     4.777
     3.477
     2.722
     3.917
     1.525
    -0.357
    -1.447
    -1.877
    -1.827
    -3.848
    -4.932
    -4.106
    -5.217
    -7.206
    -8.628
   -11.209
   -10.589
   -13.349
   -11.365
   -13.926
   -17.016
   -17.455
   -18.315
   -17.842
   -18.644
   -18.847
   -17.905
   -19.158
   -17.722
   -19.991
   -21.811
   -19.542
   -18.000
   -17.636
   -16.869
   -15.964
   -14.476
   -12.088
    -9.911
   -12.516
   -13.540
   -12.340
    -9.297
    -8.537
    -6.077
    -6.768
    -6.812
    -9.991
    -4.989
    -6.958
    -6.143
    -7.200
    -4.606
    -4.434
    -3.406
    -0.484
     0.845
     1.156
     0.453
     1.434
     1.231
     2.429
     4.266
     8.659
     9.059
     7.361
     8.921
    11.824
     7.636
     6.865
     8.882
    11.122
     8.359
     8.174
     7.537
     9.927
     7.182
     7.145
     6.925
     7.619
     8.535
     7.700
     6.915
     8.403
    11.047
     9.241
     8.350
     9.280
     9.332
    11.899
    11.904
    10.527
    11.276
    11.670
    11.384
    11.623
    10.547
    12.380
    11.146
     8.636
     8.045
     9.233
     7.751
     8.042
     6.407
     4.881
     6.140
     2.247
     4.620
     5.743
     4.895
     5.678
     5.718
     3.876
     4.335
     5.036
     3.244
     0.288
    -1.025
    -2.739
    -3.666
    -3.960
    -6.719
    -6.311
    -5.525
    -7.954
    -8.716
    -8.393
    -7.546
    -6.509
    -7.053
    -7.846
    -6.934
    -6.308
    -6.543
    -7.522
    -6.516
    -6.840
    -6.754
    -5.525
    -7.272
    -8.109
    -6.838
    -6.708
    -7.761
    -7.894
   -10.154
    -8.591
    -8.350
    -8.654
    -9.119
    -7.547
    -7.526
    -7.213
    -6.127
    -5.955
    -6.958
    -7.493
    -4.429
    -3.155
    -0.524
     0.554
    -0.765
     1.533
     2.898
     4.212
     5.540
     4.526
     3.606
     3.827
     2.555
     2.500
    -0.436
    -1.630
    -1.524
    -2.078
    -2.392
    -1.940
    -2.677
    -2.788
    -3.423
    -1.238
     2.036
     0.792
     2.809
     2.557
     0.498
     2.281
     3.403
     3.184
     2.474
     3.392
     5.131
     5.544
     5.403
     4.658
     3.098
     5.580
     2.666
     2.880
     4.873
     4.528
     4.991
     6.264
     6.231
     6.310
     5.132
     6.144
     6.666
     6.448
     6.886
     8.301
     7.241
     6.665
     5.783
     7.834
     8.376
     5.300
     4.595
     2.671
     2.726
     1.273
     0.013
    -1.531
     0.404
    -1.243
    -2.522
    -3.351
    -3.763
    -2.761
    -4.617
    -4.999
    -7.149
    -7.530
    -8.058
    -4.818
    -4.295
    -4.302
    -1.620
    -3.101
    -1.907
    -2.114
    -3.545
    -4.623
    -5.003
    -6.364
    -5.416
    -7.004
    -5.654
    -5.823
    -6.090
    -3.175
    -3.260
    -0.545
     0.892
    -0.426
    -2.154
    -1.319
    -3.038
    -4.727
    -3.910
    -2.192
    -0.234
    -0.536
     0.548
    -1.576
    -0.449
    -0.395
    -0.448
    -4.521
    -8.709
    -8.307
    -6.297
    -5.380
    -6.326
    -6.149
    -5.981
    -3.007
    -4.627
    -6.596
    -6.228
    -4.349
    -2.644
    -3.073
    -0.726
    -0.779
     1.116
     2.551
     3.296
     3.277
     2.569
     1.920
     0.038
     3.627
     3.211
     5.088
     6.098
     7.416
     6.563
     7.935
    10.088
    10.003
    11.270
    10.001
    11.498
    14.058
    13.357
    15.156
    13.880
    13.126
    13.237
    10.682
    11.171
    11.367
    10.035
     4.851
     4.328
     0.925
    -0.624
    -0.955
    -4.348
    -4.496
    -8.352
    -7.813
    -6.573
    -4.854
    -3.147
    -3.902
    -2.505
    -2.113
     1.370
     2.399
     1.035
     2.192
     3.374
     3.704
     2.913
     1.382
     1.498
     1.593
     4.534
     1.200
     0.590
    -1.408
    -1.522
    -1.679
    -2.347
    -1.050
    -0.333
    -0.948
    -0.120
     0.609
    -1.025
    -2.867
    -3.641
    -4.273
    -6.968
    -7.289
    -9.728
    -7.789
     0.063
    -7.242
    -8.652
    -8.833
    -7.181
    -6.959
    -3.449
    -4.195
    -5.968
    -7.416
    -6.973
    -2.927
    -4.208
    -2.038
    -1.770
    -2.010
    -0.721
    -3.224
     0.664
     2.958
     1.269
     0.012
     1.622
     3.644
    -3.738
    -5.341
    -5.851
    -2.247
    -1.925
     0.967
     0.905
    -0.388
    -2.140
    -3.231
    -4.327
    -1.617
    -3.211
    -3.484
    -3.211
    -2.599
    -2.573
    -3.089
    -3.138
    -2.249
    -1.571
    -1.634
    -1.923
    -1.577
    -2.742
    -0.880
    -1.446
    -1.437
    -0.989
     0.355
     5.098
     2.476
    -2.197
    -1.525
     2.316
     3.904
     5.776
     5.945
     5.508
     5.585
     5.624
     6.609
     6.054
     5.343
     4.437
     3.894
     3.189
     1.719
     2.605
     4.425
     2.248
     2.812
     3.879
     5.952
     6.252
     5.189
     4.539
     5.009
     5.002
     5.845
     5.256
     5.832
     5.424
     5.843
     4.925
     3.532
     2.883
     1.481
     2.901
     2.513
     3.677
     1.668
     2.050
     2.170
     3.138
     2.606
     1.366
     2.413
     1.844
     0.707
     1.486
    -0.421
    -1.435
    -3.165
    -3.116
    -2.826
    -3.779
    -3.395
    -4.866
    -3.223
    -4.378
    -3.163
    -3.993
    -5.191
    -3.958
    -3.494
    -4.278
    -3.066
    -1.608
    -3.604
    -4.931
    -4.674
    -3.990
    -4.467
    -5.223
    -5.643
    -6.072
    -4.095
    -5.574
    -2.725
    -1.488
     0.663
     0.007
    -2.342
    -3.599
    -2.748
    -0.194
    -0.558
     0.217
     1.837
     2.828
     2.931
    -0.464
    -0.824
     1.591
     3.000
     3.523
     2.346
    -1.325
    -1.972
     0.036
     1.159
     3.798
     3.115
     2.930
     1.325
     2.266
     2.108
     1.814
     2.791
     0.223
     1.113
    -0.003
    -0.679
    -0.382
     0.279
    -1.471
    -1.654
    -0.860
    -1.138
    -2.836
    -2.961
    -2.111
    -0.555
    -0.518
    -1.545
    -3.521
    -0.747
    -1.187
    -0.650
    -1.284
    -0.345
    -0.758
    -1.144
    -0.456
    -0.576
     0.974
     2.020
     1.257
     0.841
     1.326
     2.264
     2.869
     1.783
     2.060
     3.359
     1.930
     0.199
     0.104
     1.546
     1.094
     1.132
     0.631
     0.817
     0.842
     2.057
     1.602
     3.215
     2.235
     2.017
     2.371
     0.725
     0.224
    -0.164
    -3.108
    -1.080
    -1.948
    -1.221
    -1.927
    -1.142
    -0.788
    -0.629
    -0.319
    -1.963
    -1.199
    -1.218
    -1.909
    -1.744
    -1.490
    -1.570
    -2.677
    -0.770
    -0.641
    -1.704
    -1.100
    -2.075
    -1.532
    -2.377
    -2.650
    -1.341
    -1.799
    -1.083
    -2.104
    -0.347
    -0.827
    -0.469
    -1.620
    -0.244
    -1.289
     0.467
     0.254
     0.064
    -0.374
    -0.332
     0.436
    -0.348
     0.312
     0.846
     0.365
     1.654
     1.266
     1.242
     1.127
     0.987
     0.607
     0.173
    -0.450
     0.455
    -0.359
     0.799
    -0.107
     1.637
    -0.469
     1.357
     0.107
     0.619
     0.742
     0.154
     0.164
     1.659
     0.105
     0.965
    -0.910
    -1.378
     1.188
     0.956
    -0.397
    -0.977
    -0.471
    -0.215
    -1.166
    -0.861
     1.190
     1.334
     0.592
     1.523
     2.827
     2.703
     3.349
     5.424
     5.970
     7.148
     6.901
     7.702
     6.294
     6.070
     5.183
     5.561
     4.939
     3.211
     2.747
     3.188
     1.616
     1.025
     0.907
     1.561
     1.418
     0.691
     2.572
     2.629
     1.203
     1.201
     1.240
     1.578
     1.158
    -0.748
    -0.556
     0.613
     0.123
    -0.717
    -2.422
    -0.791
    -1.142
    -2.520
    -2.704
    -2.411
    -3.487
    -3.920
    -4.432
    -3.567
    -3.561
    -3.388
    -2.880
    -3.206
    -3.381
    -3.547
    -4.296
    -3.910
    -5.610
    -5.408
    -4.968
    -5.152
    -5.067
    -5.000
    -4.886
    -5.607
    -6.297
    -6.693
    -6.593
    -6.028
    -5.586
    -5.497
    -4.209
    -4.490
    -4.090
    -3.155
    -1.049
    -1.617
    -0.923
    -1.565
    -1.920
    -1.332
    -1.043
    -1.265
    -1.061
    -1.848
    -0.272
    -1.008
    -1.150
    -0.191
    -0.624
    -0.554
    -0.386
    -0.857
    -0.636
    -1.231
    -1.935
    -0.241
    -0.586
     1.644
     0.335
     0.249
     1.262
     2.663
     0.065
     0.021
     1.864
     2.975
     2.815
     1.356
     1.540
     2.773
     2.111
     4.003
     5.347
     6.546
     5.717
     7.782
     8.634
     9.449
     7.342
     6.234
     6.524
     6.748
     4.406
     3.546
     3.599
     3.370
     1.510
     1.352
     1.616
     1.332
     2.186
     2.532
     1.490
     2.099
     2.157
     1.203
     1.546
     2.838
     2.271
     3.770
     3.995
     1.796
     1.665
     0.625
     0.385
     1.627
     1.558
     0.964
    -0.423
     0.623
    -0.515
    -1.785
    -0.073
    -0.635
    -0.253
    -1.188
    -0.702
    -1.248
    -2.181
    -1.104
    -0.274
     0.436
     2.248
     1.320
     1.064
    -0.258
     0.707
     0.177
     0.188
    -2.195
    -2.069
     0.224
    -0.302
     0.069
     0.252
    -1.811
    -3.051
    -2.955
    -2.359
    -2.193
    -1.049
    -2.100
    -3.675
    -2.181
    -1.053
    -1.685
    -3.122
    -2.579
    -2.828
    -2.216
    -1.742
    -2.395
    -2.371
    -1.905
    -3.243
    -3.042
    -2.000
    -2.443
    -2.876
    -2.462
    -3.197
    -3.086
    -1.323
    -1.410
    -0.898
    -1.239
    -2.233
    -2.567
    -3.586
    -3.110
    -2.402
    -1.863
    -2.574
    -1.130
    -1.147
    -2.430
    -1.521
    -1.420
    -1.474
    -0.107
    -0.405
    -0.963
    -0.903
    -1.168
    -0.728
    -1.079
    -0.605
    -1.168
    -0.362
    -1.844
     0.478
     1.194
     0.565
     0.713
     0.022
    -0.189
     0.621
     0.092
     1.103
     1.765
    -0.090
    -0.529
     0.089
     1.283
     1.595
     2.876
     2.559
     3.637
     2.673
     1.851
     1.915
     2.515
     2.850
     3.543
     4.715
     7.272
     6.261
     5.566
     5.152
     3.795
     5.291
     4.317
     3.787
     1.367
     0.140
     0.168
     1.907
     0.265
    -0.641
    -1.210
    -1.364
    -2.034
    -2.698
    -1.630
    -2.559
    -1.869
    -1.030
    -0.613
     0.091
     0.009
     1.496
     1.381
     1.275
    -0.041
    -0.254
     0.324
     0.691
     0.320
     0.062
     0.485
    -0.470
    -1.542
     0.379
    -1.716
    -2.791
    -1.576
    -2.562
    -2.561
    -1.751
    -2.800
    -3.944
    -3.471
    -3.502
    -3.756
    -3.482
    -2.885
    -2.786
    -1.288
     0.660
    -0.624
     0.087
    -0.290
     0.360
     0.215
     1.201
     1.518
     1.779
     0.050
    -0.296
     0.989
     0.171
     0.035
     1.528
     1.371
     1.694
     1.420
     1.691
    -0.324
    -1.222
     0.699
     1.579
     2.792
     3.243
     2.875
     1.852
     3.153
     1.514
     2.252
     0.550
     1.408
     2.763
     3.048
     3.005
     1.928
     1.613
     0.990
     0.037
     0.503
     2.182
    -0.296
     0.934
     0.366
     0.699
     0.452
    -0.147
    -0.522
    -0.317
    -0.262
    -0.340
     0.214
    -1.621
     0.759
     0.868
     1.576
     0.612
     2.512
    -0.761
    -0.954
     0.428
    -0.597
    -0.991
    -0.378
    -0.106
    -0.290
    -0.164
    -1.956
    -1.850
    -1.201
    -0.077
    -0.403
    -1.820
    -1.028
     1.097
    -0.622
    -0.460
    -0.864
    -0.416
    -0.300
    -1.696
    -2.008
    -1.919
    -2.013
    -1.584
    -1.928
    -1.156
    -2.740
    -0.808
    -0.322
    -0.185
    -2.101
    -0.803
     1.022
     0.161
    -0.402
     0.225
     0.489
     0.376
    -0.278
    -1.400
    -1.240
    -1.033
    -1.811
    -3.371
    -5.622
    -4.810
    -3.293
    -5.346
    -4.240
     0.361
     0.567
     0.964
     2.578
     0.337
     1.650
    -0.833
     1.071
    -0.008
     0.370
     1.280
    -0.409
    -0.454
     0.577
    -1.018
    -0.248
    -0.788
    -0.501
     0.692
    -0.831
    -0.670
    -0.659
     1.038
     1.569
    -0.214
    -1.699
    -3.501
    -3.300
    -2.582
    -1.672
    -1.830
    -4.026
    -3.189
    -5.177
    -2.281
    -2.608
    -2.521
    -1.116
    -1.422
    -2.701
    -3.235
    -2.304
    -2.164
    -0.892
    -1.762
    -1.367
    -2.047
    -5.984
    -3.459
    -4.191
    -1.588
    -1.277
     0.528
     1.909
     8.394
     6.716
     1.884
     3.857
     9.685
    14.420
    13.102
    11.814
    10.482
    10.549
    10.010
     8.926
     7.668
     2.720
     1.421
     0.288
    -1.524
    -3.638
    -2.098
    -1.953
    -2.623
    -0.603
     0.615
     3.001
     7.236
     9.026
     9.831
     6.845
     6.502
     4.789
     6.138
     6.396
     1.423
    -0.851
    -7.656
    -5.507
    -6.540
    -6.079
    -3.679
    -2.611
     0.910
     2.643
     0.626
     2.697
     4.000
     5.145
     5.595
     3.068
     5.731
     5.377
     3.299
     5.431
     8.908
    12.025
    13.072
    13.024
    13.407
    13.710
    11.499
    13.981
    12.698
     7.018
    -1.955
    -4.346
    -0.988
     0.758
     2.732
    -9.994
    -6.181
     0.864
    -0.527
    -5.403
    -7.905
   -11.893
   -14.752
   -19.733
   -25.815
   -26.784
   -24.123
   -19.503
   -17.187
   -18.124
   -19.359
   -16.702
   -14.616
   -14.254
   -15.880
   -14.318
   -11.614
    -7.313
    -7.146
    -6.620
    -8.683
    -7.348
    -7.386
    -7.158
    -9.073
    -9.394
    -6.531
    -5.929
    -5.531
    -5.210
    -5.193
    -3.704
    -0.136
     0.722
     3.519
     5.191
     5.452
     3.341
     3.975
     5.199
     6.090
     5.203
     5.622
     6.570
     6.404
     5.986
     5.380
     4.858
     5.990
     3.519
     3.094
     1.748
     0.854
     0.865
     0.925
     1.279
     2.702
     3.099
     2.949
     3.888
     3.379
     3.764
     4.505
     4.723
     4.859
     5.282
     5.242
     5.794
     5.915
     6.055
     6.525
     6.889
     7.309
     7.114
     6.275
     6.945
     6.917
     7.054
     6.782
     6.887
     6.919
     6.989
     6.839
     6.957
     6.875
     6.947
     6.804
     6.857
     6.719
     6.768
     6.597
     6.617
     6.422
