     6.804
     6.696
     6.620
     6.485
     6.383
     6.221
     6.100
     5.942
     5.793
     5.592
     5.436
     5.208
     4.953
     4.689
     4.423
     4.058
     3.774
     3.411
     3.026
     2.639
     2.213
     1.755
     1.454
     1.229
     0.889
     0.395
     0.139
    -0.279
    -0.773
    -1.046
    -1.409
    -1.915
    -2.593
    -3.257
    -4.011
    -4.720
    -5.050
    -5.573
    -5.727
    -5.845
    -6.299
    -6.690
    -7.204
    -7.763
    -8.240
    -8.797
    -9.325
    -9.157
    -9.960
   -11.527
   -11.492
   -12.217
   -11.935
   -12.366
   -12.983
   -14.336
   -14.314
   -14.398
   -15.605
   -15.795
   -15.053
   -14.904
   -15.534
   -14.671
   -13.587
   -13.023
   -12.097
   -10.578
    -7.832
    -5.440
    -3.269
    -2.731
    -1.607
     0.377
     1.750
     1.208
     1.839
     2.856
     4.330
     4.868
     5.780
     6.001
     7.152
     9.194
     9.729
     9.163
    10.848
     9.151
     8.936
     8.646
     8.466
     9.946
    10.231
     9.714
    10.118
     9.704
     8.822
     8.720
     9.266
     9.206
     8.205
     7.696
     5.878
     6.757
     4.167
     3.845
     4.299
     4.372
     2.794
     2.143
     3.065
     2.622
     2.164
     3.258
     3.335
     0.686
     2.421
     0.278
     0.410
    -0.171
     0.054
    -0.790
    -0.684
    -0.924
    -2.152
    -1.641
    -1.306
    -0.801
    -1.816
    -1.678
    -0.943
    -2.147
    -2.183
    -3.567
    -3.604
    -2.496
    -1.447
    -2.408
    -3.335
    -3.549
    -3.984
    -4.223
    -2.772
    -3.227
    -2.110
    -3.018
    -3.276
    -4.660
    -3.680
    -3.847
    -1.582
    -1.045
    -2.224
    -3.029
    -1.859
    -1.598
    -0.230
    -0.142
    -0.531
    -1.849
    -2.828
    -2.427
     0.874
     1.531
     2.905
     4.091
     2.358
     2.529
     3.516
     4.590
     3.158
     2.987
     1.939
     3.349
     2.373
     2.954
     1.777
     2.881
     3.888
     4.403
     5.375
     3.652
     2.418
     1.426
     4.048
     4.281
     4.541
     3.140
     4.613
     4.564
     2.467
    -0.424
     0.000
    -2.032
    -0.009
     1.537
     1.732
     3.133
     2.436
     2.754
     1.958
     0.055
    -1.434
    -4.258
    -5.389
    -3.276
    -0.286
     0.294
    -0.366
    -0.697
    -2.058
    -3.336
    -5.254
    -9.052
    -6.328
    -6.364
    -7.023
    -5.764
    -7.860
    -9.046
    -6.598
    -6.076
    -5.974
    -6.664
    -6.692
    -6.168
    -4.875
    -3.596
    -2.414
    -1.706
     0.699
     1.225
     2.870
     4.414
     5.868
     6.974
     7.881
     8.179
     6.104
     6.769
     6.709
     4.983
     5.681
     4.614
     2.683
     1.005
     0.324
     0.460
     0.330
     1.702
     2.393
     2.277
     6.237
    -0.754
    -3.842
    -0.541
     0.084
    -0.440
    -0.086
    -0.772
    -1.736
    -2.339
    -3.184
    -4.210
    -3.116
    -3.396
    -3.264
    -1.873
    -1.577
    -1.812
    -1.119
    -3.458
    -1.279
    -2.022
    -0.265
    -0.920
    -3.396
    -3.283
    -2.254
    -2.633
    -1.964
    -2.453
    -3.174
    -4.956
    -5.240
    -5.117
    -3.094
    -2.796
    -2.717
    -4.877
    -2.709
    -3.172
    -2.417
    -3.387
    -4.431
    -3.722
    -3.426
    -1.806
    -2.626
    -3.431
    -1.891
    -0.336
    -0.888
     0.603
     0.177
     1.977
     1.642
     1.307
     0.766
     0.535
     0.546
     2.441
     2.536
     2.698
     2.185
     2.895
     3.754
     5.059
     4.641
     5.525
     6.036
     6.724
     5.292
     6.047
     7.316
     6.509
     8.440
     7.247
     7.256
     6.130
     6.028
     4.416
     5.628
     5.909
     4.217
     3.900
     4.311
     4.187
     4.200
     5.293
     5.238
     5.656
     6.500
     5.101
     5.545
     5.589
     2.997
     2.134
     2.114
     1.315
     0.282
    -0.105
    -1.106
    -0.814
    -1.410
    -0.134
    -1.433
    -3.514
    -3.576
    -4.703
    -4.082
    -5.156
    -3.452
    -0.824
    -3.128
    -4.356
    -2.379
    -3.811
    -2.131
    -0.917
    -0.576
    -0.716
     0.168
     1.427
     0.144
     0.477
     0.214
     0.684
     0.965
     0.603
     1.027
     0.394
    -0.247
    -0.495
     0.188
    -0.569
    -1.022
    -2.796
    -1.295
    -2.333
    -2.365
    -2.812
    -2.305
    -3.508
    -3.766
    -3.820
    -4.075
    -4.425
    -3.884
    -3.354
    -3.042
    -4.020
    -6.346
    -5.308
    -5.319
    -4.718
    -5.952
    -6.877
    -7.586
    -8.799
    -9.623
    -8.788
    -7.321
    -5.668
    -3.917
    -4.702
    -4.334
    -4.974
    -4.108
    -3.015
    -3.591
    -4.574
    -2.242
    -1.080
     1.712
     5.771
     6.577
     5.474
     3.723
     2.502
     1.562
     1.050
     3.016
     3.369
     3.982
     2.623
     0.485
    -0.531
     0.933
     1.251
     1.775
     0.571
     0.181
    -0.551
    -0.212
     0.842
     2.156
     2.311
     1.891
     1.657
     1.739
     1.025
    -0.212
    -2.341
     0.014
     1.501
     1.568
     1.672
     1.376
     1.233
     2.133
     2.705
     2.652
     3.657
     1.465
     3.673
     3.280
     2.623
     2.301
     1.523
     1.250
     2.975
     0.974
     2.253
     2.879
     1.608
     2.645
     2.899
     1.296
     1.763
     1.507
     1.860
     0.404
     1.841
     2.543
     2.017
    -0.029
    -0.115
     1.532
     0.834
     2.559
     0.758
     1.293
     1.717
     0.711
     1.438
     1.577
     2.409
     2.180
     1.511
     1.384
     2.679
     1.451
     0.146
     0.313
    -0.371
     0.076
     0.774
    -1.050
    -0.250
    -0.422
     0.525
    -1.394
    -0.391
     1.031
     0.475
     0.848
     2.113
     2.089
     3.125
     2.869
     3.592
     1.953
     2.346
     2.275
     3.007
     2.812
     2.881
     2.681
     2.910
     1.260
     4.389
     4.429
     3.753
     1.884
     1.053
     0.556
     1.360
     2.769
     2.334
     1.183
     1.044
     1.305
    -0.537
    -0.186
     0.037
     0.206
    -1.100
    -0.814
    -1.284
    -0.196
     1.041
     1.509
    -0.359
    -1.538
    -3.065
    -2.800
    -2.076
    -2.698
    -2.161
    -2.827
    -3.292
    -5.284
    -4.885
    -5.432
    -5.542
    -6.403
    -7.038
    -7.148
    -7.226
    -6.119
    -7.877
    -6.484
    -5.584
    -7.397
    -8.594
    -7.094
    -8.322
    -8.484
    -8.457
    -7.465
    -5.469
    -4.994
    -5.234
    -4.879
    -5.718
    -5.066
    -4.749
    -4.670
    -3.064
    -3.913
    -4.461
    -4.777
    -4.382
    -4.084
    -3.072
    -3.916
    -3.308
    -4.332
    -3.769
    -4.488
    -4.429
    -3.216
    -1.700
    -0.971
    -2.063
    -0.660
    -0.489
     0.084
    -1.231
     0.655
     0.213
     1.827
     2.010
     3.268
     3.327
     4.264
     4.614
     2.608
     3.437
     1.567
     0.956
     2.107
     2.127
     4.373
     5.436
     4.648
     5.011
     6.271
     6.168
     5.584
     6.387
     6.591
     6.218
     4.850
     5.828
     4.971
     6.589
     5.474
     4.570
     5.152
     5.267
     5.087
     6.085
     5.270
     7.627
     7.204
     7.125
     6.685
     6.506
     6.110
     7.387
     7.519
     7.147
     7.755
     7.450
     5.289
     5.102
     6.711
     6.373
     6.733
     7.872
     6.955
     7.826
     7.013
     6.179
     8.299
     7.621
     7.525
     7.474
     8.722
     7.702
     6.435
     2.350
    -1.186
    -1.805
    -3.336
    -5.062
    -5.504
    -5.152
    -6.862
    -8.402
    -7.664
    -6.576
    -5.962
    -5.596
    -5.206
    -4.986
    -3.717
    -4.159
    -5.081
    -2.509
    -2.321
    -1.635
     0.208
     1.189
     0.481
    -0.859
    -0.026
     0.216
     0.956
     0.521
     0.482
     0.882
     0.542
    -0.948
    -0.880
    -0.300
    -0.730
    -1.323
    -1.072
    -2.715
    -3.763
    -3.165
    -4.410
    -2.794
    -4.632
    -5.246
    -5.522
    -4.826
    -4.625
    -4.232
    -3.495
    -5.610
    -4.349
    -4.346
    -3.981
    -4.407
    -5.508
    -5.546
    -4.955
    -5.299
    -5.084
    -7.125
    -8.685
    -8.277
    -9.379
    -9.110
   -10.082
    -9.776
   -10.902
   -10.677
    -9.853
   -11.344
   -11.536
    -9.923
    -9.712
    -9.879
   -10.925
   -11.229
   -13.182
   -11.636
    -9.987
    -8.966
    -6.259
    -4.678
    -5.552
    -5.110
    -4.951
    -4.928
    -2.817
    -4.408
    -2.453
    -3.158
    -2.995
    -2.492
    -0.001
    -1.305
    -1.887
     0.561
    -0.924
     0.568
    -0.434
    -0.637
     1.465
     2.527
     4.989
     5.416
     6.547
     6.042
     6.569
     6.262
     6.426
     7.560
     8.423
    10.894
    12.137
    12.847
    12.237
    12.676
    12.776
    14.684
    14.129
    14.124
    13.440
    14.325
    14.078
    12.191
    12.969
    13.442
    11.905
    11.226
    10.503
    12.600
    12.043
    12.101
    12.622
    12.125
    12.260
    11.333
    12.370
    11.787
    12.490
    12.897
    12.739
    12.423
    13.655
    13.810
    14.059
    14.382
    13.670
    14.806
    14.125
    15.281
    14.676
    14.215
    15.517
    16.169
    15.125
    15.496
    14.873
    14.377
    12.067
    13.601
    13.114
    11.947
     7.662
     6.684
     1.671
    -3.059
    -6.214
    -8.560
   -11.782
   -16.470
   -21.301
   -25.036
   -26.811
   -27.919
   -29.231
   -29.119
   -31.164
   -31.990
   -34.229
   -34.441
   -34.448
   -32.420
   -30.265
   -30.045
   -29.468
   -28.957
   -27.327
   -24.584
   -24.134
   -21.965
   -18.919
   -16.107
   -12.101
    -9.892
    -8.214
    -6.323
    -4.474
    -2.189
    -0.040
    -0.606
     1.362
     2.595
     2.844
     0.503
     2.497
     1.449
     0.884
     0.546
     0.252
    -1.103
    -0.933
    -1.334
    -1.926
    -2.984
    -2.452
    -1.993
    -3.431
    -1.111
     0.973
     0.751
     0.937
     0.159
    -0.124
     0.363
    -0.825
     0.783
    -0.494
     0.220
     0.647
     0.576
     1.364
     1.822
     2.291
     3.051
     4.527
     5.402
     4.774
     4.686
     1.435
    -0.300
    -2.008
    -4.291
    -3.681
    -3.682
    -3.423
    -0.051
     3.621
     9.461
    13.382
    13.275
    13.384
    13.699
    13.911
    14.522
    13.712
    14.111
    14.273
    13.987
    12.965
     9.553
     6.877
     5.212
     5.893
     7.728
     5.825
     4.474
     5.677
     5.333
     3.086
     2.023
     1.461
     3.364
     3.020
     1.498
     2.500
     4.136
     5.323
     5.560
     4.821
     3.435
     3.926
     4.627
     5.281
     5.893
     4.961
     3.297
     3.144
     4.352
     6.240
     7.011
     5.756
     6.177
     9.861
    10.403
     9.282
     8.236
     8.538
     8.868
     7.900
     7.174
     7.323
     6.045
     5.988
     6.691
     5.960
     5.350
     6.308
     4.471
     1.738
     2.300
     0.452
    -3.470
    -4.074
    -2.048
    -3.355
    -6.956
    -7.166
    -8.081
    -6.375
    -6.648
    -7.295
    -5.646
    -5.982
    -6.415
    -6.260
    -7.223
    -6.764
    -5.994
    -3.719
    -2.920
    -3.305
    -3.347
    -4.736
    -3.664
    -2.366
    -2.857
    -2.072
    -2.100
    -1.895
    -0.437
    -0.855
    -1.691
    -3.056
    -1.224
    -2.380
    -1.283
    -1.098
    -0.274
    -0.794
    -2.423
    -0.672
    -0.199
    -1.571
    -1.745
    -1.188
    -2.589
    -4.394
    -5.587
    -8.611
   -10.402
    -9.927
    -9.185
    -8.805
    -8.974
   -10.734
   -13.710
   -13.928
   -12.028
   -13.230
   -12.805
   -15.094
   -14.055
   -16.957
   -18.920
   -17.549
   -18.603
   -21.217
   -21.648
   -20.209
   -18.923
   -18.663
   -20.751
   -21.981
   -25.138
   -26.216
   -28.096
   -30.920
   -34.251
   -35.340
   -34.569
   -32.517
   -31.951
   -33.868
   -31.418
   -32.383
   -27.271
    14.757
    36.194
    24.208
    16.846
    19.263
    18.185
    18.438
    18.235
    20.492
    21.657
    24.468
    20.666
    19.103
    18.339
    18.270
    20.841
    23.317
    22.145
    22.737
    29.019
    25.976
    21.641
    22.600
    28.783
    36.635
    38.775
    40.212
    41.006
    39.751
    42.051
    43.391
    40.745
    44.140
    41.402
    42.940
    40.083
    37.311
    32.623
    30.189
    31.412
    31.076
    32.968
    35.507
    32.392
    30.161
    30.257
    27.878
    24.676
    22.972
    22.235
    18.682
    15.807
    14.333
    10.907
     3.002
    -0.236
    -4.470
   -11.066
   -22.974
   -24.821
   -26.288
   -31.714
   -32.017
   -32.290
   -34.483
   -34.446
   -30.459
   -26.570
   -24.278
   -30.320
   -29.109
   -32.817
   -36.082
   -37.038
   -37.010
   -34.656
   -32.696
   -36.522
   -33.479
   -27.200
   -28.800
   -30.210
   -27.606
   -24.300
   -26.765
   -27.661
   -23.576
   -24.096
   -28.548
   -24.749
   -23.086
   -24.455
   -22.064
   -24.586
   -27.441
   -29.102
   -30.220
   -30.740
   -32.484
   -28.926
   -22.285
   -17.832
   -18.573
   -15.461
   -13.737
   -12.085
   -13.293
   -14.257
   -14.216
   -11.921
   -10.669
   -11.880
    -9.891
    -5.764
     0.605
     3.601
     4.756
     7.170
    14.630
    19.434
    23.632
    21.713
    28.312
    43.741
    47.817
    46.122
    51.426
    64.956
    50.763
    50.683
    72.491
    70.492
    47.470
    29.507
    40.095
    57.935
    33.674
    13.373
     8.699
    13.272
     4.264
    -6.568
    -6.156
    -3.208
   -14.314
   -11.617
    -1.466
    -3.463
    -0.727
    -2.406
   -10.736
   -16.859
    -6.074
     6.213
    -1.374
    -3.032
     1.172
     4.755
     6.150
     3.113
     2.159
     5.518
     7.390
     4.206
     1.579
     5.406
     3.711
     7.983
     2.699
   -14.702
   -22.815
   -25.905
   -17.758
     1.731
    -8.905
   -19.325
   -16.329
   -11.188
    -4.523
     0.386
     4.122
    -4.034
   -16.307
   -19.072
   -20.725
   -29.540
   -24.590
   -18.218
   -10.702
    -9.946
    -6.754
    -2.539
    -4.678
   -11.029
   -14.857
   -14.483
   -10.472
    -1.228
     5.940
     2.948
     1.662
     7.657
     6.549
    11.980
     9.338
     6.920
     8.168
    18.483
    22.868
    23.711
    23.430
    17.422
    16.567
    12.853
    15.359
    14.831
     8.667
     9.022
     7.647
     2.557
     0.864
    -3.170
    -2.680
     0.193
     5.676
     2.534
    -0.131
    -1.774
    -2.110
     0.372
     3.596
     0.882
     1.453
     5.238
     5.627
     5.324
     5.470
     5.915
     0.190
    -0.765
    -3.109
     0.554
     1.795
     5.986
     5.524
     6.642
     0.282
     1.905
     1.804
     0.907
    -0.650
     0.057
    -1.436
    -5.659
    -0.591
     4.481
    -5.268
   -14.345
   -16.330
   -15.294
    -8.725
   -11.422
   -12.163
   -13.861
   -12.034
     3.241
    10.696
    -4.292
   -12.223
   -16.800
   -11.367
    -4.155
    -5.452
   -17.568
   -24.913
   -17.574
   -21.956
   -24.063
   -25.302
   -23.454
   -21.464
   -17.350
   -11.274
   -11.701
   -13.547
   -13.157
    -7.731
    -5.262
   -10.417
   -10.702
    -8.639
    -2.789
    -5.622
    -7.674
    -7.183
    -8.146
    -6.174
    -4.667
     1.530
    -3.399
    -5.702
     3.206
    12.054
     6.987
     5.729
    -0.117
    -1.585
     2.258
     3.006
     4.518
     8.702
    14.179
     9.009
     7.457
     7.516
     3.089
     6.602
    11.266
    15.851
    15.699
    16.934
    22.515
    23.072
    22.286
    23.899
    23.563
    25.602
    24.368
    24.492
    32.691
    27.541
    23.888
    15.970
    14.469
    16.746
    16.602
    15.759
    16.281
    15.882
    13.281
    11.086
    11.568
    13.502
    11.552
     5.962
     5.347
     7.513
    12.849
    10.759
     1.689
     2.558
     3.550
    -0.419
    -5.322
    -6.391
   -10.663
    -6.696
    -3.607
    -7.675
    -9.479
   -10.959
    -9.057
     0.205
    -8.017
   -23.072
   -14.817
    -4.617
     1.036
    -5.232
   -16.773
    -7.232
    -3.753
   -12.237
   -11.286
   -15.302
   -26.302
   -19.464
   -16.266
   -19.406
   -11.730
    -8.207
    -9.913
    -5.895
    -1.349
    -0.609
    -3.828
    -3.201
    -7.231
    -7.883
    -9.233
   -10.026
   -10.582
   -10.286
    -9.253
    -6.914
    -2.478
    -4.465
    -4.516
    -4.083
     0.131
    -3.391
    -5.858
     1.915
     2.774
     0.485
    -2.027
    -2.489
    -4.268
    -2.266
    -6.952
    -7.867
     0.021
     5.173
     3.595
    -3.502
     1.558
     6.124
     3.518
     0.744
     3.058
     6.855
    10.112
     4.805
     2.998
     2.733
     3.619
     6.661
     3.788
     6.794
     3.044
     0.072
     1.077
    -0.938
    -0.058
    -3.068
    -2.968
    -0.935
     1.437
     1.155
     0.135
    -3.754
     1.003
     4.642
     5.466
     4.721
    -0.003
    -6.277
    -3.412
     2.966
     6.822
    -6.923
   -14.851
   -13.161
    -5.438
    -5.608
    -8.333
   -10.578
    -9.137
    -9.653
    -5.831
    -7.482
    -7.439
    -6.433
    -3.574
    -1.632
     0.709
     4.514
    -0.636
    -2.755
    -2.277
    -0.361
     2.281
    -1.821
    -0.758
     0.747
     1.794
     1.266
     3.324
     6.062
     7.326
     7.412
     5.785
     6.645
    10.211
     9.486
     8.874
     8.937
     9.173
     9.055
    11.278
    12.485
    11.149
    12.331
    12.402
    14.533
    14.459
    14.070
    15.307
    17.177
    18.684
    16.001
    15.659
    15.583
    15.305
    14.969
    13.378
    13.229
    12.076
    12.451
    11.936
     8.504
     7.099
     6.961
     6.302
     5.911
     4.470
     3.504
     2.521
     2.863
     2.493
     0.546
    -0.919
    -2.619
    -2.781
    -3.925
    -3.880
    -5.780
    -6.743
    -5.098
    -7.006
    -9.486
   -10.141
   -11.242
   -12.025
   -12.838
   -12.997
   -15.099
   -18.371
   -16.778
   -17.819
   -17.219
   -18.576
   -17.989
   -17.696
   -18.829
   -17.609
   -18.510
   -19.053
   -16.182
   -14.762
   -14.384
   -14.457
   -12.719
   -11.890
   -10.508
    -8.616
   -11.907
   -10.780
   -10.661
    -7.574
    -7.546
    -6.027
    -5.888
    -7.405
    -7.978
    -3.740
    -5.597
    -4.714
    -4.057
    -4.773
    -3.732
    -0.478
     0.154
     2.541
     1.978
    -0.369
     1.000
     0.736
     3.670
     5.619
     8.571
     9.641
     8.505
     8.517
    11.557
     6.515
     8.423
     8.255
     9.830
     8.222
     5.900
     6.250
     7.596
     5.705
     4.976
     5.165
     6.188
     6.466
     7.178
     5.911
     6.331
    10.311
     8.742
     7.232
     8.886
     8.514
    10.372
    10.341
     9.706
    11.019
    10.259
     9.733
    11.394
    10.064
     9.193
     9.638
     6.960
     5.763
     6.296
     6.627
     5.833
     5.476
     4.197
     2.783
     1.452
     4.354
     3.759
     5.064
     5.076
     4.117
     3.669
     4.605
     4.978
     1.836
     0.006
    -0.712
    -3.767
    -4.582
    -4.747
    -4.479
    -4.225
    -5.388
    -8.430
    -7.806
    -8.948
    -8.335
    -7.487
    -6.238
    -7.025
    -6.144
    -6.742
    -6.845
    -6.170
    -6.540
    -6.798
    -7.352
    -6.713
    -7.263
    -6.988
    -7.907
    -8.099
    -7.538
    -8.134
    -8.875
    -8.460
    -8.010
    -7.722
    -6.359
    -5.734
    -5.987
    -6.010
    -5.544
    -4.606
    -6.319
    -5.374
    -4.082
    -2.020
     2.118
     2.535
     2.252
     4.399
     6.383
     5.994
     7.500
     7.193
     5.383
     5.106
     4.302
     4.174
     1.761
    -1.552
    -0.005
    -1.081
    -1.711
    -1.671
    -1.220
    -1.787
    -2.596
    -0.477
     2.517
     1.956
     2.920
     1.650
     1.727
     4.340
     3.623
     2.846
     3.960
     3.873
     5.765
     5.135
     5.876
     6.059
     3.863
     6.055
     2.193
     3.728
     3.803
     3.828
     5.313
     5.510
     4.238
     4.985
     3.548
     4.881
     5.341
     5.212
     5.632
     7.207
     6.317
     3.386
     3.726
     5.294
     5.995
     5.727
     4.106
     0.635
     2.102
     0.181
    -1.682
    -2.804
    -2.259
    -3.519
    -5.194
    -6.424
    -7.229
    -6.152
    -5.791
    -6.976
    -7.761
    -7.711
    -8.856
    -5.939
    -5.069
    -5.992
    -3.893
    -4.405
    -4.075
    -3.954
    -3.502
    -4.539
    -4.787
    -5.635
    -5.215
    -7.989
    -4.974
    -7.189
    -5.322
    -3.644
    -2.232
    -0.091
     3.001
    -0.566
    -1.011
    -3.063
    -2.532
    -5.593
    -4.730
    -2.140
    -0.267
     0.706
     3.024
     1.001
    -0.564
    -0.139
    -1.002
    -4.875
    -8.010
    -7.271
    -4.595
    -3.733
    -5.624
    -4.020
    -1.401
    -1.291
    -1.967
    -3.924
    -3.598
    -1.533
    -0.249
    -0.562
     1.729
     1.947
     2.951
     3.956
     4.805
     4.944
     2.196
     1.489
     1.742
     3.151
     3.911
     4.431
     5.646
     7.418
     5.929
     9.777
     9.324
    10.177
    11.243
    10.693
    11.816
    14.644
    12.865
    16.186
    13.712
    12.365
    12.606
    10.123
    11.331
     9.898
     8.537
     4.501
     0.927
    -1.412
    -2.647
    -3.362
    -6.362
    -7.182
    -7.973
    -9.017
    -5.277
    -4.715
    -2.570
    -3.098
    -2.691
    -1.039
     1.486
     2.416
     2.302
     3.129
     3.815
     3.587
     1.452
     0.902
     1.290
     1.255
     1.117
    -1.706
    -1.503
    -2.486
    -3.353
    -3.264
    -3.979
    -2.461
    -0.807
    -1.380
    -1.993
    -0.643
    -2.623
    -3.886
    -5.199
    -7.359
    -7.940
    -8.123
   -10.878
    -6.832
    -1.792
    -9.464
    -8.151
    -7.064
    -5.898
    -5.391
    -2.109
    -4.410
    -6.298
    -6.026
    -4.876
    -1.923
    -2.610
    -0.648
    -0.594
    -0.401
     0.780
    -1.169
     1.771
     2.629
     1.772
    -0.350
     1.388
     2.166
    -3.054
    -5.265
    -5.056
     0.203
     0.310
     2.621
     2.091
     1.846
    -0.694
    -0.239
    -1.067
    -0.447
    -1.826
    -1.733
    -1.642
    -1.775
    -2.148
    -0.856
    -2.345
    -2.200
    -1.778
    -1.243
    -0.620
    -0.882
    -0.772
    -0.254
    -1.422
     0.343
     0.673
     1.922
     5.566
     1.922
     0.066
    -1.565
    -0.179
     2.338
     4.664
     4.793
     4.592
     3.118
     3.621
     3.710
     2.485
     2.386
     2.002
     0.864
    -0.591
    -0.230
     0.144
     2.446
     0.198
     0.884
     2.600
     4.573
     4.540
     3.729
     3.762
     4.033
     6.672
     5.427
     6.199
     6.741
     5.026
     6.956
     5.259
     3.797
     2.137
     2.057
     3.670
     4.543
     3.182
     3.081
     3.085
     4.098
     2.987
     3.852
     2.939
     3.011
     1.438
    -0.254
    -0.085
    -0.146
    -2.281
    -4.122
    -4.497
    -3.207
    -3.317
    -3.842
    -6.138
    -3.328
    -4.194
    -2.975
    -4.193
    -3.714
    -3.502
    -2.974
    -4.535
    -3.629
    -1.901
    -2.638
    -4.295
    -3.655
    -3.795
    -3.488
    -4.819
    -5.478
    -7.716
    -5.014
    -4.475
    -3.438
    -1.260
     1.064
     0.118
    -2.481
    -3.960
    -1.133
     0.116
     0.694
     0.488
     2.333
     3.252
     2.876
     0.214
    -0.341
     3.202
     2.915
     2.930
     1.216
    -2.156
    -2.291
     0.105
     2.616
     3.694
     2.176
     2.445
     0.971
     2.674
     1.568
     2.547
     2.697
     2.411
     1.592
     2.194
     0.171
    -0.164
    -0.794
    -1.531
    -0.684
    -1.248
    -1.499
    -0.752
    -1.628
    -0.985
    -0.784
    -1.175
    -1.178
    -2.589
     0.107
    -0.574
    -1.260
    -1.592
    -1.390
    -1.321
    -0.381
    -0.837
     0.177
     0.083
     0.245
     0.447
     2.005
     2.021
     1.377
     1.126
     0.531
     1.290
     1.084
     0.566
     0.276
     0.148
     0.435
    -0.057
    -0.514
     0.213
     0.243
    -0.124
     1.341
     1.457
     2.655
     2.334
     2.382
     1.481
     0.889
     0.677
     0.943
    -1.442
    -0.447
    -1.060
     0.717
     0.461
     0.345
     1.594
     1.372
     0.381
    -0.444
    -0.414
    -1.187
    -2.441
    -1.127
    -2.585
    -1.770
    -2.174
    -1.906
    -1.179
    -2.116
    -0.843
    -1.466
    -1.888
    -1.463
    -0.740
    -1.700
    -1.459
    -1.365
    -2.278
    -2.036
    -0.983
    -0.748
    -1.089
    -1.284
    -0.380
    -0.030
    -0.430
    -0.602
    -0.341
    -0.014
    -0.184
     0.503
    -0.077
     1.230
    -0.575
     0.546
     1.139
     1.316
     0.972
     0.892
    -0.090
    -0.256
    -1.025
    -0.891
    -1.163
    -0.234
     0.387
     0.443
    -1.642
    -0.642
    -1.221
    -1.873
     0.899
    -0.649
     0.147
    -0.237
    -0.259
    -0.386
    -1.172
    -2.462
    -1.133
    -1.479
     0.345
    -1.056
    -0.843
     0.322
     0.287
     0.921
     1.076
     1.146
     2.168
     3.294
     3.186
     3.448
     5.048
     5.826
     6.807
     8.500
     7.156
     7.769
     6.884
     6.217
     4.218
     4.234
     3.715
     2.824
     2.248
     2.482
     2.076
     1.918
     2.003
     1.793
     2.057
     1.816
     3.049
     3.187
     1.758
     1.743
     1.638
     2.042
     0.924
     0.675
     0.919
    -0.309
    -0.270
    -0.369
    -1.031
    -1.030
    -1.362
    -2.224
    -1.988
    -2.611
    -3.561
    -3.331
    -4.527
    -3.990
    -3.627
    -2.906
    -3.087
    -3.335
    -3.447
    -3.612
    -4.216
    -3.147
    -5.734
    -5.011
    -5.310
    -4.870
    -4.852
    -4.435
    -4.386
    -4.494
    -5.073
    -4.702
    -4.230
    -4.543
    -2.722
    -2.403
    -3.256
    -3.040
    -2.946
    -2.955
    -3.904
    -3.023
    -2.842
    -2.506
    -2.048
    -0.911
    -1.277
    -1.773
    -1.351
    -0.904
    -0.917
    -1.542
    -1.379
    -1.897
    -0.800
    -0.744
    -0.574
    -1.751
    -0.817
    -0.785
    -0.848
    -0.321
    -0.310
     0.279
    -0.786
     0.289
    -0.150
     0.629
    -1.258
    -0.209
     0.878
     2.280
     1.202
     0.554
     1.190
     1.904
     2.939
     3.462
     5.628
     4.978
     7.586
     8.603
     9.310
     8.090
     7.346
     6.948
     5.934
     6.641
     4.850
     3.895
     4.096
     4.837
     2.246
     2.069
     2.660
     1.480
     2.510
     1.468
     0.793
     1.625
     1.510
     2.087
     1.190
     2.025
     2.837
     3.326
     2.621
    -0.043
    -0.113
     0.669
     0.151
    -0.482
    -1.064
     0.126
     0.686
     0.864
    -1.358
    -2.831
    -1.860
    -2.161
    -1.920
    -1.904
    -0.804
     0.431
    -1.803
    -0.944
    -0.501
     1.512
     1.580
     1.301
     0.988
    -0.964
     1.449
     0.405
     0.511
    -1.709
    -1.763
     0.113
    -1.076
     0.224
     0.228
    -2.079
    -2.623
    -2.261
    -1.657
    -0.857
    -1.659
    -1.933
    -1.366
    -2.504
    -2.236
    -2.081
    -2.086
    -2.965
    -1.766
    -2.476
    -0.728
    -1.834
    -2.288
    -2.661
    -2.426
    -1.702
    -2.732
    -2.800
    -2.398
    -2.953
    -2.023
    -2.717
    -2.368
    -1.447
    -0.989
    -2.213
    -2.569
    -2.060
    -2.420
    -2.033
    -1.969
    -2.514
    -1.494
     0.087
    -0.345
    -0.624
    -0.075
    -0.356
    -1.747
     0.065
     0.301
    -0.176
     0.391
    -0.617
    -0.600
    -0.148
    -1.117
    -0.860
    -1.174
    -1.045
    -0.096
    -0.428
     0.345
     0.592
     0.389
    -0.039
     2.344
     1.129
     2.532
     1.595
     2.541
     1.563
     1.279
     4.092
     2.845
     4.609
     3.309
     4.413
     4.185
     3.915
     3.526
     5.218
     4.927
     4.360
     4.128
     5.042
     4.382
     3.553
     4.498
     4.105
     3.145
     4.151
     3.274
     0.540
    -1.400
    -0.988
    -0.743
    -1.826
    -3.071
    -2.691
    -2.721
    -2.572
    -3.941
    -1.479
    -2.000
    -3.592
    -1.401
    -0.811
    -0.297
    -0.143
    -0.625
     0.151
    -0.174
     0.042
    -0.066
     0.556
     0.298
     1.424
     0.915
    -0.534
    -0.957
    -1.781
    -0.948
    -2.196
    -2.758
    -1.989
    -2.394
    -2.736
    -2.145
    -2.698
    -3.379
    -2.261
    -4.028
    -2.823
    -3.638
    -2.272
    -2.630
    -1.446
    -2.616
    -1.789
    -1.645
    -2.135
    -1.827
    -1.947
    -1.635
    -2.308
    -1.457
    -2.144
    -2.434
    -1.859
    -1.678
    -1.469
     0.433
     0.083
    -0.157
    -0.382
    -0.043
    -1.529
    -1.282
    -0.526
     0.484
     1.130
     4.125
     4.438
     3.945
     4.611
     3.400
     2.418
     2.942
     4.313
     4.035
     5.063
     5.091
     3.810
     3.111
     1.998
     1.652
     1.825
     1.368
     2.741
     2.401
     2.665
     1.724
     2.598
     0.262
     0.216
     0.362
    -0.083
    -0.961
     0.224
     0.643
     2.435
     2.850
     2.430
     2.446
     2.457
     1.383
    -0.177
     1.360
     0.850
    -0.837
    -0.273
    -0.306
    -0.071
     1.042
     0.657
     0.375
     0.163
     1.385
     0.241
    -0.071
     1.028
     0.740
     0.161
     1.334
     0.009
    -0.815
     0.452
    -0.564
    -0.980
    -0.896
    -2.052
    -1.708
    -0.568
    -1.322
    -1.526
     0.333
     1.657
    -0.540
    -0.766
    -0.700
     0.923
     0.752
     0.855
     0.325
     0.953
     0.425
     0.058
    -1.501
    -0.282
    -0.850
    -3.260
    -5.261
    -6.442
    -5.620
    -4.521
    -4.680
    -4.550
    -1.040
    -0.272
    -0.636
     0.340
     0.517
     1.060
    -0.838
    -1.262
    -0.239
     0.624
     0.825
    -0.647
    -0.927
    -0.493
    -3.245
    -2.147
    -1.955
    -1.380
    -1.830
    -2.378
    -2.140
    -0.503
     0.713
     1.970
    -3.186
    -2.979
    -3.779
    -4.666
    -3.261
    -2.902
    -3.179
    -5.846
    -5.832
    -6.611
    -5.713
    -4.446
    -4.159
    -2.325
    -4.823
    -4.418
    -2.744
    -3.464
    -4.237
    -2.679
    -3.623
    -4.763
    -5.676
    -7.056
    -6.613
    -6.020
    -4.319
    -3.331
     0.458
     2.178
     7.392
     5.933
     1.516
     3.755
     9.508
    13.910
    14.315
    11.989
    10.272
    11.610
     9.722
     8.662
     6.805
     2.446
     1.008
    -0.785
    -0.028
    -2.052
    -1.930
    -2.729
    -1.753
    -0.511
     3.036
     5.003
     9.061
    11.683
    11.252
     9.636
     8.347
     6.714
     9.315
     8.268
     3.313
    -0.930
    -5.416
    -6.265
    -5.474
    -3.168
    -1.438
    -0.738
     1.894
     3.376
     2.670
     3.582
     5.526
     7.910
     8.470
     5.709
     8.224
     6.397
     8.186
     9.101
    12.367
    15.873
    15.540
    15.383
    17.068
    15.929
    14.892
    17.966
    15.940
     7.336
    -2.257
    -2.225
     1.632
     5.926
     3.451
    -8.809
    -3.001
     3.834
    -1.574
    -6.652
    -9.521
   -12.863
   -17.104
   -23.213
   -27.852
   -28.072
   -22.858
   -19.897
   -16.981
   -19.702
   -18.934
   -16.930
   -14.729
   -15.192
   -15.872
   -14.826
   -11.277
    -8.046
    -7.865
    -8.012
    -9.542
    -8.803
    -9.816
   -10.737
   -12.634
   -12.973
    -9.925
    -8.163
    -8.375
    -8.296
    -7.777
    -5.560
    -2.208
    -0.692
     2.223
     3.607
     3.091
     1.275
     2.407
     3.570
     4.227
     3.410
     4.574
     5.149
     5.140
     4.245
     3.775
     3.380
     4.168
     1.562
     1.386
     0.117
    -0.749
    -0.503
    -0.045
     0.618
     1.963
     2.326
     2.635
     3.167
     2.821
     3.204
     4.017
     4.332
     4.742
     5.011
     5.087
     5.662
     5.769
     5.866
     6.470
     6.882
     7.214
     6.716
     6.300
     6.902
     7.050
     7.077
     6.915
     7.031
     7.094
     7.080
     7.064
     7.141
     7.133
     7.159
     7.101
     7.102
     7.067
     7.064
     6.991
     6.953
     6.859
