     4.226
     4.599
     4.874
     5.235
     5.496
     5.844
     6.089
     6.431
     6.668
     6.988
     7.200
     7.472
     7.649
     7.945
     8.059
     8.266
     8.327
     8.481
     8.504
     8.697
     8.662
     8.728
     8.661
     8.745
     8.755
     8.849
     8.714
     8.752
     8.494
     8.567
     8.266
     8.207
     7.826
     7.605
     7.359
     6.796
     6.576
     6.377
     5.879
     5.700
     5.327
     4.655
     4.209
     3.573
     2.850
     2.413
     2.034
     1.354
     0.436
    -0.250
    -0.811
    -1.015
    -1.909
    -2.601
    -3.601
    -4.993
    -5.922
    -6.634
    -6.795
    -6.460
    -7.637
    -8.160
    -7.394
    -6.780
    -6.828
    -6.927
    -6.671
    -5.328
    -4.593
    -3.923
    -2.591
    -1.968
    -1.692
    -2.013
    -1.869
    -1.720
    -0.751
    -1.659
    -0.838
    -1.116
    -0.513
    -0.811
     0.151
     1.471
     3.694
     4.179
     3.573
     2.130
    -0.184
    -0.716
    -2.907
    -2.974
    -5.315
    -6.958
    -8.617
   -10.036
   -12.344
   -10.285
    -9.273
    -8.399
    -5.638
    -5.026
    -3.771
    -3.813
    -3.923
    -4.725
    -4.053
    -4.451
    -4.134
    -2.666
    -3.863
    -4.118
    -5.476
    -5.604
    -4.832
    -5.652
    -5.721
    -5.845
    -5.590
    -4.086
    -4.291
    -4.627
    -5.315
    -5.109
    -4.892
    -4.669
    -3.610
    -1.791
    -1.412
    -2.127
    -2.004
    -2.182
    -1.598
    -1.222
    -1.834
    -0.960
     0.164
     0.834
     0.213
     1.308
     0.831
     1.385
     3.460
     3.108
     3.807
     2.985
     3.689
     3.574
     2.006
     2.011
     2.674
     3.666
     4.594
     4.226
     3.694
     4.556
     4.333
     3.672
     6.890
     4.387
     3.492
     4.672
     6.147
     7.233
     8.484
     9.336
     7.606
     7.112
     8.411
     8.169
     7.354
     6.696
     5.581
     5.219
     4.713
     2.722
     2.904
     3.258
     2.897
     3.056
     4.153
     1.520
     0.135
     0.714
     2.093
     2.986
     1.712
     1.674
     3.561
     5.018
     1.715
     0.738
    -0.746
    -1.271
    -2.885
    -1.254
    -0.251
     4.231
     5.539
     5.162
     6.136
     6.033
     3.258
     0.207
    -1.062
     3.506
     7.434
     7.486
     6.218
     7.283
     8.157
     9.812
     9.913
     9.248
    12.367
    13.899
    11.526
    11.071
    12.706
    11.915
    12.393
    12.450
     8.237
     3.598
     2.567
     2.903
     1.785
    -1.756
    -3.493
    -4.725
    -5.047
    -4.648
    -6.845
    -4.008
    -7.448
    -7.816
    -6.607
    -9.334
   -13.668
   -14.276
   -15.203
   -16.020
   -17.128
   -18.116
   -17.527
   -18.526
   -17.672
   -19.056
   -17.992
   -19.009
   -14.640
   -15.707
   -11.787
   -13.409
   -18.043
   -19.595
   -18.071
   -16.472
   -15.602
   -17.065
   -15.966
   -14.334
   -13.640
   -13.390
   -10.746
   -10.321
    -9.502
    -7.051
    -6.424
    -5.265
    -1.657
    -4.986
    -5.167
    -4.294
    -1.072
    -0.367
    -0.920
     0.105
     2.037
     1.459
     1.641
     3.469
     3.191
     3.302
     2.827
     4.225
     5.006
     5.725
     7.363
     6.879
     7.237
     8.335
     8.694
     7.883
     6.966
     7.659
     8.563
     9.250
     7.107
     8.021
     9.619
    11.719
    12.456
    13.042
    13.525
    10.564
    12.848
    12.658
    11.022
    10.914
     9.585
     8.496
     8.594
     6.149
     6.573
     9.335
     6.308
     5.551
     8.040
     8.937
    10.615
     7.675
     5.915
     5.786
     4.461
     6.107
     8.652
     8.357
     7.358
     6.093
     6.150
     5.703
     4.178
     3.704
     2.980
     2.522
     5.517
     7.997
     5.740
     5.635
     4.229
     4.163
     2.898
     3.799
     5.853
     7.381
     7.175
     5.562
     0.917
     3.347
     5.883
     6.046
     5.533
     4.135
     1.841
     2.645
     4.448
     1.398
    -0.144
    -1.379
    -1.911
    -1.928
    -3.161
    -3.299
     1.186
    -1.226
    -2.309
    -7.368
    -9.482
    -8.914
    -9.023
    -9.680
    -9.842
    -8.583
    -9.693
   -10.761
   -12.420
   -12.199
   -14.255
   -15.225
   -14.326
   -14.083
   -12.649
   -13.650
   -13.109
   -13.524
   -13.654
   -14.930
   -14.764
   -12.894
   -12.842
   -12.128
   -11.122
   -11.044
    -9.547
    -8.431
    -8.150
    -7.421
    -7.122
    -6.237
    -4.062
    -4.155
    -4.559
    -4.433
    -5.369
    -5.477
    -4.342
    -1.672
    -0.967
     0.627
    -1.013
    -0.926
    -0.418
     1.771
     1.922
    -1.263
     1.871
     2.009
    -0.327
    -2.476
    -4.375
    -2.327
    -1.544
    -3.957
    -3.119
     0.216
     2.336
     5.970
     6.121
     6.652
     3.090
     1.023
    -0.261
     0.104
     1.093
     2.773
     3.148
     1.830
    -0.056
     0.241
    -1.886
     0.558
    -2.690
    -3.306
    -3.854
    -1.720
     0.873
     4.692
     4.296
     8.927
     8.498
     9.161
     7.691
     6.570
     7.221
    11.104
    16.672
    19.043
    21.308
    21.184
    20.378
    19.373
    24.088
    22.361
    20.430
    20.858
    20.961
    18.708
    15.837
    15.418
    14.556
    13.976
    10.651
    11.976
    10.505
    11.405
     9.729
     7.738
     4.670
     4.717
     3.311
     1.943
    -0.973
    -1.527
    -1.792
    -2.322
    -5.195
    -7.635
    -9.514
   -10.677
    -9.733
   -10.779
   -11.160
    -9.797
    -6.012
    -6.083
    -7.987
    -8.451
    -9.281
    -8.736
    -8.041
    -8.236
    -7.189
    -7.686
    -6.877
    -8.849
    -9.585
    -8.352
   -10.407
    -9.700
    -9.310
    -9.535
   -13.120
   -13.350
    -9.864
    -7.958
    -5.889
    -6.531
    -8.212
    -8.426
    -7.297
    -7.087
    -7.231
    -9.460
    -9.778
    -8.371
    -7.022
    -6.430
    -6.708
    -7.712
    -8.921
    -8.268
    -5.964
    -4.843
    -3.219
    -3.340
    -4.592
    -6.512
    -8.349
    -7.678
    -5.220
    -3.276
    -3.573
    -3.337
    -2.944
    -2.610
    -2.255
     0.061
     0.083
     1.167
     2.264
     3.430
     4.737
     5.416
     6.718
     4.414
     3.565
     3.168
     4.967
     6.004
     8.043
    10.688
     8.751
     9.381
     9.583
     9.915
    11.603
    11.748
    12.487
    12.345
    11.729
    10.459
    10.489
    10.623
    10.527
     8.124
     7.416
     7.326
     8.139
     7.656
     6.762
     8.312
     9.505
     9.478
     7.953
     4.854
     3.857
     1.481
     1.229
     0.150
    -0.767
    -3.346
    -4.568
    -3.144
    -1.443
    -3.459
    -4.767
    -2.974
    -2.623
    -0.578
     0.454
     2.173
     0.982
     1.040
     2.243
     1.668
     2.905
     2.129
     1.207
     1.251
     0.733
     0.822
     1.252
    -0.316
    -0.521
    -1.328
    -2.618
    -3.063
    -3.011
    -2.364
    -2.991
    -3.339
    -6.093
    -7.400
    -6.230
    -7.094
    -7.576
    -7.826
    -7.856
    -6.432
    -8.684
    -8.230
    -8.454
    -7.827
    -9.055
    -9.887
    -8.609
    -6.635
    -6.779
    -6.177
    -5.941
    -7.427
    -7.147
    -6.733
    -6.909
    -3.264
    -3.792
    -3.527
    -4.348
    -3.119
    -3.194
    -1.817
    -0.599
    -1.641
    -0.870
    -1.828
     0.135
    -0.563
    -0.199
     0.310
     1.395
    -0.341
     0.174
     1.722
     0.240
    -0.513
    -0.099
    -0.490
    -0.806
     0.493
     0.574
     1.772
    -0.221
     3.478
     4.734
     3.508
     5.872
     5.725
     8.509
     7.705
     9.499
     8.963
     8.641
     8.586
    10.098
     8.215
     8.326
     9.590
     9.724
     9.018
     7.685
     8.041
     6.509
     5.409
     4.550
     4.957
     6.259
     4.480
     4.028
     3.820
     4.875
     5.721
     5.978
     5.661
     6.070
     6.513
     5.746
     5.095
     4.874
     5.853
     6.869
     7.084
     6.609
     6.732
     7.150
     7.171
     6.034
     4.246
     4.575
     3.428
     1.652
     2.558
     0.757
    -1.061
    -1.003
    -3.137
    -4.117
    -6.496
    -7.548
    -8.239
    -8.660
    -8.266
    -8.387
    -9.931
   -11.779
   -11.262
   -10.827
   -11.790
   -12.233
   -11.398
   -11.758
   -12.155
   -12.028
   -13.094
   -13.080
   -11.546
   -10.878
   -10.802
    -7.964
    -8.617
    -7.499
    -5.236
    -4.804
    -5.465
    -5.959
    -4.404
    -3.261
    -2.073
    -3.764
    -3.071
    -3.382
    -3.349
    -4.797
    -7.460
    -7.217
    -6.317
    -5.169
    -5.478
    -4.876
    -2.959
    -4.481
    -3.150
    -2.490
    -1.945
     0.269
     1.521
     2.550
     0.485
     1.961
     2.327
     2.924
     3.090
     4.189
     4.866
     5.364
     5.164
     4.496
     6.050
     4.089
     4.566
     5.669
     6.963
     7.444
     8.422
     7.890
     7.982
     8.018
     6.128
     4.857
     5.193
     3.769
     4.064
     3.685
     6.033
     5.863
     3.766
     1.449
    -0.110
    -0.331
    -0.685
    -0.030
    -3.005
    -2.795
    -0.180
     0.163
     2.701
     4.101
     3.498
     3.167
     3.011
     2.724
     2.101
     2.084
     2.375
     2.487
     1.960
     3.524
     4.290
     3.839
     3.266
     3.678
     4.499
     4.236
     4.345
     2.107
     0.461
     1.415
     0.432
    -0.670
     1.815
     2.893
     2.084
     1.080
     3.621
     3.595
     4.929
     5.287
     4.597
     5.911
     7.071
     7.110
     6.230
     5.137
     5.090
     4.544
     3.249
     3.481
     2.588
     3.397
     4.560
     4.311
     3.790
     5.200
     4.256
     4.670
     3.487
     5.207
     4.919
     4.060
     2.075
     2.329
     0.018
    -0.975
    -3.500
    -2.356
    -1.011
    -2.477
    -3.230
    -3.817
    -4.315
    -4.963
    -5.580
    -6.874
    -7.525
    -6.807
    -7.820
    -7.788
    -7.746
    -6.891
    -7.381
    -7.276
    -5.062
    -7.214
    -7.961
    -8.139
    -7.993
    -8.747
    -7.250
    -9.596
   -10.138
   -11.517
   -12.053
   -11.490
   -10.973
   -11.640
   -10.955
   -11.593
   -10.229
    -9.936
    -9.957
   -11.877
   -10.691
   -11.274
    -9.278
    -5.540
    -4.450
    -5.426
    -5.414
    -6.591
    -6.896
    -6.620
    -5.932
    -9.434
   -11.171
   -11.615
   -12.782
   -12.949
   -14.513
   -13.975
   -12.547
   -13.090
   -13.060
   -11.266
    -7.791
    -4.521
    -2.283
    -0.009
     0.539
     4.812
     6.223
     8.462
    10.338
    10.346
    11.380
    12.874
    14.983
    17.645
    19.215
    19.898
    21.080
    21.474
    21.121
    19.935
    20.126
    21.092
    18.328
    18.309
    15.688
    13.741
    14.723
    16.813
    19.042
    16.785
    13.955
    13.110
    13.335
    15.737
    16.407
    15.448
    15.302
    14.978
    14.298
    10.961
    10.855
     8.760
     6.012
     5.213
     3.641
     2.618
     2.434
     2.529
     0.618
    -0.915
    -1.251
    -1.393
    -2.310
    -3.400
    -3.397
    -5.210
    -1.671
    -0.535
     1.159
     1.236
     0.780
    -0.179
    -1.426
    -1.894
    -3.476
    -4.098
    -2.019
    -0.280
    -0.713
    -1.525
    -1.477
    -2.532
    -2.051
    -2.048
    -0.974
    -2.350
    -3.688
    -5.174
    -6.469
    -7.568
    -8.467
    -9.928
    -8.076
    -7.889
    -7.418
    -6.750
    -5.741
    -7.128
    -7.574
    -6.688
    -6.944
    -5.863
    -6.623
    -8.225
   -10.238
   -12.974
   -15.157
   -14.253
   -12.518
   -11.723
    -8.578
    -7.380
    -8.028
    -9.159
    -7.828
    -8.870
   -10.301
   -10.793
   -13.352
   -15.187
   -16.429
   -15.838
   -14.812
   -15.265
   -13.854
   -11.192
   -11.072
    -8.970
    -7.199
    -8.180
    -9.937
   -13.667
   -12.835
   -13.202
   -13.871
   -14.438
   -16.729
   -19.810
   -20.049
   -17.666
   -17.041
   -17.523
   -18.628
   -17.489
   -16.684
   -14.164
    -5.406
    61.819
    58.835
    38.758
    37.994
    38.877
    38.403
    35.968
    35.962
    39.496
    40.226
    36.343
    31.703
    30.609
    25.205
    25.773
    21.856
    23.585
    26.221
    19.659
    16.067
     6.721
     2.314
     9.811
    10.664
    13.676
     9.499
     4.007
     0.688
     0.894
    -0.417
    -6.123
   -12.049
   -15.858
   -16.104
   -13.783
   -16.609
   -20.653
   -23.540
   -25.368
   -24.061
   -23.170
   -16.594
   -13.018
   -11.232
    -8.754
    -9.052
   -12.144
   -12.426
    -5.271
    -2.857
    -4.296
    -8.381
    -9.064
    -6.315
    -2.861
     2.962
     6.384
    12.303
    13.227
    13.804
     8.299
     7.657
     9.494
     8.715
     7.947
     7.602
    11.191
    17.314
    11.370
     8.181
     7.394
     3.354
     2.419
     2.159
     5.523
     7.164
     1.671
    -3.816
     2.110
     3.545
     2.775
     4.456
     7.057
     5.883
     5.597
     6.916
     6.864
     3.256
     0.992
     4.090
     2.651
     1.234
     2.972
     3.890
     2.793
     0.575
    -0.664
    -3.937
    -7.419
    -4.124
    -0.206
     1.362
    -4.200
    -4.652
    -5.877
   -12.532
   -17.623
   -19.894
   -23.660
   -21.559
   -24.909
   -25.149
   -27.002
   -27.573
   -26.291
   -30.522
   -32.687
   -30.457
   -30.065
   -29.415
   -30.282
   -27.851
   -20.273
   -10.106
   -14.443
   -16.952
    -6.891
    -1.880
    -0.875
    10.203
    14.222
    10.248
    14.388
    23.935
    42.978
    36.155
    17.844
    13.767
    18.164
    22.868
    18.666
    13.027
    14.335
    13.496
    12.573
    13.466
    12.976
    12.919
    12.669
     9.772
     5.931
     8.029
    13.486
     9.754
     8.256
    10.903
    12.904
     4.256
     1.996
     3.105
     3.242
     5.891
     8.788
     2.598
     8.511
     9.800
    13.756
    22.551
    20.358
    -5.761
   -11.579
     1.132
     4.506
     1.325
    -3.043
    -1.881
     1.866
    -1.810
    -2.405
     1.008
    -1.593
   -24.739
   -20.460
    -8.003
   -10.292
   -13.461
    -9.794
    -6.856
    -7.677
    -7.694
    -5.562
    -8.281
   -10.604
    -5.299
    -8.026
    -6.065
    -5.284
    -3.828
    -2.124
     4.418
     0.887
     0.271
     3.171
     2.885
     0.308
    -2.499
     0.253
     4.073
     2.597
    -1.360
     0.662
    -1.469
    -2.565
    -0.856
    -3.817
    -4.521
    -3.029
    -2.595
    -4.357
    -4.669
    -6.714
    -9.742
    -8.257
    -7.834
    -6.388
    -4.657
    -7.279
    -6.412
    -7.861
    -5.857
    -3.361
    -3.805
    -3.304
     1.690
     3.205
     1.799
     5.913
     3.793
     3.280
     2.310
     4.315
     5.758
     5.112
     4.974
     5.070
     4.653
     7.396
     7.804
     5.110
     4.837
     3.714
     3.341
     5.656
     4.395
     4.152
     7.916
    10.117
    15.400
    12.220
     8.885
     8.278
     8.992
     7.356
     5.080
     4.390
     9.148
    16.581
    12.182
     3.735
    -0.575
    -2.166
     4.365
     7.578
    -2.080
    -6.737
    -6.561
    -4.672
    -8.766
    -8.330
    -5.802
    -2.839
    -0.624
     3.121
     3.367
     1.323
     0.649
     1.158
     5.970
     1.825
    -1.718
    -2.128
    -1.014
    -1.710
    -6.413
    -4.971
    -7.707
    -9.483
    -9.989
    -4.081
   -10.208
   -11.909
    -7.979
    -3.218
    -6.642
   -12.454
   -14.917
   -13.401
    -9.629
   -12.175
    -6.023
    -5.806
    -3.464
   -12.997
   -10.506
   -11.015
    -8.364
    -6.780
    -5.540
    -1.001
    -2.946
     2.911
     2.383
     6.141
     7.334
     8.976
     8.022
     7.961
     5.208
     7.131
     9.742
     8.046
     5.979
     2.529
    -1.996
    -1.493
    -3.772
     0.256
     3.228
     1.098
    -2.906
    -5.009
     1.175
     5.143
     4.585
     2.806
     1.824
     2.208
    11.400
     8.212
     4.828
     6.807
     5.543
     2.007
    -0.142
    -1.728
    -3.074
    -0.167
    -0.400
    -1.403
    -5.409
    -2.848
     2.480
     3.864
     2.049
    -1.412
    -2.187
     9.413
    14.973
     2.892
     0.240
     3.650
     2.628
    -0.908
     1.812
    -2.472
    -3.417
    -0.021
     0.540
     1.647
     2.578
     3.539
     2.204
     2.018
     2.446
     4.392
     2.242
     0.382
    -3.024
    -3.857
    -4.277
    -4.907
    -3.479
    -4.772
    -4.588
    -5.990
    -0.674
    -1.365
    -1.871
    -0.388
    -0.149
    -2.527
    -4.050
    -0.533
    -0.592
    -1.146
    -2.096
    -0.369
    -2.355
    -3.416
    -4.337
    -4.080
     0.372
     2.907
     4.185
    -0.247
     3.442
     1.949
     1.101
     0.532
     3.851
     2.725
     2.417
     4.796
     2.884
     1.079
     2.454
     2.065
     0.432
     2.155
    -0.184
     0.126
     1.228
     4.506
     3.800
    -0.929
     0.281
     4.374
     3.593
     3.811
     1.439
    -2.293
     0.413
     4.862
     0.801
     1.244
    -0.979
    -2.246
    -3.888
     4.177
     3.528
    -1.720
    -1.040
    -3.273
    -0.062
     2.535
     1.871
     1.364
     0.588
    -0.402
    -0.151
    -0.757
    -0.434
    -0.638
    -0.308
    -2.164
     1.066
     1.379
    -1.789
    -2.607
    -3.490
    -3.774
    -2.963
    -3.832
    -2.681
    -1.002
    -1.867
     0.117
    -0.554
     1.707
     2.629
     0.388
     0.651
     0.397
     1.014
    -0.321
    -1.348
    -1.572
    -0.684
    -2.391
    -0.306
    -1.829
    -2.577
    -2.014
    -0.527
     1.786
     1.266
     1.200
     0.326
    -0.147
    -0.458
     0.533
    -0.479
    -1.444
    -2.405
    -2.622
    -3.383
    -4.663
    -5.576
    -4.010
    -4.214
    -5.336
    -6.662
    -6.969
    -6.383
    -5.827
    -7.762
   -10.097
    -9.600
    -8.854
    -8.439
   -10.159
    -8.863
    -8.534
    -7.017
    -7.389
    -6.859
    -6.039
    -6.054
    -5.209
    -5.344
    -5.509
    -5.340
    -6.084
    -5.438
    -1.743
    -0.560
    -1.986
    -1.781
     0.217
     2.475
     3.439
     4.870
     5.384
     5.137
     8.496
    10.179
    11.919
    12.458
    14.953
    16.045
    15.583
    12.992
    11.970
    10.798
     9.607
     8.888
     4.786
     4.213
     6.000
     5.412
     1.999
     3.322
     1.942
     3.445
     4.069
     6.396
     9.704
     9.917
    11.139
     9.307
    10.784
    10.854
     9.794
     8.437
     7.230
     7.576
     8.911
     8.128
     9.057
    13.746
    16.575
    19.004
    16.061
    14.835
    15.038
     2.925
     2.270
    -1.165
    -5.795
    -6.831
    -7.728
   -11.206
   -10.926
    -9.568
    -9.148
    -9.419
    -9.849
    -9.296
    -7.496
    -6.848
    -7.384
    -4.533
    -2.997
    -4.115
    -0.951
     1.628
     3.485
     7.383
     6.444
     4.035
     3.255
     4.555
     5.739
     5.264
     2.719
     2.129
    -1.505
    -2.303
    -1.382
    -2.128
    -2.569
    -2.435
    -5.837
    -8.214
    -8.866
    -9.558
    -8.941
    -8.332
    -8.935
    -8.262
    -7.537
    -5.160
    -4.852
    -4.597
    -7.527
    -8.409
   -10.881
   -10.986
   -10.701
   -12.184
   -14.811
   -16.605
   -20.143
   -20.606
   -21.177
   -21.425
   -20.621
   -19.183
   -18.610
   -19.116
   -19.311
   -19.767
   -17.458
   -18.588
   -17.208
   -17.136
   -16.380
   -15.011
   -14.769
   -15.449
   -13.947
   -14.762
   -11.119
    -8.256
    -5.572
    -2.720
     0.111
     2.521
     4.626
     5.308
     7.466
     6.283
     4.976
     5.518
     5.435
     8.760
    14.646
    19.224
    19.412
    19.588
    22.359
    28.484
    28.177
    28.283
    29.213
    30.972
    29.931
    29.803
    28.693
    24.926
    20.623
    18.489
    15.393
    12.177
    10.378
    10.613
     8.793
     9.433
    13.148
    14.198
    15.769
    15.304
    12.885
    11.161
    11.678
    10.505
     9.770
    11.057
    12.735
    13.152
    14.651
    15.558
    14.079
    11.457
    10.400
     9.070
     7.926
     5.866
     6.545
     6.853
     8.278
     5.697
     4.265
     2.361
     1.687
     0.092
    -0.672
     0.366
    -1.357
    -2.772
    -5.258
    -3.702
    -4.512
    -3.687
    -5.083
    -8.403
   -11.480
   -13.126
   -15.305
   -18.167
   -21.209
   -21.166
   -20.839
   -21.801
   -25.927
   -26.006
   -26.381
   -24.675
   -22.008
   -21.009
   -21.317
   -21.039
   -20.691
   -18.108
   -16.107
   -13.990
   -12.596
   -14.476
   -12.802
   -11.759
   -10.894
   -11.475
   -11.919
   -12.881
   -14.582
   -16.511
   -11.849
   -11.380
    -5.835
    -6.160
    -1.951
     2.699
     1.460
     0.695
    -1.006
    -3.950
    -6.104
    -4.329
     1.667
     2.685
     8.618
    11.778
    10.508
    10.541
    10.648
     8.359
     4.465
    10.648
    13.121
    12.193
    12.555
    13.258
    10.386
    15.354
    19.804
    14.886
     9.701
     5.515
     6.312
     8.821
     8.235
     4.804
     6.492
     6.913
     8.768
     8.396
     3.608
    -3.144
    -3.706
    -7.711
   -12.139
   -10.108
   -10.103
    -9.349
    -5.525
    -5.250
    -6.594
    -4.171
    -4.491
    -5.377
    -5.359
    -8.150
    -7.548
    -1.721
    -7.773
    -2.390
    -3.547
    -0.545
     3.875
     1.842
    -2.608
     1.382
    -0.577
    -0.728
     0.669
     0.013
     2.705
     7.075
     7.645
     9.148
    13.073
    16.128
    17.486
    20.316
    20.044
    19.141
    16.502
    18.221
    14.781
     9.459
     7.671
     5.538
     3.098
     1.916
     1.675
     2.763
     2.873
     3.790
     2.285
     1.056
    -0.427
    -0.099
    -0.970
    -0.172
     1.967
     5.412
     6.517
     6.125
     4.030
     4.294
     1.866
     0.233
    -1.603
    -4.932
    -7.941
   -13.632
   -16.590
    -4.945
    -0.642
     0.172
     2.837
     1.632
    -2.954
    -3.607
    -5.340
    -6.815
    -6.969
    -5.753
    -0.390
     3.838
     9.775
    14.169
    10.539
     7.305
    -5.217
   -11.976
   -14.480
   -16.817
   -17.342
    -9.836
    -0.702
     1.584
     2.768
     0.709
     0.421
    -2.681
    -2.928
    -3.597
    -4.330
    -5.916
    -6.195
    -5.543
    -4.904
    -5.683
    -5.031
    -5.478
    -6.569
    -6.794
    -7.377
    -7.132
    -6.276
    -5.184
    -4.587
    -3.886
    -4.930
    -5.931
    -6.707
    -6.837
    -7.633
    -8.196
    -7.472
    -2.849
     2.005
     4.939
     6.671
     6.607
     6.418
     6.266
     5.258
     4.300
     1.931
    -0.389
    -1.775
    -2.760
    -3.404
    -3.234
    -3.218
    -2.179
    -1.888
    -1.374
    -0.232
     0.290
    -1.200
     0.114
     0.642
     1.251
     0.662
    -0.651
    -1.051
    -2.038
    -2.061
    -0.846
    -1.798
    -2.710
    -1.828
    -0.737
    -0.200
     1.399
    -1.297
    -1.408
    -1.955
     0.117
     0.500
     0.076
    -0.589
     0.658
     1.526
     1.636
     1.079
     2.192
     2.559
     3.656
     4.593
     3.526
     3.590
     3.463
     3.992
     4.635
     5.250
     5.177
     5.832
     6.075
     6.653
     6.236
     4.943
     3.979
     3.887
     2.226
     2.994
     3.633
     1.636
     2.323
     2.179
     1.597
     1.045
     1.783
     1.942
     1.923
     3.869
     4.799
     5.656
     8.785
     8.850
    10.409
     9.940
    10.086
     9.354
     8.882
     7.234
     6.832
     9.587
     8.172
     6.101
     6.883
     8.811
     7.546
     5.624
     4.271
     3.231
     0.459
    -3.284
    -4.243
    -5.272
    -7.068
    -8.691
    -7.348
    -6.024
    -6.619
    -5.972
    -5.659
    -6.977
    -6.614
    -6.846
    -6.121
    -6.955
    -5.959
    -7.500
    -6.382
    -6.105
    -4.590
    -4.084
    -1.989
    -1.967
    -2.020
    -2.211
    -1.193
    -1.829
    -2.646
    -2.108
    -3.278
    -3.452
    -3.304
    -4.288
    -3.640
    -3.003
    -3.655
    -2.723
    -2.806
    -2.855
    -2.082
    -2.822
    -4.151
    -3.769
    -4.667
    -4.730
    -4.852
    -5.158
    -5.098
    -5.077
    -4.061
    -3.196
    -3.288
    -3.178
    -2.036
    -2.158
    -2.594
    -2.855
    -3.044
    -3.794
    -2.832
    -3.284
    -3.759
    -2.473
    -1.147
    -0.724
    -0.013
     0.639
     0.602
     2.322
     1.746
     2.979
     3.345
     2.448
     3.174
     3.335
     2.908
     2.604
     2.218
     2.584
     3.015
     3.315
     4.488
     3.180
     3.774
     3.187
     3.106
     3.601
     3.186
     3.041
     2.217
     1.013
     0.112
     0.498
     0.261
    -0.068
     0.385
     0.073
     0.343
     0.369
     0.391
     0.869
     1.362
     1.064
     1.217
     1.583
     1.057
     1.475
     1.434
     1.293
     0.711
     0.313
    -0.371
    -0.464
    -0.456
    -0.708
     0.581
     0.282
     1.859
     1.712
     2.456
     2.395
     4.042
     3.391
     2.256
     2.116
     1.385
     0.488
     1.770
     0.648
     0.684
    -0.434
    -0.088
    -0.496
    -1.320
    -2.222
    -2.610
    -1.767
    -1.198
    -0.819
     0.440
     1.232
     1.976
     1.512
     0.969
     1.147
     1.854
     2.301
     1.010
     0.599
     0.200
    -0.653
     0.519
     1.598
     1.962
     1.350
     1.389
     1.177
     1.181
     2.050
     2.711
     1.480
     1.857
     2.502
     2.304
     2.492
     2.432
     1.125
     2.310
     2.709
     2.206
     2.230
     1.358
     0.429
     1.293
     1.065
     0.487
     1.054
    -0.144
    -0.592
    -0.821
     0.035
    -0.293
     0.303
    -0.724
    -0.651
    -0.434
    -0.591
    -0.138
    -0.341
    -0.089
    -0.738
    -0.533
    -0.692
    -1.465
    -1.230
    -0.928
    -0.906
    -1.274
    -1.200
    -2.206
    -1.527
    -1.565
    -1.541
    -1.563
    -1.592
    -2.058
    -0.881
    -1.760
    -0.887
    -0.702
    -1.334
    -0.485
    -1.744
    -2.095
    -1.846
    -1.509
    -2.589
    -3.671
    -3.167
    -3.102
    -3.354
    -2.669
    -3.150
    -2.998
    -3.992
    -3.899
    -3.559
    -4.008
    -5.823
    -6.188
    -6.283
    -5.824
    -5.983
    -5.459
    -5.536
    -5.599
    -5.218
    -5.782
    -5.617
    -5.880
    -5.719
    -7.788
    -6.971
    -8.007
    -7.362
    -7.509
    -7.037
    -5.914
    -6.185
    -5.438
    -2.521
    -0.029
     0.495
     3.830
     3.333
     6.881
     8.580
     9.938
     9.335
     9.795
     9.626
     9.759
     8.090
     6.410
     6.524
     5.504
     5.777
     5.515
     4.790
     4.682
     5.119
     6.057
     6.469
     6.191
     5.442
     5.208
     6.176
     5.343
     4.905
     4.719
     5.611
     6.336
     4.766
     4.090
     3.167
     3.294
     3.282
     3.065
     2.903
     2.935
     2.371
     2.582
     2.103
     1.104
    -0.015
    -0.513
     0.173
     1.118
     1.282
     2.172
     2.396
     1.333
     1.754
     1.592
     2.367
     2.516
     1.185
     1.120
     1.358
     1.600
     0.664
    -0.570
    -1.262
    -0.311
     1.349
     2.606
     2.477
    -1.262
    -4.716
    -6.498
    -4.976
    -3.880
    -2.827
    -1.996
    -1.818
    -1.620
    -2.794
    -3.998
    -5.796
    -5.651
    -6.495
    -3.400
    -2.986
    -1.583
    -2.625
    -3.094
    -3.174
    -3.917
    -2.721
    -3.932
    -2.940
    -1.257
    -0.589
     0.036
    -0.173
    -0.737
    -0.376
    -0.256
    -1.175
    -1.462
    -0.374
    -0.092
    -1.224
    -1.259
    -0.373
    -0.524
     0.667
     0.499
     0.612
     0.412
    -3.263
    -3.220
    -3.293
    -2.286
    -2.800
    -2.584
    -2.927
    -1.928
    -1.874
    -1.840
    -1.634
    -1.114
    -0.095
    -0.459
    -0.531
     0.887
     0.523
    -0.229
    -1.072
    -1.035
    -1.403
    -1.060
    -1.805
    -1.964
    -2.125
    -2.041
    -1.194
    -1.198
    -1.166
    -0.554
    -0.501
     0.321
     0.042
     0.044
     1.076
     0.015
    -1.539
    -3.761
    -3.682
    -2.780
    -0.694
     1.142
     2.976
     2.863
     4.014
     3.034
     2.758
     2.245
     3.308
     2.921
     1.748
     0.793
     1.839
     1.974
     1.656
     0.705
     1.575
     1.571
     1.002
     2.215
     3.040
     2.813
     3.473
     3.111
     3.554
     2.468
     2.845
     1.629
     2.782
     3.239
     2.570
     2.571
     1.263
     1.633
     2.367
     1.608
     1.615
     1.717
     1.109
     1.488
     1.519
     2.230
     0.609
     1.011
     0.873
     0.769
     0.744
    -0.404
     0.230
    -0.423
    -0.320
    -0.954
    -0.227
    -0.375
    -0.420
    -0.194
    -0.715
    -2.092
    -2.091
    -2.084
    -2.423
    -2.861
    -2.784
    -0.911
    -0.921
    -0.341
     0.690
     0.296
     0.480
     0.266
    -0.049
     0.807
     1.454
     0.796
     1.248
    -0.028
    -0.079
    -0.401
    -0.620
    -0.211
    -0.714
     0.008
     1.488
     0.281
     0.214
     0.290
     0.053
    -0.199
    -1.272
    -1.630
    -1.882
    -1.094
     0.085
    -0.129
     0.024
    -0.382
     0.793
    -1.472
    -1.180
    -0.540
    -0.796
    -1.837
    -2.088
    -1.388
    -1.219
    -1.483
    -1.369
    -1.341
    -1.450
    -0.953
    -1.061
    -0.318
    -1.442
    -2.101
    -2.380
    -2.170
    -2.029
    -1.090
    -1.023
    -1.050
    -1.372
    -2.390
    -2.878
    -2.583
    -1.885
    -2.607
    -2.028
    -1.383
    -1.008
    -0.383
    -0.299
    -1.112
    -1.570
    -1.281
    -1.615
    -0.192
     0.180
    -0.684
    -1.124
     1.153
     1.525
     1.061
     0.961
     0.339
     1.054
     0.789
     1.041
     0.496
     1.302
     1.856
     1.891
     1.178
     2.577
     2.053
     1.220
     0.991
     1.677
     2.673
     1.858
     1.439
     1.138
     1.598
     1.505
     1.334
     1.614
     2.190
     3.546
     3.150
     3.626
     3.143
     2.804
     3.758
     4.186
     4.018
     5.139
     4.530
     4.298
     4.443
     4.679
     4.233
     4.446
     4.790
     3.755
     2.740
     3.441
     1.950
     3.204
     1.255
     0.465
     0.688
     0.397
     1.139
    -0.175
    -0.466
    -0.495
    -1.000
    -0.518
    -1.354
    -0.643
    -0.450
    -0.526
    -0.355
    -2.146
    -2.782
    -3.809
    -5.360
    -6.057
    -7.151
    -6.616
    -8.019
    -7.835
    -8.061
    -8.550
    -7.937
   -10.273
    -7.481
    -4.715
    -6.959
    -5.253
    -4.163
    -2.820
    -3.124
    -2.982
    -2.501
    -1.078
    -0.078
    -0.872
    -1.495
    -0.762
    -0.764
    -2.545
    -1.107
    -2.600
    -3.391
    -4.699
    -4.815
    -4.564
    -4.070
    -5.431
    -5.993
    -3.280
    -3.883
    -3.318
    -1.688
    -1.958
    -1.356
    -3.709
    -1.315
    -4.875
    -4.170
    -3.894
    -5.669
    -5.131
    -5.191
    -3.249
    -0.707
    -0.221
     0.403
     1.174
     2.183
     3.842
     7.123
     6.536
     6.682
     7.297
     9.213
     9.637
    11.907
    13.172
    11.688
    13.284
    12.994
    12.312
    12.849
    13.991
    17.762
    15.679
    13.636
    10.707
     9.291
    14.532
    14.210
     9.641
     8.480
    14.180
     8.391
    10.314
     8.118
     8.204
     5.003
     4.266
     1.376
     2.443
     3.110
     3.568
     1.238
    -2.026
    -1.248
    -1.754
    -2.147
    -1.998
    -2.344
    -2.665
    -2.873
    -2.926
    -3.782
    -3.282
    -2.797
    -3.667
    -4.245
    -2.643
    -3.529
    -3.289
    -5.196
    -5.296
    -5.377
    -5.857
    -7.041
    -7.214
    -6.904
    -7.028
    -8.087
    -6.024
    -6.920
    -6.699
    -8.125
    -9.525
    -8.539
    -9.066
    -8.457
    -7.557
    -8.073
    -8.443
    -8.844
    -8.170
    -7.341
    -8.048
    -7.804
    -8.324
    -8.297
    -7.884
    -7.663
    -7.206
    -6.731
    -6.530
    -6.190
    -6.023
    -5.724
    -5.650
    -5.209
    -4.971
    -4.588
    -4.446
    -4.251
    -4.086
    -3.984
    -4.007
    -3.520
    -3.253
    -2.759
    -2.734
    -2.273
    -1.862
    -1.333
    -1.127
    -0.737
    -0.476
    -0.040
     0.226
     0.628
     0.915
     1.277
     1.577
     1.953
     2.236
     2.613
     2.907
     3.282
     3.567
     3.943
