     5.021
     4.832
     4.747
     4.540
     4.439
     4.217
     4.098
     3.876
     3.755
     3.515
     3.397
     3.140
     2.968
     2.642
     2.488
     2.128
     1.889
     1.572
     1.266
     0.837
     0.621
     0.161
    -0.076
    -0.380
    -0.506
    -0.950
    -1.134
    -1.311
    -1.778
    -2.279
    -2.284
    -2.716
    -3.124
    -3.657
    -4.223
    -4.743
    -5.120
    -5.685
    -5.667
    -5.982
    -6.140
    -6.259
    -6.511
    -6.934
    -7.191
    -7.639
    -7.706
    -7.905
    -7.768
    -8.889
    -9.310
    -9.712
    -9.383
   -10.006
    -9.673
   -10.644
   -10.643
   -10.681
   -11.736
   -11.957
   -11.442
   -11.478
   -11.984
   -12.451
   -11.451
   -10.412
    -9.803
   -10.028
    -7.328
    -6.107
    -4.680
    -3.478
    -2.397
    -0.561
     0.465
     0.931
     0.150
     1.158
     2.639
     2.305
     3.658
     3.599
     3.506
     3.360
     4.147
     4.367
     5.990
     5.519
     6.529
     7.240
     7.269
     7.811
     9.104
    10.894
     9.924
     9.993
     9.749
     8.589
     7.744
     6.694
     6.375
     5.538
     5.009
     4.877
     4.451
     3.032
     2.726
     3.403
     2.384
     1.563
     2.683
     2.842
     2.438
     2.797
     2.995
     1.854
     1.693
     1.895
     1.235
     1.355
     1.127
     1.690
     1.831
     0.878
     0.791
    -0.149
     0.066
     0.648
    -0.167
    -0.007
     0.577
    -0.603
    -0.108
    -0.489
    -0.724
    -0.732
    -0.013
    -0.707
    -0.657
    -0.821
    -1.641
    -0.888
    -1.739
    -1.699
    -0.616
    -1.108
    -1.323
    -0.680
    -1.662
    -0.706
    -0.909
     0.087
     0.539
     0.203
     0.293
     0.156
    -0.831
    -0.408
    -0.440
    -1.675
    -1.808
    -2.460
    -1.896
    -1.434
     0.791
     1.272
     2.016
     2.529
     2.467
     2.793
     3.020
     2.868
     2.587
     2.509
     2.831
     2.754
     2.981
     3.417
     4.011
     3.449
     3.037
     4.128
     2.739
     2.814
     3.095
     2.150
     2.531
     1.938
     1.324
     1.973
     3.005
     0.204
    -0.336
    -1.560
    -1.957
    -0.114
     0.116
     0.773
     1.255
     0.896
     0.103
    -0.343
    -1.384
    -3.351
    -6.310
    -6.699
    -6.380
    -3.283
    -2.984
    -3.898
    -3.880
    -5.833
    -6.543
    -9.891
   -10.658
    -9.625
   -10.239
   -10.824
    -9.393
   -10.801
   -11.778
    -9.805
    -9.126
    -8.368
    -8.985
    -8.226
    -7.392
    -4.519
    -3.980
    -3.154
    -1.119
    -0.372
     0.056
     3.175
     4.673
     4.242
     7.567
     9.174
     9.031
     8.027
     7.966
     8.242
     8.423
     8.329
     6.844
     5.262
     5.482
     5.215
     4.504
     4.209
     5.822
     3.722
     6.651
     5.628
     0.354
     1.667
     3.032
     2.033
     2.092
     2.557
     1.986
     1.290
     0.555
    -0.362
     0.612
    -0.514
    -1.150
    -1.626
    -0.486
    -1.191
     0.592
    -0.485
     0.787
     0.349
    -0.123
    -0.355
    -2.204
    -1.498
    -2.551
    -1.148
    -1.441
    -1.886
    -2.279
    -2.905
    -3.054
    -3.707
    -3.761
    -2.491
    -2.930
    -3.591
    -2.195
    -3.516
    -3.687
    -2.818
    -2.941
    -3.989
    -2.742
    -3.220
    -1.611
    -3.308
    -3.345
    -2.004
    -2.736
    -1.083
    -0.946
     0.326
    -1.567
    -2.201
    -1.827
    -1.206
    -0.582
     0.674
     0.176
     2.401
     2.916
     2.757
     3.151
     3.525
     3.847
     4.492
     3.853
     4.769
     4.406
     4.805
     5.920
     5.438
     5.719
     4.770
     5.107
     6.194
     4.718
     4.346
     5.270
     3.995
     3.758
     4.354
     2.369
     2.770
     3.331
     3.766
     3.498
     3.921
     4.534
     3.763
     3.810
     2.943
     2.769
     1.870
     0.544
     0.125
     0.145
    -0.566
    -0.852
    -0.871
    -1.469
    -1.869
    -2.265
    -1.525
    -2.205
    -2.664
    -3.354
    -4.294
    -2.796
    -2.509
    -2.850
    -4.142
    -4.594
    -2.792
    -1.222
    -1.233
     0.359
    -0.254
     0.862
    -0.590
     0.744
     0.192
     0.580
     0.748
     0.880
     0.102
    -0.276
     0.627
     0.394
    -0.001
    -1.188
    -0.167
    -0.807
    -1.620
    -1.334
    -1.270
    -1.733
    -1.362
    -2.051
    -1.945
    -2.258
    -3.150
    -3.192
    -3.870
    -4.642
    -3.791
    -2.909
    -3.464
    -3.106
    -4.491
    -3.560
    -4.022
    -3.921
    -4.979
    -5.862
    -7.097
    -7.101
    -7.514
    -6.967
    -5.913
    -5.648
    -5.511
    -5.223
    -4.887
    -4.632
    -3.999
    -2.456
    -4.063
    -2.639
    -2.906
    -0.145
     2.771
     5.032
     5.005
     2.905
     1.958
     3.032
     3.202
     2.753
     3.444
     4.391
     3.780
     3.169
     2.289
     2.406
     4.217
     4.748
     3.539
     2.463
     0.835
     1.814
     1.793
     2.720
     3.387
     2.987
     2.237
     1.441
     2.377
     2.545
     0.473
     0.755
     1.268
     2.959
     2.286
     2.679
     2.490
     1.715
     2.572
     3.967
     2.954
     2.155
     3.369
     3.407
     3.876
     1.763
     1.586
     0.319
     0.155
    -0.558
     1.273
    -0.556
    -0.436
    -0.240
     1.389
     0.543
    -0.195
     0.466
     0.729
     0.420
    -0.434
     0.065
     0.394
    -0.063
    -0.535
    -0.111
     0.771
     0.965
     0.192
     1.532
     0.614
     0.857
     0.128
     1.050
     1.619
     0.937
     1.723
     0.080
    -0.429
    -0.202
    -1.216
    -0.849
    -1.116
    -1.398
    -1.785
    -2.356
    -0.587
    -1.618
    -1.831
    -1.131
    -0.960
    -0.328
     0.073
     0.329
    -0.041
     0.572
     2.178
     2.069
     2.642
     2.943
     2.285
     2.235
     3.508
     2.812
     1.960
     2.416
     2.796
     2.757
     3.446
     4.117
     3.713
     2.294
     1.342
     0.299
     1.466
     2.810
     2.708
     2.066
     1.324
     0.525
     1.026
     0.865
     0.524
     0.089
     0.232
    -0.020
    -0.689
     1.404
     0.351
     1.653
     1.994
     0.047
    -0.022
     0.374
    -0.122
    -1.235
    -0.156
    -1.305
    -3.256
    -4.074
    -4.906
    -4.578
    -5.349
    -6.205
    -6.145
    -8.093
    -7.299
    -6.348
    -6.501
    -6.327
    -6.157
    -6.186
    -7.554
    -7.396
    -7.235
    -7.085
    -6.942
    -6.570
    -5.558
    -5.917
    -5.937
    -4.562
    -4.395
    -4.181
    -5.864
    -5.827
    -4.147
    -3.514
    -4.436
    -2.698
    -4.140
    -4.072
    -3.041
    -2.214
    -2.667
    -1.747
    -3.056
    -4.439
    -3.355
    -4.216
    -3.233
    -2.783
    -2.835
    -1.629
     0.526
    -0.531
    -0.757
     1.261
     0.932
     2.212
     1.984
     2.825
     2.424
     2.692
     4.956
     4.348
     3.492
     3.329
     0.956
     3.297
     2.962
     4.493
     4.757
     4.246
     5.368
     5.364
     5.712
     6.453
     6.836
     7.374
     6.311
     6.234
     6.890
     6.506
     5.658
     5.942
     6.240
     5.492
     4.886
     6.221
     6.231
     6.990
     6.670
     6.772
     6.775
     6.675
     6.501
     6.395
     6.250
     6.745
     5.541
     7.426
     7.484
     7.123
     4.699
     5.463
     6.380
     6.921
     6.457
     6.118
     4.861
     4.710
     5.067
     5.485
     6.353
     5.776
     4.787
     6.212
     4.130
     4.635
     2.017
     1.494
    -0.662
    -0.498
    -2.297
    -4.079
    -3.915
    -4.717
    -7.056
    -5.988
    -6.197
    -5.379
    -5.622
    -4.769
    -5.821
    -5.411
    -5.301
    -4.614
    -4.925
    -3.296
    -1.680
    -2.782
    -1.706
    -2.217
    -2.288
    -1.210
    -1.593
    -0.290
    -0.230
    -1.094
    -2.128
    -2.726
    -3.681
    -3.757
    -4.746
    -4.126
    -3.914
    -6.445
    -5.163
    -6.105
    -8.226
    -8.059
    -8.796
    -9.688
    -9.812
    -9.582
   -10.207
    -9.626
    -9.733
    -8.668
    -9.165
    -8.260
    -7.634
    -7.227
    -6.000
    -5.994
    -4.273
    -3.281
    -3.691
    -2.939
    -2.517
    -3.233
    -4.808
    -4.078
    -3.322
    -2.564
    -3.044
    -3.491
    -3.560
    -2.929
    -3.092
    -3.030
    -3.195
    -2.739
    -2.841
    -2.397
    -3.026
    -3.458
    -4.880
    -4.985
    -3.923
    -3.237
    -1.119
    -0.750
    -0.836
    -1.102
    -0.469
     0.496
    -0.101
     1.087
     0.736
    -0.313
     0.877
     1.416
     2.889
     1.848
     2.448
     3.136
     3.122
     3.053
     3.468
     2.702
     3.084
     5.331
     6.656
     6.331
     6.323
     6.364
     6.404
     6.906
     8.170
     8.024
     9.162
     9.585
    11.393
     9.632
    10.060
     9.999
    10.104
    10.564
    10.327
     9.221
    10.155
    10.419
     9.781
     9.734
     9.452
     8.691
     7.589
     7.073
     7.687
     6.995
     7.392
     7.843
     7.680
     6.807
     7.999
     6.908
     8.341
     9.003
     8.056
     7.952
     7.944
     8.327
     8.556
     7.578
     7.332
     7.249
     7.056
     6.800
     6.826
     7.776
     7.657
     6.615
     6.002
     6.870
     5.852
     5.826
     5.781
     3.532
     3.480
     4.691
     4.962
     3.051
     3.557
     0.132
    -2.549
    -2.840
    -5.984
    -8.487
    -9.865
   -13.525
   -14.776
   -15.651
   -16.595
   -18.174
   -20.461
   -20.441
   -21.651
   -22.926
   -24.094
   -23.000
   -23.019
   -21.846
   -21.732
   -21.430
   -21.854
   -22.218
   -21.139
   -20.070
   -19.358
   -17.936
   -15.795
   -13.018
   -12.424
    -9.528
    -9.102
    -6.202
    -5.132
    -2.446
    -1.434
     0.484
    -0.920
    -0.552
    -1.531
    -0.273
    -0.608
    -0.699
    -0.274
     0.092
     0.497
    -0.036
     0.470
    -0.366
    -1.051
    -1.022
    -0.458
    -0.465
    -0.687
     2.319
     2.209
     2.849
     4.043
     1.865
     0.986
     2.487
     1.885
     3.726
     4.041
     4.937
     4.410
     4.548
     5.185
     4.906
     4.394
     5.222
     5.828
     6.674
     7.641
     5.290
     4.607
     4.024
     1.597
     2.245
     1.112
     1.629
     4.198
     6.924
    11.241
    15.470
    15.402
    15.405
    15.996
    16.076
    16.752
    16.014
    15.894
    15.714
    13.361
    12.743
    12.226
     9.290
     5.450
     4.861
     5.542
     4.210
     3.690
     2.184
     1.078
    -0.946
    -1.894
    -3.530
    -3.536
    -3.748
    -4.989
    -6.674
    -5.381
    -4.997
    -3.857
    -4.927
    -3.969
    -5.426
    -3.722
    -2.335
    -3.210
    -1.527
    -2.150
    -1.984
    -1.962
    -0.615
     1.159
     1.826
     1.437
     1.988
     3.498
     3.693
     3.477
     4.494
     3.244
     3.594
     3.431
     2.859
     2.303
     3.763
     4.631
     5.313
     5.682
     7.285
     6.173
     4.786
     3.866
     2.200
     1.351
    -0.666
     1.072
     0.176
    -0.775
    -2.725
    -2.829
    -3.256
    -4.309
    -4.348
    -3.475
    -2.685
    -2.124
    -2.432
    -3.951
    -4.365
    -3.929
    -4.051
    -2.381
    -2.564
    -0.992
    -0.941
    -1.794
    -0.795
     0.740
     0.496
     1.061
     0.873
     0.740
     2.770
    -0.621
    -1.161
    -1.504
    -1.376
    -1.199
    -1.927
    -1.112
     0.458
    -2.478
    -1.261
    -0.108
    -2.704
    -1.452
    -0.770
    -2.092
    -1.385
    -4.101
    -5.247
    -7.232
    -8.362
    -8.596
    -8.333
    -8.659
    -8.998
    -9.891
   -10.675
    -9.348
    -9.235
    -8.563
   -10.614
    -9.707
   -10.556
   -13.166
   -13.472
   -15.270
   -15.732
   -17.613
   -17.373
   -15.978
   -14.304
   -14.882
   -16.634
   -17.700
   -19.567
   -19.163
   -21.806
   -22.524
   -26.724
   -26.125
   -25.879
   -25.364
   -25.880
   -24.862
   -26.068
   -27.161
    -8.118
    16.530
    15.065
    11.829
    12.033
    13.952
    13.010
    13.926
    15.547
    17.005
    19.333
    17.910
    17.375
    19.025
    18.603
    20.235
    22.055
    23.883
    26.280
    29.109
    30.283
    26.008
    23.856
    25.055
    30.700
    33.604
    33.528
    33.667
    34.773
    36.127
    35.966
    34.808
    36.156
    33.295
    36.076
    35.908
    34.377
    30.973
    26.313
    26.180
    24.243
    22.072
    21.390
    20.370
    17.710
    18.360
    15.490
    14.994
    13.749
    13.316
    11.639
    11.245
     7.187
     6.585
     0.379
    -4.032
    -9.290
   -11.213
   -19.296
   -24.034
   -25.767
   -29.351
   -31.288
   -32.180
   -32.678
   -34.161
   -34.874
   -33.646
   -30.444
   -30.119
   -29.975
   -28.798
   -30.170
   -31.908
   -32.660
   -32.390
   -29.535
   -29.635
   -30.368
   -28.037
   -27.037
   -27.662
   -26.192
   -23.866
   -23.768
   -23.694
   -24.090
   -23.172
   -23.176
   -24.010
   -21.519
   -20.475
   -20.338
   -20.015
   -21.745
   -21.882
   -23.239
   -21.798
   -21.343
   -18.712
   -17.069
   -16.007
   -13.758
   -10.143
    -5.493
    -1.589
     3.557
     5.506
     8.406
     9.119
    12.889
    15.754
    16.785
    21.527
    26.173
    31.776
    36.550
    37.398
    41.898
    45.036
    46.674
    43.697
    39.721
    39.078
    43.323
    43.248
    36.531
    38.694
    34.316
    30.759
    30.734
    39.703
    28.801
    17.811
     5.726
    15.686
    14.575
     7.430
    -2.711
    -6.281
    -6.340
   -11.936
   -14.703
   -16.194
   -19.259
   -21.417
   -18.218
   -14.421
   -15.648
   -12.800
   -13.814
   -19.933
   -17.903
   -11.764
   -13.591
   -15.162
   -13.335
    -8.620
    -8.325
    -8.554
    -8.720
    -8.328
    -7.290
    -3.738
    -5.340
    -2.635
    -1.703
    -0.349
    -2.593
     0.245
    -5.002
   -11.633
    -7.923
    -0.497
     2.063
    -1.472
    -6.814
    -4.229
    -0.286
    -1.016
     4.325
    12.961
     4.440
    -4.207
    -5.460
   -11.330
   -13.547
   -14.358
   -10.803
    -5.429
    -5.004
    -1.167
     0.119
    -4.968
    -9.614
    -9.044
   -10.765
    -7.206
    -1.197
    -1.161
     1.500
     2.547
     2.414
     5.657
     8.116
     9.786
     7.999
    10.641
    15.861
    21.349
    20.773
    20.151
    18.050
    16.499
    16.496
    18.143
    15.636
    13.669
    13.982
     9.709
    10.231
     7.746
     6.850
     7.172
    10.548
     6.743
     7.424
     6.464
     5.586
     4.430
     5.651
     6.065
     5.365
     5.887
     8.883
     5.556
     4.941
     5.284
     0.139
     1.054
    -3.031
    -1.695
    -1.885
     1.131
     1.893
     2.177
    -0.413
    -3.118
    -1.777
    -4.832
    -5.189
    -3.871
    -7.156
    -9.921
    -8.986
    -8.089
    -8.681
   -20.384
   -17.243
   -13.696
   -12.485
   -11.739
   -12.412
   -10.821
   -11.131
    -6.418
     2.949
    -0.298
    -4.383
   -10.252
   -12.376
   -10.343
    -9.626
   -10.411
   -16.890
   -16.137
   -18.278
   -20.034
   -24.176
   -24.105
   -24.021
   -21.299
   -19.170
   -15.480
   -14.946
   -15.881
   -12.780
   -10.098
   -11.650
   -11.530
   -11.568
    -7.702
    -6.509
    -5.926
    -8.716
    -8.545
    -6.841
    -5.792
    -5.829
    -4.338
    -3.237
    -3.148
     4.127
     8.176
    11.193
     7.203
     5.068
     5.208
     7.447
     6.823
    10.828
    16.168
    17.531
    12.295
    13.309
    10.040
    11.407
    13.061
    11.274
    17.385
    15.513
    21.279
    22.775
    20.085
    23.134
    21.774
    21.631
    24.244
    20.988
    26.843
    25.308
    26.599
    19.759
    18.007
    16.834
    17.049
    15.230
    14.513
    15.804
    16.631
    14.510
     8.368
     6.917
     8.395
     4.935
     5.121
     4.263
     2.981
    10.599
     3.749
    -1.225
     1.873
     0.521
    -3.285
    -3.063
    -5.247
    -5.966
    -4.128
    -3.639
    -3.868
    -4.587
   -11.438
    -7.727
    -2.732
   -14.177
   -15.843
   -12.638
    -6.349
     0.461
    -8.518
    -8.317
    -4.491
    -9.966
    -9.319
   -12.048
   -20.167
   -19.922
   -16.396
   -20.207
   -17.825
   -12.012
   -12.774
    -8.058
    -5.154
    -4.115
    -5.229
    -3.671
    -4.467
    -5.373
    -6.417
    -8.078
    -8.589
    -8.305
    -9.690
    -8.045
    -7.028
    -5.677
    -4.209
    -4.631
    -1.969
    -1.732
    -3.526
    -1.858
    -0.155
     0.470
     0.473
    -0.695
    -2.090
    -1.296
    -1.685
    -4.528
    -2.288
     1.017
     2.352
    -0.589
    -2.269
     3.977
     2.812
     2.051
     3.355
     3.954
     5.829
     5.325
     4.052
     3.263
     4.050
     6.827
     5.517
     3.927
     5.723
     3.504
     1.316
     1.672
    -0.563
     0.374
    -1.506
    -2.121
    -0.327
     1.701
     2.674
     0.059
     1.290
     3.167
     4.410
     3.347
     2.010
    -2.732
    -2.112
    -2.366
     7.473
     1.440
   -10.312
   -10.956
    -6.283
    -6.808
    -8.699
   -10.182
    -9.760
    -8.780
    -8.484
    -8.881
    -8.116
    -7.704
    -6.308
    -3.953
    -1.670
     1.069
     1.284
    -2.055
    -1.350
    -1.627
     1.067
     0.118
    -0.957
    -0.066
     1.146
     0.945
     1.096
     2.769
     2.241
     6.348
     4.848
     6.074
     7.379
     8.078
     7.475
     7.437
     7.387
     7.765
     8.352
     9.734
    10.290
    10.073
     9.961
     9.463
    10.944
    11.307
    11.491
    12.417
    14.830
    14.814
    14.676
    14.286
    13.543
    15.121
    14.032
    14.719
    14.653
    14.053
    14.126
    10.492
     9.908
    10.227
     9.383
    10.392
     8.107
     6.355
     5.769
     6.403
     5.409
     4.566
     3.324
     1.288
     0.897
     0.264
    -0.177
    -2.451
    -3.987
    -2.494
    -2.680
    -3.506
    -5.589
    -7.901
    -7.249
   -10.691
   -10.298
   -11.211
   -13.641
   -14.469
   -15.888
   -16.121
   -16.873
   -17.290
   -15.890
   -18.721
   -18.255
   -19.330
   -20.035
   -18.700
   -16.986
   -17.148
   -15.219
   -15.190
   -13.835
   -14.488
   -10.802
   -11.144
   -11.227
   -11.910
   -10.503
   -10.819
    -9.464
    -9.467
    -9.815
   -11.828
    -9.462
   -11.807
   -11.595
   -11.284
    -6.719
    -6.321
    -3.644
    -1.901
    -0.125
     0.953
     0.301
     0.245
     2.359
     2.167
     3.006
     4.573
     5.333
     5.414
     4.503
     7.896
     6.143
     5.080
     6.962
     9.482
     8.496
     9.530
     8.026
     8.752
     7.690
     8.352
     7.000
     7.245
     6.821
     7.721
     6.197
     6.840
     8.612
     7.625
     6.824
     6.878
     6.212
     8.504
     8.272
     8.881
     8.997
     8.704
    10.205
     9.767
    10.879
    10.607
    10.546
     8.914
     7.381
     8.737
     7.138
     7.620
     6.794
     6.427
     7.171
     5.912
     7.962
     7.116
     7.141
     9.198
     9.218
     6.923
     7.392
     7.563
     5.944
     4.737
     2.897
     1.459
    -0.511
    -0.147
    -2.941
    -3.294
    -3.990
    -5.890
    -6.498
    -6.566
    -7.237
    -5.979
    -5.885
    -6.956
    -4.826
    -5.624
    -5.947
    -5.380
    -6.338
    -5.700
    -6.157
    -6.568
    -5.642
    -5.900
    -6.090
    -6.937
    -7.166
    -8.229
    -9.547
    -9.003
    -9.453
    -9.051
    -9.417
    -6.895
    -7.573
    -8.726
    -7.735
    -7.410
    -8.545
    -8.692
    -7.531
    -5.594
    -3.078
    -3.077
    -3.583
    -1.313
     1.719
     1.447
     3.798
     3.937
     2.386
     2.322
     0.470
     1.220
     1.629
     0.654
    -0.450
    -1.180
    -1.395
    -0.771
    -2.089
    -2.835
    -2.185
    -1.008
     0.473
     1.476
     1.076
     1.711
     1.767
     2.688
     1.997
     2.215
     2.950
     2.295
     3.402
     4.710
     5.518
     3.837
     4.224
     5.052
     2.821
     3.702
     4.925
     4.250
     6.008
     5.793
     5.992
     5.475
     5.559
     5.419
     5.030
     4.982
     5.572
     5.464
     6.007
     5.660
     5.153
     6.204
     6.301
     5.154
     4.691
     2.902
     3.416
     2.901
     0.004
    -0.327
    -0.012
     0.760
    -0.546
    -3.027
    -5.311
    -3.844
    -4.893
    -3.811
    -5.933
    -6.043
    -5.982
    -5.222
    -5.251
    -5.207
    -4.241
    -3.345
    -3.805
    -3.628
    -3.630
    -3.759
    -2.905
    -3.303
    -3.278
    -5.578
    -5.877
    -5.361
    -5.002
    -1.740
    -2.341
     0.228
     1.884
     0.001
     0.238
     0.012
    -2.074
    -3.395
    -2.973
    -3.192
    -1.888
    -0.010
     1.930
    -0.373
     0.756
     0.680
     0.943
    -1.446
    -3.062
    -3.410
    -2.530
    -2.405
    -4.404
    -3.072
    -3.130
     0.739
    -1.133
    -2.021
    -5.091
    -5.096
    -2.252
    -3.979
    -3.227
    -2.030
    -1.242
    -1.334
    -1.147
    -0.023
    -1.828
    -3.316
    -4.252
    -2.577
    -2.568
     1.176
     0.698
     1.805
     3.283
     3.377
     3.594
     5.043
     6.416
     6.978
     7.171
     8.139
     8.994
     9.763
     9.682
    11.350
    11.625
    10.063
    11.029
    11.356
     9.644
     8.782
     8.129
     8.223
     7.158
     6.343
     5.547
     6.441
     3.668
     3.942
     3.840
     2.343
     2.116
     3.270
     0.721
     0.021
     0.923
     2.598
     1.039
     1.775
     1.366
     1.001
     1.027
     0.485
    -1.228
    -0.335
     0.010
    -0.891
    -2.961
    -2.648
    -4.015
    -4.671
    -4.543
    -4.080
    -3.633
    -3.593
    -3.425
    -2.700
    -3.706
    -3.697
    -5.464
    -4.947
    -8.762
    -8.032
   -11.864
   -12.055
    -6.770
    -8.239
    -8.858
    -9.047
    -7.533
    -8.239
    -6.413
    -6.413
    -7.433
    -6.591
    -6.555
    -3.612
    -3.209
    -0.737
     2.058
     1.431
     2.317
    -0.558
    -0.658
    -0.413
    -0.165
    -0.317
    -0.798
     2.848
     0.090
    -0.818
    -1.699
    -1.297
    -0.994
     1.058
     0.822
     0.165
     0.984
     0.178
     0.165
     0.262
    -0.643
    -0.614
    -0.872
    -0.964
    -1.295
    -1.906
    -0.057
    -0.771
     0.214
    -0.648
    -0.409
    -0.828
    -0.435
    -0.363
    -0.333
    -0.254
     0.084
    -0.754
     2.490
     2.960
     0.126
     1.493
     1.668
     3.289
     4.255
     4.043
     4.725
     3.810
     3.510
     3.307
     2.535
     2.908
     1.480
     1.658
     0.732
     0.488
     0.384
     1.797
     0.369
     1.910
     1.719
     3.504
     3.411
     3.004
     3.670
     2.915
     5.259
     5.493
     6.550
     6.871
     6.378
     6.508
     5.790
     5.783
     5.160
     3.586
     4.053
     5.274
     5.098
     3.123
     2.731
     3.213
     3.657
     3.210
     2.686
     2.068
     1.984
     0.398
     1.277
     0.161
    -0.853
    -2.231
    -3.224
    -0.960
    -2.967
    -3.893
    -3.984
    -4.521
    -2.309
    -3.601
    -3.670
    -3.385
    -4.067
    -4.485
    -4.355
    -4.397
    -2.831
    -3.071
    -4.207
    -3.822
    -4.109
    -3.857
    -3.410
    -5.075
    -6.037
    -4.297
    -4.890
    -4.097
    -3.940
    -2.191
    -2.396
    -2.920
    -3.187
    -2.514
    -1.916
    -0.579
    -0.517
     0.502
     0.851
     0.710
    -0.897
    -2.228
     0.497
    -0.057
     1.657
     0.780
    -1.230
    -2.119
    -2.644
    -1.020
     0.626
     1.248
     0.519
     0.858
     1.028
     1.453
     0.277
     0.818
     1.385
     1.228
    -0.050
     0.186
    -0.357
    -0.512
    -0.754
    -1.442
    -0.837
    -0.566
    -1.287
    -0.945
    -1.796
     0.252
    -0.367
    -0.355
    -0.192
     0.594
     1.077
     0.414
     1.330
     0.486
     0.739
     0.181
     1.398
     0.591
     1.093
     1.353
     2.954
     2.810
     2.620
     2.583
     2.419
     2.280
     2.297
     1.891
     1.566
     0.731
     1.943
     1.119
     1.496
     2.234
     1.190
     1.887
     0.635
     0.883
     2.282
     2.476
     2.595
     2.718
     3.765
     2.487
     2.553
     0.937
     0.498
     0.308
    -0.686
    -0.023
    -0.633
     0.209
    -1.081
    -0.207
    -0.631
    -1.158
     0.040
    -0.980
    -0.289
    -0.261
    -1.540
    -0.908
    -0.883
    -0.773
    -0.890
    -0.825
    -2.568
    -2.377
    -2.032
    -1.385
    -2.631
    -1.536
    -2.301
    -1.607
    -2.071
    -1.770
    -1.321
    -1.603
    -1.669
    -1.351
    -0.677
    -1.219
    -1.086
    -1.278
    -1.587
    -1.303
    -1.259
    -0.255
    -0.816
     0.676
    -0.162
     0.821
     0.558
     0.879
     1.260
    -0.135
     0.087
    -0.031
     0.784
    -0.360
    -0.875
     0.023
     0.390
     0.052
    -0.478
    -0.793
    -1.235
    -1.510
    -0.860
     0.846
     0.983
     0.566
    -1.318
    -1.037
     0.200
    -2.233
    -0.473
    -0.589
    -0.823
    -1.596
    -0.829
     0.515
    -1.527
    -1.440
    -0.959
     0.413
     0.064
     0.433
     0.816
     2.162
     3.069
     3.019
     4.116
     5.270
     5.126
     5.381
     5.199
     4.735
     3.926
     2.922
     2.722
     3.120
     2.042
     1.010
     1.214
     0.169
     0.093
     0.522
     0.137
     0.531
     1.189
     0.363
     1.164
     1.568
     0.182
     1.088
     0.823
     0.197
     0.726
     0.199
     0.389
    -1.525
     0.415
    -0.560
    -0.097
    -0.317
    -1.456
    -1.254
    -1.451
    -1.685
    -2.688
    -2.262
    -1.614
    -1.072
    -0.834
    -1.252
    -1.570
    -1.260
    -1.636
    -2.042
    -2.662
    -1.498
    -1.611
    -1.695
    -1.672
    -1.489
    -2.603
    -2.487
    -3.313
    -3.559
    -2.596
    -3.954
    -2.550
    -2.787
    -2.652
    -2.214
    -1.275
    -2.238
    -1.272
    -1.062
    -0.632
    -0.652
    -0.647
     0.133
     0.462
     1.437
     0.232
     1.153
     0.599
     0.747
     0.370
     0.941
     1.085
     1.488
     1.293
     1.593
     0.324
     2.294
    -0.268
     2.056
     0.672
     1.590
     1.731
     0.292
     1.448
     1.926
     1.278
     1.946
     2.312
     2.727
     2.758
     0.770
     0.103
    -2.328
    -0.276
    -0.457
    -0.701
    -2.551
    -2.691
    -1.450
    -1.256
    -1.336
    -0.926
    -0.773
    -0.014
     1.885
     1.224
     1.590
     0.758
     0.865
     0.894
     0.377
     0.104
    -0.747
    -0.018
    -0.935
    -0.607
    -1.159
    -1.174
    -0.705
    -1.002
    -0.927
     0.830
     0.721
     0.930
     1.560
     1.299
     1.917
     0.286
     0.747
    -0.332
     0.942
     0.436
     0.296
     0.098
    -1.105
    -0.851
    -1.588
    -1.381
    -0.585
    -0.509
     0.280
    -0.778
    -0.047
    -0.256
     0.659
     1.577
     1.523
     1.859
     1.147
     1.019
     1.266
     0.583
     1.682
     0.835
     0.702
     1.344
     2.285
     1.460
     1.012
    -0.704
     0.381
     0.076
     0.911
     0.751
     1.083
    -0.121
     0.533
     1.306
     1.544
     0.704
     1.556
     1.708
     1.409
     1.657
     1.434
     0.808
     0.935
     1.562
     0.748
     1.539
     1.209
    -0.090
    -0.408
    -0.842
    -0.794
    -0.569
    -0.929
    -0.706
    -0.647
    -0.685
    -0.803
    -1.134
    -1.523
    -1.952
    -1.669
    -0.796
    -0.891
    -0.622
    -0.686
    -1.714
    -0.508
    -0.603
    -0.767
    -0.195
    -0.836
    -0.037
    -2.336
    -1.773
    -2.529
    -2.526
    -2.268
    -3.283
    -2.287
    -2.781
    -2.627
    -2.279
    -2.225
    -2.362
    -0.612
    -1.793
    -0.629
     0.234
     0.476
     0.358
    -1.716
     0.327
     0.927
     1.286
     0.991
     1.232
     0.496
     0.472
     1.379
     0.602
     1.453
     1.905
     2.470
     1.712
     2.957
     2.549
     2.841
     3.319
     1.840
     1.674
     1.134
     0.617
     0.046
    -1.568
    -1.378
    -0.189
     0.065
    -1.549
    -1.605
    -2.196
    -1.133
    -1.825
    -1.950
    -1.634
    -1.734
    -1.695
    -0.375
    -0.009
    -0.032
     0.146
     0.667
    -0.200
    -1.870
    -1.248
    -0.096
    -0.078
     0.175
     0.050
    -0.064
    -0.685
    -0.317
    -0.113
    -1.857
    -0.224
    -1.591
    -0.918
    -0.872
    -1.510
    -1.722
    -2.020
    -1.990
    -2.200
    -1.793
    -0.812
    -0.782
    -1.838
    -1.040
    -0.844
    -1.719
    -1.674
    -1.440
    -1.981
    -0.684
     0.094
     0.920
     0.981
     1.258
     0.994
     0.119
     0.687
     0.686
     2.233
     0.801
     1.370
     1.344
     1.933
     2.582
     0.710
     1.061
     1.615
     0.906
     1.063
     1.444
     3.033
     2.484
     3.335
     3.264
     3.007
     3.343
     3.362
     3.778
     3.314
     3.715
     3.067
     2.761
     3.212
     1.388
     0.928
     0.078
     1.229
     2.126
     0.466
     1.384
     0.151
     0.486
     1.089
     1.170
     2.123
     1.786
     1.535
     1.696
     2.384
     1.026
     0.777
     0.201
     0.198
     0.412
     0.054
    -0.143
     0.456
     0.549
     0.194
     0.621
     1.102
     0.873
     0.032
     0.887
     0.440
     0.806
     0.125
     0.622
     0.227
     0.223
     0.254
     0.113
     0.426
    -0.335
    -0.404
    -0.478
    -0.960
    -0.684
    -0.172
    -0.920
    -0.308
    -0.428
    -0.994
    -0.920
    -1.002
    -1.039
    -1.746
    -0.549
    -0.954
    -0.615
    -0.880
    -1.134
    -0.753
    -1.339
    -2.118
    -2.184
    -1.992
    -2.461
    -2.450
    -3.676
    -4.569
    -4.460
    -5.773
    -6.421
    -3.723
    -4.235
    -3.449
    -2.766
    -3.382
    -3.236
    -3.476
    -3.113
    -2.942
    -2.511
    -3.225
    -2.669
    -3.528
    -3.574
    -5.386
    -4.869
    -4.707
    -4.837
    -4.389
    -4.181
    -4.413
    -3.928
    -1.640
    -0.968
    -1.292
    -2.130
    -3.102
    -2.894
    -2.744
    -2.329
    -1.922
    -2.492
    -2.244
    -3.508
    -3.460
    -2.011
    -2.045
    -1.389
    -0.596
    -0.906
    -0.659
    -0.384
     0.766
     1.877
     2.331
     2.417
     2.329
     2.826
     2.974
     3.101
     4.710
     3.976
     3.893
     5.450
     7.790
     7.979
     6.112
     5.951
     8.217
     9.475
    11.044
     9.124
     7.262
     7.335
     7.214
     5.745
     4.404
     2.504
     1.683
    -0.952
    -0.796
    -2.056
    -0.374
    -1.031
    -1.835
    -0.351
     0.793
     1.542
     3.887
     5.728
     7.395
     7.453
     5.378
     5.083
     7.156
     6.801
     3.971
     3.969
    -1.055
    -0.380
     0.366
     3.065
     5.129
     4.878
     5.713
     7.014
     6.849
     6.170
     6.564
     7.672
     7.410
     7.492
     8.442
     7.163
     6.293
     5.740
     6.627
     8.481
    10.147
     9.507
     8.959
     9.395
     8.507
     8.845
     7.274
     5.348
    -2.592
    -7.331
    -4.063
    -6.062
     0.998
    -9.801
    -9.788
    -6.404
    -4.401
    -9.959
   -11.957
   -15.270
   -15.736
   -19.408
   -24.389
   -28.234
   -26.099
   -24.367
   -20.298
   -19.878
   -19.946
   -18.025
   -16.468
   -14.894
   -15.157
   -14.451
   -11.654
    -8.188
    -6.082
    -5.644
    -7.044
    -6.010
    -6.490
    -8.075
    -8.597
   -10.344
    -8.103
    -6.262
    -5.011
    -4.874
    -4.557
    -3.459
    -0.584
    -0.082
     2.932
     4.155
     5.370
     3.809
     4.946
     6.086
     6.793
     6.350
     6.139
     6.501
     7.389
     7.243
     6.780
     6.272
     6.124
     5.098
     4.193
     3.780
     3.260
     2.994
     3.340
     3.046
     3.857
     4.234
     4.182
     4.850
     4.849
     4.814
     5.074
     5.316
     5.278
     5.755
     5.760
     5.959
     5.977
     6.400
     6.607
     6.910
     6.911
     7.039
     6.306
     6.461
     6.375
     6.511
     6.278
     6.247
     6.218
     6.167
     6.059
     6.023
     5.910
     5.884
     5.742
     5.696
     5.550
     5.506
     5.341
     5.278
     5.094
