     4.824
     4.805
     4.749
     4.706
     4.627
     4.564
     4.469
     4.398
     4.284
     4.195
     4.056
     3.938
     3.753
     3.593
     3.402
     3.200
     2.971
     2.720
     2.411
     2.148
     1.786
     1.446
     1.158
     0.975
     0.760
     0.505
     0.292
    -0.000
    -0.474
    -0.672
    -0.909
    -1.217
    -1.815
    -2.268
    -2.782
    -3.407
    -3.795
    -4.142
    -4.513
    -4.751
    -4.985
    -5.099
    -5.681
    -5.907
    -6.610
    -6.646
    -7.047
    -7.229
    -7.588
    -8.142
    -8.590
    -9.331
    -9.356
    -9.788
   -10.169
   -10.569
   -10.926
   -11.138
   -12.140
   -12.201
   -11.892
   -11.863
   -12.268
   -12.333
   -11.699
   -10.479
    -9.555
    -8.793
    -6.652
    -5.320
    -2.818
    -1.465
    -1.127
     0.249
     1.817
     2.385
     2.279
     3.609
     4.476
     3.626
     4.415
     4.697
     5.124
     6.013
     7.211
     7.552
     7.835
     7.746
     7.832
     7.877
     7.737
     8.660
     8.743
     9.990
     9.417
     8.374
     7.691
     8.097
     7.310
     6.598
     6.251
     5.542
     4.446
     4.067
     3.973
     3.076
     3.032
     2.919
     2.622
     2.591
     2.261
     2.733
     2.474
     3.138
     2.798
     1.783
     0.927
     0.902
     0.979
     0.036
    -0.116
    -0.384
    -0.847
    -1.230
    -1.658
    -1.749
    -1.732
    -1.351
    -1.121
    -1.431
    -1.530
    -2.778
    -2.241
    -3.094
    -2.508
    -3.931
    -2.858
    -2.366
    -3.439
    -4.192
    -4.745
    -4.007
    -4.079
    -2.790
    -3.129
    -1.906
    -1.623
    -2.772
    -2.577
    -2.219
    -1.605
    -2.137
    -1.566
    -2.477
    -0.491
    -1.494
    -1.001
     0.029
    -0.477
    -1.561
    -2.245
    -1.235
    -0.183
     0.414
     2.312
     2.802
     2.761
     2.862
     2.686
     2.482
     3.081
     3.868
     3.018
     3.234
     2.635
     2.910
     2.672
     3.487
     3.378
     3.267
     3.862
     2.498
     3.159
     2.217
     2.669
     3.064
     2.969
     1.935
     2.616
     3.330
     2.498
     0.725
    -0.834
    -1.814
    -0.626
    -0.983
     0.387
     0.453
     0.779
    -0.290
     0.966
    -0.442
    -1.158
    -2.770
    -4.051
    -3.934
    -2.495
    -1.303
    -2.110
    -1.830
    -0.805
    -1.806
    -3.860
    -6.428
    -5.054
    -5.815
    -5.319
    -5.147
    -6.503
    -6.398
    -6.921
    -5.645
    -4.873
    -6.194
    -4.775
    -5.372
    -3.328
    -3.903
    -1.212
    -0.708
     1.293
     1.018
     2.693
     6.143
     5.711
     6.315
     8.133
     7.792
     9.019
     6.827
     7.599
     7.452
     6.709
     5.799
     4.228
     3.219
     2.799
     1.917
     1.975
     3.847
     3.926
     1.032
     3.251
     1.135
    -2.697
    -0.641
    -0.037
    -0.317
    -1.796
    -2.382
    -1.295
    -2.953
    -2.491
    -3.146
    -3.223
    -2.973
    -3.492
    -3.526
    -3.133
    -1.768
    -2.723
    -1.972
    -2.182
    -1.245
    -1.299
    -2.914
    -3.586
    -3.036
    -2.184
    -2.458
    -2.609
    -2.766
    -3.694
    -3.402
    -3.893
    -4.004
    -3.131
    -2.753
    -2.847
    -2.697
    -2.979
    -2.446
    -2.958
    -3.148
    -2.395
    -2.381
    -1.696
    -2.636
    -2.523
    -2.360
    -2.439
    -2.091
    -2.252
    -0.191
    -0.012
     0.700
    -0.603
     0.109
     0.709
     0.166
     0.241
     1.781
     2.145
     2.332
     2.883
     3.137
     3.053
     3.082
     3.518
     4.261
     4.611
     6.023
     4.976
     5.815
     5.621
     5.308
     6.109
     6.683
     5.011
     4.813
     4.366
     4.571
     4.620
     4.700
     3.645
     3.646
     3.874
     4.052
     3.701
     3.014
     4.534
     5.044
     4.928
     5.541
     4.684
     4.045
     3.096
     1.264
     2.261
     1.171
     1.304
     0.094
    -1.673
    -0.641
    -0.471
    -1.187
    -0.487
    -2.075
    -2.225
    -2.672
    -2.357
    -2.363
    -3.637
    -0.486
    -2.619
    -3.341
    -4.664
    -3.136
    -1.613
    -0.441
    -1.773
    -0.814
    -0.758
    -1.134
    -0.235
    -0.321
     0.323
     0.204
     0.369
     0.588
     0.352
    -0.434
     0.454
     0.332
    -0.131
    -0.904
    -0.310
     0.144
    -0.556
    -1.621
    -1.358
    -2.009
    -2.194
    -3.303
    -3.224
    -3.078
    -3.093
    -3.085
    -3.129
    -2.416
    -3.013
    -2.361
    -2.774
    -3.398
    -3.520
    -4.509
    -3.585
    -4.914
    -5.252
    -5.567
    -7.891
    -7.499
    -6.404
    -4.518
    -5.102
    -5.608
    -5.146
    -4.853
    -4.501
    -3.226
    -3.134
    -2.556
    -3.228
    -1.846
    -0.297
     1.951
     4.552
     4.965
     3.235
     0.816
     0.696
     2.104
     3.329
     3.184
     3.772
     3.633
     2.120
     2.020
     1.471
     1.475
     3.277
     1.936
     1.693
     1.108
     0.948
     1.500
     2.880
     1.274
     1.503
     1.311
     1.478
     0.372
    -0.437
     0.325
     1.562
     0.995
     1.743
     0.967
     0.870
    -1.001
     0.352
     1.741
     1.736
     1.498
     2.565
     2.638
     2.931
     2.563
     1.687
     0.819
    -0.812
     0.633
     0.343
     1.373
     1.166
     1.524
     1.965
     0.836
     1.277
     0.942
     1.398
     1.750
     2.294
     1.562
     2.560
     1.362
     0.980
     0.672
     1.483
     0.700
     1.584
     0.600
     1.921
     1.791
     1.170
     0.500
     2.099
     2.575
     1.671
     2.610
     0.917
     0.193
    -0.185
    -0.762
    -0.322
    -1.533
    -0.730
    -1.635
    -1.547
    -1.251
    -0.900
    -3.013
    -1.567
    -0.736
     0.039
    -0.513
    -0.315
    -0.174
     1.173
     2.049
     1.127
     3.060
     2.556
     2.074
     2.078
     2.776
     2.728
     1.811
     1.689
     1.218
     1.772
     3.050
     4.269
     3.484
     1.751
     0.986
     0.450
     1.101
     2.476
     2.088
     2.138
     1.512
     1.025
    -0.010
    -0.429
    -0.435
     0.239
     0.788
     1.095
     0.618
     1.310
     2.024
     1.288
     2.731
     0.570
    -0.466
     0.282
    -0.243
    -0.489
    -0.339
    -1.806
    -3.989
    -3.948
    -4.128
    -4.380
    -4.911
    -5.770
    -6.686
    -7.255
    -7.366
    -7.540
    -5.696
    -5.900
    -5.874
    -6.324
    -6.205
    -6.022
    -6.842
    -7.183
    -6.906
    -6.485
    -5.168
    -5.136
    -4.720
    -4.038
    -3.976
    -4.385
    -3.451
    -2.979
    -3.381
    -2.407
    -2.341
    -1.436
    -2.097
    -2.644
    -2.740
    -1.207
    -1.652
    -1.860
    -3.125
    -2.945
    -3.844
    -3.918
    -2.426
    -2.486
    -1.746
    -1.491
    -1.584
    -1.194
    -0.684
    -0.423
     0.453
     0.758
     1.227
     1.332
     1.807
     3.465
     3.822
     3.595
     1.831
     2.604
     0.604
     0.918
     2.352
     3.464
     4.078
     3.460
     3.840
     4.823
     4.026
     5.950
     5.028
     5.116
     3.204
     4.858
     4.466
     4.454
     5.696
     3.914
     3.865
     4.861
     3.655
     4.698
     4.764
     5.166
     5.158
     4.904
     6.203
     5.874
     5.265
     5.045
     5.813
     5.707
     6.154
     6.760
     7.293
     6.240
     5.279
     4.651
     5.559
     6.008
     5.377
     5.270
     5.512
     5.486
     5.108
     5.774
     6.216
     6.063
     6.307
     6.005
     5.334
     4.890
     3.391
    -0.223
    -0.154
    -0.933
    -3.741
    -3.912
    -4.505
    -5.072
    -6.265
    -6.682
    -5.148
    -5.518
    -4.374
    -3.778
    -3.946
    -4.887
    -3.765
    -2.774
    -2.636
    -2.037
    -0.497
    -0.481
     1.324
    -0.031
    -0.173
     0.453
     1.399
     0.990
     0.463
    -0.159
    -0.887
    -1.052
    -1.295
    -0.932
    -2.317
    -1.052
    -2.459
    -1.929
    -2.038
    -2.478
    -3.392
    -3.782
    -4.983
    -4.449
    -5.076
    -5.381
    -4.900
    -4.825
    -5.539
    -5.339
    -5.595
    -5.165
    -5.100
    -4.179
    -3.886
    -2.966
    -4.220
    -3.454
    -3.647
    -4.633
    -5.500
    -5.558
    -6.000
    -7.443
    -7.052
    -7.373
    -6.969
    -7.338
    -7.631
    -7.558
    -8.617
    -7.978
    -7.892
    -8.257
    -6.640
    -7.618
    -8.448
    -9.620
    -9.654
    -8.816
    -7.371
    -5.342
    -4.702
    -3.807
    -4.193
    -3.496
    -2.465
    -2.373
    -2.376
    -2.418
    -1.330
    -1.702
    -1.150
    -0.718
    -0.310
     0.190
     0.005
    -0.311
     0.332
     0.360
     1.428
     1.165
     2.460
     2.785
     5.812
     6.268
     6.968
     6.699
     5.877
     5.863
     7.013
     6.971
     8.438
     9.870
    10.991
    10.140
     9.369
    11.028
    11.244
    11.701
    11.076
    12.485
    12.268
    10.843
    10.836
    11.269
    11.694
    11.071
    10.230
    10.223
     9.961
     9.570
     9.244
    10.147
     9.903
     9.287
    11.936
    10.236
    11.009
    10.924
    10.944
    11.025
    10.952
     9.659
    10.191
    10.267
    10.461
    10.389
    11.719
    11.927
    11.881
    11.537
    10.787
    11.195
    11.108
    10.273
    10.751
    10.706
     9.351
     8.627
     9.223
     9.629
     9.196
     8.083
     5.612
     1.447
    -1.555
    -5.204
    -7.269
    -9.619
   -12.408
   -16.480
   -19.012
   -21.402
   -22.246
   -23.938
   -25.869
   -28.245
   -28.427
   -29.289
   -29.445
   -29.133
   -28.693
   -27.535
   -26.248
   -25.909
   -25.526
   -24.265
   -24.097
   -22.179
   -20.194
   -18.657
   -14.992
   -12.846
   -10.929
    -9.882
    -6.597
    -4.984
    -3.405
    -1.902
    -0.649
     0.509
     1.967
     2.355
     1.601
     1.519
     0.779
     1.383
     1.447
     1.272
     1.196
     0.861
     0.288
    -0.206
    -0.559
    -0.602
    -0.884
    -0.153
     1.095
     1.238
     1.599
     1.822
     2.872
     2.010
     1.070
     1.644
     2.881
     3.086
     2.427
     2.332
     2.325
     3.187
     2.948
     3.240
     3.864
     4.775
     4.819
     6.799
     6.135
     4.763
     3.054
     1.297
    -1.174
    -1.489
     0.083
    -0.369
     2.192
     4.533
     8.860
    11.609
    12.843
    13.374
    14.779
    13.382
    15.011
    14.451
    13.682
    14.103
    12.665
    12.020
     9.671
     7.287
     5.154
     4.755
     5.399
     2.703
     1.954
     1.217
     0.305
    -0.675
    -1.677
    -1.361
    -0.723
    -0.843
    -0.648
    -0.793
    -0.287
     0.698
     1.219
     1.472
     0.789
     0.570
     1.084
     1.811
     2.477
     2.840
     2.964
     1.935
     2.224
     3.040
     4.332
     4.685
     4.430
     6.117
     5.184
     5.760
     5.579
     6.116
     6.554
     4.673
     5.445
     5.191
     4.814
     5.944
     6.343
     7.073
     6.639
     5.879
     5.469
     3.486
     1.630
     0.858
    -1.176
    -2.827
    -2.634
    -2.536
    -3.687
    -5.829
    -7.727
    -8.369
    -8.448
    -7.973
    -7.352
    -5.934
    -5.283
    -4.395
    -6.131
    -6.885
    -5.293
    -4.351
    -3.767
    -3.772
    -3.322
    -3.386
    -3.753
    -2.539
    -3.143
    -1.762
    -2.573
    -1.582
    -0.446
     0.993
     0.141
    -0.612
    -1.141
    -0.384
    -0.900
    -0.847
    -0.306
     0.145
     0.717
     0.168
     0.766
     1.042
     1.518
     1.037
    -0.271
    -1.333
    -3.181
    -3.717
    -6.129
    -7.214
    -8.595
    -7.189
    -8.413
    -9.374
   -10.329
   -10.632
    -9.864
   -10.073
    -9.721
   -10.185
   -11.105
   -12.802
   -13.329
   -15.360
   -15.770
   -16.810
   -18.156
   -17.283
   -15.480
   -15.116
   -16.768
   -17.461
   -20.269
   -21.119
   -23.671
   -24.906
   -27.389
   -30.033
   -29.896
   -29.242
   -28.707
   -28.860
   -28.923
   -28.976
   -30.080
    -3.515
    11.164
    14.359
    13.402
    15.659
    17.555
    14.562
    17.056
    18.903
    18.150
    19.497
    19.915
    16.252
    18.420
    19.102
    19.343
    22.299
    22.227
    23.758
    26.707
    28.559
    26.799
    25.337
    28.438
    28.533
    33.998
    34.226
    35.316
    35.542
    37.188
    36.484
    37.344
    37.041
    37.462
    37.253
    37.472
    35.127
    30.739
    29.403
    28.155
    28.089
    27.086
    27.482
    27.367
    24.094
    23.320
    22.991
    22.173
    20.700
    17.147
    15.925
    13.279
    13.512
    11.704
     6.803
     0.443
    -6.283
    -9.314
   -18.620
   -23.207
   -23.226
   -27.396
   -30.540
   -31.498
   -31.555
   -31.875
   -32.346
   -30.053
   -28.808
   -29.127
   -29.642
   -29.034
   -30.779
   -32.686
   -34.057
   -31.972
   -32.226
   -30.182
   -29.408
   -27.189
   -26.988
   -26.259
   -26.618
   -25.221
   -23.550
   -24.465
   -24.622
   -24.162
   -24.980
   -24.484
   -23.031
   -23.154
   -21.657
   -22.108
   -24.084
   -25.671
   -26.229
   -24.886
   -25.380
   -23.199
   -19.986
   -18.470
   -16.761
   -13.707
   -11.839
    -8.760
    -7.330
    -5.847
    -5.280
    -4.031
    -2.649
    -2.087
    -2.395
     1.455
     6.068
     8.701
    11.657
    14.019
    15.926
    22.633
    24.641
    25.829
    27.373
    33.767
    37.820
    39.649
    43.360
    43.637
    41.618
    39.129
    46.314
    48.287
    36.327
    24.470
    23.741
    28.463
    26.198
    13.659
     6.084
     4.884
     1.011
    -3.949
    -6.375
    -4.674
    -9.505
    -8.532
    -4.450
    -2.874
     0.194
     0.538
    -3.030
    -6.667
    -3.659
     1.519
     3.318
     4.885
     4.857
     8.630
    10.278
    10.728
     9.641
     9.621
    11.708
    10.862
    10.406
    10.183
    10.161
    12.433
     4.880
    -3.341
    -6.835
   -12.467
    -9.813
     1.715
     3.037
    -2.489
    -6.101
    -5.653
    -2.206
    -3.196
    -2.904
    -7.866
   -14.746
   -22.705
   -27.951
   -33.027
   -31.327
   -29.207
   -21.519
   -18.068
   -13.355
    -9.565
    -8.153
   -12.010
   -18.192
   -20.001
   -17.380
   -12.267
    -4.917
    -1.438
    -0.346
     1.376
     2.357
     6.222
     8.117
     8.331
     9.468
    13.345
    18.949
    24.056
    23.390
    19.787
    19.116
    16.572
    15.453
    17.552
    13.487
    12.202
     9.381
     8.256
     4.843
     3.432
     0.022
     1.845
     2.326
     1.501
     0.076
     1.606
     0.662
    -0.513
    -0.646
    -0.557
    -0.119
     3.516
     2.823
     1.142
     2.405
     0.406
    -1.271
    -2.708
    -4.798
    -5.030
    -4.769
    -1.774
     1.039
     1.508
     0.025
    -1.366
    -2.468
    -4.618
    -4.569
    -4.865
    -7.046
   -10.104
    -7.526
    -3.418
    -5.573
   -11.996
   -12.389
   -12.749
    -6.585
    -7.413
    -6.724
    -7.963
    -7.022
     3.313
    11.465
     2.706
    -2.241
    -7.206
    -7.080
    -2.387
    -3.176
    -8.954
   -15.424
   -13.248
   -14.373
   -17.468
   -18.994
   -18.582
   -18.111
   -16.363
   -12.594
   -11.066
    -9.912
   -11.053
    -7.146
    -5.479
    -6.684
    -8.055
    -6.498
    -3.494
    -1.587
    -3.302
    -2.472
    -4.280
    -3.631
    -1.172
    -1.803
    -1.370
    -2.513
     2.611
     7.659
     7.372
     6.112
     4.742
     3.622
     5.169
     5.652
     5.254
     7.906
    10.874
     7.511
     7.751
     3.934
     3.729
     6.315
     8.487
    11.477
    14.105
    15.449
    18.965
    20.485
    19.582
    19.975
    19.532
    21.590
    19.912
    22.775
    25.991
    25.193
    20.977
    16.894
    13.835
    14.014
    12.328
    10.819
    12.938
    13.193
    11.755
    10.827
     8.694
     8.990
     8.152
     5.700
     4.088
     4.844
     7.972
     8.395
     4.092
     2.710
     3.916
     1.414
    -0.968
    -3.530
    -6.990
    -5.791
    -4.380
    -5.571
    -7.261
    -8.989
   -10.574
    -5.384
    -5.486
   -15.278
   -15.724
   -10.097
    -0.732
    -4.212
    -9.593
    -6.680
    -5.151
    -9.795
   -10.008
   -15.119
   -21.428
   -19.808
   -18.448
   -19.355
   -15.031
   -13.186
    -9.300
    -9.458
    -5.628
    -3.205
    -4.037
    -4.550
    -6.293
    -9.193
    -9.568
    -9.959
   -11.673
   -11.159
   -11.032
   -10.434
    -7.014
    -4.797
    -5.193
    -4.681
    -2.809
    -4.449
    -4.312
    -1.499
    -0.954
    -0.277
    -0.272
    -0.729
    -1.981
    -3.218
    -4.532
    -5.407
    -0.025
     2.472
     2.346
    -1.001
     1.388
     3.981
     2.650
     2.304
     3.821
     4.838
     7.726
     6.476
     4.130
     4.904
     4.737
     6.338
     4.592
     5.618
     4.942
     3.824
     2.655
     2.383
     1.160
     0.735
     0.054
     0.436
     0.857
     3.175
     2.780
     0.544
     3.012
     4.704
     5.676
     3.379
     1.048
    -1.264
     0.021
     5.611
     7.564
     0.403
    -7.121
    -8.087
    -5.286
    -4.515
    -5.828
    -6.883
    -6.663
    -6.144
    -6.185
    -5.862
    -5.981
    -3.915
    -4.212
    -0.989
     0.421
     2.383
     0.014
    -1.121
     0.717
     0.705
     2.083
     1.162
     0.680
     2.181
     3.078
     2.263
     3.225
     3.972
     5.245
     4.954
     5.376
     6.260
     8.428
     8.377
     8.310
     7.406
     7.255
     8.579
     8.796
     9.157
     7.402
     9.015
     9.908
     9.599
    11.282
    10.574
    11.553
    12.893
    14.735
    14.995
    14.931
    14.267
    13.216
    12.672
    11.857
    11.121
    11.586
    11.522
     9.486
     7.605
     5.928
     6.298
     5.611
     5.571
     3.831
     1.790
     2.779
     1.444
     0.985
    -0.153
    -1.930
    -4.083
    -3.360
    -5.579
    -5.976
    -7.275
    -7.923
    -7.949
    -8.284
    -8.593
    -9.838
   -12.636
   -12.033
   -13.586
   -14.134
   -14.668
   -16.817
   -16.480
   -17.957
   -17.493
   -17.954
   -17.221
   -17.426
   -16.193
   -16.444
   -16.550
   -17.622
   -15.266
   -14.989
   -14.332
   -14.150
   -13.297
   -10.497
    -9.948
    -9.258
   -10.287
    -9.988
    -8.349
    -7.623
    -6.957
    -6.334
    -5.106
    -6.772
    -6.820
    -5.120
    -5.785
    -6.203
    -4.421
    -4.057
    -3.996
    -1.727
    -0.598
     1.029
     1.784
     2.365
     3.298
     2.904
     3.269
     7.359
     7.712
     8.228
     8.089
     9.223
     8.703
     7.489
     7.665
     8.383
    10.069
     8.938
     7.854
     7.394
     8.520
     7.643
     6.753
     6.933
     5.378
     7.446
     7.485
     7.079
     6.897
     8.074
     8.188
     7.434
     7.383
     8.579
     9.482
    10.112
    10.629
    10.717
    10.648
    12.059
    12.785
    11.494
    12.547
    12.459
     9.325
     9.437
     9.596
     8.043
     8.117
     7.123
     6.306
     6.067
     6.133
     5.812
     6.608
     6.998
     6.997
     8.489
     5.778
     6.161
     6.201
     4.243
     3.523
     2.427
     1.394
    -0.258
    -0.916
    -1.979
    -4.130
    -5.244
    -6.207
    -6.663
    -7.891
    -8.395
    -8.980
    -8.467
    -9.215
    -8.645
    -9.172
    -9.134
    -9.841
    -9.062
   -10.142
   -11.185
    -9.879
   -10.226
   -10.954
   -10.415
   -10.612
   -11.014
   -12.534
   -13.539
   -12.216
   -12.589
   -11.745
   -10.819
   -10.123
    -9.790
    -9.974
    -8.814
    -7.768
    -8.862
    -8.270
    -6.013
    -4.923
    -3.443
    -2.125
    -2.412
     0.390
     1.170
     3.510
     4.653
     4.265
     4.847
     4.002
     4.846
     3.587
     2.971
     1.054
     1.052
     1.333
    -0.022
     1.386
    -0.416
    -1.829
     0.128
    -0.100
     1.519
     1.620
     2.570
     1.690
     2.799
     3.789
     4.287
     4.033
     5.406
     5.006
     6.182
     5.586
     5.864
     5.339
     4.818
     5.305
     4.420
     6.104
     5.248
     6.011
     6.726
     6.723
     7.161
     5.900
     6.230
     6.091
     6.153
     6.502
     6.683
     7.225
     6.770
     6.863
     5.442
     6.569
     6.663
     5.835
     4.685
     3.858
     2.648
     2.222
     1.724
     0.907
     1.349
    -0.157
    -0.890
    -2.543
    -3.640
    -4.114
    -3.512
    -4.069
    -6.155
    -5.974
    -6.755
    -5.946
    -5.573
    -6.243
    -5.803
    -5.267
    -3.978
    -4.470
    -5.028
    -4.285
    -4.620
    -5.113
    -5.257
    -6.989
    -7.564
    -6.237
    -5.436
    -3.711
    -3.175
    -0.810
    -0.293
    -0.747
    -1.146
    -1.060
    -2.971
    -4.252
    -3.609
    -3.002
    -2.417
    -0.874
    -0.381
    -0.900
    -1.351
    -0.676
    -0.783
    -4.507
    -5.940
    -5.034
    -4.951
    -4.646
    -4.728
    -4.549
    -3.606
    -2.242
    -2.620
    -4.712
    -3.225
    -1.897
    -1.315
    -1.801
    -1.871
     0.075
     1.556
     2.824
     2.943
     1.922
     2.419
     1.668
     0.742
     2.334
     2.086
     3.256
     3.945
     5.039
     5.374
     5.049
     7.293
     7.803
     9.395
     8.607
     8.856
    11.607
    12.095
    12.341
    11.775
    12.094
    11.943
    10.926
     9.708
     9.085
     7.148
     5.068
     4.644
     3.257
     2.384
     0.995
    -1.433
    -1.797
    -3.816
    -3.601
    -2.421
    -0.903
    -0.070
     1.000
    -0.138
     0.970
     1.241
     1.929
     1.963
     2.405
     1.936
     3.120
     1.133
     1.460
     0.411
    -0.005
     0.404
    -1.112
    -2.975
    -3.148
    -3.222
    -4.531
    -3.640
    -3.693
    -4.310
    -3.913
    -4.880
    -1.940
    -3.015
    -4.374
    -4.408
    -6.519
    -6.818
    -8.249
   -10.922
    -7.284
    -4.627
    -9.131
   -10.008
   -10.522
   -10.430
    -7.204
    -6.617
    -5.795
    -5.882
    -6.136
    -5.902
    -3.184
    -3.564
    -1.042
    -1.685
    -0.824
    -1.133
    -1.443
     3.039
     4.489
     4.185
     3.945
     3.084
     2.354
    -1.878
    -4.337
    -4.833
    -3.195
    -0.369
     1.537
     2.311
     2.239
     0.335
     0.740
     0.588
    -0.091
    -0.454
    -1.418
    -1.214
    -1.016
    -1.066
    -1.342
     0.564
    -0.602
    -0.344
     0.757
    -0.165
    -0.496
    -0.657
    -0.327
     0.214
     0.256
     0.730
     1.013
     4.398
     2.393
    -0.280
     0.611
    -0.187
     2.868
     3.417
     4.214
     5.066
     5.494
     4.579
     4.184
     4.586
     4.712
     4.160
     2.462
     3.078
     2.004
     1.436
     2.573
     2.023
     2.564
     4.852
     4.824
     5.155
     4.900
     4.397
     5.168
     5.411
     4.988
     4.763
     6.190
     6.016
     5.705
     5.890
     4.980
     3.397
     2.964
     2.533
     3.934
     2.928
     2.726
     2.584
     2.379
     3.405
     2.571
     2.324
     1.282
    -0.061
    -0.948
     0.296
    -0.819
    -1.699
    -3.119
    -3.581
    -3.179
    -3.654
    -3.112
    -4.143
    -6.094
    -4.154
    -4.309
    -3.914
    -4.836
    -4.565
    -4.706
    -4.133
    -3.763
    -3.761
    -3.901
    -4.676
    -5.115
    -4.533
    -4.771
    -4.259
    -6.731
    -6.736
    -6.235
    -5.815
    -3.915
    -2.837
    -2.260
    -2.929
    -4.157
    -3.736
    -2.867
    -1.667
    -1.993
    -0.748
     0.224
     0.532
     2.350
    -0.200
    -1.587
    -0.556
     1.282
     1.197
     1.413
    -1.242
    -2.221
    -1.675
    -1.108
     1.726
     2.048
     0.129
    -0.349
     0.040
     0.642
     0.865
     1.178
     1.117
     0.429
     0.753
     0.137
    -0.803
    -0.459
    -0.173
    -0.554
    -0.971
    -0.000
    -0.997
    -0.979
    -0.356
     1.396
     0.787
    -0.014
     0.269
     0.082
     0.292
     0.271
     1.254
     0.695
     1.736
     1.331
     0.991
     1.613
     2.277
     3.487
     2.325
     2.493
     2.987
     3.092
     3.103
     3.162
     2.556
     2.556
     2.144
     2.199
     1.710
     1.687
     1.585
     1.392
     1.680
     1.900
     1.046
     1.391
     2.212
     3.609
     4.325
     3.197
     2.931
     2.752
     1.957
     0.512
     0.657
     0.255
     0.717
     0.054
     0.148
    -0.069
     0.774
     1.066
     0.626
    -0.064
    -0.454
    -0.567
    -1.375
     0.085
    -1.002
     0.112
    -0.514
    -1.235
    -0.713
    -0.248
    -1.684
    -1.314
    -1.207
    -2.250
    -2.195
    -1.439
    -1.885
    -1.490
    -2.393
    -1.589
    -1.928
    -1.286
    -0.712
    -1.004
    -1.156
    -1.097
    -0.806
    -1.678
    -1.783
    -1.956
    -1.270
    -1.393
    -0.463
    -1.111
     0.134
     0.255
    -0.066
     0.152
    -0.138
    -1.117
    -1.049
    -1.169
    -1.071
    -1.626
    -2.791
    -1.474
    -1.106
    -1.929
    -2.514
    -1.360
    -2.479
    -1.272
    -1.291
    -1.453
    -1.171
    -0.907
    -1.416
    -2.483
    -1.925
    -2.657
    -1.491
    -2.311
    -1.487
    -2.292
    -2.457
    -1.878
    -0.353
    -0.634
    -0.147
     1.032
    -0.401
     1.688
     1.466
     2.377
     3.100
     5.633
     5.928
     6.679
     6.701
     6.305
     5.958
     5.440
     4.921
     3.272
     3.349
     1.923
     1.235
     1.438
     1.106
     1.514
     1.829
     1.569
     1.918
     1.796
     2.927
     1.266
     1.640
     1.950
     1.792
     2.413
     1.537
     1.826
     1.935
     0.767
    -0.820
     0.374
     0.087
    -0.367
    -1.048
    -0.665
    -1.517
    -1.705
    -2.893
    -2.831
    -3.040
    -3.126
    -2.490
    -1.627
    -2.279
    -1.564
    -2.347
    -2.059
    -2.146
    -2.906
    -1.660
    -2.676
    -2.065
    -2.755
    -2.143
    -2.037
    -2.557
    -2.281
    -1.672
    -2.457
    -2.476
    -2.848
    -2.346
    -2.646
    -1.988
    -1.818
    -1.578
    -0.852
    -1.679
    -0.689
    -0.409
     0.526
     0.255
    -0.116
    -0.276
     0.239
     0.382
     0.342
     0.936
    -0.075
     0.235
     0.024
     0.599
     1.075
     1.029
     0.328
     1.252
     1.035
     1.774
     0.966
     1.039
     1.436
    -0.791
    -2.213
    -0.993
    -0.748
    -0.522
    -1.306
     0.196
    -0.019
    -0.267
    -0.498
    -1.306
    -0.764
    -0.744
     0.630
     0.675
     1.044
     0.428
     2.545
     3.535
     3.820
     3.288
     3.585
     4.051
     3.572
     4.027
     1.872
     1.798
     1.642
     1.476
     0.695
     1.277
     1.149
     0.732
     0.721
     1.231
     0.987
     0.576
     0.711
     0.696
     0.806
     1.491
     2.161
     1.283
     0.352
     0.906
     0.200
     0.083
    -0.627
     0.007
    -0.053
    -1.117
    -0.668
    -0.911
    -1.418
    -2.716
    -1.120
    -1.426
    -1.578
    -1.294
    -1.051
    -1.117
    -1.649
    -0.795
    -0.696
     0.637
     0.950
     1.263
     0.427
    -0.139
    -0.621
    -0.350
    -0.725
    -1.224
    -0.338
    -0.968
    -0.260
    -0.111
    -0.533
     0.460
    -0.249
     0.270
    -0.123
    -0.250
    -0.598
    -0.883
    -0.978
    -0.317
     0.096
     0.633
    -0.116
     0.027
    -0.279
    -0.418
     0.050
    -0.583
     0.020
    -0.207
     0.037
     0.423
    -0.126
    -1.235
    -1.806
    -1.050
    -1.604
    -1.687
    -1.770
    -1.162
    -1.195
    -1.540
    -1.915
    -2.176
    -2.115
    -2.424
    -1.303
    -0.988
    -1.125
    -1.172
    -1.651
    -0.742
     0.505
     0.579
    -0.251
     0.666
     0.510
     0.867
     0.126
    -0.585
    -1.431
    -1.676
    -1.243
    -2.273
    -1.448
    -0.288
    -0.825
    -0.833
    -0.889
    -0.129
     0.091
     0.734
     1.985
     1.847
     1.411
     0.989
     1.229
     2.046
     1.509
     2.080
     2.765
     2.817
     3.268
     3.040
     2.890
     2.588
     3.424
     4.234
     4.294
     4.115
     4.789
     4.153
     4.210
     4.008
     2.521
     3.247
     2.507
     1.526
     1.230
     0.286
     0.509
    -0.126
    -0.803
    -1.391
    -1.830
    -1.842
    -2.363
    -2.405
    -2.541
    -1.360
    -1.551
    -0.882
    -0.542
    -0.660
    -0.383
    -0.166
    -0.186
     0.253
    -0.050
     0.147
    -0.206
    -0.944
    -0.396
    -0.718
    -0.900
    -1.256
    -1.510
    -1.373
    -2.206
    -2.080
    -2.879
    -2.218
    -3.503
    -3.220
    -3.880
    -4.165
    -3.127
    -3.277
    -3.613
    -2.484
    -2.538
    -1.963
    -1.993
    -2.150
    -2.082
    -1.712
    -1.265
    -1.008
    -0.787
    -0.489
    -0.267
     0.263
    -0.379
    -0.471
    -0.284
    -0.224
    -0.521
    -0.495
    -0.537
     1.099
     0.268
     0.462
     0.563
     0.276
     0.105
     0.270
     0.481
     1.468
     1.633
     1.180
     1.396
     1.069
     1.779
     1.570
     1.842
     1.379
     3.017
     2.562
     2.588
     2.278
     2.649
     2.395
     0.720
     0.930
     0.490
     1.164
     0.555
     1.129
     1.264
     0.843
     0.586
     1.092
     0.908
     0.854
     0.528
     1.311
     1.479
     1.464
     1.709
     1.560
     2.298
     0.636
     0.989
     1.049
     1.038
     1.067
     1.245
     1.338
     0.926
     1.465
    -0.194
     0.890
     0.896
     1.403
     0.786
     0.890
     0.485
     1.621
     1.752
     0.828
     0.905
     1.028
     0.793
     0.413
     0.388
     1.152
     0.082
    -0.630
    -0.953
     0.529
    -0.079
    -0.173
    -0.191
     0.247
    -0.993
    -1.243
    -0.268
     0.005
     1.125
     0.490
     0.283
     0.213
     0.333
    -0.908
    -1.144
    -0.993
    -1.757
    -3.562
    -4.241
    -6.323
    -4.892
    -4.603
    -4.553
    -2.538
    -0.828
     0.356
    -0.012
     0.186
     0.365
     0.040
    -0.226
    -0.515
     0.370
     0.947
     0.793
     0.389
    -0.697
    -1.649
    -2.935
    -2.427
    -1.280
    -1.586
    -2.733
    -1.384
    -0.920
     0.452
     1.432
    -0.553
    -1.937
    -2.321
    -2.467
    -2.778
    -1.735
    -1.671
    -2.633
    -3.693
    -5.267
    -5.123
    -4.352
    -4.280
    -2.903
    -2.437
    -3.848
    -4.159
    -3.910
    -3.856
    -3.113
    -1.868
    -3.424
    -6.431
    -6.521
    -5.572
    -6.959
    -5.659
    -4.524
    -1.029
    -0.048
     7.229
     6.290
     3.062
     3.768
     7.417
    10.599
    12.774
    10.779
    10.786
     9.288
     9.509
     8.161
     6.355
     3.864
    -1.559
    -1.529
    -1.536
    -3.171
    -3.189
    -4.180
    -3.584
    -2.429
    -1.220
     0.122
     4.841
     8.573
     8.033
     8.158
     6.467
     5.564
     6.016
     5.840
     2.665
    -0.511
    -5.280
    -6.927
    -7.121
    -6.751
    -3.403
    -0.016
     1.208
     2.007
     2.419
     2.423
     4.589
     5.476
     6.850
     6.345
     6.972
     8.752
     9.420
     9.313
    11.416
    14.509
    15.745
    15.702
    16.247
    17.036
    15.358
    16.578
    15.650
    11.783
     2.283
    -0.605
     2.166
     8.065
     1.394
    -6.103
    -2.951
     1.888
     0.631
    -2.933
    -8.281
   -10.682
   -12.280
   -17.561
   -22.777
   -23.758
   -20.446
   -18.274
   -16.902
   -16.430
   -17.928
   -16.398
   -13.366
   -13.022
   -14.347
   -14.013
   -10.944
    -8.275
    -7.312
    -7.432
    -7.628
    -7.679
    -8.806
    -9.097
    -9.951
   -10.429
    -9.437
    -7.419
    -6.226
    -6.451
    -5.882
    -4.053
    -2.218
     0.236
     1.920
     3.940
     3.183
     2.245
     2.927
     3.704
     4.522
     4.514
     4.939
     5.283
     5.271
     5.075
     4.878
     4.157
     3.914
     2.826
     2.028
     1.241
     0.148
    -0.027
    -0.102
     0.199
     0.993
     1.556
     1.773
     2.333
     2.268
     2.409
     2.792
     3.064
     3.404
     3.624
     3.808
     3.918
     4.050
     4.281
     4.712
     5.044
     5.304
     5.011
     4.685
     4.858
     4.969
     5.002
     4.893
     4.886
     4.975
     4.930
     4.945
     4.927
     4.951
     4.951
     4.954
     4.928
     4.937
     4.918
     4.917
     4.881
     4.866
