     4.606
     4.382
     4.275
     4.032
     3.908
     3.647
     3.507
     3.258
     3.113
     2.840
     2.694
     2.424
     2.202
     1.864
     1.665
     1.281
     1.053
     0.690
     0.319
    -0.103
    -0.369
    -0.862
    -1.150
    -1.434
    -1.621
    -2.076
    -2.155
    -2.372
    -2.925
    -3.472
    -3.394
    -3.698
    -4.264
    -4.832
    -5.316
    -5.981
    -6.249
    -6.764
    -6.810
    -7.108
    -7.117
    -7.105
    -7.335
    -7.937
    -8.107
    -8.338
    -8.956
    -8.696
    -8.231
    -9.736
    -9.840
   -10.503
   -10.411
   -10.448
   -10.493
   -11.498
   -11.641
   -11.146
   -12.584
   -13.406
   -12.187
   -12.085
   -13.159
   -14.197
   -11.891
   -10.878
   -10.492
   -10.487
    -7.151
    -5.213
    -3.209
    -2.183
    -1.539
     1.555
     2.878
     3.166
     2.412
     4.695
     5.087
     5.285
     5.473
     5.744
     5.469
     6.720
     7.180
     6.975
     8.581
     9.488
    10.180
    11.243
    12.022
    13.172
    13.961
    16.196
    15.783
    16.667
    14.945
    12.900
    11.293
    10.377
     8.253
     8.182
     6.042
     5.271
     5.222
     3.529
     2.438
     3.858
     2.284
     2.412
     2.645
     2.886
     2.664
     2.922
     4.084
     1.930
     1.036
     0.408
     1.720
     0.318
     0.204
    -0.051
     0.132
    -0.636
     0.161
    -1.967
    -1.697
    -2.167
    -2.487
    -3.154
    -2.286
    -2.914
    -3.282
    -3.977
    -4.630
    -5.024
    -3.664
    -3.338
    -3.334
    -4.287
    -4.648
    -5.360
    -5.482
    -5.476
    -4.949
    -3.663
    -3.866
    -3.836
    -3.827
    -3.538
    -2.984
    -3.428
    -3.395
    -3.352
    -2.838
    -3.970
    -3.266
    -2.173
    -2.571
    -3.830
    -3.860
    -3.341
    -2.708
    -1.717
     1.013
     2.368
     2.664
     2.447
     2.240
     2.415
     3.446
     4.090
     3.596
     3.112
     2.901
     3.704
     4.995
     4.639
     4.860
     5.234
     5.446
     5.169
     4.246
     3.417
     5.450
     3.623
     4.486
     4.789
     3.938
     4.654
     5.372
     3.618
     1.884
    -1.040
     0.255
     1.704
     1.506
     1.431
     2.176
     1.779
     1.198
     0.927
     0.296
    -2.520
    -4.973
    -6.320
    -6.785
    -3.825
    -3.509
    -4.389
    -4.326
    -7.305
    -7.879
   -13.250
   -11.740
   -12.086
   -13.086
   -11.014
   -13.076
   -13.255
   -12.528
   -10.529
    -7.425
    -8.827
    -8.981
    -5.807
    -4.300
    -3.121
     0.176
     2.000
     3.295
     3.363
     6.279
     8.206
    10.153
     8.943
    11.555
    12.823
    13.223
    11.742
    12.580
    11.980
    12.049
    10.574
     9.056
     6.216
     5.744
     4.963
     5.796
     5.460
     6.943
     2.745
     5.938
     4.533
    -0.636
     2.876
     3.567
     2.070
     1.574
     1.916
     1.050
    -0.066
    -1.792
    -3.241
    -1.792
    -3.810
    -3.930
    -2.791
    -2.278
    -2.140
    -1.291
    -1.413
    -2.104
    -2.143
    -1.629
    -4.037
    -4.715
    -4.562
    -4.032
    -4.864
    -4.756
    -4.906
    -4.994
    -6.905
    -7.662
    -6.828
    -6.898
    -6.902
    -6.699
    -6.178
    -5.624
    -5.826
    -6.157
    -5.198
    -4.840
    -4.747
    -4.705
    -5.703
    -3.584
    -3.645
    -3.788
    -3.398
    -4.805
    -3.645
    -2.717
    -1.241
    -1.912
    -1.666
    -0.633
    -1.326
    -0.023
     2.315
     2.547
     5.920
     4.125
     3.558
     4.661
     4.500
     4.638
     4.439
     5.267
     6.541
     6.711
     7.579
     6.980
     7.876
     6.589
     6.412
     5.780
     5.485
     5.172
     5.129
     5.655
     6.250
     6.109
     4.349
     4.299
     3.893
     3.522
     3.698
     5.237
     4.847
     6.200
     5.380
     4.534
     4.206
     3.629
     1.832
     2.829
     1.844
    -0.211
    -1.755
    -1.509
    -1.371
    -0.612
    -1.994
    -0.815
    -2.195
    -1.725
    -2.366
    -3.089
    -2.923
    -3.669
    -0.131
    -3.813
    -3.015
    -4.269
    -0.710
     0.086
     1.420
     0.688
     1.428
     1.230
     2.248
     1.384
     0.811
     1.705
     1.852
     1.989
     1.405
     2.629
     0.506
     0.951
     0.441
     1.027
     0.410
     0.223
     0.052
    -0.500
    -1.038
    -1.435
    -1.867
    -2.111
    -2.255
    -3.114
    -4.536
    -4.433
    -3.928
    -4.063
    -4.086
    -3.861
    -4.469
    -5.766
    -5.849
    -4.717
    -4.323
    -4.937
    -6.549
    -8.239
    -8.212
    -8.970
    -9.393
    -8.252
    -6.681
    -6.235
    -5.917
    -6.463
    -7.359
    -5.719
    -2.866
    -1.679
    -3.045
    -2.998
    -1.122
     1.438
     3.977
     6.370
     3.942
     3.165
     1.561
     2.834
     3.827
     4.572
     5.642
     7.083
     5.247
     3.385
     2.007
     1.695
     3.253
     4.563
     2.871
     1.707
     1.459
     2.389
     2.275
     1.947
     0.975
     1.304
     0.043
     0.513
    -1.174
    -2.039
    -1.456
    -0.107
    -1.450
    -2.123
    -3.305
    -1.769
    -3.441
    -2.285
    -0.344
    -1.375
    -0.010
    -0.095
     0.825
     0.645
     1.569
     1.078
     0.690
    -0.649
    -1.143
    -0.601
     0.634
     1.581
     0.803
     0.861
     1.311
     1.365
     1.595
     1.546
     1.679
     3.032
     2.645
     2.649
     1.044
     0.996
     1.422
     2.890
     2.243
     3.096
     3.438
     3.285
     2.059
     0.823
     1.438
     2.526
     1.980
     2.705
     3.346
     3.258
     2.245
     1.272
     0.516
     0.668
     0.934
     0.813
     0.071
    -0.044
     0.362
     0.471
    -1.766
     0.040
     0.259
     2.712
     0.331
     1.264
     0.927
     3.352
     4.054
     4.061
     4.553
     3.458
     3.851
     4.136
     5.321
     4.931
     3.212
     3.082
     4.395
     4.595
     5.657
     5.288
     5.096
     2.997
     2.069
     1.904
     2.076
     4.641
     4.245
     3.101
     2.100
     1.103
     1.382
     0.446
     0.266
     0.294
    -1.063
    -0.353
    -0.228
     0.324
     0.219
    -0.365
     0.010
    -1.737
    -1.992
    -0.663
    -1.020
    -1.834
    -1.991
    -4.229
    -7.249
    -7.817
    -8.268
    -8.091
    -8.363
    -9.228
   -10.576
   -10.690
   -11.491
   -10.773
   -10.911
    -8.030
    -8.695
    -8.986
    -9.694
    -8.481
    -9.107
    -9.804
    -9.378
    -8.145
    -8.182
    -7.213
    -7.647
    -7.302
    -4.761
    -5.646
    -5.766
    -5.337
    -3.619
    -3.511
    -2.727
    -2.042
    -2.302
    -2.613
    -2.672
    -1.281
    -1.129
    -1.701
    -3.291
    -3.986
    -4.997
    -4.171
    -3.464
    -2.759
    -3.207
    -1.698
    -0.900
    -0.898
    -1.460
    -0.597
     0.931
     1.619
     1.719
     3.786
     3.397
     5.501
     5.408
     4.947
     4.624
     1.635
     1.297
     3.310
     4.484
     4.409
     5.645
     6.952
     7.402
     7.912
     7.921
     9.324
     8.743
     7.634
     8.149
     8.270
     8.043
     8.160
     8.810
     7.037
     6.544
     8.028
     7.206
     8.501
     7.546
     8.653
     8.465
     7.991
     8.971
     9.037
     7.366
     7.404
     7.680
     7.310
     7.637
     8.533
     8.493
     7.241
     7.197
     6.842
     6.800
     6.817
     6.308
     6.102
     5.292
     5.310
     5.462
     5.683
     7.299
     7.311
     6.171
     6.517
     5.734
     6.559
     1.217
    -2.255
    -1.123
    -1.992
    -3.999
    -6.062
    -6.360
    -8.680
    -9.951
    -8.893
    -7.978
    -7.189
    -6.999
    -5.814
    -8.234
    -7.547
    -6.536
    -6.136
    -5.502
    -4.674
    -2.018
    -1.448
    -1.199
    -2.436
    -1.621
    -0.738
    -0.276
    -0.230
    -2.001
    -2.184
    -3.036
    -3.179
    -4.829
    -3.996
    -4.416
    -3.628
    -5.454
    -6.504
    -6.862
    -7.739
    -8.314
    -9.347
   -10.159
   -10.325
   -10.253
   -11.243
   -10.588
    -9.706
   -11.451
    -8.992
    -8.519
    -8.130
    -7.057
    -5.734
    -3.649
    -2.622
    -2.239
    -1.353
    -2.296
    -1.765
    -1.925
    -2.912
    -3.971
    -2.680
    -3.177
    -3.103
    -3.250
    -3.053
    -4.475
    -3.388
    -3.762
    -4.308
    -4.483
    -3.160
    -2.722
    -5.033
    -5.016
    -6.111
    -6.785
    -6.062
    -6.160
    -3.748
    -2.843
    -1.840
    -2.961
    -2.345
    -1.399
    -2.029
    -0.786
    -0.298
     0.894
     0.319
     0.929
     1.253
     1.548
     1.241
     1.767
     2.701
     2.335
     1.507
     1.497
     2.174
     3.384
     4.727
     5.582
     7.048
     7.524
     6.866
     7.403
     6.488
     7.460
     8.800
     9.709
    11.885
    12.680
    11.778
    11.463
    12.079
    12.154
    12.118
    12.457
    12.249
    13.030
    11.234
    11.576
    12.126
    12.404
    11.529
     9.999
    10.344
     8.938
     7.912
     9.204
    11.170
     9.178
    11.063
    11.737
     9.313
     9.389
    11.271
    11.671
    10.284
     9.072
     7.907
     7.711
     8.948
     9.265
     8.787
     8.821
     9.978
     9.410
    10.029
    10.433
     8.586
     8.037
     7.873
     7.731
     7.441
     5.778
     5.287
     5.239
     6.641
     6.908
     4.610
     3.415
     1.163
    -4.086
    -6.074
    -7.979
   -10.782
   -13.162
   -17.360
   -20.831
   -21.821
   -23.818
   -25.540
   -26.258
   -28.609
   -29.760
   -30.827
   -32.048
   -31.152
   -29.276
   -27.246
   -27.731
   -27.305
   -28.688
   -26.798
   -25.522
   -24.705
   -22.981
   -20.287
   -18.224
   -15.674
   -13.000
   -10.819
    -8.157
    -4.692
    -2.400
    -0.766
     1.178
     1.551
     1.843
     3.675
     1.491
     2.490
     2.736
     2.257
     2.017
     2.702
     2.231
     1.906
     2.122
     2.121
     1.382
     0.400
     0.724
     0.946
     1.734
     3.319
     4.280
     4.793
     4.481
     3.484
     2.561
     3.522
     3.653
     4.996
     5.333
     5.239
     5.665
     6.461
     5.563
     6.098
     6.465
     6.527
     7.907
     9.468
     8.936
     7.953
     5.180
     2.796
     0.359
     0.223
     1.026
     1.461
     4.825
     9.456
    14.350
    19.484
    20.996
    22.143
    21.829
    22.408
    22.562
    21.898
    20.686
    20.444
    19.980
    19.039
    13.154
     9.936
     5.840
     4.316
     4.126
     1.691
    -1.470
    -2.841
    -4.574
    -6.596
    -8.422
    -9.398
   -11.162
   -11.374
   -14.069
   -12.986
   -12.258
   -11.323
   -10.527
    -8.264
    -9.435
    -9.905
    -6.810
    -6.249
    -4.090
    -3.927
    -2.718
    -3.731
    -2.561
    -1.962
     0.694
     0.857
     2.309
     3.775
     4.383
     4.308
     3.977
     5.246
     5.357
     5.780
     6.183
     6.316
     6.046
     7.167
     8.922
     8.637
     8.930
     8.898
    10.313
     7.382
     7.044
     5.087
     3.018
     1.835
     1.982
     1.651
    -0.073
    -2.320
    -4.985
    -5.570
    -4.589
    -5.180
    -3.949
    -4.025
    -2.242
    -1.637
    -3.482
    -4.519
    -3.653
    -3.114
    -1.715
    -0.480
    -0.527
    -0.255
    -0.759
    -1.110
     1.342
     2.526
     2.811
     2.645
     3.576
     5.021
     2.457
     1.611
     0.559
    -0.063
    -0.582
    -0.701
     0.890
     0.001
    -0.341
    -0.692
     0.035
    -0.890
    -1.126
    -0.251
     0.501
    -1.080
    -3.427
    -6.878
    -9.649
   -11.778
   -11.854
   -10.757
   -11.930
   -11.792
   -13.695
   -13.136
   -11.885
    -9.662
   -10.496
   -12.246
   -11.864
   -13.249
   -16.196
   -18.709
   -18.840
   -20.736
   -23.381
   -22.635
   -20.164
   -18.577
   -18.600
   -20.272
   -22.569
   -23.957
   -23.992
   -26.526
   -28.767
   -32.981
   -33.994
   -32.385
   -30.898
   -32.625
   -31.744
   -33.585
   -34.398
   -17.162
     8.564
    12.686
     9.853
    11.954
    15.329
    14.191
    17.501
    19.201
    20.595
    22.772
    23.055
    21.884
    23.553
    24.663
    25.561
    31.022
    29.068
    33.309
    37.407
    40.095
    36.492
    33.050
    34.574
    37.613
    43.788
    45.091
    46.015
    46.560
    47.820
    48.926
    49.046
    51.243
    49.697
    48.258
    47.938
    45.359
    40.937
    35.389
    32.832
    30.507
    26.814
    24.922
    23.398
    18.618
    17.086
    18.800
    16.909
    14.207
    11.720
    10.004
    11.518
     9.529
     4.648
    -1.539
   -11.559
   -18.149
   -20.117
   -32.552
   -36.158
   -36.102
   -39.343
   -42.677
   -43.443
   -43.718
   -44.213
   -46.321
   -44.114
   -40.183
   -38.463
   -37.449
   -35.974
   -37.752
   -37.993
   -40.768
   -41.054
   -37.745
   -36.312
   -36.971
   -34.077
   -33.985
   -36.175
   -34.322
   -30.560
   -29.175
   -30.267
   -29.626
   -28.550
   -29.357
   -30.484
   -27.681
   -24.809
   -26.645
   -26.418
   -28.378
   -27.679
   -29.024
   -26.633
   -25.119
   -22.518
   -22.912
   -19.510
   -13.345
    -8.469
    -3.794
     2.859
     6.725
    11.243
    15.108
    15.575
    21.418
    22.337
    24.081
    29.154
    35.656
    42.742
    48.694
    51.169
    57.228
    60.821
    63.057
    60.560
    55.459
    53.102
    59.530
    59.440
    53.531
    52.117
    47.964
    35.555
    37.996
    49.294
    33.391
    14.634
     0.058
    13.735
    18.531
     8.671
    -4.845
   -10.196
   -11.211
   -14.367
   -18.780
   -19.980
   -26.293
   -27.594
   -20.735
   -18.178
   -19.901
   -15.778
   -17.266
   -25.335
   -24.390
   -16.771
   -16.887
   -18.726
   -18.689
   -10.390
    -8.432
    -9.691
   -10.733
   -10.395
    -9.985
    -4.358
    -8.479
    -6.287
    -4.180
    -3.539
    -9.699
    -0.248
    -3.754
   -16.562
   -14.305
    -1.311
     0.323
    -6.034
   -11.440
    -8.741
    -4.722
    -1.993
     9.245
    20.988
     9.297
    -4.885
    -7.612
   -13.248
   -16.387
   -15.402
   -11.091
    -6.191
    -5.025
     0.641
     2.207
    -8.962
   -11.741
   -12.840
   -11.926
    -6.511
    -1.410
    -2.635
     0.172
     3.699
     3.422
     8.295
    10.882
    11.791
    10.948
    14.089
    18.557
    25.972
    24.461
    22.072
    20.334
    16.420
    18.132
    19.514
    16.204
    11.977
    13.027
    10.354
     9.907
     8.001
     4.690
     5.989
     8.816
     6.459
     5.989
     6.208
     5.341
     4.566
     3.816
     3.672
     5.012
     6.329
     7.961
     5.695
     3.732
     5.871
    -0.026
     0.957
    -4.792
    -2.013
    -2.788
     0.555
     3.049
     2.983
    -3.671
    -4.511
    -2.558
    -4.580
    -3.230
    -3.894
    -7.523
   -11.212
    -8.670
    -6.875
    -8.862
   -20.410
   -18.289
   -15.390
    -9.477
    -9.881
   -11.709
   -10.223
    -7.920
    -0.952
     8.490
     0.315
    -3.490
    -8.684
   -10.267
    -9.787
    -7.301
   -11.978
   -20.242
   -14.903
   -20.919
   -23.582
   -26.578
   -25.751
   -26.965
   -25.107
   -21.338
   -17.127
   -16.033
   -17.983
   -12.433
   -12.649
   -13.677
   -12.697
   -12.196
    -8.441
    -7.566
    -6.613
    -7.161
   -10.714
    -6.718
    -7.759
    -6.304
    -3.180
    -2.131
    -1.532
     5.252
     9.198
    13.044
    10.662
     4.594
     7.787
     6.886
     6.130
     9.989
    17.759
    20.604
    14.694
    13.408
    10.323
    10.649
    13.698
    12.898
    20.287
    17.695
    24.823
    24.512
    22.423
    21.430
    22.649
    23.895
    25.399
    24.161
    30.194
    28.869
    27.983
    22.444
    18.904
    18.039
    17.959
    13.885
    16.205
    18.131
    20.577
    17.285
     9.815
     7.511
     7.865
     3.907
     4.981
     6.305
     4.303
    10.053
     3.355
    -2.194
     1.305
    -0.745
    -3.378
    -2.799
    -8.142
    -8.969
    -4.535
    -4.798
    -4.137
    -5.601
   -12.862
    -7.598
    -4.087
   -19.920
   -19.213
   -14.612
    -8.664
    -1.211
   -10.060
    -9.658
    -6.011
   -12.351
   -12.633
   -15.991
   -24.389
   -23.253
   -19.949
   -24.716
   -20.773
   -12.855
   -12.142
    -9.538
    -5.322
    -4.257
    -5.156
    -3.394
    -2.753
    -5.429
    -6.179
    -8.298
   -10.390
   -10.036
    -9.144
    -9.285
    -7.297
    -4.789
    -3.840
    -5.382
    -1.667
    -0.933
    -1.648
    -0.783
     0.280
     2.549
     2.234
    -0.848
    -1.530
     0.222
    -0.731
    -3.926
    -0.986
     2.456
     1.089
    -1.154
    -2.311
     4.830
     2.550
     2.664
     3.358
     5.445
     7.833
     5.828
     4.667
     4.481
     3.463
     7.509
     4.541
     6.015
     6.156
     3.805
     1.724
    -1.217
    -1.524
     0.174
    -1.176
    -4.782
    -0.994
     1.495
     4.343
     1.410
     1.552
     3.065
     5.192
     3.180
     2.245
    -3.416
    -1.061
    -0.459
     7.406
    -0.253
   -13.193
   -13.872
    -7.877
    -8.245
   -10.362
   -12.589
   -11.593
   -10.681
    -8.126
    -7.331
    -9.286
    -7.528
    -5.372
    -1.332
    -0.828
     2.740
     2.574
    -1.095
    -0.313
     1.806
     2.884
     1.776
    -0.378
     1.482
     1.992
     1.315
     2.615
     5.022
     3.869
     7.624
     4.515
     7.322
     8.885
    10.121
     8.404
     9.351
     8.844
    10.214
    10.445
    11.307
     9.928
    10.634
    10.836
    10.447
    11.712
    11.852
    13.738
    16.188
    19.158
    18.647
    17.780
    17.702
    18.100
    18.079
    18.415
    17.070
    15.031
    15.874
    14.919
    11.829
     9.697
    10.536
    10.055
     9.560
     7.542
     5.524
     5.833
     4.872
     5.299
     4.144
     1.633
    -0.864
     0.002
    -2.226
    -1.687
    -5.791
    -5.887
    -5.015
    -5.995
    -6.543
    -9.245
   -11.112
   -10.491
   -14.878
   -16.143
   -16.600
   -19.518
   -19.960
   -22.135
   -21.543
   -22.357
   -23.469
   -21.304
   -24.088
   -24.543
   -25.553
   -26.157
   -25.053
   -21.792
   -22.396
   -19.648
   -18.951
   -16.186
   -15.467
   -11.359
   -11.835
   -10.897
   -12.387
    -7.190
    -7.353
    -5.242
    -5.947
    -5.987
    -9.892
    -6.368
    -7.511
    -9.107
    -9.161
    -7.584
    -6.285
    -4.734
    -0.394
     1.764
     3.223
     3.293
     2.345
     2.488
     1.950
     3.814
     6.003
     5.193
     5.771
     6.507
    10.728
    10.842
     9.877
    12.367
    15.997
    14.450
    11.489
    12.314
    13.910
    11.498
    11.471
    10.185
    10.060
     8.993
     9.216
     7.720
     7.679
     9.865
     8.224
     7.274
     5.791
     6.232
     7.008
     5.721
     6.667
     8.812
     9.351
     9.578
    10.026
    10.101
    10.423
    10.647
     9.402
     7.958
     9.228
     8.093
     8.257
     7.754
     7.828
     7.333
     6.091
     9.248
     9.350
    10.635
    11.552
    10.951
     8.339
     8.937
     8.631
     7.371
     5.574
     3.047
     0.537
    -0.623
    -1.395
    -3.370
    -2.473
    -4.044
    -5.639
    -6.505
    -5.491
    -6.779
    -5.656
    -5.690
    -5.913
    -5.528
    -5.747
    -5.064
    -6.172
    -6.103
    -7.263
    -6.368
    -6.970
    -6.452
    -7.019
    -7.652
    -7.405
    -8.719
   -11.036
   -12.259
   -11.830
   -13.367
   -11.907
   -12.365
   -11.854
   -11.274
   -12.640
   -11.479
    -9.752
   -11.112
   -10.948
    -9.645
    -9.042
    -7.216
    -5.838
    -6.373
    -3.173
    -2.149
     1.657
     1.740
     2.045
     0.744
     0.600
    -0.186
     1.122
    -0.581
    -1.689
    -1.549
    -1.357
    -0.401
    -0.122
    -1.191
    -2.218
    -2.107
    -2.653
     1.247
    -0.386
     0.825
     0.918
     1.388
     3.859
     3.564
     3.658
     2.938
     2.929
     4.492
     3.383
     4.900
     4.699
     4.154
     5.910
     3.559
     4.631
     5.046
     5.552
     7.080
     6.442
     6.414
     6.648
     5.995
     7.727
     8.912
     8.386
     9.342
     8.815
     8.870
     8.689
     7.425
     9.919
     9.477
     8.280
     6.994
     5.408
     5.062
     5.608
     2.798
     2.556
     3.690
     0.678
    -0.086
    -1.098
    -4.069
    -3.088
    -3.846
    -3.331
    -6.313
    -6.562
    -6.201
    -5.320
    -4.237
    -6.132
    -5.652
    -5.391
    -4.803
    -4.652
    -4.533
    -4.043
    -3.062
    -3.108
    -3.463
    -5.242
    -4.005
    -4.262
    -3.914
    -2.144
    -1.179
    -0.152
     0.245
     0.089
    -0.821
    -1.040
    -1.221
    -2.346
    -2.154
    -4.129
    -2.513
    -1.144
    -0.422
    -1.608
    -1.099
    -1.938
    -0.623
    -3.380
    -6.442
    -7.394
    -5.887
    -5.617
    -6.298
    -6.190
    -5.960
    -3.620
    -4.526
    -6.026
    -4.156
    -4.212
    -3.289
    -6.843
    -4.002
    -2.701
    -1.422
    -1.234
    -1.175
     0.288
    -1.004
     0.063
    -1.715
     1.429
     1.534
     3.473
     3.440
     4.661
     4.696
     6.070
     7.476
     8.507
     9.458
     9.307
    10.975
    12.568
    11.776
    13.817
    11.662
    13.573
    13.546
    12.076
    12.390
    13.108
    11.317
     9.478
     9.354
     7.957
     6.924
     6.809
     3.332
     3.613
     1.193
    -2.231
    -1.424
    -0.966
    -2.560
    -2.995
    -4.776
    -4.523
    -3.536
    -1.631
    -0.949
     0.442
     1.044
     1.667
     0.023
     0.579
     0.204
    -0.867
     0.016
    -1.774
    -4.088
    -4.769
    -5.191
    -6.773
    -5.922
    -5.596
    -6.555
    -4.918
    -4.979
    -4.236
    -3.762
    -4.214
    -5.141
    -6.174
    -8.364
    -9.497
   -11.903
    -9.896
    -4.678
   -10.701
   -11.265
   -10.057
    -8.057
    -6.380
    -4.989
    -3.613
    -4.574
    -5.638
    -4.559
    -2.757
    -2.170
     0.418
     0.222
     1.546
     2.479
     1.545
     3.584
     3.141
     3.543
     2.173
     0.530
     2.242
    -1.063
    -3.038
    -2.766
    -0.751
    -0.274
     1.165
     2.144
     3.149
     1.879
     1.639
     0.092
     0.756
     0.067
     0.394
    -0.878
    -0.304
     1.110
    -0.833
     0.964
    -0.180
     0.172
     0.467
     1.629
     0.363
     0.852
     0.255
     0.231
     0.283
     0.188
     0.088
     3.997
     2.061
     0.735
    -1.258
     0.226
     2.286
     4.362
     4.735
     6.279
     5.130
     4.870
     4.328
     3.471
     4.786
     2.099
     2.566
     1.512
     1.161
     0.185
     1.215
     1.581
     1.614
     2.125
     3.433
     4.620
     4.486
     4.570
     5.236
     6.077
     5.476
     6.033
     5.145
     5.822
     6.215
     5.573
     5.592
     3.259
     3.720
     4.797
     5.500
     3.730
     2.326
     2.742
     2.386
     2.314
     1.726
     1.486
     1.022
     0.165
    -0.294
     0.115
    -1.711
    -3.696
    -4.765
    -4.962
    -4.262
    -4.137
    -5.701
    -7.848
    -6.563
    -5.818
    -4.522
    -5.327
    -4.873
    -5.583
    -5.296
    -4.085
    -4.165
    -3.755
    -3.195
    -4.777
    -6.239
    -4.903
    -3.687
    -4.696
    -7.364
    -7.465
    -7.491
    -6.395
    -4.289
    -3.788
    -2.904
    -2.393
    -5.112
    -5.623
    -3.569
    -2.274
    -0.546
    -0.330
     0.823
     1.550
     2.176
     0.171
    -1.068
     1.367
     1.890
     2.602
     1.302
    -0.230
    -0.761
    -0.317
     1.994
     4.745
     5.601
     2.907
     1.926
     2.882
     1.022
     1.384
     2.943
     3.107
     2.401
     2.445
     2.282
     0.647
     1.194
     0.258
    -0.377
    -1.587
    -0.615
    -1.552
    -2.596
    -1.501
    -0.685
    -0.623
    -1.000
    -0.761
     0.879
     1.088
     0.772
     0.952
     1.957
     1.385
     1.249
     1.223
     1.977
     2.446
     2.559
     1.111
     2.662
     3.594
     3.604
     2.855
     3.146
     2.269
     2.650
     2.302
     1.332
     1.966
     1.161
     0.992
     1.423
     1.085
     1.567
     1.206
     2.088
     2.810
     3.572
     3.660
     4.067
     3.380
     2.994
     2.261
     0.257
    -0.588
    -1.371
    -1.319
    -1.442
    -0.722
    -0.671
    -1.430
     0.275
    -1.463
    -2.339
    -2.738
    -2.657
    -1.940
    -1.870
    -0.550
     0.004
    -0.908
    -0.799
    -0.416
    -1.127
    -2.165
    -2.783
    -1.755
    -1.234
    -2.018
    -2.421
    -1.215
    -2.002
    -1.776
    -2.665
    -0.405
    -2.080
    -2.211
    -1.266
    -1.441
    -1.792
    -2.329
    -2.000
    -2.373
    -1.979
    -2.123
    -0.687
    -0.383
    -0.860
    -0.658
     0.432
     1.411
     1.140
     1.346
     1.514
    -0.138
    -0.026
    -0.208
    -1.033
    -0.845
    -1.435
    -0.551
    -0.798
    -0.707
    -1.221
    -1.338
    -0.678
    -0.517
     1.063
     0.512
     0.221
    -0.853
    -0.475
    -0.972
    -0.638
    -1.786
    -0.736
    -1.552
    -0.778
    -2.530
    -1.955
    -1.652
    -1.435
    -1.015
     0.361
     0.374
    -0.239
     1.810
     1.619
     3.266
     4.141
     4.884
     6.634
     5.786
     6.348
     6.289
     5.122
     4.681
     3.416
     2.435
     1.877
     0.792
     1.075
     1.062
     0.786
     0.673
     1.146
     0.086
     0.740
     1.463
     2.613
     1.400
     1.224
     1.317
     1.540
     1.514
     0.572
     1.184
    -0.375
     0.305
    -0.515
     0.516
     0.371
    -0.121
     0.332
    -1.520
    -1.832
    -2.690
    -3.174
    -4.570
    -2.975
    -2.097
    -1.313
    -0.950
    -0.642
    -1.210
    -2.834
    -2.318
    -2.718
    -2.419
    -2.230
    -3.023
    -2.308
    -2.466
    -2.242
    -2.611
    -2.452
    -4.247
    -3.309
    -3.073
    -2.677
    -3.337
    -2.390
    -2.204
    -1.980
    -1.202
    -1.090
    -0.309
    -0.067
    -0.480
    -0.195
    -0.014
     1.276
     0.804
     1.155
     1.582
     1.663
     2.697
     2.010
     2.026
     1.432
     2.724
     2.373
     2.509
     2.148
     2.435
     2.400
     2.871
     2.755
     3.512
     3.739
     3.607
     2.185
     2.233
     2.439
     2.977
     3.000
     2.140
     2.848
     2.722
     0.158
    -2.253
    -2.713
    -3.343
    -2.142
    -3.700
    -5.223
    -5.983
    -4.526
    -2.175
    -1.410
    -1.205
    -0.257
     1.574
     1.880
     1.332
     1.472
     1.012
     1.138
     0.320
    -1.098
    -1.777
    -2.449
    -0.598
    -2.261
    -2.050
    -2.856
    -2.075
    -1.608
    -0.133
    -0.540
     0.127
     2.534
     1.615
     2.050
     1.038
     1.152
     0.538
    -0.273
     0.115
    -0.003
     0.375
     0.034
    -1.162
    -0.854
    -1.443
    -1.280
    -1.854
    -1.250
    -1.617
    -1.721
    -2.901
    -1.654
    -1.134
    -0.895
     0.836
     1.341
     2.085
     0.902
     0.233
     1.374
     1.676
     0.834
     1.771
     0.723
     0.226
     1.201
     1.569
     2.083
     2.561
     2.413
     2.782
     1.841
     1.725
    -0.001
     1.286
     1.831
     1.405
     2.195
     1.980
     2.042
     2.091
     1.649
     1.064
     1.337
     0.962
     0.208
     1.154
     0.448
     0.209
    -0.252
    -0.288
    -0.243
    -1.710
    -1.650
    -2.007
    -1.172
     0.219
    -0.381
    -1.501
    -2.252
    -1.896
    -1.056
    -1.059
    -1.899
    -1.555
    -2.068
    -0.627
    -1.416
    -2.172
     0.278
    -0.062
    -0.361
     0.673
    -0.158
     0.273
     0.044
    -0.453
    -1.197
    -2.659
    -2.146
    -1.570
    -1.431
    -1.248
    -0.864
    -1.627
    -1.810
    -1.342
    -1.341
     0.214
    -0.136
     0.417
     1.368
     1.059
     0.434
     0.557
     1.145
     1.677
     1.784
     1.915
     2.616
     3.382
     3.439
     1.678
     1.729
     2.792
     3.955
     2.644
     5.293
     4.073
     3.261
     2.527
     1.608
     2.142
     2.238
     1.571
     0.017
    -1.202
    -2.014
    -2.597
    -1.480
    -1.798
    -2.905
    -2.539
    -2.521
    -2.436
    -2.161
    -2.702
    -3.125
    -3.002
    -1.740
    -1.476
    -0.626
    -0.776
    -1.461
    -1.531
    -1.437
    -0.996
    -1.420
    -1.301
    -0.425
    -0.857
    -0.327
    -1.858
    -1.483
    -2.811
    -2.601
    -1.517
    -2.950
    -2.431
    -4.074
    -4.115
    -3.571
    -3.534
    -3.077
    -3.125
    -0.672
    -2.288
    -0.622
    -1.900
    -1.811
    -2.038
    -0.914
    -0.251
    -0.868
    -0.540
    -1.346
    -0.217
    -0.081
     0.958
     1.318
    -0.062
    -0.293
     1.055
     1.258
    -0.084
    -0.148
     1.169
     0.651
     1.179
     1.781
     0.892
     0.509
     1.532
     1.552
     2.434
     3.124
     3.476
     3.318
     3.129
     4.196
     4.179
     2.557
     3.654
     3.770
     3.185
     3.776
     3.244
     4.075
     2.399
     3.392
     1.822
     1.624
     1.692
     0.381
     1.744
     0.967
     1.861
     1.854
     0.978
     1.260
     2.099
     1.965
     2.885
     2.293
     2.277
     1.605
     2.123
     3.406
     2.964
     2.431
     2.371
     2.744
     3.382
     2.768
     2.331
     2.853
     1.965
     1.342
     1.668
     1.252
     1.956
     1.532
    -0.110
     0.525
     1.180
     0.837
     1.343
     0.161
    -0.930
     0.168
    -1.168
    -0.788
    -0.737
    -1.463
    -2.173
    -1.119
    -0.685
    -1.876
    -1.484
    -0.897
    -1.380
    -2.778
    -2.053
    -1.435
    -0.884
    -1.908
    -1.636
    -1.343
    -1.371
    -1.331
    -2.195
    -3.207
    -2.292
    -2.696
    -5.253
    -5.708
    -5.816
    -7.050
    -7.108
    -7.020
    -5.451
    -4.482
    -3.039
    -3.314
    -2.714
    -3.218
    -4.158
    -5.238
    -4.484
    -3.500
    -3.635
    -4.923
    -4.593
    -4.329
    -4.794
    -5.984
    -5.032
    -5.197
    -4.477
    -4.208
    -4.570
    -3.515
    -2.394
     0.273
    -1.974
    -2.395
    -3.922
    -2.911
    -2.832
    -3.089
    -2.571
    -2.325
    -2.901
    -4.356
    -4.122
    -2.465
    -2.092
    -1.481
    -0.436
    -0.682
    -0.136
     0.622
     0.156
     1.847
     2.875
     2.664
     3.145
     2.424
     4.647
     3.859
     3.289
     5.500
     6.028
     7.632
     9.853
    10.186
     7.556
     7.955
    10.151
    12.496
    14.020
    10.318
     8.892
     8.723
     8.255
     4.882
     4.284
     2.347
    -0.446
    -3.014
    -2.745
    -3.054
    -1.477
    -2.167
    -2.200
    -1.726
     0.518
     3.386
     6.353
     8.883
     8.311
     8.317
     5.484
     5.681
     8.408
     8.344
     3.701
     2.961
    -1.778
    -1.433
     1.286
     3.345
     5.115
     7.030
     5.530
     7.583
     6.683
     5.597
     6.714
     8.417
     8.126
     6.882
     7.909
     6.557
     6.734
     5.521
     5.626
     8.728
     9.961
     9.484
     9.907
     9.876
     9.592
     9.420
     6.002
     3.790
    -6.086
    -9.193
    -5.354
    -6.739
    -3.325
   -13.950
   -11.348
    -7.031
    -5.067
   -12.502
   -15.296
   -17.666
   -18.472
   -23.058
   -29.772
   -32.824
   -28.983
   -26.171
   -22.603
   -20.424
   -21.030
   -19.168
   -15.924
   -14.510
   -15.689
   -14.363
   -11.375
    -6.359
    -4.299
    -3.752
    -5.721
    -5.197
    -4.711
    -6.733
    -7.725
    -9.400
    -6.892
    -4.653
    -2.847
    -3.362
    -2.261
    -1.423
     2.273
     4.391
     6.091
     7.653
     8.385
     6.106
     7.903
     9.299
     9.689
     8.624
     8.764
     8.614
     9.011
     8.868
     8.695
     7.554
     7.621
     5.789
     4.800
     3.979
     2.365
     1.799
     2.082
     2.032
     3.063
     3.501
     3.378
     4.248
     4.262
     4.425
     4.616
     5.057
     4.907
     5.487
     5.419
     5.654
     5.852
     6.303
     6.559
     6.921
     6.962
     6.944
     6.063
     6.292
     6.180
     6.323
     6.007
     6.041
     6.013
     5.940
     5.822
     5.784
     5.644
     5.633
     5.456
     5.405
     5.237
     5.183
     4.994
     4.914
     4.699
