     3.526
     3.883
     4.157
     4.503
     4.768
     5.101
     5.369
     5.691
     5.916
     6.246
     6.461
     6.715
     6.906
     7.222
     7.289
     7.518
     7.583
     7.718
     7.768
     7.939
     7.859
     7.965
     7.970
     8.165
     7.964
     8.128
     8.045
     7.819
     7.734
     7.924
     7.744
     7.348
     6.993
     6.674
     6.439
     6.079
     5.928
     5.910
     5.204
     5.124
     4.797
     4.364
     3.941
     3.247
     2.465
     2.047
     1.484
     0.928
    -0.202
    -0.455
    -0.945
    -1.423
    -2.222
    -2.922
    -4.267
    -4.427
    -5.209
    -6.448
    -6.208
    -5.876
    -7.612
    -8.077
    -6.643
    -6.085
    -6.003
    -5.650
    -5.032
    -2.068
    -2.907
    -1.390
    -0.693
    -1.166
     0.522
     0.006
     0.826
     0.782
     1.258
     1.921
     0.803
     1.830
     1.679
     1.190
     1.249
     3.731
     3.904
     6.037
     5.156
     3.439
     1.842
     0.591
    -0.858
    -2.169
    -5.108
    -5.818
    -8.791
   -10.612
   -11.541
   -10.293
    -9.096
    -6.739
    -6.401
    -4.871
    -3.594
    -3.118
    -2.986
    -5.472
    -4.542
    -4.535
    -1.987
    -1.128
    -1.516
    -1.312
    -4.365
    -4.083
    -4.048
    -3.599
    -5.486
    -4.936
    -5.500
    -3.416
    -3.359
    -4.371
    -6.237
    -6.200
    -5.430
    -5.510
    -3.893
    -2.984
    -3.737
    -2.567
    -2.261
    -2.458
    -2.893
    -2.430
    -2.461
    -2.387
    -3.089
    -1.443
    -2.155
    -1.779
    -1.070
    -0.858
     0.593
     1.718
     0.782
     0.826
     0.966
    -0.851
    -0.260
    -0.353
     0.628
     1.536
     1.643
     2.400
     1.562
     0.905
     1.254
     4.648
     4.384
     3.701
     2.452
     5.043
     5.895
     6.666
     7.400
     6.824
     6.486
     7.087
     7.156
     6.735
     5.627
     4.250
     5.051
     5.116
     4.147
     4.826
     3.484
     3.117
     2.740
     3.797
     2.072
    -0.692
    -2.146
     1.341
     1.789
     1.835
     1.063
     0.834
     4.022
     3.171
     1.677
    -1.546
    -1.533
    -3.623
    -1.906
    -0.807
     0.274
     4.258
     4.479
     6.200
     6.063
     6.030
     3.991
     0.750
     0.378
     5.078
     7.783
     9.807
     8.312
     9.323
    11.273
    14.503
    12.173
    13.939
    15.789
    16.854
    16.122
    15.801
    17.485
    14.780
    16.604
    13.362
     9.638
     7.485
     8.851
     5.304
     3.581
     1.774
     0.708
    -1.014
     0.069
    -1.648
    -1.865
    -1.753
    -4.785
    -4.255
    -3.847
    -8.850
   -11.362
   -13.278
   -14.222
   -14.458
   -16.836
   -17.278
   -18.428
   -17.252
   -18.621
   -16.938
   -21.141
   -17.829
   -17.236
   -14.468
   -13.069
   -18.207
   -19.257
   -20.217
   -20.346
   -18.500
   -17.398
   -18.579
   -17.814
   -16.192
   -15.328
   -13.483
   -13.836
   -13.519
   -12.346
   -11.688
    -8.655
    -5.255
    -4.725
    -6.046
    -6.609
    -4.668
    -4.180
    -4.443
    -2.791
    -3.150
    -2.214
    -0.541
    -0.036
     0.259
     0.808
     0.015
     0.077
     1.522
     2.773
     5.515
     4.269
     7.140
     8.399
     8.615
     6.871
     8.501
     6.801
     7.948
     7.268
     8.076
     6.935
     7.058
     8.339
    11.099
     9.230
    11.306
    11.823
    10.710
    10.099
    10.872
     9.958
    10.812
     7.791
     8.133
     7.888
     7.356
    10.657
    11.684
    10.138
     9.234
     9.311
    10.374
    11.902
     8.187
     7.357
     5.989
     5.988
     6.175
     8.951
     8.828
     7.334
     7.641
     7.135
     6.107
     6.103
     4.050
     2.890
     4.070
     4.488
     5.508
     5.345
     2.394
     1.693
     0.991
     2.638
     3.865
     6.251
     6.645
     6.490
     3.120
     1.922
     4.554
     5.961
     5.519
     8.679
     6.862
     5.160
     6.777
     7.135
     5.692
     0.062
    -0.895
    -0.169
    -0.462
    -2.678
    -1.522
    -0.863
    -1.716
    -3.104
    -4.455
    -7.268
    -7.935
    -8.251
    -7.927
    -8.527
    -8.273
   -10.191
    -9.598
    -8.223
   -12.144
   -12.881
   -14.365
   -14.854
   -13.164
   -13.324
   -11.987
   -13.510
   -12.831
   -14.709
   -14.509
   -13.375
   -13.674
   -11.602
   -11.190
   -10.784
    -8.463
    -8.840
    -8.448
    -8.426
    -7.630
    -6.502
    -4.646
    -4.435
    -3.929
    -4.018
    -4.944
    -5.859
    -5.331
    -4.435
    -1.926
    -1.591
    -0.358
    -0.994
    -1.326
     0.991
     1.522
     0.418
    -0.512
     0.984
     1.671
    -0.068
    -2.182
    -3.116
    -3.541
    -2.073
    -3.643
    -2.825
    -1.036
     1.820
     3.734
     6.678
     4.008
     3.474
     0.452
     0.372
    -0.166
     2.236
     2.741
     2.085
     2.022
    -0.184
    -0.386
    -1.066
    -1.164
    -2.374
    -3.499
    -5.190
    -4.076
    -1.060
     1.553
     3.085
     4.989
     7.476
     8.089
     4.312
     4.968
     6.759
     8.543
    14.680
    18.831
    20.146
    18.147
    18.941
    17.245
    21.076
    18.886
    17.897
    19.389
    17.475
    13.250
    14.311
    16.645
    15.789
    14.333
    15.963
    13.466
    12.168
    12.036
    12.957
     9.191
     6.055
     3.702
     4.993
     3.957
     0.022
    -1.368
    -2.366
    -1.674
    -4.410
    -5.614
    -7.417
    -9.375
   -11.022
   -10.338
   -11.288
    -8.205
    -5.395
    -5.770
    -8.018
    -8.779
    -9.217
    -9.328
    -9.679
    -9.628
    -8.095
    -7.078
    -8.311
    -9.431
    -9.250
    -8.196
    -8.211
   -10.428
    -9.423
    -9.700
   -12.983
   -11.844
   -10.028
    -6.985
    -6.628
    -8.168
    -7.131
    -6.323
    -5.943
    -7.110
    -7.545
    -6.346
    -6.757
    -7.615
    -6.339
    -5.923
    -6.422
    -6.976
    -5.647
    -6.192
    -5.619
    -4.829
    -3.890
    -2.533
    -3.930
    -4.528
    -6.671
    -5.394
    -2.264
    -1.739
    -1.137
    -2.367
    -0.985
     0.286
    -0.112
    -0.848
     0.941
     0.669
     1.536
     2.705
     4.758
     5.344
     5.302
     5.130
     3.447
     4.161
     3.840
     4.714
     8.313
     9.376
     9.473
     8.921
     9.517
     9.219
    10.982
    11.733
    12.316
    12.451
    10.495
    10.141
     8.809
     9.011
     8.539
     7.978
     7.305
     7.304
     7.267
     7.912
     9.261
     9.017
     9.035
     8.461
     7.184
     5.167
     3.181
     3.236
     0.845
     0.410
    -2.130
    -2.352
    -3.498
    -2.375
    -3.056
    -4.323
    -3.453
    -4.220
    -1.431
     0.449
     1.685
     1.600
     2.402
     0.499
     0.182
     1.298
     1.770
     0.327
    -0.029
    -0.249
    -0.617
    -0.287
    -1.597
    -2.404
    -2.625
    -3.255
    -3.829
    -3.514
    -4.533
    -3.973
    -5.666
    -4.494
    -7.216
    -7.497
    -6.671
    -6.789
    -7.505
    -7.483
    -8.094
    -8.760
    -7.930
   -10.261
    -9.289
    -9.526
   -10.529
    -8.450
    -8.108
    -9.458
    -7.878
    -6.456
    -6.956
    -7.622
    -6.083
    -6.377
    -5.584
    -4.875
    -3.572
    -3.066
    -4.516
    -3.222
    -2.592
    -2.674
    -1.694
    -1.418
    -0.119
    -0.981
    -0.125
     0.316
    -1.131
    -0.130
     0.865
     1.445
     1.744
     1.328
     0.866
     2.137
     0.908
     1.480
     1.148
     2.459
     0.499
     1.011
    -0.298
     3.996
     4.924
     6.342
     5.536
     6.217
     8.151
     9.733
     9.843
    11.402
    11.016
     9.822
     9.588
     9.692
     8.657
    10.625
    10.265
     9.671
     8.955
     8.472
     7.315
     5.248
     3.752
     4.245
     3.872
     5.191
     5.116
     4.174
     4.840
     4.428
     5.871
     5.748
     5.980
     6.342
     3.860
     4.225
     5.904
     6.694
     7.534
     6.710
     8.590
     7.827
     7.084
     6.092
     4.309
     4.842
     4.707
     3.558
     3.705
     2.703
     0.634
     0.591
    -0.862
    -1.089
    -2.902
    -6.362
    -6.501
    -7.074
    -7.647
    -6.155
    -8.115
    -9.929
   -10.578
   -10.861
   -10.579
   -10.836
   -10.691
   -10.042
    -9.587
   -10.463
   -11.268
   -11.297
   -10.719
    -9.343
    -9.141
    -9.523
    -6.512
    -7.142
    -6.447
    -4.801
    -3.417
    -3.834
    -3.935
    -5.040
    -4.122
    -4.314
    -4.762
    -5.337
    -5.471
    -7.364
    -9.256
   -10.203
    -9.234
    -8.434
    -9.010
    -7.732
    -7.502
    -7.227
    -6.617
    -6.595
    -4.646
    -4.280
    -2.980
    -1.169
     0.140
    -0.198
    -0.552
     1.081
     2.753
     4.777
     6.586
     4.634
     5.575
     5.701
     5.673
     4.479
     2.236
     4.056
     5.395
     5.976
     6.995
     7.232
     7.236
     6.991
     7.256
     5.999
     5.288
     3.091
     3.279
     4.884
     3.536
     4.602
     4.953
     4.030
     0.589
    -0.680
    -1.098
    -0.220
    -0.742
    -2.024
    -2.679
    -2.248
     0.318
     2.808
     1.770
     1.616
     1.555
     2.192
     2.065
     2.831
     2.055
     1.290
     1.330
     3.215
     1.842
     2.270
     3.530
     3.371
     3.256
     3.666
     4.578
     3.915
     3.600
     4.912
     4.049
     2.053
     1.236
     2.045
     4.599
     3.837
     1.498
     3.156
     4.343
     4.935
     5.245
     5.717
     6.386
     8.697
     6.756
     7.249
     6.422
     7.604
     7.156
     6.779
     6.151
     5.211
     6.506
     7.489
     6.262
     7.296
     6.871
     7.003
     5.831
     5.604
     5.915
     6.256
     4.669
     2.670
     1.573
     2.339
    -2.157
    -1.824
    -2.161
    -1.052
    -1.655
    -2.167
    -2.925
    -2.747
    -4.414
    -4.510
    -5.282
    -5.106
    -7.637
    -6.362
    -6.583
    -6.579
    -5.418
    -5.971
    -5.615
    -4.508
    -6.291
    -8.471
    -7.911
    -7.114
    -6.980
    -6.045
    -7.447
    -9.369
   -10.799
   -11.363
   -10.753
   -10.838
   -11.401
   -11.536
   -11.708
    -9.989
   -10.071
   -10.255
   -10.610
   -11.978
   -11.792
    -9.776
    -8.561
    -7.542
    -7.033
    -8.039
    -7.895
    -8.202
    -5.639
    -9.522
   -14.419
   -15.247
   -16.881
   -17.772
   -18.312
   -18.410
   -18.369
   -17.576
   -16.204
   -15.427
   -15.121
   -12.149
    -8.156
    -4.584
    -0.281
     1.032
     3.339
     6.304
     7.826
     8.523
    10.118
    12.036
    14.035
    16.014
    18.513
    21.032
    23.068
    21.766
    21.540
    21.133
    20.102
    18.632
    20.542
    17.865
    17.382
    16.519
    14.231
    14.389
    16.092
    16.572
    16.568
    13.070
    11.589
    13.687
    15.095
    14.789
    14.608
    14.610
    14.456
    13.040
    10.389
     9.229
     6.437
     4.507
     3.760
     2.965
     1.643
     1.673
    -0.036
    -2.374
    -1.388
    -1.338
    -3.110
    -4.424
    -4.020
    -2.492
    -5.298
    -2.261
    -0.900
     4.142
     3.394
     0.862
     1.399
     0.514
     0.288
    -1.447
    -2.811
    -1.164
     1.459
     2.599
     0.932
     0.750
     1.408
     1.399
    -0.311
     1.064
    -0.778
    -0.016
    -3.203
    -4.929
    -5.480
    -5.724
    -7.767
    -6.588
    -7.408
    -5.969
    -6.894
    -5.089
    -4.306
    -4.261
    -5.660
    -4.377
    -3.739
    -5.446
    -5.840
    -7.443
   -10.656
   -13.227
   -11.649
   -11.956
   -10.105
    -7.446
    -4.694
    -5.702
    -5.380
    -6.648
    -9.248
    -7.627
    -8.128
   -12.248
   -14.349
   -15.527
   -14.929
   -14.997
   -12.483
   -11.862
    -8.706
    -9.943
    -7.420
    -5.219
    -4.038
    -7.668
   -10.725
   -12.155
   -11.794
   -12.704
   -13.483
   -16.780
   -18.270
   -20.289
   -17.147
   -15.080
   -16.434
   -17.987
   -16.234
   -15.326
   -11.633
     6.853
    70.728
    48.038
    31.534
    32.841
    35.913
    32.594
    31.566
    30.137
    35.848
    32.246
    29.795
    25.489
    23.313
    19.230
    19.043
    18.039
    19.363
    20.804
    16.877
    10.675
     0.517
    -1.817
     5.912
    13.855
    11.905
     4.338
     0.267
    -4.722
    -4.793
    -6.321
   -12.587
   -16.780
   -21.434
   -19.096
   -18.968
   -22.394
   -26.308
   -29.279
   -26.493
   -24.242
   -23.900
   -16.519
   -12.646
   -12.192
    -9.530
    -9.812
   -13.014
   -11.534
    -6.030
    -5.392
    -8.261
    -8.756
    -8.740
    -5.000
    -4.523
     3.743
     8.146
     8.490
    10.537
    14.687
     7.404
     9.154
    11.888
    10.744
     8.004
     7.821
    13.035
    17.705
    10.375
     7.554
     8.749
     3.549
     2.159
     2.953
     4.001
     8.232
     1.865
     6.878
    12.848
    13.263
     7.437
    12.433
    14.194
    11.595
    10.162
     9.874
    13.770
     7.150
     7.003
    11.794
     8.023
     9.344
     9.701
     9.005
     9.936
     7.966
     6.933
     4.445
     2.282
     6.425
    11.052
     7.287
     4.200
     1.594
    -2.880
    -8.545
   -15.001
   -15.515
   -19.146
   -19.584
   -23.035
   -24.544
   -25.285
   -23.627
   -26.229
   -31.005
   -33.193
   -32.614
   -30.328
   -32.172
   -33.747
   -32.453
   -20.210
   -10.490
   -21.329
   -22.783
    -7.579
    -6.753
   -11.130
     7.106
    13.111
    -6.028
     0.405
    14.709
    46.500
    23.956
     2.614
     2.425
    16.801
    18.221
    10.530
     5.448
    12.647
    13.082
     7.767
    15.694
    15.071
    11.319
    15.521
     6.974
     2.840
    10.719
    19.446
    10.630
     9.523
    12.329
    12.295
     3.767
     1.745
     1.911
     5.867
     4.545
     8.683
    -1.504
    12.543
     6.810
    13.665
    20.663
    12.662
   -15.320
   -10.198
    -0.958
     7.726
     3.950
    -7.099
    -3.455
     3.460
     1.163
    -3.810
     2.347
    -8.415
   -31.030
   -26.011
   -14.037
   -19.555
   -17.514
   -11.885
    -8.163
   -10.071
   -12.362
    -5.453
   -12.461
   -11.468
   -11.976
    -7.409
   -12.682
    -3.272
    -3.092
     0.114
     0.850
     1.683
     0.934
     2.418
     5.175
    -0.851
    -2.180
     5.588
     8.699
     6.429
     3.898
     3.199
    -0.783
     2.528
    -1.455
     1.452
    -1.116
    -2.396
     1.161
    -4.592
    -2.073
    -6.500
    -6.336
    -4.592
    -1.687
    -3.744
    -1.604
    -4.826
    -2.765
    -5.151
     0.295
    -0.874
    -0.328
     3.888
     6.216
     1.895
     3.955
     7.091
     2.739
     4.934
     2.208
     7.052
     8.692
     7.954
     9.350
     8.848
     9.755
    10.547
    12.347
     8.937
     8.296
     6.391
     6.140
     7.685
     8.834
    12.337
    14.421
     9.986
    16.758
     8.430
     8.644
     7.341
     6.682
     8.129
     1.898
     6.548
    18.551
    17.503
     6.404
     3.148
    -2.576
     2.319
     7.467
     4.764
    -5.972
    -7.411
    -7.432
    -8.715
   -12.173
   -10.836
    -6.534
    -4.403
    -0.175
     2.008
     1.691
    -2.353
     0.270
     2.542
     2.502
    -1.240
    -2.260
    -0.707
    -3.419
    -3.855
    -9.199
    -7.958
   -10.179
   -12.660
    -6.518
    -8.971
   -15.718
   -14.494
    -3.761
    -5.324
    -9.832
   -16.368
   -20.560
   -14.948
   -11.021
   -15.353
    -7.844
    -9.401
    -4.558
   -20.627
   -11.338
   -15.909
   -11.816
    -7.764
    -9.022
    -1.069
    -7.118
     0.951
    -0.417
     2.192
     3.350
     3.240
     3.700
     3.330
    -0.121
     8.386
     4.972
     3.975
    -2.461
    -3.731
    -6.242
    -3.304
     1.158
     3.472
     6.145
     2.461
    -1.921
    -4.740
     5.421
     7.828
     4.912
     4.067
     5.304
     5.800
    16.775
     7.367
     6.045
    10.235
     5.403
     3.785
     1.710
    -2.750
    -0.744
     3.801
     1.293
    -0.668
    -4.422
    -5.092
     5.517
     8.284
    -3.671
    -1.736
     5.643
    12.676
    18.495
    -3.381
     1.711
     8.879
    -0.291
     2.109
     2.674
    -2.437
    -2.544
     5.861
    -1.339
     5.149
     6.477
     2.559
     4.582
     3.768
     7.634
     4.203
     6.422
     1.380
    -1.880
    -1.862
    -1.065
    -1.575
    -2.153
    -4.039
    -2.936
    -0.626
     2.077
     1.296
     0.468
     4.468
     2.931
    -2.829
     0.751
     2.815
     2.664
     1.738
    -2.499
     1.025
    -1.227
    -3.296
    -5.544
    -1.884
     5.121
     5.272
     1.884
     0.046
     7.300
     0.452
     1.307
     1.877
     3.551
     1.928
     3.336
     3.327
     1.915
     2.363
     3.198
     0.009
     1.846
     2.793
    -1.197
    -0.773
     1.041
     2.365
     0.638
    -2.526
    -1.458
     5.234
     0.856
     0.070
    -3.258
    -3.901
     2.367
     1.391
     0.668
    -1.559
    -4.164
    -4.962
    -3.846
     8.045
    -3.344
    -7.832
    -6.392
    -2.058
    -1.742
    -1.690
    -1.535
    -3.381
    -3.750
    -2.907
    -4.237
    -5.883
    -4.727
    -4.936
    -5.230
    -5.420
    -3.805
    -2.170
    -5.068
    -3.259
    -3.132
    -4.438
    -4.209
    -6.355
    -3.819
    -4.449
    -3.776
    -2.138
    -1.928
    -2.138
     2.147
    -2.200
     0.906
     0.337
     0.807
    -0.878
    -1.559
    -1.492
    -0.729
    -2.038
    -1.187
    -1.713
    -1.628
    -0.965
     1.487
     2.321
     3.801
     3.386
     3.208
     3.351
     2.133
     1.828
     2.187
     0.047
     0.273
    -0.025
    -1.126
    -3.426
    -3.149
    -0.451
    -4.212
    -4.944
    -4.060
    -3.871
    -3.417
    -5.818
    -5.689
    -6.777
    -7.243
    -5.767
    -5.726
    -7.461
    -7.853
    -6.281
    -4.984
    -5.676
    -5.714
    -5.696
    -3.908
    -4.224
    -4.058
    -5.001
    -6.050
    -4.462
    -4.227
    -1.536
     2.195
    -1.124
     0.737
     3.007
     4.316
     5.843
     6.965
     7.787
     8.386
    10.111
    10.655
    11.953
    12.243
    15.913
    14.650
    14.727
    13.310
    12.832
    12.194
    12.206
     5.866
     3.494
     4.793
     6.789
     3.057
     2.401
     1.515
     0.948
     1.049
     4.193
     6.279
     5.554
     8.509
     9.700
    12.451
    12.757
    12.282
     9.706
    10.391
     7.251
     7.639
     7.816
     7.441
     9.889
    14.930
    17.234
    17.167
    12.086
    15.521
     9.085
     0.306
     0.788
    -2.833
    -9.332
    -9.537
   -10.771
   -12.525
   -12.423
   -12.866
   -12.589
   -11.932
   -12.986
   -11.821
    -9.599
    -8.954
    -6.680
    -6.582
    -6.015
    -5.347
    -2.257
     1.081
     5.961
     6.932
     7.655
     4.516
     5.021
     6.668
     6.018
     4.338
     3.041
     2.404
    -2.682
    -2.879
    -1.448
    -2.186
    -4.234
    -3.444
    -5.792
    -5.406
    -8.021
    -7.208
    -8.449
    -7.660
    -8.654
    -9.396
    -7.857
    -6.453
    -4.079
    -5.516
    -6.901
    -8.893
   -10.600
    -9.947
   -10.941
   -10.642
   -12.719
   -17.068
   -17.708
   -19.069
   -20.182
   -19.038
   -18.817
   -19.219
   -20.138
   -20.153
   -20.476
   -20.036
   -20.756
   -19.995
   -18.147
   -17.585
   -17.715
   -16.759
   -17.308
   -17.906
   -16.008
   -14.669
   -13.257
    -9.810
    -6.439
    -2.474
     0.326
     2.213
     4.569
     6.366
     7.430
     7.062
     5.106
     5.639
     7.624
    11.077
    17.984
    19.865
    20.311
    19.669
    24.778
    29.732
    32.846
    30.055
    31.243
    33.956
    32.861
    33.037
    30.384
    26.394
    21.137
    18.931
    14.600
    13.283
    13.150
    10.294
     8.995
    11.225
    15.565
    14.945
    17.687
    17.084
    12.707
    11.637
    11.370
     9.197
    10.124
     9.862
    10.904
    11.836
    14.177
    13.692
    12.366
    12.129
    10.585
     9.930
     7.107
     5.175
     3.754
     6.662
     5.910
     4.868
     3.053
     1.309
     1.455
     1.790
     1.267
     1.627
     0.250
    -2.190
    -3.173
    -2.380
    -1.812
    -2.530
    -6.825
   -10.107
   -13.158
   -13.667
   -16.691
   -20.582
   -21.374
   -22.430
   -21.689
   -22.608
   -25.952
   -24.954
   -25.424
   -25.073
   -23.987
   -21.837
   -21.227
   -21.604
   -21.670
   -18.136
   -16.012
   -11.927
   -14.397
   -14.036
   -12.725
   -14.171
   -11.919
   -11.507
   -12.363
   -13.525
   -16.596
   -16.305
   -14.968
   -10.944
    -7.454
    -7.259
    -0.895
     0.899
     0.707
     0.940
    -2.205
    -4.908
    -5.839
    -2.777
     1.559
     4.447
     9.663
    10.675
    10.268
    10.074
    11.436
     6.895
     4.644
     9.703
    12.113
    11.765
    11.154
    12.502
    12.014
    15.896
    16.515
    15.426
     9.732
     9.232
    10.031
    10.518
     9.571
     6.886
     7.567
     8.281
    10.470
     8.747
     2.681
    -2.889
    -4.521
    -9.009
   -12.295
    -9.369
   -10.077
    -9.764
    -6.776
    -5.189
    -6.161
    -4.687
    -5.835
    -5.486
    -5.786
    -8.594
    -5.140
    -6.071
    -6.900
    -4.939
    -5.247
    -2.606
     1.805
    -2.167
    -4.033
    -1.906
    -3.510
    -3.638
    -4.134
    -1.148
     0.787
     5.922
     7.136
     9.661
    15.147
    18.116
    20.285
    23.845
    23.779
    22.550
    21.227
    22.206
    16.428
    10.726
     8.535
     7.276
     5.240
     3.275
     3.247
     3.326
     4.543
     5.230
     3.181
     1.985
     0.940
     0.875
    -0.011
    -0.259
     3.580
     5.428
     6.863
     6.042
     5.207
     3.848
     2.346
     0.976
    -2.052
    -3.673
    -7.222
   -12.587
   -11.425
    -5.831
    -1.501
     1.913
     4.842
     1.802
    -1.615
    -2.508
    -5.635
    -6.388
    -7.377
    -3.170
    -1.011
     3.487
     8.790
    11.281
    10.598
     5.001
    -4.633
   -10.901
   -15.007
   -17.602
   -16.519
   -10.416
    -4.998
    -0.857
     2.348
     2.071
     0.280
    -3.104
    -4.376
    -7.185
    -8.763
    -9.629
   -11.243
    -8.497
    -7.631
    -7.456
    -6.662
    -7.105
    -7.079
    -7.970
    -8.188
    -6.575
    -6.917
    -6.247
    -5.697
    -5.839
    -5.473
    -6.865
    -6.857
    -6.805
    -9.273
    -8.362
    -7.727
    -2.196
    -0.650
     3.927
     6.481
     9.979
    10.744
     6.993
     6.446
     4.300
     2.542
     1.114
    -0.139
    -0.672
    -1.068
    -1.384
    -1.179
    -1.532
    -0.484
     0.886
     0.968
    -0.526
    -0.003
     0.183
     0.929
     0.339
    -0.343
    -0.496
    -2.036
    -1.839
    -0.301
    -0.893
    -0.590
    -1.265
    -1.683
    -0.878
    -0.184
     0.370
    -0.336
    -2.018
    -2.465
    -0.039
     1.025
     0.822
    -0.172
    -0.186
     1.457
     1.391
     1.038
     1.568
     3.581
     4.542
     5.006
     3.603
     3.559
     3.804
     3.739
     6.147
     5.394
     6.404
     6.714
     6.458
     6.435
     6.225
     4.929
     2.935
     2.524
     2.925
     2.036
     1.615
     2.193
     1.561
     2.337
     2.270
     1.444
     1.517
     3.279
     4.009
     5.059
     6.477
     8.029
     9.083
     9.925
     9.408
     8.638
     9.769
     7.628
     6.448
     5.061
     5.604
     5.929
     4.982
     3.458
     5.179
     6.221
     5.229
     3.815
     2.973
     0.083
    -1.121
    -2.778
    -4.450
    -5.420
    -7.090
    -7.199
    -8.014
    -7.207
    -5.812
    -4.537
    -3.756
    -5.428
    -6.695
    -7.238
    -6.989
    -7.498
    -5.803
    -5.430
    -5.715
    -5.311
    -3.740
    -3.120
    -1.637
    -1.124
    -0.346
    -1.472
    -1.493
    -1.270
    -1.850
    -1.976
    -3.179
    -3.835
    -2.267
    -1.889
    -1.772
    -1.375
    -1.600
    -2.085
    -1.371
    -1.875
    -1.746
    -1.595
    -2.275
    -2.104
    -3.642
    -3.224
    -2.618
    -3.775
    -3.609
    -3.519
    -4.278
    -3.221
    -2.511
    -3.578
    -3.154
    -3.541
    -3.032
    -2.820
    -2.940
    -2.793
    -3.687
    -4.050
    -2.390
    -1.848
    -1.702
    -2.249
    -0.672
    -0.264
     1.032
     1.103
     4.385
     2.681
     2.780
     2.647
     2.699
     2.117
     3.651
     3.619
     1.725
     0.710
     1.360
     1.249
     0.712
     2.845
     1.959
     0.769
     1.657
     1.652
     2.210
     1.311
     0.761
     0.066
    -0.230
    -0.913
    -0.043
    -0.317
    -0.003
     0.356
    -0.308
    -0.828
     0.315
     0.375
     0.978
     1.160
     1.157
     1.102
     2.338
     0.608
     0.956
     0.783
    -0.091
    -0.086
    -0.577
    -1.216
    -1.288
    -1.071
    -0.412
     0.730
     0.724
     2.127
     2.595
     2.339
     3.834
     3.183
     3.626
     2.600
     1.614
     2.419
     1.489
     1.112
     0.094
     0.461
    -0.701
    -0.489
    -0.055
    -0.227
    -1.644
    -1.125
    -2.018
     0.747
     1.443
     1.374
     1.492
     0.741
     0.892
     3.244
     1.040
     0.649
     2.697
     2.514
     2.992
     1.986
     3.249
     3.152
     2.400
     2.595
     1.950
     2.920
     1.465
     3.739
     4.557
     3.864
     3.369
     2.261
     2.726
     2.664
     2.464
     2.807
     1.866
     2.533
     1.712
     1.068
     2.114
     1.097
     0.854
     0.578
     0.326
    -2.330
    -0.972
    -1.269
    -0.917
    -1.169
    -1.267
    -1.802
    -1.534
    -1.435
    -1.592
    -1.008
    -0.941
    -0.728
    -0.167
    -0.938
    -0.690
    -2.779
    -1.425
    -0.837
    -0.295
    -1.419
    -1.815
    -2.102
    -2.400
    -1.208
    -2.792
    -1.618
    -1.961
    -1.631
    -2.039
    -1.999
    -4.371
    -3.319
    -3.573
    -1.342
    -1.866
    -1.729
    -1.804
    -1.729
    -2.179
    -1.725
    -0.221
    -1.506
    -1.590
    -2.240
    -2.722
    -2.328
    -2.703
    -3.401
    -4.500
    -5.380
    -6.287
    -4.820
    -5.272
    -4.415
    -5.657
    -5.165
    -5.902
    -6.308
    -5.494
    -5.316
    -6.346
    -5.800
    -6.681
    -6.631
    -5.787
    -5.962
    -6.312
    -5.313
    -6.439
    -4.767
    -4.325
    -4.280
    -4.106
    -2.124
     1.390
     3.697
     5.113
     4.504
     8.476
    11.161
    10.672
    10.814
    10.566
    10.024
     7.821
     5.714
     6.359
     4.997
     5.117
     2.967
     2.959
     3.164
     2.978
     3.485
     4.418
     6.085
     6.597
     4.806
     5.500
     6.107
     5.384
     3.846
     3.064
     3.780
     5.650
     3.340
     1.374
     0.703
     2.351
     1.070
     2.087
     0.616
     2.987
     3.261
     1.767
     1.191
    -0.587
    -0.173
     1.071
     1.814
     1.874
     1.588
     2.039
     0.832
     2.009
     1.625
     3.397
     3.353
     3.961
     0.786
     0.331
     0.862
     2.780
    -0.753
    -2.187
    -2.760
    -0.676
     0.768
     1.756
     1.694
    -1.879
    -4.302
    -4.114
    -3.669
    -1.952
    -1.342
    -1.142
    -1.393
    -2.832
    -2.488
    -3.802
    -4.209
    -4.647
    -3.986
    -3.547
    -2.214
    -2.527
    -3.047
    -3.010
    -2.850
    -2.358
    -3.626
    -3.340
    -3.057
    -1.246
    -0.656
    -0.124
     0.029
     1.009
     1.093
    -0.407
    -0.667
    -0.675
     0.199
    -0.934
    -0.572
    -0.437
     0.884
     0.507
     0.452
    -0.603
     0.397
     0.604
    -2.505
    -2.566
    -1.787
    -1.191
    -1.360
    -0.848
    -2.664
    -2.185
    -2.192
    -1.168
    -1.823
    -0.760
     0.242
     1.032
     0.857
     1.417
     0.178
    -0.628
    -1.337
    -1.664
    -0.789
    -1.407
    -1.279
    -2.555
    -2.154
    -0.453
    -0.813
    -0.765
     0.483
    -0.630
     0.226
    -1.142
    -1.348
    -1.691
    -0.296
    -0.184
    -1.433
    -1.298
    -3.150
    -1.576
    -0.305
     0.736
     2.266
     2.286
     1.873
     1.826
    -0.157
     1.318
     0.955
     1.978
    -0.384
     0.040
     0.415
     0.790
     1.017
     0.891
     1.040
     1.097
     1.593
     1.858
     2.031
     1.676
     0.791
     2.878
     2.674
     2.066
     1.058
     1.087
     2.047
     2.292
     1.378
     1.578
     0.993
     0.771
     1.198
     0.945
     0.168
     0.385
     0.067
     0.536
     1.023
     1.047
     1.390
     0.679
    -0.254
    -0.004
    -0.865
     0.789
    -0.870
    -0.108
    -0.211
     1.353
     0.996
     1.192
     0.560
     0.156
    -0.474
     1.189
    -1.343
    -0.969
    -2.004
    -1.128
    -0.065
    -0.932
    -0.915
     0.980
     2.055
     2.077
     1.632
     0.167
    -0.171
     0.889
     1.285
     1.547
     2.262
     2.749
     1.410
     0.359
     0.461
    -0.229
     1.015
     0.452
     1.694
     2.474
     0.773
     0.093
     0.251
    -0.537
    -0.665
    -1.296
    -0.560
     1.495
     0.857
     1.562
    -0.289
    -0.264
     0.295
    -0.849
    -1.068
     0.475
     0.263
    -1.289
    -1.601
    -2.211
    -1.171
    -1.937
    -0.269
    -0.807
    -2.389
    -2.332
    -1.304
    -0.316
    -2.328
    -2.069
    -0.357
    -1.754
    -1.424
    -1.940
    -1.259
    -1.053
    -0.909
    -2.500
    -3.325
    -1.992
    -2.529
    -2.339
    -0.978
    -2.309
    -1.492
    -0.681
    -1.671
    -2.208
    -2.519
    -3.517
    -2.547
    -2.478
    -2.998
    -1.784
    -1.656
    -0.462
    -1.472
    -1.976
    -0.528
    -0.907
    -1.042
    -0.776
    -0.894
    -1.237
    -0.702
    -1.717
    -0.708
    -1.260
     1.761
     2.186
     1.339
     1.701
     1.953
     2.114
     1.274
     1.680
     2.761
     2.190
     2.933
     3.215
     3.585
     2.283
     2.312
     1.923
     3.909
     4.699
     4.210
     3.330
     5.139
     3.583
     4.561
     5.274
     4.140
     5.266
     4.720
     4.374
     5.304
     4.777
     4.189
     4.069
     2.776
     1.985
     1.181
     2.783
     1.153
     1.578
     1.962
     0.864
     0.701
    -0.600
     0.223
     2.702
     1.808
     2.056
     2.674
     1.103
     0.268
    -0.008
    -1.467
    -2.600
    -2.264
    -4.525
    -6.487
    -5.016
    -4.688
    -8.367
    -6.294
    -6.781
    -6.820
    -5.172
    -7.367
    -3.059
    -6.938
    -6.452
    -4.491
    -1.722
     0.237
    -2.026
    -1.119
    -0.756
    -0.289
     0.318
     0.802
    -1.507
    -1.658
    -1.859
    -1.771
    -3.159
    -4.144
    -4.587
    -6.437
    -5.352
    -3.981
    -3.677
    -6.127
    -4.718
    -3.224
    -5.479
    -4.984
    -6.036
    -5.465
    -2.849
    -6.066
    -4.485
    -9.693
    -8.471
    -7.244
   -10.482
    -7.622
    -9.145
    -5.164
    -2.243
    -3.632
    -2.532
    -1.002
     1.349
     2.590
     3.649
     4.943
     3.870
     6.355
     7.631
     8.820
    12.104
    12.845
    11.391
    13.367
    12.825
    12.042
    13.040
    16.544
    18.882
    11.767
    10.133
    10.763
     9.155
    20.411
     4.529
     6.995
    12.164
    14.789
    11.559
    14.021
     9.744
    11.505
     6.416
     3.267
     2.683
     5.329
     5.397
     7.313
     2.905
    -1.213
     0.546
     0.214
    -0.016
    -1.354
    -1.031
     0.574
     0.366
     0.118
    -1.775
    -1.346
    -1.339
    -1.060
    -2.846
    -2.566
    -4.112
    -2.687
    -3.749
    -4.041
    -4.542
    -5.257
    -6.444
    -5.063
    -6.648
    -5.302
    -6.148
    -4.455
    -7.396
    -6.970
    -8.236
    -8.234
    -8.942
    -8.830
    -6.885
    -6.558
    -7.771
    -8.064
    -8.523
    -7.672
    -8.034
    -8.464
    -8.524
    -8.918
    -8.694
    -8.171
    -8.190
    -7.658
    -7.183
    -7.091
    -6.603
    -6.669
    -6.618
    -5.961
    -5.606
    -5.488
    -4.652
    -4.967
    -4.696
    -4.497
    -4.355
    -4.364
    -3.730
    -3.544
    -3.069
    -3.499
    -2.609
    -2.253
    -1.895
    -1.826
    -1.386
    -1.028
    -0.705
    -0.439
    -0.052
     0.262
     0.631
     0.936
     1.282
     1.582
     1.954
     2.247
     2.603
     2.887
     3.246
