     3.608
     3.969
     4.343
     4.687
     5.047
     5.372
     5.721
     6.029
     6.351
     6.655
     6.961
     7.202
     7.466
     7.721
     7.947
     8.125
     8.271
     8.368
     8.519
     8.652
     8.743
     8.681
     8.726
     8.751
     8.863
     8.803
     8.862
     8.788
     8.563
     8.724
     8.595
     8.247
     8.016
     7.616
     7.485
     7.131
     6.720
     6.581
     6.042
     5.723
     5.343
     4.924
     4.178
     3.715
     3.166
     2.582
     2.181
     1.620
     0.768
     0.377
    -0.190
    -0.922
    -1.595
    -2.200
    -3.055
    -4.043
    -4.795
    -5.670
    -5.554
    -5.779
    -6.778
    -7.174
    -6.919
    -6.117
    -6.533
    -6.807
    -5.972
    -4.229
    -3.962
    -4.217
    -2.924
    -2.467
    -2.545
    -2.632
    -2.305
    -1.602
    -1.414
    -1.339
    -0.743
    -0.131
    -0.902
    -0.883
    -0.208
     0.190
     2.454
     4.152
     3.780
     2.588
     0.314
    -0.320
    -1.917
    -4.234
    -5.877
    -7.019
    -8.952
   -11.311
   -12.636
   -11.720
    -9.975
    -8.060
    -7.027
    -4.459
    -4.216
    -3.335
    -4.069
    -5.197
    -4.974
    -4.414
    -3.366
    -2.380
    -2.725
    -3.766
    -4.235
    -5.615
    -3.848
    -2.803
    -4.193
    -4.842
    -5.156
    -4.947
    -3.341
    -3.840
    -4.754
    -4.378
    -3.611
    -4.121
    -1.901
    -1.800
    -1.344
    -0.617
    -0.566
    -0.921
    -0.703
     0.032
    -1.002
    -0.319
     0.898
     2.339
     2.003
     1.789
     2.396
     3.199
     3.809
     3.598
     4.443
     4.123
     2.641
     2.783
     2.337
     1.314
     1.161
     2.308
     3.480
     4.196
     2.937
     3.375
     2.731
     4.618
     7.128
     6.185
     4.386
     4.926
     6.631
     6.621
     7.343
     7.672
     8.611
     7.169
     8.377
     7.156
     5.545
     6.029
     4.601
     4.425
     3.674
     2.042
     1.179
     1.457
     0.297
     0.186
    -0.035
    -1.139
    -2.222
    -1.314
    -0.524
     0.931
    -0.909
     0.436
     0.890
     3.089
     0.337
     0.306
    -2.093
    -2.582
    -4.874
    -3.844
    -2.875
     1.317
     3.628
     4.450
     4.722
     4.863
     3.629
     0.456
    -0.655
     0.404
     4.597
     5.989
     5.957
     8.023
     8.027
    11.103
    11.637
    11.889
    13.045
    15.218
    13.655
    12.329
    14.253
    13.951
    13.998
    13.989
    10.739
     6.640
     7.669
     5.916
     3.113
     0.888
    -1.006
    -1.912
    -3.992
    -3.390
    -5.143
    -3.335
    -5.587
    -5.182
    -4.743
    -7.920
   -11.384
   -12.169
   -14.071
   -14.547
   -15.942
   -15.590
   -16.318
   -16.542
   -15.365
   -16.826
   -16.531
   -18.140
   -13.809
   -14.843
   -12.115
   -11.321
   -17.316
   -19.692
   -19.187
   -17.163
   -15.785
   -17.273
   -17.605
   -14.413
   -14.543
   -13.483
   -11.874
   -10.803
   -10.810
    -8.333
    -7.115
    -5.648
    -4.668
    -4.815
    -5.386
    -4.852
    -2.578
    -1.101
    -1.614
    -1.065
    -1.564
    -0.361
     1.092
     1.849
     2.009
     1.786
     2.269
     3.451
     3.269
     5.039
     6.186
     7.394
     8.351
     8.008
     8.510
     7.261
     7.193
     7.720
     7.719
     8.591
     7.405
     8.016
     8.691
    10.396
    10.668
    11.780
    12.119
    13.492
    12.649
    12.281
    11.186
    10.680
     8.892
     8.676
     8.258
     7.423
     7.989
    10.543
     8.506
     8.273
     7.864
     8.269
     9.152
     7.879
     6.260
     6.405
     5.723
     5.662
     8.312
     9.142
     8.509
     7.372
     6.660
     5.950
     5.822
     4.888
     3.325
     3.017
     4.247
     6.026
     5.561
     4.460
     3.679
     3.364
     3.431
     4.258
     6.505
     7.148
     8.242
     3.862
     1.286
     3.620
     4.617
     5.868
     3.723
     3.542
     2.485
     1.948
     4.118
     3.023
    -1.345
    -2.328
    -3.163
    -3.115
    -4.368
    -4.851
    -1.863
    -2.989
    -5.310
    -8.254
    -9.998
    -9.881
   -10.271
   -10.073
   -12.244
   -10.422
   -10.319
   -12.353
   -12.240
   -13.210
   -13.456
   -14.251
   -15.542
   -14.254
   -13.578
   -13.226
   -12.524
   -12.712
   -13.431
   -13.449
   -13.663
   -12.137
   -11.140
    -9.846
    -8.629
    -8.534
    -8.384
    -7.150
    -6.837
    -6.129
    -5.116
    -5.165
    -4.471
    -3.654
    -3.591
    -4.572
    -5.119
    -4.178
    -3.252
    -1.506
    -0.465
     0.589
    -1.116
    -1.655
    -1.158
     1.425
     1.986
     0.098
     0.638
     1.386
    -0.533
    -1.368
    -3.454
    -1.895
    -1.286
    -2.324
    -0.816
     0.350
     3.628
     6.777
     8.331
     7.191
     5.725
     3.115
     1.657
     2.145
     2.930
     3.845
     6.114
     4.779
     1.607
     0.482
     0.624
     1.006
    -1.698
    -1.148
    -2.513
    -2.016
     0.142
     3.048
     4.672
     7.238
     9.323
     8.790
     7.740
     5.509
     6.434
     9.879
    12.672
    17.002
    19.009
    18.679
    16.907
    17.638
    21.865
    21.438
    19.415
    18.946
    18.856
    16.333
    12.909
    14.073
    13.563
    11.776
    11.369
    10.096
     9.598
    10.176
     9.128
     6.023
     5.703
     3.390
     1.407
     1.086
    -1.486
    -2.553
    -2.115
    -2.917
    -6.459
    -7.057
    -8.811
   -10.914
   -10.702
   -11.192
   -11.058
    -8.979
    -7.387
    -7.169
    -8.008
    -8.291
   -10.102
    -8.747
    -9.410
    -9.323
    -7.737
    -6.929
    -7.214
    -7.878
    -9.039
    -9.646
    -9.339
    -9.589
   -11.268
    -9.858
   -13.377
   -14.360
    -9.746
    -8.411
    -7.326
    -7.301
    -7.358
    -6.402
    -6.482
    -5.432
    -6.386
    -7.266
    -7.255
    -6.105
    -5.364
    -5.685
    -5.684
    -6.465
    -6.758
    -6.238
    -4.700
    -2.511
    -1.518
    -2.338
    -3.108
    -3.649
    -5.150
    -6.473
    -4.029
    -2.315
    -1.857
    -2.336
    -1.457
     0.405
    -0.402
     0.256
     0.201
     0.350
     1.732
     2.463
     4.499
     6.281
     5.507
     4.205
     3.381
     3.689
     3.755
     5.338
     7.966
     9.636
     8.284
     7.824
     8.712
     9.192
    10.467
    11.051
    11.379
    11.510
    10.470
    10.186
     8.549
     7.822
     8.150
     8.573
     6.498
     7.190
     6.334
     6.642
     7.283
     7.070
     8.123
     8.122
     7.353
     5.917
     3.580
     1.626
     0.445
    -0.470
    -0.787
    -2.614
    -3.346
    -2.781
    -2.800
    -2.946
    -3.622
    -3.641
    -2.071
    -0.671
     0.991
     1.360
     1.609
     0.539
     1.275
     0.606
     1.754
     1.497
     1.190
     1.075
     0.325
     0.677
     1.371
     1.045
    -0.213
     0.859
    -1.294
    -2.652
    -2.410
    -2.533
    -3.306
    -3.098
    -5.510
    -5.892
    -6.866
    -5.152
    -6.788
    -7.276
    -8.696
    -7.183
    -8.277
    -8.607
    -7.774
    -7.591
    -9.130
    -8.143
    -8.469
    -6.987
    -5.962
    -6.354
    -4.749
    -6.836
    -5.946
    -5.809
    -5.916
    -4.246
    -3.452
    -2.989
    -3.904
    -3.686
    -2.500
    -1.952
    -1.246
    -1.098
    -1.351
    -1.238
    -0.668
     0.024
    -1.065
    -0.206
     0.193
     0.619
     0.510
     0.542
    -0.276
    -0.719
    -0.041
    -0.401
     0.632
     0.780
    -0.339
     2.012
     0.991
     3.030
     5.296
     4.198
     6.390
     7.369
     9.300
     8.369
     9.692
     8.735
     8.279
     7.858
     7.875
     8.706
     7.645
     8.024
     9.103
     8.450
     7.175
     6.729
     5.695
     3.642
     1.974
     3.217
     3.401
     4.548
     3.723
     2.896
     2.720
     4.207
     4.269
     4.980
     7.237
     6.290
     5.457
     6.307
     5.254
     6.283
     7.788
     7.396
     6.728
     6.703
     6.294
     5.090
     4.075
     3.163
     3.170
     2.803
     2.360
     2.009
     0.107
    -1.287
    -1.897
    -3.167
    -4.328
    -7.005
    -7.328
    -7.682
    -7.515
    -7.190
    -8.036
    -9.381
   -10.287
    -9.456
   -10.334
   -10.282
   -10.885
   -10.327
   -10.434
   -11.427
   -11.484
   -11.790
   -10.672
   -10.888
   -10.055
   -11.202
    -7.343
    -7.427
    -6.123
    -4.356
    -3.317
    -4.317
    -4.937
    -5.051
    -3.744
    -2.605
    -3.470
    -3.736
    -3.052
    -3.562
    -5.556
    -7.572
    -8.423
    -7.637
    -6.167
    -5.465
    -5.088
    -4.549
    -4.441
    -3.239
    -2.570
    -1.328
    -0.630
     1.619
     2.508
     2.310
     2.653
     3.430
     4.528
     4.382
     7.486
     5.668
     7.499
     7.197
     7.295
     7.184
     5.153
     5.065
     5.998
     7.795
     8.536
     8.937
     9.413
     8.177
     7.504
     7.880
     6.310
     5.108
     5.369
     4.887
     4.328
     5.403
     5.869
     3.978
     0.172
    -0.787
    -1.813
    -1.102
    -0.892
    -1.500
    -4.025
    -2.807
    -0.943
     1.492
     2.348
     1.633
     1.266
     1.216
     1.598
     1.252
     0.926
     1.632
     0.927
     0.865
     0.293
     0.613
     1.781
     0.773
     1.055
     1.452
     1.731
     1.188
     0.296
     0.464
    -1.018
    -2.583
     1.318
     2.193
     2.884
     3.436
     1.627
     3.138
     5.517
     5.009
     5.283
     4.931
     6.581
     8.423
     7.956
     6.433
     5.757
     6.672
     5.243
     4.476
     4.202
     2.882
     2.990
     4.101
     3.820
     3.492
     4.443
     4.209
     3.980
     3.691
     3.846
     4.617
     4.198
     1.174
     0.812
    -0.030
    -1.379
    -2.286
    -2.414
    -1.284
    -2.364
    -2.273
    -3.255
    -3.422
    -4.078
    -5.516
    -6.722
    -6.234
    -5.913
    -7.519
    -7.616
    -7.968
    -6.773
    -6.284
    -6.741
    -5.698
    -6.664
    -7.918
    -7.427
    -7.763
    -7.846
    -7.090
    -8.059
    -9.223
    -9.919
   -10.099
   -10.846
   -10.766
   -11.198
   -10.627
   -12.021
   -10.474
   -10.194
   -11.503
   -10.961
   -11.163
   -10.945
    -8.343
    -5.594
    -3.775
    -4.177
    -4.289
    -6.089
    -5.807
    -5.631
    -5.405
    -8.174
    -8.967
    -9.865
   -10.759
   -10.632
   -10.857
   -11.432
   -10.674
    -9.328
    -9.662
    -8.065
    -6.030
    -2.591
     0.090
     2.222
     1.283
     3.849
     5.718
     6.193
     7.021
     7.651
     9.621
    10.525
    11.356
    14.417
    16.671
    18.131
    18.903
    18.209
    17.841
    17.488
    18.255
    18.778
    17.570
    16.290
    15.155
    13.674
    14.202
    16.455
    17.149
    17.022
    14.684
    12.736
    13.893
    15.576
    15.694
    15.808
    16.854
    15.978
    14.412
    12.661
    11.090
     8.986
     6.553
     5.320
     3.419
     2.438
     3.921
     1.861
     0.089
     0.090
    -0.440
    -1.068
    -2.394
    -3.693
    -3.038
    -5.485
    -3.084
    -1.647
     0.519
     1.077
     0.740
    -1.207
    -2.666
    -3.712
    -4.642
    -5.300
    -3.637
    -1.579
    -1.340
    -2.034
    -2.224
    -2.534
    -2.581
    -2.858
    -2.587
    -4.015
    -4.226
    -6.076
    -8.144
    -7.569
    -9.054
   -10.535
    -7.357
    -6.841
    -5.867
    -6.780
    -6.124
    -6.303
    -6.781
    -6.365
    -4.856
    -5.682
    -6.520
    -7.686
    -8.196
   -12.036
   -15.062
   -14.706
   -12.925
   -10.893
    -9.561
    -7.774
    -7.394
    -7.539
    -7.988
    -8.112
    -9.791
   -10.663
   -13.758
   -15.988
   -16.498
   -16.213
   -15.355
   -14.203
   -14.636
   -12.860
   -12.152
   -11.156
    -8.963
    -9.251
   -10.849
   -14.505
   -14.466
   -14.442
   -14.506
   -15.624
   -18.446
   -21.171
   -21.355
   -20.006
   -17.779
   -19.022
   -19.953
   -19.857
   -17.617
   -14.581
   -14.233
    58.802
    63.497
    46.168
    43.913
    44.880
    42.151
    43.775
    39.197
    43.262
    43.385
    41.887
    37.327
    37.389
    31.458
    28.967
    27.762
    27.859
    31.799
    26.011
    21.590
    10.448
     4.007
    10.759
     9.590
    13.824
     9.526
     4.981
     0.482
     0.642
     0.097
    -3.706
    -8.460
   -13.306
   -15.727
   -12.452
   -16.182
   -21.610
   -23.141
   -27.153
   -24.846
   -28.896
   -20.353
   -18.994
   -14.554
   -13.361
   -11.572
   -14.008
   -13.443
    -8.495
    -4.942
    -5.683
    -9.031
   -10.453
   -10.220
    -6.997
    -0.894
     2.798
     7.642
    11.385
    12.659
     6.863
     4.158
     6.789
     7.087
     5.534
     5.233
     8.125
    13.492
     9.727
     6.220
     6.092
     2.661
     2.202
     1.221
     2.127
     3.571
     0.639
    -3.882
    -0.346
     2.841
     2.091
     3.611
     6.032
     5.058
     3.353
     5.087
     6.121
     2.471
    -1.349
     1.244
     0.934
    -0.606
     0.263
     0.371
     0.206
    -0.941
    -3.986
    -6.642
   -11.425
    -9.831
    -3.261
    -0.417
    -2.612
    -3.083
    -4.760
    -9.523
   -15.007
   -15.280
   -19.158
   -20.027
   -21.525
   -22.553
   -24.259
   -23.516
   -23.043
   -26.062
   -27.264
   -26.609
   -23.946
   -24.827
   -21.947
   -21.576
   -16.127
    -5.977
    -8.255
   -12.209
    -6.109
     3.104
     5.289
     9.694
    17.019
    10.646
    17.308
    27.831
    40.689
    39.968
    22.517
    18.912
    22.138
    25.128
    21.765
    15.786
    15.485
    16.531
    14.560
    13.960
    12.265
    10.614
    11.384
     7.924
     7.668
     8.561
    10.058
     8.033
     8.750
     8.624
    13.182
     3.051
    -0.191
     0.225
     1.727
     3.779
     3.490
     2.288
     4.973
     8.514
    11.883
    20.857
    23.315
     0.086
    -9.673
     0.031
     3.958
     0.008
    -4.404
    -4.432
    -0.078
    -1.863
    -5.904
    -4.849
    -3.482
   -23.641
   -24.859
   -12.410
   -11.748
   -15.263
   -14.059
   -10.254
   -12.163
   -12.943
   -11.218
   -14.619
   -14.787
   -10.921
    -7.215
    -9.160
    -7.637
    -3.640
    -5.741
     0.512
     0.322
    -0.104
     0.442
     2.182
    -0.787
    -1.572
    -0.538
     3.011
     1.907
    -1.339
    -1.510
    -0.291
    -0.639
    -1.921
    -1.715
    -2.322
    -2.584
    -3.633
    -2.393
    -3.976
    -4.392
    -6.822
    -3.275
    -6.747
    -4.206
    -2.679
    -4.349
    -3.542
    -3.649
    -3.046
    -0.038
    -0.565
     0.897
     0.099
     0.546
     3.408
     3.889
     6.246
     3.675
     2.912
     4.583
     6.384
     4.966
     4.906
     3.973
     6.088
     5.580
     9.336
     7.218
     4.317
     4.521
     2.685
     5.133
     5.317
     5.244
     9.202
    12.908
    16.170
    14.541
     7.675
     8.086
     9.152
     8.952
     6.833
     4.625
     8.389
    15.561
    13.706
     7.962
     1.835
    -0.435
     1.470
     7.964
     3.772
    -2.253
    -4.154
    -3.441
    -5.222
    -4.840
    -3.479
    -0.494
     0.445
     1.921
     3.079
     1.516
     0.994
    -0.551
     1.805
     1.448
    -0.853
    -2.019
    -2.539
    -3.380
    -7.253
    -6.930
    -8.014
    -8.925
   -11.391
    -8.164
   -10.223
   -12.855
   -11.239
    -5.354
    -9.831
   -11.355
   -14.013
   -14.945
   -11.048
   -12.516
    -7.153
    -9.534
    -7.278
   -13.156
   -10.669
   -10.081
    -6.775
    -9.633
    -8.834
    -3.871
    -5.010
     1.502
    -2.104
     1.418
     3.624
     4.944
     5.049
     4.789
     3.159
    -0.192
     6.467
     2.385
     5.134
     0.427
    -6.167
    -3.151
    -3.499
     2.390
     4.486
     1.387
     0.721
    -1.513
     1.864
     4.839
     4.898
     5.329
     4.738
     3.957
    11.091
    11.710
     9.337
    10.031
     7.029
     5.799
     2.958
     1.545
     0.856
     4.107
     2.084
     2.717
    -1.401
    -1.387
     2.871
     7.022
     3.958
     0.511
    -1.939
     9.363
     7.717
     6.289
     1.657
     4.811
     3.959
    -0.727
     1.465
     1.049
    -0.789
    -0.495
     1.352
     1.324
     3.201
     3.839
     1.138
     1.884
     1.596
     4.137
     3.666
     1.264
    -2.141
    -2.028
    -3.187
    -2.678
    -2.896
    -4.030
    -5.727
    -6.676
    -1.123
    -2.899
    -1.975
    -1.117
    -0.089
    -2.088
    -4.019
    -1.905
    -2.183
    -0.169
    -2.963
     0.387
    -2.506
    -2.881
    -2.253
    -3.864
     0.105
     2.082
     2.175
     1.639
     0.575
     0.647
    -0.824
    -1.330
     0.493
    -0.365
     1.217
     1.857
     0.590
    -0.913
     0.356
     0.987
    -2.426
     1.278
    -0.575
    -0.339
     0.981
     1.693
     3.420
     0.759
    -0.658
     2.947
     2.657
     0.501
     2.183
    -1.705
    -1.267
     2.335
     0.811
     1.952
     0.757
    -0.053
    -3.179
     0.879
     1.077
     0.765
    -1.437
    -2.447
    -0.590
     0.993
     1.408
     1.393
    -0.060
    -0.614
    -0.034
    -0.325
    -0.127
    -0.214
    -1.495
    -1.167
    -1.278
     1.060
    -0.069
    -2.143
    -0.876
    -2.862
    -1.400
    -2.851
    -1.952
    -1.653
    -0.937
     1.115
    -0.465
     2.026
     1.549
     1.705
     1.742
     1.178
    -0.091
    -0.508
    -1.471
    -1.480
    -0.446
    -1.040
    -0.504
    -0.820
    -2.553
    -1.635
    -0.556
     0.286
     2.208
     2.052
     1.592
     0.596
     1.011
    -0.397
    -0.964
    -0.618
    -1.380
    -2.513
    -3.911
    -3.418
    -5.092
    -3.286
    -4.762
    -5.158
    -5.037
    -5.929
    -4.936
    -6.501
    -6.817
    -7.804
    -8.827
    -7.223
    -7.485
    -7.661
    -8.100
    -7.657
    -4.519
    -5.806
    -5.238
    -5.359
    -4.568
    -5.658
    -4.257
    -3.692
    -5.244
    -4.114
    -4.844
    -2.882
    -0.401
     0.066
     0.559
     1.676
     2.626
     4.218
     5.530
     5.914
     6.928
     8.513
     9.468
    11.220
    11.986
    13.307
    15.087
    13.871
    12.625
    11.784
    10.298
     9.119
     7.555
     4.933
     3.927
     4.354
     2.244
     0.285
     1.455
     1.890
     4.644
     3.755
     6.544
     6.665
     8.185
     9.494
     8.727
    10.157
     9.204
     8.211
     7.014
     6.894
     7.674
     8.260
     7.266
     8.558
    11.332
    13.120
    16.318
    14.182
    11.699
    13.767
     3.277
    -1.512
    -3.239
    -7.420
    -9.517
    -9.331
   -11.845
   -12.726
   -11.212
   -11.545
   -10.975
   -11.175
   -11.113
    -9.813
    -8.615
    -7.913
    -5.339
    -4.742
    -3.954
    -2.693
    -0.001
     1.585
     5.061
     5.214
     4.110
     4.010
     4.191
     5.835
     4.812
     3.239
     2.754
     0.504
    -2.058
    -0.689
    -0.242
    -1.352
    -2.387
    -3.571
    -4.853
    -5.428
    -6.483
    -7.554
    -6.714
    -6.170
    -6.788
    -5.603
    -3.613
    -3.294
    -2.507
    -4.455
    -5.853
    -7.492
    -7.409
    -7.895
    -9.994
   -12.684
   -14.470
   -16.431
   -18.150
   -18.788
   -19.125
   -19.505
   -17.503
   -15.698
   -16.961
   -17.108
   -16.159
   -16.780
   -15.898
   -15.629
   -14.314
   -14.976
   -14.288
   -14.287
   -14.159
   -14.035
   -12.917
   -10.189
    -7.812
    -5.666
    -2.539
     0.603
     2.777
     4.544
     5.727
     7.061
     6.832
     4.803
     4.422
     4.539
     5.500
    11.879
    16.982
    18.753
    17.774
    19.017
    25.554
    26.649
    27.531
    27.776
    29.575
    29.373
    27.968
    26.607
    23.671
    20.432
    16.557
    13.238
    11.300
    10.912
     9.053
     7.905
     7.663
    13.473
    13.003
    15.464
    15.751
    11.701
     9.824
    10.399
     8.331
     8.966
     9.687
    10.488
    11.526
    13.696
    14.264
    12.315
     9.787
     7.943
     6.894
     4.523
     4.780
     4.128
     6.653
     6.175
     5.905
     2.426
     0.881
    -0.265
    -0.355
     0.152
     0.169
    -0.924
    -2.172
    -3.663
    -4.593
    -3.490
    -3.435
    -4.665
    -9.154
   -12.163
   -13.203
   -16.428
   -17.698
   -20.686
   -22.152
   -20.909
   -20.737
   -23.373
   -25.155
   -25.733
   -23.651
   -20.842
   -19.482
   -18.844
   -20.253
   -21.006
   -17.783
   -16.451
   -13.557
   -13.152
   -13.302
   -11.843
   -11.467
   -11.185
   -10.598
   -11.074
   -10.235
   -11.308
   -13.698
   -10.805
    -8.126
    -5.355
    -4.894
    -1.835
     1.822
     1.502
     1.732
     0.581
    -0.822
    -2.632
    -2.133
     1.866
     3.523
     7.885
    10.563
    11.572
    10.717
    11.075
     8.887
     6.338
     9.965
    12.627
    13.962
    13.318
    13.655
    12.285
    12.722
    16.889
    14.060
     9.778
     6.188
     6.112
     9.503
     7.648
     3.596
     5.184
     4.755
     6.625
     6.397
     2.956
    -3.907
    -4.514
    -8.305
   -13.449
   -12.010
   -10.098
   -10.679
    -7.578
    -5.295
    -7.067
    -5.392
    -5.321
    -4.870
    -5.074
    -8.554
    -9.128
    -3.545
    -7.564
    -2.506
    -2.249
    -0.182
     4.596
     2.869
     0.537
     1.839
     2.156
     1.203
     3.175
     3.597
     5.821
    10.672
    12.851
    11.476
    14.809
    16.353
    16.700
    18.610
    20.454
    17.796
    15.143
    15.632
    13.765
     8.276
     5.795
     3.718
     2.937
     1.778
     0.717
     2.035
     2.145
     4.618
     2.398
     2.626
     0.906
     0.819
     0.154
     0.300
     2.589
     4.255
     6.047
     5.906
     4.413
     4.092
     2.750
     1.067
     0.153
    -4.658
    -7.719
   -13.715
   -18.837
    -8.272
    -2.057
    -0.007
     0.641
     0.284
    -2.943
    -5.414
    -6.570
    -7.052
    -8.120
    -6.721
    -1.279
     2.253
     7.281
    12.580
    10.491
     7.343
    -3.779
   -13.012
   -15.363
   -16.229
   -16.687
   -11.674
    -2.092
     2.366
     3.740
     1.232
    -0.358
    -2.646
    -4.463
    -5.046
    -6.716
    -8.213
    -6.804
    -7.355
    -7.213
    -5.885
    -5.926
    -6.243
    -7.582
    -7.458
    -8.123
    -6.373
    -6.131
    -5.959
    -6.814
    -6.325
    -5.727
    -7.059
    -7.003
    -7.013
    -7.432
    -8.618
    -8.537
    -4.053
     2.922
     4.114
     7.215
     7.270
     7.057
     7.450
     5.949
     4.606
     2.918
     0.526
    -1.095
    -1.612
    -1.367
    -1.793
    -2.022
    -0.108
    -0.280
     0.560
     0.600
     0.930
    -0.047
     0.944
     1.145
     2.425
     1.817
     1.134
     0.667
     1.018
     1.188
     0.796
     1.047
     0.406
     1.222
     1.520
     1.538
     2.640
     1.339
    -0.476
    -0.062
     1.673
     2.127
     1.581
     0.124
     0.571
     2.067
     2.812
     2.124
     1.883
     2.606
     4.559
     4.838
     4.820
     3.162
     3.276
     3.873
     5.320
     5.150
     6.598
     4.721
     5.743
     5.668
     5.469
     4.834
     3.047
     2.680
     1.069
     2.217
     1.354
     2.358
     2.358
     0.855
    -0.515
     1.388
     1.396
     3.160
     2.193
     3.765
     4.210
     6.144
     6.882
     9.566
    10.054
     9.686
     9.925
     8.253
     7.389
     7.256
     5.561
     6.917
     7.138
     5.935
     5.623
     6.356
     6.303
     5.758
     3.278
     1.839
     0.976
    -4.587
    -6.951
    -8.845
    -9.094
    -9.657
    -9.491
    -9.593
    -9.699
    -6.977
    -7.640
    -7.870
    -8.538
    -9.454
    -9.258
    -7.532
    -7.217
    -8.381
    -7.255
    -6.500
    -5.796
    -5.024
    -2.223
    -2.333
    -2.717
    -2.651
    -2.303
    -2.024
    -1.626
    -2.996
    -2.662
    -2.993
    -3.303
    -3.150
    -2.106
    -3.655
    -2.197
    -2.520
    -2.938
    -1.993
    -2.243
    -1.738
    -3.182
    -3.489
    -4.024
    -4.275
    -4.678
    -3.856
    -3.239
    -3.812
    -3.757
    -2.414
    -1.600
    -2.246
    -1.890
    -1.886
    -2.105
    -2.303
    -1.869
    -2.105
    -1.331
    -3.277
    -2.325
    -1.017
    -0.297
    -0.419
     0.103
     0.476
     1.913
     1.711
     2.837
     3.465
     4.201
     3.763
     3.565
     4.088
     3.250
     3.472
     4.262
     4.114
     4.212
     4.787
     4.902
     4.656
     5.118
     4.947
     4.690
     4.391
     3.939
     4.068
     2.321
     2.053
     1.666
     1.436
     1.394
     0.434
     0.503
     0.569
     1.388
     0.440
     0.862
     1.642
     1.296
     1.610
     1.176
     0.519
     1.295
     1.228
     0.834
     0.880
     0.401
    -0.131
    -0.016
    -1.214
    -0.580
    -0.893
    -0.797
     0.449
     1.240
     1.475
     2.529
     3.129
     2.972
     2.676
     2.984
     1.824
     1.980
     1.372
     0.680
     0.585
     0.073
    -0.432
    -0.776
    -1.916
    -2.375
    -2.480
    -2.126
    -2.966
    -1.697
    -2.034
     0.610
     0.165
     0.343
     0.095
     0.558
     0.829
     0.958
     0.618
     0.799
     1.270
    -0.002
    -1.586
     0.083
     0.018
     0.878
     1.246
     1.234
     0.544
     0.898
     1.094
     1.122
     1.419
     0.615
     0.285
     1.374
     1.912
     1.849
     1.337
     0.445
     0.700
     1.151
     0.383
     0.667
     0.478
     0.319
     0.035
     0.232
    -0.321
    -0.536
    -1.310
    -1.975
    -1.932
    -0.428
    -0.655
    -1.196
    -1.093
    -1.927
    -1.652
    -0.791
    -0.409
    -0.616
     0.135
    -1.046
    -0.595
    -1.860
    -0.459
    -0.759
    -0.263
    -0.799
    -0.902
    -0.667
    -0.238
    -0.768
    -0.286
    -0.453
    -1.436
    -1.682
    -0.108
    -0.549
    -1.423
    -1.159
     0.009
    -0.508
    -0.826
    -0.837
    -1.052
    -0.582
    -0.551
    -1.549
    -1.241
    -1.680
    -1.395
    -1.316
    -2.079
    -2.392
    -3.701
    -3.827
    -3.560
    -4.237
    -4.439
    -3.665
    -4.671
    -5.277
    -5.018
    -4.266
    -4.613
    -4.055
    -5.146
    -3.844
    -5.265
    -5.184
    -5.612
    -6.834
    -7.044
    -8.005
    -8.224
    -6.196
    -5.246
    -4.519
    -3.209
    -3.103
    -1.943
     0.038
     1.990
     2.805
     2.987
     5.122
     8.809
     8.716
    10.022
    10.059
    10.356
    10.270
     9.622
     7.242
     6.582
     6.124
     4.145
     4.737
     4.012
     3.856
     3.951
     4.984
     6.275
     5.812
     5.151
     4.183
     5.119
     5.250
     4.365
     4.060
     3.811
     6.026
     5.013
     2.628
     2.819
     2.616
     2.489
     2.877
     2.157
     2.578
     2.210
     1.687
     1.057
     0.556
    -0.836
    -0.494
    -0.063
    -0.146
     0.528
     0.489
     1.614
     0.893
    -0.046
     0.279
     1.821
     1.534
     1.200
     0.083
     0.128
     0.193
     0.118
    -1.784
    -3.373
    -1.878
    -0.498
     0.663
     1.893
    -2.383
    -5.216
    -4.754
    -4.845
    -3.058
    -2.090
    -0.888
    -0.857
    -1.373
    -2.657
    -3.825
    -4.015
    -3.774
    -4.850
    -3.070
    -2.787
    -2.352
    -2.124
    -2.725
    -2.781
    -3.210
    -4.173
    -3.724
    -2.607
    -1.396
    -0.646
    -0.299
    -0.005
    -0.099
    -0.808
    -0.758
    -1.493
    -1.150
     0.295
    -0.678
    -0.676
    -1.055
    -0.746
     0.368
    -0.065
    -0.655
    -0.514
    -0.156
    -1.912
    -3.148
    -3.410
    -1.863
    -1.408
    -2.020
    -1.926
    -2.006
    -1.726
    -1.808
    -1.394
    -1.108
    -1.206
    -0.276
    -0.703
    -0.133
    -0.550
    -0.553
    -0.990
    -1.576
    -1.143
    -0.089
    -1.411
    -1.293
    -1.553
    -1.033
    -1.313
    -0.466
    -0.426
    -0.099
     0.563
     1.030
     1.003
     1.150
     1.757
     1.820
     0.317
    -2.639
    -3.622
    -2.714
    -1.112
     1.755
     1.800
     2.561
     3.086
     2.968
     3.094
     3.485
     4.600
     4.693
     2.459
     2.011
     2.084
     1.585
     1.532
     1.673
     0.836
     2.021
     1.884
     2.079
     2.061
     1.921
     2.776
     4.168
     4.082
     2.942
     1.114
     1.143
     2.014
     2.895
     2.173
     1.874
     1.452
     2.224
     2.279
     1.920
     1.590
     0.441
     1.412
     1.943
     2.259
     1.765
     2.046
     0.889
    -0.073
    -0.583
    -0.255
    -0.385
     0.999
    -0.448
    -0.146
     0.208
     0.169
    -0.036
    -0.123
     0.107
     0.068
    -0.795
    -1.570
    -2.211
    -1.934
    -2.536
    -1.813
    -2.386
    -1.792
    -1.126
     1.134
     1.351
     0.364
    -0.134
    -1.079
     0.530
     1.056
     1.290
     0.085
    -0.980
    -0.641
    -0.195
    -1.333
    -1.621
    -0.354
    -0.727
     0.309
     0.345
    -0.350
    -1.070
    -0.546
    -1.286
    -2.040
    -1.585
    -2.143
    -1.227
    -0.837
    -0.865
    -1.678
    -2.142
    -0.869
    -0.833
    -1.489
    -1.218
    -0.486
    -2.378
    -3.247
    -2.715
    -2.418
    -2.777
    -2.197
    -1.932
    -1.814
    -1.669
    -1.438
    -1.449
    -0.652
    -0.695
    -1.279
    -1.647
    -2.237
    -1.653
    -1.471
    -0.713
    -1.935
    -1.770
    -2.243
    -1.843
    -2.831
    -2.448
    -1.949
    -1.265
    -1.318
    -1.037
    -1.254
    -0.533
    -0.382
    -1.799
    -1.043
    -0.994
    -1.053
    -0.121
     1.139
     0.707
     0.516
     1.139
     1.243
     0.391
     0.575
     0.802
     0.643
     1.267
     1.439
     0.963
     1.450
     2.276
     2.499
     2.843
     3.367
     4.052
     3.496
     3.964
     2.768
     2.680
     2.882
     2.224
     2.119
     2.143
     2.178
     3.407
     3.262
     4.238
     4.118
     4.061
     4.105
     3.838
     4.773
     4.567
     5.117
     4.853
     4.861
     5.338
     4.627
     4.460
     5.855
     4.534
     4.071
     3.240
     3.682
     1.673
     2.469
     2.603
     1.117
     0.358
     1.363
     0.553
     0.691
     0.356
     0.131
     1.511
     0.229
     0.101
    -0.098
    -0.044
     0.340
     0.373
    -1.539
    -1.301
    -2.311
    -4.441
    -4.720
    -5.875
    -5.247
    -6.736
    -6.109
    -7.275
    -8.494
    -7.262
    -9.862
    -8.383
    -5.962
    -8.132
    -5.152
    -5.554
    -4.606
    -5.044
    -5.173
    -4.306
    -3.137
    -2.881
    -2.898
    -3.049
    -2.660
    -3.643
    -4.006
    -2.411
    -3.194
    -4.211
    -5.380
    -6.032
    -5.670
    -4.349
    -6.410
    -6.916
    -5.495
    -5.139
    -4.046
    -4.788
    -4.849
    -2.294
    -6.822
    -0.565
    -4.481
    -4.017
    -2.472
    -4.662
    -4.378
    -5.202
    -4.012
    -0.705
    -0.433
     0.440
     0.308
     2.219
     2.455
     4.134
     4.616
     4.688
     5.382
     8.054
     6.461
     9.038
     9.983
    10.741
    10.229
    10.929
    10.138
    10.611
     8.770
    16.094
    17.215
    14.104
    11.547
    10.124
    11.036
    13.731
    12.175
     7.303
    13.324
     9.908
    10.660
    10.671
    10.018
     7.701
     7.692
     5.001
     5.931
     4.152
     5.445
     4.830
     1.756
     1.602
     0.664
     0.447
     0.659
     0.768
     0.219
    -0.259
    -0.752
    -0.944
    -1.347
    -1.623
    -1.440
    -1.828
    -0.242
    -1.132
    -1.313
    -3.378
    -2.590
    -3.401
    -2.953
    -4.996
    -6.003
    -5.978
    -5.259
    -9.187
    -6.773
    -6.166
    -6.826
    -8.132
    -9.723
    -8.913
    -9.835
    -8.658
    -8.121
    -8.693
    -8.975
    -8.954
    -9.104
    -7.637
    -8.500
    -8.164
    -8.280
    -8.259
    -7.842
    -7.824
    -7.871
    -7.258
    -7.090
    -6.989
    -6.728
    -6.594
    -6.469
    -5.971
    -5.893
    -5.559
    -5.475
    -5.311
    -5.134
    -4.973
    -5.088
    -4.711
    -4.526
    -3.872
    -3.743
    -3.383
    -2.966
    -2.559
    -2.208
    -1.856
    -1.514
    -1.163
    -0.776
    -0.437
    -0.056
     0.272
     0.670
     1.009
     1.380
     1.733
     2.115
     2.475
     2.859
     3.222
