     3.666
     4.060
     4.320
     4.703
     4.951
     5.324
     5.558
     5.925
     6.152
     6.500
     6.709
     7.017
     7.218
     7.529
     7.659
     7.931
     7.993
     8.156
     8.236
     8.395
     8.424
     8.499
     8.396
     8.565
     8.551
     8.796
     8.616
     8.682
     8.463
     8.511
     8.320
     8.334
     8.046
     7.837
     7.696
     7.284
     6.769
     6.779
     6.278
     5.988
     5.682
     5.098
     4.780
     4.335
     3.561
     3.068
     2.882
     2.094
     1.433
     1.205
     0.262
     0.217
    -0.925
    -1.540
    -2.378
    -3.610
    -5.013
    -5.425
    -5.344
    -5.031
    -6.331
    -7.126
    -6.147
    -5.339
    -5.836
    -6.191
    -5.683
    -4.565
    -3.607
    -3.954
    -2.633
    -1.042
    -0.833
    -1.282
    -1.711
    -1.053
    -0.174
    -1.028
    -0.406
    -1.298
    -0.898
    -1.149
    -0.677
    -0.218
     1.976
     3.956
     3.053
     2.190
    -0.066
    -1.528
    -3.318
    -4.752
    -5.381
    -7.514
    -9.075
   -11.513
   -13.096
   -12.674
   -10.776
    -9.502
    -7.155
    -6.300
    -4.493
    -5.027
    -2.902
    -5.055
    -4.927
    -4.795
    -4.564
    -2.121
    -3.525
    -3.915
    -5.349
    -6.182
    -5.332
    -4.917
    -6.372
    -5.138
    -5.839
    -4.157
    -3.878
    -3.393
    -5.790
    -5.401
    -4.506
    -4.697
    -4.036
    -1.602
    -0.413
    -1.110
    -2.120
    -1.617
    -1.634
    -1.099
    -1.918
    -1.488
    -1.086
     0.774
     0.694
     1.605
     0.913
     1.417
     3.352
     3.168
     3.438
     2.934
     3.778
     4.194
     1.512
     2.140
     1.803
     1.833
     3.933
     4.148
     3.284
     4.295
     3.570
     3.696
     7.105
     6.146
     4.030
     5.112
     6.002
     7.256
     7.635
     8.845
     8.720
     7.930
     8.359
     7.679
     7.117
     6.445
     5.892
     5.452
     4.774
     3.199
     4.038
     4.342
     3.562
     2.881
     4.441
     1.960
     0.714
     0.725
     1.223
     3.364
     1.004
     1.580
     3.222
     4.915
     2.186
     1.073
    -0.898
    -0.657
    -4.144
    -2.916
    -1.404
     2.088
     5.100
     4.000
     5.983
     6.022
     4.688
     2.027
    -0.770
     1.807
     5.404
     6.685
     6.008
     5.798
     8.479
    10.225
    11.453
    11.661
    11.999
    14.902
    12.909
    10.572
    13.279
    13.165
    11.606
    12.051
     9.229
     4.516
     1.618
     3.510
     0.714
    -1.276
    -4.469
    -5.099
    -6.305
    -5.579
    -7.779
    -6.266
    -6.723
    -7.485
    -6.846
    -8.292
   -12.609
   -13.738
   -15.738
   -14.834
   -17.586
   -18.092
   -16.449
   -17.817
   -15.866
   -18.634
   -17.055
   -19.612
   -15.360
   -14.872
   -14.168
   -10.961
   -15.224
   -20.376
   -19.132
   -16.079
   -16.033
   -17.421
   -16.217
   -14.428
   -13.886
   -12.340
   -11.732
   -10.473
   -10.497
    -7.810
    -7.476
    -5.080
    -2.656
    -3.268
    -5.006
    -2.919
    -1.643
     0.077
     0.011
     0.528
     1.706
     1.697
     1.471
     3.546
     3.671
     3.803
     3.985
     5.461
     4.365
     6.258
     7.980
     9.123
     7.657
     9.220
     8.818
     8.617
     8.759
     8.642
     9.126
     9.253
     7.982
     9.406
    10.218
    11.580
    13.025
    12.698
    13.920
    10.328
    12.219
    12.252
    10.906
    11.754
    10.742
     7.649
     8.823
     5.324
     5.803
     8.623
     6.963
     4.975
     6.858
     7.382
     9.094
     7.159
     5.862
     4.979
     3.138
     4.725
     6.386
     7.977
     6.573
     4.627
     5.461
     5.419
     3.668
     2.987
     2.611
     0.813
     4.424
     7.257
     5.414
     3.913
     2.504
     2.565
     0.974
     2.267
     4.421
     5.422
     7.157
     6.058
    -0.264
     1.867
     5.470
     6.983
     6.407
     4.859
     2.619
     1.034
     5.362
     3.550
     0.077
    -0.480
    -1.179
    -0.139
    -2.177
    -6.009
     3.009
    -0.479
    -2.696
    -6.746
    -9.510
    -8.591
    -8.805
    -9.263
    -9.816
    -9.194
    -9.105
   -10.436
   -11.277
   -12.706
   -14.733
   -15.525
   -15.478
   -14.617
   -13.152
   -13.282
   -13.372
   -13.932
   -13.604
   -13.820
   -14.737
   -13.483
   -12.508
   -11.547
   -11.163
    -9.775
    -7.900
    -7.139
    -6.881
    -6.008
    -5.687
    -5.226
    -3.550
    -3.218
    -2.638
    -3.362
    -4.764
    -5.558
    -2.739
    -1.046
     0.407
     2.325
     0.633
     0.580
    -0.095
     2.077
     1.279
    -0.823
     1.542
     2.703
     0.665
    -1.520
    -3.822
    -1.483
    -1.574
    -3.778
    -4.527
    -3.512
     0.375
     4.936
     6.430
     6.793
     3.699
     1.860
    -0.371
    -0.282
     1.101
     2.761
     3.904
     3.716
     1.348
    -0.040
    -2.576
     0.234
    -1.470
    -2.743
    -3.958
    -3.457
    -0.823
     2.663
     3.725
     8.030
     8.762
     9.317
     8.577
     6.157
     5.647
    10.112
    14.640
    19.635
    20.946
    21.718
    19.468
    18.128
    22.923
    22.188
    20.000
    20.222
    21.595
    18.159
    15.617
    15.021
    14.479
    13.433
    10.951
    11.790
    10.750
    12.335
    10.305
     7.877
     5.109
     4.263
     3.952
     1.966
     0.053
    -1.746
    -2.862
    -2.406
    -4.692
    -6.623
    -8.745
   -10.738
   -12.034
   -10.348
   -11.962
   -10.700
    -6.782
    -6.035
    -8.019
    -8.513
    -9.835
    -8.437
    -8.367
    -9.535
    -8.228
    -7.762
    -7.219
    -8.774
    -9.882
    -9.497
    -9.677
   -10.030
   -10.095
    -9.762
   -12.704
   -14.498
   -10.733
    -7.812
    -5.365
    -6.785
    -7.896
    -7.983
    -7.522
    -7.611
    -7.476
    -9.175
   -10.048
    -9.845
    -7.695
    -6.257
    -6.760
    -8.399
    -8.492
    -9.481
    -7.287
    -5.525
    -2.918
    -2.660
    -4.581
    -5.979
    -8.708
    -7.821
    -4.972
    -3.174
    -3.937
    -2.629
    -3.029
    -2.036
    -2.384
    -0.263
     0.394
     1.907
     1.697
     3.080
     4.532
     6.596
     8.050
     6.259
     4.805
     3.417
     4.743
     6.277
     8.008
    11.318
    10.254
     9.738
    10.463
    10.090
    12.375
    11.728
    12.492
    12.355
    11.341
    11.221
    10.280
     9.956
    10.464
     9.414
     7.633
     7.839
     8.998
     8.632
     8.174
     7.871
     9.277
     9.652
     9.040
     6.531
     4.436
     2.524
     1.647
    -0.169
    -0.154
    -2.490
    -3.275
    -3.029
    -1.174
    -4.096
    -3.445
    -1.473
    -1.606
    -0.162
     1.286
     2.351
     1.679
     0.976
     2.174
     2.375
     2.912
     2.871
     1.769
     2.530
     1.777
     0.863
     0.724
     0.338
    -0.786
    -1.658
    -3.119
    -3.280
    -2.033
    -2.652
    -2.263
    -2.610
    -5.898
    -6.275
    -6.087
    -7.952
    -8.067
    -7.654
    -9.271
    -7.901
    -9.396
    -9.527
    -9.927
    -8.605
    -9.469
   -11.067
    -9.271
    -8.376
    -7.657
    -6.241
    -6.948
    -8.188
    -7.197
    -7.850
    -7.837
    -5.759
    -5.095
    -5.106
    -4.869
    -4.011
    -4.253
    -3.183
    -1.402
    -2.216
    -1.587
    -1.987
     0.424
     0.112
    -1.246
    -0.890
     0.374
    -1.700
    -0.400
    -0.265
    -1.211
    -1.257
    -2.031
    -1.426
    -1.324
    -0.237
    -1.177
     0.133
    -1.291
     2.926
     6.889
     4.406
     6.601
     6.563
     9.342
     7.605
     9.738
     9.684
     9.489
     8.515
     9.851
     8.845
     8.590
     8.980
     9.338
     9.116
     9.001
     7.482
     6.546
     5.298
     3.086
     3.674
     5.342
     4.449
     3.100
     2.718
     3.949
     5.771
     5.754
     5.668
     6.355
     7.402
     6.396
     5.136
     5.833
     6.499
     7.480
     7.695
     8.047
     7.495
     7.960
     7.574
     7.548
     6.124
     6.441
     4.653
     2.639
     2.814
     1.171
     0.212
    -0.667
    -2.628
    -3.384
    -5.989
    -6.203
    -6.590
    -8.596
    -8.004
    -7.854
    -9.170
   -10.083
    -9.916
   -10.243
   -10.850
   -10.574
    -9.682
    -9.678
   -10.477
   -10.532
   -11.053
   -11.108
   -10.419
    -9.512
    -9.174
    -6.247
    -6.613
    -5.167
    -3.700
    -3.622
    -3.658
    -4.984
    -4.615
    -2.983
    -1.951
    -3.111
    -2.487
    -3.456
    -2.468
    -5.200
    -7.124
    -7.597
    -6.871
    -6.314
    -5.748
    -4.987
    -3.913
    -4.238
    -4.398
    -2.754
    -1.603
    -0.749
     1.180
     1.867
     0.459
     1.083
     2.443
     3.123
     2.701
     3.305
     2.884
     4.057
     3.025
     3.059
     4.432
     2.657
     2.157
     3.831
     4.436
     6.031
     6.376
     7.252
     6.187
     6.302
     5.553
     3.930
     3.660
     3.028
     3.737
     2.985
     3.572
     4.353
     3.061
    -0.305
    -1.343
    -1.939
    -1.471
    -0.827
    -3.789
    -4.981
    -2.283
    -1.684
     1.382
     1.879
     0.402
     0.838
     0.511
     0.184
     0.600
    -0.324
     0.021
     1.368
     1.062
     1.389
     1.880
     1.995
     2.245
     2.029
     3.009
     3.459
     2.767
     1.496
     1.718
     2.336
     1.546
     0.691
     2.643
     5.191
     4.670
     2.934
     5.928
     8.036
     8.500
     8.682
     7.537
     9.060
     9.160
     9.809
     8.521
     8.174
     7.923
     7.806
     5.313
     5.197
     4.296
     5.505
     6.687
     6.149
     5.004
     6.561
     5.234
     5.717
     3.403
     3.767
     4.595
     3.933
     1.371
     2.593
     0.923
    -1.744
    -3.608
    -3.052
    -1.638
    -2.134
    -2.094
    -4.255
    -4.430
    -4.709
    -4.222
    -6.270
    -5.620
    -5.687
    -7.042
    -7.049
    -6.682
    -6.069
    -6.489
    -5.200
    -5.275
    -6.187
    -7.832
    -8.237
    -6.312
    -7.670
    -6.842
    -8.025
    -9.305
   -10.032
   -11.562
   -11.430
   -10.254
   -11.450
   -10.318
   -11.806
   -10.336
    -9.785
    -9.758
   -11.118
   -10.745
   -10.421
    -7.967
    -5.369
    -3.146
    -4.606
    -4.794
    -5.819
    -7.248
    -7.058
    -7.783
   -11.311
   -13.628
   -12.894
   -14.437
   -14.340
   -16.991
   -15.402
   -14.421
   -14.450
   -14.355
   -13.562
    -8.933
    -5.897
    -3.780
    -0.650
    -0.944
     4.464
     5.690
     8.589
     9.328
     9.125
    11.025
    12.862
    13.531
    16.841
    19.388
    20.001
    20.555
    19.770
    19.821
    19.689
    19.375
    20.550
    17.492
    16.455
    15.508
    13.475
    13.868
    15.613
    18.243
    15.688
    13.551
    12.239
    11.972
    13.000
    14.448
    13.976
    14.363
    14.179
    14.014
    10.753
     9.295
     8.786
     4.781
     4.264
     2.771
     1.913
     1.634
     1.936
     0.645
    -0.016
    -1.206
    -1.260
    -2.178
    -2.564
    -3.524
    -5.092
    -1.859
    -0.197
     1.225
     0.683
     0.808
    -0.114
    -2.013
    -2.168
    -2.545
    -4.285
    -1.697
    -0.054
    -0.889
    -1.497
    -1.667
    -2.692
    -1.544
    -1.517
    -0.875
    -2.473
    -2.821
    -4.726
    -6.886
    -7.932
    -8.656
    -9.999
    -8.390
    -7.049
    -7.092
    -6.192
    -5.656
    -6.435
    -6.687
    -6.397
    -5.181
    -4.852
    -5.809
    -5.867
    -7.879
   -10.776
   -13.832
   -13.268
   -11.414
    -9.500
    -6.709
    -5.556
    -6.791
    -7.723
    -6.261
    -7.538
    -8.138
    -8.099
   -11.672
   -13.036
   -14.797
   -14.622
   -14.071
   -12.882
   -10.785
    -9.018
    -9.121
    -6.559
    -4.194
    -5.842
    -6.792
   -10.471
    -9.938
   -10.701
   -10.668
   -11.372
   -12.568
   -15.829
   -16.285
   -14.926
   -14.577
   -14.383
   -15.824
   -14.181
   -15.066
   -11.696
    -7.758
    38.755
    56.837
    42.289
    38.611
    38.815
    38.760
    36.351
    34.522
    37.134
    38.803
    34.527
    30.645
    30.000
    24.621
    24.067
    21.364
    20.055
    24.846
    21.321
    14.660
     8.117
     3.426
     7.057
     4.850
     8.238
     3.298
    -2.017
    -5.860
    -5.500
    -5.944
   -11.702
   -17.312
   -22.834
   -23.418
   -20.646
   -20.914
   -24.347
   -27.022
   -29.178
   -29.269
   -28.210
   -23.145
   -19.200
   -15.199
   -12.035
   -11.342
   -13.985
   -14.857
    -8.667
    -4.832
    -5.414
    -7.445
   -10.062
    -7.457
    -1.049
     3.181
     8.871
    12.554
    18.653
    17.709
    12.584
    11.005
    11.976
    12.296
    11.327
    10.491
    11.091
    16.915
    12.758
    10.938
     9.691
     7.794
     7.026
     5.533
     8.416
     9.236
     5.258
     0.556
     4.871
     4.414
     6.283
     7.806
    10.136
     7.944
     8.276
     9.827
     9.222
     5.745
     4.878
     5.403
     5.131
     4.730
     5.112
     7.178
     6.259
     4.726
     3.680
     1.469
    -1.309
    -1.734
     1.396
     3.797
    -0.027
    -2.540
    -3.384
    -9.054
   -14.728
   -15.993
   -19.375
   -19.366
   -22.723
   -22.350
   -24.917
   -25.307
   -25.602
   -29.326
   -31.882
   -29.925
   -31.689
   -30.293
   -31.306
   -28.109
   -24.594
   -18.411
   -19.342
   -21.472
   -17.241
   -11.019
    -4.295
     1.508
     1.953
     1.424
     8.865
    22.196
    35.047
    27.993
    16.853
    14.976
    16.537
    17.794
    21.296
    14.861
    13.267
    11.103
    15.438
    13.653
     9.338
    12.015
    10.969
    10.481
     8.619
     9.928
    13.237
     5.557
     7.201
    11.805
    14.864
     4.505
     1.633
     3.507
     4.900
     3.944
     6.151
     5.865
     7.903
    10.510
    12.446
    19.539
    25.169
     3.494
   -10.353
     1.073
     6.086
    -5.242
    -0.491
     1.730
     3.887
    -1.055
    -2.512
     2.485
     3.210
   -19.414
   -19.200
    -7.645
    -8.607
   -10.303
   -10.381
    -8.791
   -12.091
    -8.894
    -6.904
    -8.511
   -11.459
    -4.691
    -4.367
    -5.900
    -7.640
    -7.249
    -7.910
     3.472
     1.873
    -1.768
     2.459
     0.443
     0.739
    -0.411
    -0.420
     2.287
     1.406
    -1.087
    -0.420
     1.038
    -1.697
     0.908
    -3.406
    -3.631
    -0.837
    -2.329
    -2.985
    -2.477
    -4.052
    -6.527
    -7.199
    -8.562
    -7.827
    -5.875
    -6.775
    -6.027
    -6.572
    -7.176
    -5.339
    -2.935
    -3.539
     1.322
     3.469
     0.190
     5.485
     3.509
     3.246
     2.696
     5.044
     4.757
     3.845
     1.995
     4.327
     2.930
     9.499
     8.837
     6.727
     5.461
     3.909
     3.090
     4.626
     5.640
     1.939
     5.132
    11.258
    15.889
    15.053
     8.756
     5.275
     9.583
     8.431
     6.413
     3.989
     2.325
    12.920
    18.203
     7.174
     2.694
    -3.241
     1.074
     8.079
     3.072
    -2.063
    -7.703
    -2.642
    -6.288
    -7.863
    -6.004
    -2.386
    -1.179
     0.998
     3.663
     2.128
     1.955
    -0.731
     4.794
     5.291
     0.096
    -1.597
    -3.269
    -1.084
    -3.800
    -4.279
    -5.931
    -9.219
    -9.629
    -6.737
    -9.107
   -11.392
   -10.453
    -6.428
    -5.060
   -12.319
   -13.434
   -12.518
    -9.664
   -11.236
    -5.620
    -5.344
    -4.584
   -10.984
   -13.286
    -9.578
    -8.291
    -6.940
    -6.114
    -4.065
    -2.039
     2.582
     1.705
     5.630
     7.592
     9.029
     7.645
     7.752
     5.574
     6.541
     7.362
     7.892
     7.677
     6.267
    -0.505
    -3.994
    -7.153
    -4.304
     0.054
     0.541
    -3.493
    -6.070
    -2.645
     2.052
     2.469
     2.345
     0.721
     0.259
     7.363
     8.105
     6.972
     6.934
     5.104
     2.445
     2.105
    -1.169
    -1.000
    -0.546
    -0.958
     0.131
    -3.608
    -3.407
     0.855
     0.658
     3.646
     5.294
    -2.967
     3.699
    11.687
     8.260
     3.365
     2.433
     2.500
     1.062
     1.326
     0.040
     1.222
    -1.006
    -1.049
     2.939
     0.494
     2.127
     1.782
     1.250
     0.398
     3.120
     3.970
     1.068
    -0.746
    -3.565
    -4.684
    -5.123
    -3.053
    -4.810
    -5.607
    -6.871
    -3.657
    -1.691
    -1.749
     0.212
    -1.025
    -1.213
    -4.007
    -3.482
    -1.311
    -1.207
    -1.745
     0.318
     0.048
    -3.794
    -2.011
    -3.998
    -1.384
     0.825
     4.991
     4.611
     2.309
     3.481
     0.874
     1.828
     2.756
     2.367
     0.303
     6.619
     5.876
     1.383
     3.392
     1.655
     1.757
     1.914
     1.265
     1.694
     2.559
     5.847
     5.199
     2.414
     0.814
     4.907
     3.625
     3.505
     3.132
     0.580
     0.189
     3.407
     0.863
     1.546
     0.664
     1.427
    -3.666
     2.811
     4.687
     0.811
     3.082
    -1.397
    -2.644
     2.052
     2.487
     2.989
     0.107
     0.115
    -1.053
    -1.008
    -0.775
    -1.421
    -2.010
    -3.882
    -1.646
    -0.806
    -1.114
    -2.846
    -3.079
    -4.568
    -4.788
    -3.091
    -3.437
    -1.568
    -2.707
    -0.413
    -1.592
    -1.475
     1.021
    -0.198
    -0.638
     0.263
    -0.489
    -1.064
    -2.265
    -2.875
    -2.282
    -3.149
    -2.194
    -4.502
    -3.790
    -3.941
    -1.293
    -0.410
    -0.560
     0.757
     0.010
    -1.875
    -2.129
    -0.565
    -0.501
    -1.774
    -3.232
    -3.742
    -3.938
    -5.416
    -6.003
    -4.808
    -5.066
    -4.891
    -6.209
    -7.071
    -6.060
    -5.373
    -7.271
    -9.034
    -8.920
    -8.547
    -7.474
    -9.341
    -8.218
    -8.367
    -6.732
    -6.048
    -6.658
    -5.231
    -5.193
    -5.493
    -5.013
    -4.139
    -4.247
    -5.016
    -4.340
    -1.325
    -0.768
     0.546
     0.446
     1.484
     3.788
     4.879
     6.508
     7.166
     5.829
     9.923
    11.201
    13.142
    14.978
    14.391
    17.161
    16.329
    14.475
    12.286
    12.187
    10.052
     9.257
     6.326
     5.271
     6.854
     5.455
     2.547
     1.914
     1.749
     3.898
     5.254
     5.814
     9.386
    10.164
    11.020
    10.230
    10.856
    10.931
     9.513
     8.154
     7.008
     7.744
     9.037
     8.294
     7.970
    12.204
    14.845
    17.813
    16.318
    12.718
    13.552
     4.653
    -0.296
    -2.253
    -7.604
    -8.884
    -8.158
   -10.813
   -12.667
   -10.183
   -10.329
   -10.434
   -10.694
   -10.521
    -8.469
    -7.335
    -7.983
    -6.667
    -4.175
    -4.175
    -3.356
    -0.217
     2.270
     6.531
     6.902
     3.859
     3.118
     4.526
     4.655
     5.375
     3.453
     2.151
    -0.657
    -1.973
    -2.003
    -2.250
    -3.629
    -2.617
    -5.104
    -7.829
    -7.303
    -9.829
    -8.545
    -8.625
    -7.983
    -8.116
    -6.633
    -5.933
    -4.216
    -2.644
    -5.411
    -5.306
    -8.479
    -8.708
    -8.845
    -9.764
   -14.240
   -16.355
   -18.093
   -20.654
   -20.506
   -21.396
   -21.224
   -19.080
   -18.083
   -18.443
   -18.626
   -19.970
   -18.115
   -17.978
   -17.740
   -16.594
   -16.050
   -14.295
   -14.450
   -15.300
   -14.177
   -14.857
   -11.682
    -8.002
    -6.571
    -3.669
    -0.244
     2.637
     3.842
     6.341
     7.166
     8.115
     4.684
     6.100
     6.257
     8.162
    13.781
    18.645
    18.777
    19.334
    19.271
    27.404
    29.673
    28.598
    28.798
    32.318
    31.034
    30.794
    28.825
    26.643
    22.811
    17.484
    15.521
    12.107
    10.429
    10.478
     8.557
     7.783
    12.332
    12.345
    15.153
    15.142
    12.219
    10.546
     9.355
     8.823
     8.015
     9.115
    10.237
    10.286
    12.764
    13.614
    13.635
    10.465
     7.925
     9.038
     6.884
     5.704
     5.206
     5.656
     7.648
     5.516
     3.411
     2.399
     0.750
    -0.208
    -0.089
     0.386
    -1.223
    -2.647
    -3.709
    -2.343
    -3.958
    -3.296
    -4.301
    -7.563
   -10.232
   -13.150
   -14.348
   -16.764
   -20.427
   -20.605
   -19.376
   -20.050
   -23.942
   -24.492
   -25.313
   -23.782
   -20.820
   -19.795
   -20.226
   -18.977
   -21.274
   -18.977
   -16.395
   -13.240
   -11.623
   -14.177
   -11.948
   -11.487
   -10.473
   -10.307
   -11.229
   -12.081
   -12.607
   -17.869
   -12.352
   -11.439
    -6.746
    -6.384
    -3.602
     1.895
     3.011
     1.967
     0.776
    -3.069
    -4.993
    -4.710
     0.876
     1.832
     7.464
    11.472
    12.087
    11.516
    10.303
     8.377
     5.977
    11.560
    14.100
    12.589
    12.019
    13.675
    11.049
    13.633
    19.747
    14.989
    12.032
     5.057
     6.007
     7.955
     9.191
     3.312
     5.684
     5.166
     8.511
     8.260
     4.764
    -2.635
    -4.304
    -6.404
   -13.344
   -12.477
    -9.760
    -9.972
    -8.088
    -4.119
    -8.671
    -6.284
    -5.853
    -6.059
    -6.003
    -9.287
   -10.433
    -2.941
    -9.803
    -3.821
    -4.114
    -2.262
     3.648
     0.964
    -3.248
     0.247
    -0.040
    -0.843
     1.875
     1.104
     2.305
     7.492
    10.551
    10.687
    13.800
    16.855
    18.296
    20.819
    21.977
    21.614
    18.246
    17.845
    15.782
     9.966
     7.170
     4.651
     2.543
     2.340
     1.468
     2.282
     2.434
     2.300
     3.642
     1.226
    -0.468
    -0.594
    -1.295
    -0.940
     1.155
     3.762
     5.211
     6.505
     3.657
     4.598
     2.614
     0.905
    -0.470
    -3.086
    -7.311
   -10.203
   -17.919
   -10.482
     1.335
    -0.278
     3.078
     1.571
    -2.330
    -5.417
    -5.500
    -6.349
    -6.919
    -5.562
    -1.853
     3.048
     8.844
    14.383
    12.952
     8.108
    -2.197
   -13.121
   -15.738
   -16.700
   -16.982
   -12.344
    -2.081
     3.615
     4.058
     2.413
    -0.572
    -3.012
    -4.374
    -4.153
    -4.751
    -5.666
    -6.370
    -5.081
    -5.555
    -5.633
    -5.147
    -5.272
    -6.993
    -5.961
    -7.853
    -6.129
    -5.347
    -4.873
    -4.113
    -3.978
    -4.557
    -5.735
    -6.567
    -6.341
    -7.624
    -8.456
    -7.231
    -6.053
     3.483
     5.235
     8.002
     7.286
     7.154
     6.399
     4.405
     4.711
     2.292
     0.241
    -1.980
    -2.287
    -2.713
    -2.531
    -2.653
    -0.964
    -1.623
    -1.004
    -0.896
     0.666
    -0.999
    -0.112
    -0.524
     0.022
     0.019
    -0.788
    -1.207
    -2.298
    -1.414
    -0.852
    -2.261
    -2.164
    -2.404
    -1.427
     0.025
     2.435
    -0.152
    -2.091
    -2.270
     0.753
     1.108
     0.278
    -1.050
     0.841
     1.659
     2.173
     0.841
     2.362
     2.556
     3.927
     5.089
     4.524
     4.013
     3.543
     3.724
     4.342
     5.523
     6.423
     5.427
     5.602
     6.157
     6.832
     4.610
     3.711
     2.944
     1.969
     1.805
     2.241
     1.635
     2.007
     1.805
     2.106
     1.145
     1.932
     2.442
     3.144
     4.156
     5.323
     4.890
     8.206
     8.542
     9.562
    10.010
    11.075
     9.273
     7.697
     6.531
     5.631
     7.978
     7.340
     5.934
     7.213
     8.724
     6.545
     4.872
     4.212
     2.694
     2.077
    -2.151
    -5.464
    -7.250
    -8.514
    -8.576
    -7.996
    -6.438
    -7.921
    -6.336
    -6.484
    -7.798
    -7.511
    -7.876
    -7.602
    -7.384
    -6.483
    -7.577
    -6.611
    -6.785
    -4.633
    -4.250
    -2.703
    -2.009
    -1.844
    -1.705
    -0.559
    -1.493
    -1.634
    -2.867
    -2.741
    -2.817
    -1.855
    -3.074
    -2.364
    -2.308
    -2.351
    -2.635
    -2.118
    -2.043
    -1.421
    -2.414
    -3.965
    -2.964
    -3.344
    -3.782
    -4.520
    -4.830
    -4.457
    -4.444
    -4.179
    -2.948
    -2.643
    -2.420
    -1.845
    -1.867
    -2.639
    -3.468
    -3.002
    -4.080
    -3.597
    -2.557
    -3.638
    -1.378
    -0.878
    -0.952
     0.860
     0.576
     1.466
     1.873
     1.842
     2.657
     2.435
     2.243
     3.126
     4.115
     3.473
     3.233
     2.728
     2.590
     3.701
     4.024
     4.635
     3.311
     3.523
     3.326
     2.835
     4.305
     3.904
     3.021
     2.838
     1.699
     0.449
     0.831
     0.695
     0.446
     0.255
     0.521
     0.579
     0.437
     0.421
     0.445
     1.142
     0.669
     0.661
     1.582
     0.873
     0.876
     1.296
     0.699
     0.604
     0.535
    -0.834
    -0.655
    -0.649
    -0.444
     0.518
    -0.101
     1.987
     1.122
     2.233
     1.747
     4.002
     2.552
     2.536
     1.274
     1.556
     1.130
     1.069
     0.634
     0.302
    -0.058
    -1.014
    -1.044
    -1.277
    -2.050
    -2.419
    -1.668
    -2.367
    -1.433
    -0.459
     0.627
     0.797
     0.181
    -0.138
     1.291
     1.263
     0.221
     0.611
     0.506
     0.330
    -0.868
    -0.063
     0.787
     1.556
     0.942
     0.994
     0.836
     1.363
     2.331
     2.598
     1.934
     2.142
     1.744
     1.649
     2.866
     1.854
     1.113
     1.805
     2.377
     1.288
     1.350
     1.402
     1.035
     0.726
     0.744
     0.709
     0.570
    -0.429
    -0.825
    -0.564
    -0.757
    -0.614
     0.192
    -0.800
    -0.150
    -0.278
    -0.541
    -0.067
    -0.100
     0.267
    -0.905
    -0.898
    -0.567
    -1.065
    -0.858
    -0.108
    -0.230
    -1.213
    -0.849
    -0.635
    -0.280
    -0.561
    -0.838
    -0.446
    -0.269
    -1.222
    -0.462
    -0.945
    -0.544
    -0.432
    -1.080
    -0.795
    -1.844
    -1.500
    -2.030
    -1.407
    -2.291
    -2.502
    -2.322
    -2.057
    -2.558
    -1.801
    -2.467
    -2.585
    -2.937
    -3.223
    -2.448
    -3.654
    -4.781
    -4.622
    -4.777
    -4.959
    -5.195
    -5.163
    -4.848
    -4.744
    -4.320
    -4.668
    -4.978
    -4.859
    -5.623
    -7.285
    -7.015
    -7.496
    -7.598
    -7.286
    -6.527
    -6.783
    -6.711
    -6.089
    -3.442
    -0.622
     0.035
     3.379
     2.141
     5.250
     7.359
     9.059
     7.374
     8.123
     8.839
     8.471
     6.937
     6.422
     5.697
     5.197
     5.509
     4.926
     3.660
     4.634
     4.470
     5.668
     6.393
     5.941
     5.001
     5.353
     6.098
     5.387
     4.482
     4.617
     4.650
     5.510
     4.894
     3.442
     2.695
     3.028
     3.494
     2.556
     2.742
     2.691
     1.761
     2.672
     1.223
     1.064
     0.589
    -0.791
    -0.188
     0.559
     1.256
     1.496
     1.481
     1.224
     1.504
     1.103
     1.622
     1.989
     1.182
     0.733
     1.142
     0.486
     0.617
    -1.153
    -1.811
    -1.289
     0.207
     1.414
     1.400
    -0.866
    -4.353
    -5.257
    -4.529
    -3.165
    -2.810
    -1.583
    -1.022
    -0.484
    -2.041
    -3.104
    -4.318
    -4.591
    -5.226
    -3.123
    -2.425
    -1.836
    -1.813
    -2.718
    -3.013
    -2.696
    -2.400
    -2.802
    -1.998
    -1.115
    -0.081
     0.767
     0.143
    -0.582
    -0.237
    -0.847
    -0.834
    -1.338
    -0.549
    -0.258
    -0.669
    -1.057
     0.373
    -0.079
    -0.079
     0.137
     0.190
     0.594
    -1.958
    -3.481
    -3.255
    -2.138
    -1.894
    -1.936
    -1.704
    -1.636
    -2.638
    -2.146
    -2.174
    -1.296
    -0.320
    -0.942
    -1.145
     0.108
     0.253
    -0.959
    -1.136
    -1.705
    -1.741
    -0.979
    -1.054
    -2.172
    -1.903
    -0.663
    -1.951
    -0.249
    -1.445
    -0.598
    -0.382
     0.223
     0.307
     0.911
     1.175
     0.353
    -1.271
    -3.831
    -3.887
    -2.961
    -0.688
     0.862
     3.105
     3.027
     3.614
     3.523
     3.148
     2.918
     3.967
     3.482
     2.057
     0.914
     1.687
     1.585
     1.519
     1.586
     0.981
     0.736
     1.873
     2.187
     2.928
     2.296
     2.429
     2.987
     3.751
     3.159
     2.337
     0.679
     1.472
     3.064
     2.018
     2.216
     1.245
     1.084
     2.599
     1.695
     1.288
     1.631
     0.431
     0.759
     1.112
     1.789
     1.389
     1.518
     0.318
     1.034
    -0.053
    -0.285
     0.071
     0.469
    -0.754
    -1.236
    -0.139
    -0.382
    -0.220
    -0.300
     0.179
    -1.633
    -1.036
    -1.540
    -1.563
    -1.554
    -2.373
    -0.657
    -1.218
    -0.692
     0.375
     0.094
     1.638
     0.337
     0.499
     0.970
     1.297
     0.877
     0.659
    -1.493
    -0.969
    -0.537
    -1.616
    -1.032
    -0.429
     0.013
     0.051
    -0.887
    -0.576
    -0.889
    -0.585
    -0.871
    -1.016
    -1.365
    -1.661
    -1.382
    -0.877
    -0.954
    -0.901
    -1.640
    -0.443
    -0.929
    -1.264
    -0.387
    -0.739
    -1.366
    -2.023
    -1.778
    -1.729
    -1.451
    -1.529
    -0.723
    -2.678
    -0.641
    -0.998
    -1.311
    -1.401
    -1.187
    -1.573
    -1.536
    -1.858
    -1.200
    -0.676
    -0.717
    -0.840
    -1.965
    -2.426
    -2.461
    -2.034
    -2.637
    -1.476
    -1.542
    -0.199
    -0.160
    -0.438
    -0.496
    -0.620
    -1.402
    -0.206
    -0.389
    -0.471
    -0.776
     0.143
     0.949
     0.509
     1.009
     1.727
     0.533
     0.434
     1.150
     1.023
     0.722
     0.778
     1.782
     2.295
     2.092
     2.129
     2.127
     2.511
     2.850
     3.625
     3.177
     2.039
     2.059
     1.905
     0.584
     1.313
     2.147
     1.870
     2.129
     3.018
     4.019
     4.538
     4.058
     3.519
     4.148
     6.067
     4.719
     5.095
     5.442
     4.262
     4.178
     4.444
     4.052
     5.386
     5.784
     3.468
     1.716
     2.758
     3.574
     3.661
     2.355
     0.796
     0.306
    -0.400
     1.098
     1.328
     0.080
    -0.147
    -0.626
    -0.344
    -1.161
    -1.127
     1.132
    -0.262
    -1.806
    -2.056
    -3.068
    -4.667
    -4.906
    -6.545
    -7.287
    -6.273
    -8.586
    -8.456
    -9.347
    -9.587
   -10.018
   -11.144
   -12.096
    -4.712
    -5.740
    -7.051
    -7.826
    -5.580
    -4.857
    -3.582
    -2.710
    -2.728
    -0.960
    -0.820
    -1.973
    -0.038
    -0.533
    -2.087
    -0.429
    -1.844
    -3.024
    -4.868
    -4.933
    -4.853
    -4.809
    -6.443
    -8.832
    -5.661
    -4.434
    -4.259
    -2.135
    -2.194
    -2.406
    -4.591
    -0.847
    -2.360
    -3.320
    -2.549
    -6.126
    -6.653
    -6.159
    -3.974
    -2.113
    -1.041
     0.073
    -0.056
     1.304
     2.363
     5.623
     7.487
     6.431
     7.230
     9.088
     9.341
    10.977
    11.485
    11.596
    13.037
    12.276
    12.134
    13.204
    12.123
    17.644
    21.762
    18.659
    11.972
     9.280
    12.884
    18.802
    11.208
     7.909
    11.505
    10.748
    11.911
    12.057
     9.310
     8.884
     8.160
     6.096
     5.043
     4.183
     4.550
     3.030
     0.410
     0.102
    -0.899
    -1.707
    -1.137
    -0.779
    -1.852
    -2.720
    -3.495
    -3.273
    -3.232
    -1.439
    -3.163
    -4.363
    -3.687
    -3.754
    -3.617
    -6.109
    -6.448
    -4.721
    -5.820
    -7.397
    -8.308
    -8.436
    -7.886
    -9.610
    -7.708
    -6.744
    -7.279
    -8.825
   -10.845
    -9.543
    -9.453
    -9.212
    -7.933
    -8.349
    -8.582
    -8.649
    -8.472
    -7.923
    -7.553
    -7.610
    -7.707
    -7.810
    -7.815
    -7.677
    -7.520
    -7.250
    -6.864
    -6.382
    -6.394
    -5.848
    -5.912
    -5.651
    -5.105
    -4.860
    -4.676
    -4.525
    -4.479
    -4.345
    -4.392
    -4.096
    -3.695
    -3.306
    -3.008
    -2.460
    -2.408
    -1.858
    -1.630
    -1.154
    -0.966
    -0.542
    -0.297
     0.144
     0.390
     0.755
     1.020
     1.438
     1.695
     2.079
     2.343
     2.740
     3.006
     3.400
