     5.894
     5.733
     5.616
     5.432
     5.292
     5.084
     4.926
     4.728
     4.553
     4.313
     4.132
     3.871
     3.626
     3.293
     3.073
     2.684
     2.368
     1.965
     1.604
     1.139
     0.722
     0.299
    -0.056
    -0.278
    -0.532
    -1.001
    -1.222
    -1.582
    -2.078
    -2.566
    -2.699
    -3.037
    -3.713
    -4.436
    -5.020
    -5.795
    -6.294
    -6.688
    -6.648
    -7.184
    -7.243
    -7.400
    -7.773
    -8.306
    -8.719
    -9.211
    -9.492
    -9.260
    -9.533
   -10.971
   -11.259
   -11.749
   -11.470
   -12.003
   -12.290
   -13.440
   -13.555
   -13.004
   -14.587
   -14.816
   -13.445
   -13.229
   -14.067
   -13.813
   -12.953
   -11.363
   -10.215
    -9.588
    -5.761
    -3.974
    -1.786
     0.216
     0.629
     3.089
     3.669
     3.180
     3.592
     4.717
     6.387
     5.771
     7.466
     7.682
     7.376
     8.919
     9.928
     9.091
    10.362
     9.797
     9.635
     8.324
     9.193
    10.153
    12.124
    11.744
    12.266
    11.789
    10.995
     9.584
     9.034
     8.573
     7.478
     6.081
     5.322
     5.003
     4.358
     3.488
     3.331
     3.371
     3.420
     1.615
     2.919
     2.651
     2.122
     2.836
     2.481
     0.678
     0.521
     0.284
     0.141
    -0.868
    -0.130
    -0.365
    -0.801
    -1.008
    -2.813
    -1.972
    -2.772
    -1.403
    -1.203
    -1.840
    -2.110
    -2.159
    -3.382
    -4.187
    -3.821
    -4.025
    -3.623
    -2.728
    -3.678
    -3.716
    -4.479
    -4.891
    -5.126
    -4.321
    -2.571
    -3.303
    -2.785
    -4.009
    -4.469
    -3.802
    -2.782
    -2.952
    -2.723
    -3.485
    -1.415
    -0.974
    -1.774
    -1.258
    -1.324
    -1.651
    -3.085
    -3.146
    -0.420
     0.681
     1.997
     3.795
     3.601
     3.084
     3.334
     3.556
     3.792
     3.762
     3.044
     4.187
     2.987
     3.861
     4.444
     4.989
     6.576
     5.396
     7.074
     6.863
     4.554
     3.393
     3.893
     4.151
     5.039
     3.391
     5.089
     4.986
     3.637
     1.309
    -0.449
    -2.448
    -1.295
     0.380
     2.982
     1.639
     3.185
     1.314
     2.958
     0.037
    -0.372
    -2.838
    -5.396
    -6.487
    -4.274
    -0.599
    -0.880
    -3.317
    -2.193
    -4.795
    -5.407
   -10.481
   -10.593
    -8.931
    -8.679
    -8.656
   -10.400
   -11.144
   -10.931
    -8.224
    -7.428
    -7.796
    -9.539
    -7.681
    -7.153
    -3.486
    -4.058
    -2.392
     0.550
     0.426
     2.174
     3.776
     8.098
     8.202
     9.511
    11.236
    10.233
     9.680
     9.409
     9.351
     8.298
     6.623
     5.383
     2.207
     2.354
     1.622
     2.598
     2.724
     2.947
     3.437
     5.376
     2.873
    -1.985
    -1.129
    -0.188
     1.179
    -0.952
    -0.637
    -1.064
    -1.358
    -3.136
    -3.698
    -3.301
    -2.784
    -3.278
    -2.180
    -2.419
    -2.354
    -1.824
    -1.414
    -0.473
     0.237
    -1.490
    -1.227
    -2.693
    -3.015
    -3.030
    -2.824
    -2.664
    -2.933
    -2.768
    -3.262
    -4.291
    -2.899
    -2.946
    -2.079
    -2.368
    -3.429
    -4.205
    -2.598
    -2.695
    -2.387
    -1.996
    -3.081
    -2.766
    -4.012
    -1.960
    -2.327
    -1.328
    -1.035
    -1.211
     0.009
     0.840
     1.061
     0.962
     0.660
     1.820
     1.064
     0.958
     1.365
     4.263
     2.336
     1.131
     2.687
     3.978
     3.087
     3.565
     4.330
     4.578
     6.952
     5.005
     5.436
     6.113
     6.110
     6.234
     6.828
     5.894
     5.034
     4.778
     4.550
     4.510
     4.233
     3.629
     2.867
     3.941
     2.746
     3.034
     3.128
     3.542
     4.789
     4.859
     4.642
     3.562
     2.523
     3.126
     1.771
     2.046
    -0.838
    -0.911
    -1.449
    -2.513
    -2.078
    -2.134
    -3.797
    -2.362
    -4.116
    -3.288
    -4.247
    -3.930
    -4.313
    -3.712
    -2.513
    -2.362
    -4.135
    -3.412
    -3.422
    -1.139
     0.411
    -0.173
     0.414
     1.968
     1.499
     1.269
     2.491
     1.712
     1.581
     1.934
     1.836
     1.356
     1.410
     1.149
     1.479
     1.683
    -0.132
     0.433
    -0.658
     0.323
    -1.713
    -1.384
    -1.766
    -2.018
    -2.380
    -3.097
    -3.398
    -3.927
    -3.679
    -3.437
    -3.044
    -3.236
    -3.853
    -4.380
    -4.827
    -4.708
    -5.554
    -4.150
    -5.811
    -6.903
    -7.504
    -9.747
    -8.897
    -7.358
    -6.768
    -6.014
    -5.554
    -5.142
    -5.674
    -4.322
    -2.929
    -2.796
    -3.079
    -3.037
    -0.663
     1.735
     4.977
     7.516
     7.125
     4.803
     2.188
     1.580
     2.326
     4.018
     3.924
     4.670
     2.934
     1.292
     1.168
     1.427
     0.617
     1.617
     1.153
     1.803
    -0.675
    -0.497
     0.500
     2.562
     1.534
     2.326
     1.437
     1.196
     0.913
    -0.304
    -2.643
    -0.637
     0.652
     1.022
     0.893
    -0.021
     0.457
    -0.109
     0.495
     1.313
     1.942
     1.748
     1.916
     3.064
     2.499
     1.960
     0.112
    -1.131
    -0.834
    -1.496
     0.546
     2.369
     1.497
     1.283
     2.401
     1.813
     1.284
     1.638
     2.617
     2.389
     2.322
     2.421
     2.093
     1.764
     1.827
     2.014
     2.653
     2.097
     1.950
     2.354
     1.852
     0.703
     1.360
     2.936
     3.380
     2.652
     3.088
     2.811
     2.020
     0.493
     0.162
    -0.082
    -0.766
    -1.165
    -0.891
    -1.018
    -0.805
    -0.561
    -2.217
    -0.563
    -0.902
     0.674
     1.505
     1.465
     2.285
     2.285
     3.403
     3.583
     3.624
     3.080
     2.714
     2.181
     2.813
     3.830
     3.134
     2.517
     1.909
     1.295
     3.540
     4.711
     3.517
     2.478
     0.993
     0.433
     0.775
     1.147
     2.377
     1.558
     1.363
     0.489
    -0.204
    -0.388
    -0.493
    -0.455
    -0.520
     0.347
     0.518
     0.257
     1.460
     1.380
     1.837
     1.075
    -0.640
    -1.656
    -0.682
    -1.893
    -2.167
    -4.545
    -5.714
    -5.976
    -6.225
    -6.592
    -6.433
    -7.756
    -9.045
   -10.033
   -10.241
    -8.907
    -9.374
    -8.025
    -6.777
    -8.033
    -8.332
    -8.681
    -7.928
    -8.293
    -8.827
    -7.836
    -7.224
    -5.713
    -6.005
    -5.243
    -5.546
    -4.871
    -4.495
    -4.618
    -3.776
    -3.654
    -3.004
    -2.027
    -3.381
    -3.145
    -3.055
    -1.382
    -0.756
    -1.366
    -3.439
    -3.775
    -4.757
    -3.801
    -2.281
    -1.956
    -2.182
    -1.446
    -0.465
     0.991
     0.355
     2.282
     1.593
     2.755
     3.716
     3.840
     3.876
     5.238
     6.290
     5.009
     3.927
     4.513
     1.842
     4.179
     5.061
     6.092
     5.166
     5.550
     6.419
     6.780
     6.343
     6.569
     7.624
     6.132
     6.144
     6.269
     5.322
     6.007
     6.090
     6.173
     4.836
     3.995
     5.732
     5.557
     4.933
     5.691
     6.390
     6.961
     5.668
     7.303
     6.551
     5.600
     7.099
     6.216
     6.283
     7.851
     8.531
     7.271
     5.731
     6.495
     6.915
     5.663
     6.944
     6.559
     6.266
     5.958
     5.790
     5.204
     6.736
     7.757
     7.728
     8.383
     6.049
     6.012
     2.504
    -0.647
    -1.695
    -3.623
    -5.487
    -7.482
    -6.748
    -9.091
   -10.121
    -9.834
    -9.164
    -7.020
    -6.696
    -6.006
    -7.423
    -7.019
    -5.967
    -4.042
    -4.047
    -3.327
    -1.491
    -0.968
    -0.529
    -0.963
    -0.965
    -1.170
    -1.046
     0.306
     1.000
    -0.473
     0.095
    -1.505
    -0.923
    -0.421
    -2.417
    -2.085
    -2.716
    -2.072
    -3.603
    -4.549
    -5.239
    -5.332
    -5.603
    -5.716
    -6.299
    -6.474
    -6.081
    -6.055
    -5.720
    -5.124
    -5.836
    -5.785
    -4.749
    -4.428
    -3.292
    -3.493
    -3.653
    -3.587
    -3.857
    -3.686
    -5.279
    -5.386
    -7.699
    -8.234
    -7.779
    -7.282
    -6.983
    -8.065
    -8.016
    -7.990
    -8.291
    -9.781
    -8.905
    -8.761
    -6.951
    -8.357
    -8.214
    -9.329
    -9.762
   -10.065
    -7.790
    -5.583
    -4.506
    -3.815
    -3.830
    -2.535
    -2.817
    -2.793
    -1.459
    -1.153
    -0.682
    -1.605
    -0.552
     0.426
     0.401
     0.160
     1.663
     0.882
     0.297
     1.000
     1.787
     2.476
     4.233
     5.075
     6.718
     7.429
     7.795
     8.136
     7.548
     6.641
     8.433
     8.525
    10.592
    12.056
    12.999
    12.184
    11.340
    12.590
    13.886
    14.204
    13.588
    13.990
    13.683
    13.232
    11.437
    12.267
    12.544
    11.927
    11.628
    10.918
    10.188
    10.209
    11.010
    12.575
    11.100
    11.552
    11.625
    11.149
    11.001
    12.037
    12.481
    12.148
    11.644
    11.555
    11.488
    11.577
    12.372
    11.601
    12.845
    12.661
    12.703
    13.771
    13.554
    13.727
    12.868
    11.986
    13.561
    12.269
    11.230
     9.224
     9.959
    12.091
    10.107
     6.685
     6.214
    -0.195
    -4.669
    -8.215
   -11.048
   -13.824
   -18.688
   -23.002
   -26.591
   -28.325
   -29.046
   -30.814
   -32.939
   -33.190
   -34.655
   -36.616
   -37.879
   -37.150
   -34.755
   -33.000
   -31.425
   -30.628
   -29.314
   -28.181
   -25.246
   -24.656
   -22.517
   -18.578
   -16.048
   -13.267
    -9.985
    -7.864
    -5.585
    -2.535
     0.542
     1.792
     2.277
     3.820
     3.532
     5.354
     4.199
     3.374
     2.578
     2.885
     3.045
     2.476
     1.650
     0.839
     0.704
     0.117
    -0.247
    -0.843
    -0.768
    -0.397
     0.481
     2.679
     2.521
     2.716
     3.666
     2.127
     1.559
     2.110
     3.074
     2.778
     1.769
     2.717
     3.513
     3.639
     3.557
     4.449
     4.452
     5.924
     7.124
     8.161
     6.780
     4.661
     3.950
    -0.033
    -2.348
    -2.551
    -2.224
    -1.240
     1.633
     6.279
    12.124
    17.502
    18.180
    19.180
    18.998
    18.671
    18.728
    18.697
    18.523
    17.238
    17.038
    15.632
    11.798
     8.210
     4.613
     5.123
     6.282
     4.414
     1.719
     2.160
    -0.040
    -2.632
    -3.579
    -3.797
    -2.800
    -3.336
    -4.045
    -2.911
    -2.202
    -0.879
     0.411
     0.705
    -1.255
    -1.271
    -0.555
    -0.004
     1.997
     2.138
     1.806
     0.360
     1.576
     2.937
     5.038
     4.501
     4.404
     6.158
     7.680
     6.774
     6.254
     6.517
     7.954
     6.568
     5.023
     6.251
     5.239
     5.754
     6.640
     6.687
     5.753
     7.570
     7.078
     4.050
     3.175
     0.757
    -2.246
    -2.781
    -2.981
    -3.116
    -6.258
    -6.861
    -9.552
    -8.971
    -9.289
    -8.893
    -7.952
    -7.545
    -5.934
    -5.478
    -7.041
    -8.060
    -6.256
    -3.714
    -3.351
    -3.789
    -2.230
    -2.303
    -2.563
    -2.050
    -1.846
    -0.592
    -1.293
    -1.734
     0.596
     1.182
    -1.127
    -0.823
    -0.242
    -0.487
    -0.560
    -0.504
     0.782
     0.633
    -0.467
     0.202
     1.435
     1.218
     1.087
     2.102
    -0.562
    -3.115
    -5.340
    -6.743
    -9.008
   -10.074
   -10.281
    -8.859
    -9.327
   -11.139
   -13.411
   -13.374
   -11.962
   -11.474
   -12.337
   -14.330
   -14.370
   -15.563
   -16.313
   -18.312
   -19.309
   -20.454
   -21.714
   -21.448
   -19.152
   -16.587
   -18.257
   -21.051
   -23.940
   -26.172
   -26.138
   -29.770
   -32.591
   -35.863
   -34.791
   -32.841
   -31.889
   -32.757
   -32.869
   -33.118
   -27.774
   -11.806
    36.750
    32.466
    20.286
    19.236
    20.442
    18.005
    19.628
    20.904
    23.151
    24.966
    23.963
    20.482
    20.470
    20.700
    23.189
    24.209
    24.292
    27.920
    31.225
    33.829
    29.791
    24.115
    29.095
    36.224
    40.635
    43.512
    43.819
    42.718
    46.120
    46.216
    46.575
    46.474
    45.694
    45.170
    45.453
    42.320
    35.400
    32.894
    29.463
    31.363
    28.940
    31.519
    30.022
    27.376
    26.675
    25.510
    23.757
    19.438
    18.949
    16.602
    14.744
    10.505
     7.968
     1.434
    -7.085
   -11.763
   -18.239
   -28.285
   -34.490
   -33.697
   -38.803
   -41.792
   -40.669
   -41.356
   -41.684
   -40.726
   -36.900
   -31.948
   -34.041
   -34.570
   -33.766
   -36.952
   -38.451
   -39.288
   -37.793
   -35.391
   -36.622
   -36.022
   -31.381
   -29.524
   -31.697
   -30.794
   -27.350
   -26.419
   -28.862
   -27.133
   -26.402
   -27.722
   -27.772
   -25.545
   -24.829
   -22.929
   -24.056
   -26.907
   -29.112
   -30.293
   -29.509
   -29.539
   -28.208
   -24.015
   -19.706
   -16.988
   -14.346
   -10.943
    -6.967
    -5.712
    -5.228
    -3.411
    -2.687
    -0.543
     0.599
     0.317
     5.771
    11.888
    17.361
    21.845
    24.178
    27.282
    34.402
    39.601
    38.647
    40.651
    46.811
    56.956
    58.203
    56.817
    63.586
    55.701
    48.712
    61.406
    71.150
    48.420
    29.135
    23.327
    39.420
    32.633
    12.768
    -0.942
    -1.585
    -2.196
   -11.620
   -15.954
   -13.874
   -19.006
   -20.709
   -14.227
    -8.876
    -8.302
    -4.933
   -12.534
   -19.189
   -12.155
    -2.353
    -5.853
    -4.737
    -2.951
     4.228
     6.359
     3.756
     2.513
     2.200
     4.039
     7.002
     0.171
     4.649
     3.819
     7.572
     0.826
    -4.992
   -17.204
   -28.237
   -19.566
    -3.318
    -1.726
   -11.168
   -15.422
   -10.227
    -3.396
    -1.166
     3.443
     6.560
   -10.272
   -21.483
   -22.889
   -29.225
   -27.226
   -24.840
   -16.793
   -10.097
    -7.892
     0.403
    -2.164
    -8.132
   -13.195
   -15.625
   -12.931
    -6.473
     2.596
     3.816
     3.943
     7.805
     8.224
    11.187
    14.224
    12.676
     9.748
    18.062
    24.046
    29.379
    28.913
    22.825
    19.849
    16.431
    17.033
    19.175
    13.434
    10.054
     8.490
     4.957
     3.897
     0.910
    -4.114
     0.724
     4.965
     0.333
     0.703
    -0.992
    -0.949
    -1.163
     0.427
    -0.341
     0.280
     4.180
     6.406
     2.409
     3.704
     3.287
    -1.967
    -2.889
    -6.552
    -4.677
    -3.259
    -0.658
     3.181
     2.403
    -0.063
    -2.207
    -1.130
    -4.366
    -4.673
    -3.887
    -7.077
   -10.629
    -8.530
    -2.649
    -6.938
   -16.543
   -15.339
   -14.636
    -9.609
   -10.233
   -11.181
   -11.476
   -11.683
    -1.702
    10.700
     2.662
    -8.600
   -13.448
   -13.063
    -7.199
    -5.641
   -13.109
   -22.624
   -19.570
   -21.010
   -23.324
   -26.254
   -24.908
   -22.221
   -19.320
   -14.780
   -13.130
   -12.095
   -11.586
    -8.426
    -6.419
    -7.956
   -10.353
    -8.756
    -3.907
    -3.171
    -3.905
    -5.918
    -5.546
    -4.827
    -1.408
    -0.451
    -1.379
    -1.065
     3.709
    10.271
    12.448
    10.661
     7.022
     3.665
     5.732
     7.729
     6.093
    13.912
    17.290
    16.109
     8.663
    11.613
     5.440
     9.987
    15.040
    14.393
    20.922
    17.905
    27.280
    26.958
    25.468
    26.743
    26.236
    27.746
    26.638
    27.479
    32.614
    33.088
    28.006
    21.698
    18.702
    15.950
    14.589
    10.789
    12.328
    17.017
    14.453
    11.759
     5.838
     8.566
     8.301
     2.907
     1.902
     3.804
     5.345
     9.415
     1.761
    -2.507
     0.820
    -3.204
    -7.117
    -8.380
   -11.750
   -11.526
    -6.912
    -8.707
    -8.681
   -12.002
   -14.639
    -7.658
    -5.386
   -20.245
   -19.654
   -15.820
    -2.917
     0.691
   -14.971
   -12.367
    -4.961
   -12.968
   -14.435
   -16.731
   -27.286
   -26.111
   -21.850
   -24.044
   -17.517
   -12.738
   -11.474
    -7.564
    -3.830
    -1.565
    -3.033
    -3.627
    -4.861
    -9.481
   -10.518
   -10.594
   -10.533
   -11.043
   -10.180
    -6.417
    -6.522
    -2.642
    -3.181
    -2.435
     0.565
    -1.447
    -3.227
     0.160
     3.427
     2.151
     0.668
    -0.660
    -2.066
    -2.000
    -3.979
    -6.011
    -1.472
     4.409
     7.062
     0.469
     0.053
     7.062
     3.646
     2.421
     3.468
     7.968
     9.884
     7.964
     5.408
     4.050
     5.148
     7.287
     6.596
     5.664
     5.165
     2.844
     1.643
     0.453
     0.556
     0.246
    -1.671
    -1.711
     0.183
     2.543
     3.087
    -0.501
     0.835
     4.584
     7.744
     5.738
     2.976
    -3.641
    -3.803
     0.988
    10.592
    -2.161
   -12.820
   -13.913
    -9.080
    -6.172
    -8.536
   -10.134
   -10.440
    -9.589
    -7.938
    -6.902
    -8.252
    -6.211
    -4.660
    -2.629
    -0.237
     4.468
     1.488
    -3.222
    -2.145
     0.205
     1.544
     0.513
    -0.792
     1.016
     2.310
     1.588
     3.569
     3.413
     6.160
     8.464
     5.001
     7.465
     9.774
    10.062
     8.715
     8.325
     8.016
     8.964
     9.964
    10.318
    11.898
    12.273
    14.222
    13.607
    15.036
    15.481
    16.739
    17.447
    19.165
    18.777
    18.785
    17.344
    15.590
    15.796
    14.398
    14.474
    13.127
    13.395
    13.189
     9.687
     7.523
     6.954
     7.180
     8.572
     6.000
     3.595
     2.762
     1.619
     2.445
     0.949
    -1.430
    -3.853
    -4.474
    -3.936
    -5.274
    -6.719
    -8.641
    -7.802
    -8.533
   -10.047
   -11.220
   -14.372
   -13.450
   -15.079
   -15.663
   -15.922
   -20.154
   -19.995
   -20.889
   -20.595
   -20.836
   -20.791
   -20.366
   -20.794
   -20.552
   -21.609
   -21.109
   -21.749
   -18.511
   -17.449
   -15.806
   -16.525
   -13.708
   -13.243
    -9.959
   -11.277
   -11.216
   -11.421
    -8.080
    -6.911
    -6.353
    -5.142
    -6.513
    -7.301
    -5.456
    -5.801
    -6.105
    -5.527
    -4.891
    -4.860
    -1.411
    -0.117
     2.676
     3.181
     1.359
     3.167
     3.239
     3.751
     5.382
     9.320
     9.485
     9.258
     8.604
    10.398
     9.763
     7.376
     9.331
    11.862
    10.240
     8.924
     9.136
    10.083
     8.857
     8.107
     7.816
     8.351
     8.759
     9.785
     8.350
     9.122
    10.350
    10.231
     8.801
     7.979
     9.160
    10.916
    11.585
    11.130
    11.156
    11.199
    10.810
    10.948
    11.730
    11.796
     9.994
     8.183
     7.698
     7.682
     7.689
     7.179
     6.551
     5.560
     4.452
     3.118
     5.252
     6.382
     6.038
     7.444
     6.652
     5.362
     5.475
     6.005
     4.644
     2.773
     1.910
    -1.349
    -2.902
    -3.469
    -4.132
    -5.137
    -5.912
    -7.920
    -8.886
    -9.195
    -8.552
    -8.658
    -7.214
    -8.686
    -6.855
    -7.309
    -8.055
    -7.051
    -7.029
    -6.838
    -7.935
    -6.601
    -6.971
    -7.857
    -8.081
    -8.860
    -8.678
   -10.113
   -11.463
   -10.947
   -10.784
    -9.556
    -8.445
    -8.753
    -7.178
    -7.460
    -6.525
    -6.184
    -8.253
    -7.180
    -5.600
    -4.863
    -0.775
     0.371
    -0.438
     0.136
     2.960
     5.868
     6.471
     5.771
     4.685
     3.760
     3.444
     2.182
     1.133
    -0.724
    -2.775
    -2.310
    -3.216
    -1.776
    -1.465
    -3.384
    -3.126
    -2.275
     0.955
     0.634
     1.934
     1.900
     1.589
     1.961
     3.294
     3.134
     3.222
     2.957
     4.754
     4.828
     5.205
     5.575
     3.385
     4.966
     2.360
     3.138
     4.784
     4.220
     3.769
     6.048
     4.458
     5.584
     4.440
     4.891
     6.462
     6.464
     6.079
     6.776
     6.434
     6.188
     5.767
     6.432
     7.336
     6.370
     5.738
     3.107
     2.431
     1.850
     0.890
    -0.760
     0.617
    -0.219
    -1.519
    -3.832
    -5.479
    -3.631
    -3.586
    -3.751
    -6.188
    -7.103
    -6.962
    -5.618
    -5.173
    -6.044
    -4.615
    -2.798
    -2.532
    -2.652
    -2.695
    -3.396
    -3.938
    -4.594
    -3.824
    -5.927
    -6.235
    -5.768
    -5.079
    -3.166
    -1.657
    -0.011
     3.412
     1.759
    -0.457
    -0.743
    -1.764
    -4.295
    -4.828
    -3.378
    -1.191
    -0.928
     1.915
     0.266
    -1.326
    -2.367
    -1.456
    -4.360
    -8.027
    -7.808
    -6.624
    -5.469
    -6.545
    -5.655
    -4.946
    -3.242
    -4.656
    -4.193
    -5.635
    -3.587
    -2.999
    -1.951
    -1.726
    -0.808
     1.435
     3.911
     5.337
     4.604
     3.560
     1.912
     1.479
     3.396
     2.682
     7.074
     7.087
     7.278
     9.170
     8.318
     8.787
    11.307
    12.155
    11.558
    12.557
    14.108
    13.878
    15.763
    14.624
    14.251
    13.737
    11.050
    12.531
    12.401
     8.222
     5.801
     4.593
     2.647
     0.602
    -1.132
    -3.592
    -3.036
    -6.979
    -8.277
    -5.931
    -4.859
    -3.978
    -3.762
    -3.437
    -3.299
    -1.746
     0.096
     1.112
     0.928
     1.020
     2.046
     1.433
     0.046
    -0.345
    -0.631
    -0.756
    -1.350
    -3.248
    -4.302
    -5.279
    -5.081
    -5.318
    -4.558
    -3.842
    -3.498
    -3.181
    -2.758
    -3.118
    -4.056
    -5.121
    -6.830
    -8.379
   -10.028
   -10.607
    -9.970
    -5.989
    -8.173
   -11.253
    -9.525
    -8.202
    -7.102
    -5.486
    -4.821
    -6.101
    -5.988
    -4.925
    -2.020
    -1.752
    -0.638
    -0.367
     1.883
     0.399
     0.584
     1.119
     4.064
     3.440
     2.549
     1.581
     2.550
    -1.388
    -4.950
    -4.895
    -2.629
    -0.554
     1.626
     3.044
     2.687
     1.160
    -0.219
    -0.839
    -0.298
    -1.111
    -1.621
    -1.258
    -0.506
    -0.563
    -1.133
    -0.287
    -0.799
    -0.389
     0.673
     0.095
     0.747
     0.222
     0.914
     0.316
     0.655
     1.696
     2.915
     5.681
     4.083
     0.623
     0.683
     0.001
     4.053
     4.913
     5.489
     6.374
     5.080
     5.073
     4.736
     4.293
     4.347
     3.761
     2.383
     1.087
     0.734
     1.019
     2.983
     1.927
     2.514
     3.657
     4.802
     5.120
     5.195
     4.076
     5.393
     6.898
     6.301
     6.184
     6.854
     7.209
     6.619
     5.466
     5.031
     3.779
     2.249
     2.332
     4.438
     3.534
     2.125
     1.552
     2.854
     3.512
     3.431
     2.965
     1.847
     0.304
    -0.961
    -0.523
    -0.526
    -2.571
    -5.086
    -5.580
    -4.279
    -4.584
    -5.096
    -7.055
    -5.544
    -5.711
    -4.600
    -4.733
    -5.155
    -4.802
    -5.291
    -5.040
    -4.864
    -4.527
    -3.988
    -5.671
    -4.945
    -4.656
    -5.441
    -5.440
    -7.475
    -7.926
    -6.724
    -5.847
    -5.020
    -3.124
    -0.598
    -1.831
    -3.456
    -5.195
    -2.183
    -1.311
    -0.094
    -0.503
     1.285
     2.899
     3.087
    -0.144
    -1.356
     0.471
     1.385
     2.919
     1.605
    -1.924
    -2.459
    -1.729
     0.469
     3.007
     3.288
     2.038
     1.543
     2.407
     2.268
     2.051
     2.205
     1.854
     1.581
     1.441
     0.073
    -0.819
    -1.030
    -0.867
    -1.016
    -1.052
    -0.922
    -2.769
    -1.787
    -0.986
     0.305
     0.234
    -0.930
    -1.258
    -0.774
     0.162
     0.830
     0.313
     0.461
     0.742
     1.491
     0.936
     1.646
     1.995
     1.970
     2.521
     2.361
     3.255
     3.582
     4.335
     2.504
     2.884
     2.274
     2.192
     1.273
     0.820
     0.998
     1.100
     1.942
     1.984
     1.273
     0.979
     1.327
     2.651
     3.505
     2.700
     4.645
     3.175
     3.219
     1.283
     1.515
    -0.573
     0.090
    -0.698
    -0.230
    -0.320
     0.050
     0.369
     0.798
     0.453
     0.062
     0.010
    -0.918
    -2.461
    -1.190
    -1.340
    -1.383
    -1.569
    -1.123
    -0.810
    -1.474
    -1.738
    -1.981
    -2.154
    -2.958
    -1.577
    -1.723
    -1.981
    -1.016
    -2.487
    -2.057
    -1.713
    -1.099
    -1.386
    -0.871
    -1.236
    -1.009
    -0.674
    -1.210
    -1.360
    -0.920
    -1.109
    -0.388
    -0.545
    -0.056
     0.507
     1.186
     0.194
     0.944
     0.281
     0.689
     0.831
    -0.847
    -0.902
    -1.536
    -1.637
    -1.487
     0.042
    -0.634
    -2.345
    -1.741
    -1.953
    -1.139
    -0.046
     0.094
    -0.100
    -0.360
    -1.612
    -1.573
    -2.357
    -2.712
    -1.642
    -1.585
    -2.488
    -2.681
    -2.041
    -1.040
    -0.676
    -1.150
    -0.211
     0.854
     0.415
     1.257
     2.731
     3.513
     4.523
     6.924
     6.588
     7.421
     7.436
     7.160
     6.644
     6.525
     5.283
     4.503
     3.150
     2.079
     1.691
     0.895
     0.617
     1.316
     0.589
     1.141
     1.467
     1.436
     1.583
     1.925
     1.616
     2.498
     1.271
     1.556
     0.796
     1.000
     0.800
     0.398
    -0.030
    -0.897
    -1.401
    -0.549
    -0.547
    -1.981
    -2.089
    -2.445
    -3.376
    -4.161
    -4.184
    -3.727
    -3.790
    -1.962
    -1.400
    -2.665
    -2.423
    -2.201
    -3.417
    -2.542
    -3.659
    -3.703
    -3.475
    -4.149
    -4.032
    -3.075
    -3.558
    -4.044
    -3.200
    -3.389
    -2.918
    -4.090
    -3.358
    -2.869
    -2.798
    -3.537
    -2.799
    -2.366
    -2.182
    -1.177
    -0.910
    -0.382
    -0.873
    -0.483
    -0.137
     0.827
     0.574
     1.513
     1.417
     0.810
     0.827
     0.637
     1.722
     1.252
     0.673
     0.395
     1.044
     0.920
     0.411
     2.003
     2.026
     1.401
     0.907
     1.142
     1.440
     1.323
     0.401
     0.218
     0.607
     2.148
     0.964
     0.335
    -0.626
    -0.973
     0.636
     1.518
     2.185
     1.465
     3.362
     4.101
     5.003
     5.957
     5.438
     5.087
     5.129
     5.883
     4.241
     3.601
     3.066
     2.933
     1.630
     1.188
     1.287
     0.438
     0.493
     1.272
     0.105
     0.548
     0.103
     0.669
     1.137
     1.263
     1.255
     2.474
     2.485
     0.561
     0.537
     0.695
    -0.279
    -0.415
    -1.689
    -0.896
    -0.522
    -0.849
    -1.880
    -2.615
    -3.731
    -3.807
    -3.035
    -2.735
    -2.793
    -1.780
    -3.139
    -1.887
    -2.024
    -1.153
     1.098
     1.155
     0.442
    -0.703
     0.166
    -0.700
    -0.639
    -1.619
    -2.438
    -1.140
    -1.533
    -0.531
    -0.339
    -1.247
    -0.699
    -0.426
    -1.039
    -0.751
    -0.073
    -0.720
    -0.584
    -0.792
    -0.146
     0.196
    -0.263
    -0.218
    -0.690
    -0.747
    -0.870
    -0.418
    -1.529
    -1.138
    -0.755
    -0.408
     0.070
    -0.866
    -1.367
    -1.556
    -1.321
    -2.137
    -1.908
    -1.252
    -1.643
    -0.522
    -1.434
    -2.133
    -2.417
    -2.354
    -2.357
    -1.377
    -1.456
    -0.609
    -0.985
    -1.640
    -0.550
     0.631
    -0.709
     0.406
     0.126
     1.361
     0.836
     1.683
    -0.249
    -0.990
    -1.463
    -1.395
    -1.696
    -1.252
     0.073
    -0.048
    -0.409
     0.157
    -0.533
     0.436
     1.650
     2.161
     2.795
     3.087
     2.315
     2.582
     3.235
     3.784
     3.979
     3.870
     3.803
     4.460
     4.436
     4.183
     4.241
     4.737
     5.292
     5.118
     4.778
     6.647
     5.777
     4.283
     3.222
     3.006
     3.120
     3.072
     2.406
     0.905
    -0.834
    -0.871
    -0.939
    -1.884
    -3.382
    -3.504
    -3.640
    -2.979
    -3.130
    -3.089
    -3.292
    -3.083
    -1.672
    -1.321
    -0.683
    -0.664
    -0.863
    -0.610
    -0.232
    -0.829
    -1.342
    -1.492
    -0.270
     0.390
    -0.208
    -0.538
    -2.318
    -1.992
    -1.305
    -2.310
    -2.445
    -3.970
    -3.757
    -4.254
    -3.689
    -3.480
    -3.685
    -3.392
    -3.309
    -3.779
    -3.559
    -3.800
    -2.218
    -2.972
    -3.322
    -2.643
    -1.811
    -2.201
    -1.264
    -0.932
    -1.217
    -0.488
     0.103
    -0.983
    -0.834
    -1.258
    -0.743
    -0.391
    -0.450
    -0.487
    -0.010
     0.876
     0.781
    -0.041
    -1.055
    -0.985
     0.174
     1.344
     2.518
     3.556
     3.502
     3.552
     3.264
     2.711
     3.308
     2.928
     3.361
     4.256
     3.765
     3.592
     2.527
     2.690
     1.537
     1.763
     1.254
     0.310
     1.277
     1.550
     1.099
     0.738
     1.298
     0.940
     0.667
     0.293
     1.276
     1.774
     1.574
     2.449
     2.890
     2.478
     3.284
     2.520
     1.207
     1.186
     0.848
     1.694
     1.157
     0.503
     1.775
     1.482
     1.664
     0.494
     0.189
     1.094
     1.954
     0.809
     0.383
     0.507
     1.192
     1.205
     1.027
     1.061
    -0.302
     0.638
     0.350
    -0.170
    -0.076
    -0.014
    -1.634
    -0.499
    -0.049
    -0.078
    -0.157
     0.393
     0.073
    -0.293
     0.112
     1.588
     1.326
     2.140
     1.310
     0.511
     0.696
     0.797
    -1.350
    -1.112
    -1.801
    -2.669
    -4.479
    -5.719
    -7.461
    -5.426
    -5.781
    -5.751
    -2.946
    -1.166
     0.252
    -0.284
    -0.705
     0.105
    -0.753
    -1.549
    -0.816
    -0.190
    -0.051
    -0.568
    -1.191
    -2.935
    -3.764
    -4.049
    -3.826
    -2.710
    -2.850
    -3.523
    -1.828
    -2.148
    -0.497
     1.126
    -0.465
    -2.855
    -3.368
    -3.990
    -4.067
    -4.147
    -2.998
    -4.513
    -5.831
    -7.426
    -6.852
    -5.029
    -5.117
    -3.523
    -3.231
    -4.312
    -4.356
    -2.794
    -4.512
    -2.815
    -1.959
    -3.687
    -4.768
    -6.040
    -4.826
    -5.579
    -3.357
    -2.090
     0.054
     3.758
     7.293
     7.998
     5.386
     3.303
     8.547
    13.989
    15.145
    13.864
    11.598
    10.217
     9.409
     7.776
     5.059
     1.969
    -0.890
    -2.455
    -1.738
    -3.260
    -2.352
    -3.245
    -2.141
    -1.366
     1.256
     4.601
     8.437
    11.430
    12.207
     9.900
     9.548
     7.584
     8.017
    10.392
     4.121
     2.766
    -4.774
    -5.985
    -6.505
    -5.138
    -0.712
     1.450
     3.060
     5.218
     4.399
     4.696
     5.874
     7.908
     9.442
     8.707
     9.969
     8.380
     7.908
    10.062
    11.907
    15.239
    16.986
    16.302
    16.491
    16.619
    14.893
    17.039
    14.671
    11.307
    -0.903
    -5.916
    -1.813
     2.117
     7.108
   -11.560
    -6.835
    -2.681
    -1.282
    -8.205
   -11.165
   -17.617
   -17.516
   -24.174
   -29.454
   -32.831
   -27.588
   -24.308
   -19.809
   -19.463
   -21.072
   -18.615
   -15.485
   -14.711
   -15.798
   -15.239
   -11.744
    -7.749
    -6.243
    -6.665
    -7.499
    -7.498
    -9.018
   -11.650
   -12.345
   -12.964
    -9.930
    -8.366
    -6.452
    -7.493
    -6.858
    -5.112
    -1.638
    -0.799
     4.318
     4.940
     6.088
     3.023
     4.082
     5.359
     6.197
     6.247
     5.857
     6.767
     7.069
     6.307
     6.005
     5.166
     4.958
     3.713
     2.723
     1.829
     0.505
     0.200
     0.787
     1.042
     2.402
     3.141
     3.326
     3.976
     3.915
     4.065
     4.557
     5.244
     5.415
     5.838
     5.769
     6.087
     6.158
     6.498
     6.732
     7.444
     7.503
     7.385
     6.606
     6.880
     7.028
     7.110
     6.857
     6.869
     6.895
     6.842
     6.768
     6.757
     6.688
     6.652
     6.569
     6.508
     6.406
     6.348
     6.225
     6.142
     5.992
