     4.640
     4.864
     5.217
     5.423
     5.757
     5.947
     6.268
     6.436
     6.741
     6.902
     7.171
     7.292
     7.518
     7.629
     7.851
     7.845
     7.982
     7.976
     8.097
     8.071
     8.116
     7.958
     7.949
     7.837
     7.931
     7.788
     7.802
     7.521
     7.438
     7.426
     7.410
     6.989
     6.565
     6.126
     6.010
     5.378
     5.048
     4.674
     4.229
     3.833
     3.604
     2.875
     2.459
     2.095
     1.278
     0.852
     0.800
    -0.390
    -0.850
    -1.632
    -2.054
    -2.765
    -3.486
    -4.095
    -4.872
    -5.404
    -6.270
    -6.799
    -7.036
    -7.489
    -7.971
    -8.454
    -8.368
    -8.072
    -8.215
    -7.784
    -6.450
    -5.220
    -5.197
    -5.199
    -4.021
    -3.637
    -3.639
    -3.950
    -3.636
    -2.633
    -2.314
    -3.184
    -1.924
     0.267
     0.473
     0.477
     0.648
     2.005
     4.953
     4.971
     4.417
     2.766
     1.101
    -0.221
    -2.640
    -3.325
    -4.667
    -6.225
    -6.937
    -9.577
   -10.395
    -8.725
    -6.991
    -5.391
    -4.192
    -3.212
    -2.019
    -1.666
    -2.758
    -3.859
    -3.243
    -3.103
    -1.466
    -1.640
    -2.511
    -2.828
    -4.098
    -4.213
    -3.651
    -2.094
    -4.167
    -3.741
    -4.222
    -2.813
    -2.128
    -2.195
    -3.531
    -3.243
    -3.405
    -2.628
    -1.137
    -1.067
     0.338
     0.163
    -0.236
    -0.937
    -0.267
    -0.155
    -0.956
     0.409
     1.399
     2.184
     1.996
     2.890
     2.570
     3.463
     3.865
     3.431
     4.293
     3.956
     3.511
     2.544
     2.281
     1.122
     1.977
     3.012
     4.350
     3.533
     2.906
     3.267
     2.260
     3.788
     7.159
     4.776
     3.188
     3.458
     6.313
     6.164
     6.877
     6.838
     6.628
     6.425
     6.329
     5.487
     4.898
     4.461
     2.795
     3.577
     2.142
     2.612
     1.615
     0.950
     2.551
     1.891
     1.512
     0.419
    -0.636
    -0.563
     0.365
     2.408
     1.721
     1.297
     3.086
     4.285
     1.822
     0.572
    -1.403
    -2.210
    -4.339
    -2.458
    -0.749
     3.545
     5.672
     6.203
     5.577
     5.549
     3.452
    -0.087
    -2.722
     1.041
     4.540
     5.331
     5.661
     6.430
     8.260
     9.500
     8.802
     8.260
    10.219
    12.293
    10.049
     9.346
    10.898
     9.991
     9.919
     8.899
     6.453
     1.681
     1.369
    -0.672
    -1.774
    -4.487
    -6.363
    -6.729
    -7.542
    -7.897
   -10.117
    -6.489
    -7.259
    -7.035
    -5.962
    -7.746
   -12.200
   -13.594
   -12.529
   -13.794
   -15.682
   -14.749
   -14.331
   -15.758
   -14.921
   -15.895
   -16.451
   -15.643
   -11.698
   -12.413
    -8.892
    -8.653
   -16.024
   -19.071
   -16.858
   -13.965
   -14.319
   -14.955
   -13.440
   -12.462
   -12.028
   -11.104
    -9.747
    -8.818
    -8.413
    -5.508
    -4.630
    -2.569
    -1.543
    -2.665
    -2.529
    -1.813
     0.442
     1.974
     0.596
     0.719
     1.459
     2.510
     3.107
     3.833
     5.058
     4.506
     3.901
     5.940
     5.933
     7.392
     7.833
     9.241
     9.723
    10.467
    10.307
     9.626
     9.371
     8.291
     9.456
     8.825
     8.215
    10.154
    10.515
    12.728
    12.118
    13.536
    13.526
    12.870
    11.715
    10.554
    10.617
     9.675
     8.017
     8.219
     8.565
     4.930
     6.921
     9.007
     6.275
     6.170
     5.644
     6.966
     7.573
     6.957
     4.758
     4.439
     4.442
     4.764
     7.425
     7.366
     6.227
     5.151
     4.432
     4.379
     3.505
     1.795
     0.992
     1.364
     2.952
     4.678
     3.686
     2.581
     2.357
     2.804
     2.567
     4.483
     6.431
     6.411
     6.720
     2.037
     0.030
     0.405
     2.868
     3.927
     0.128
     0.076
    -0.983
    -1.238
     1.030
    -1.336
    -3.493
    -4.564
    -5.650
    -5.667
    -6.714
    -5.590
    -2.219
    -5.096
    -6.550
    -9.418
   -10.892
   -10.383
    -9.955
   -10.477
   -10.813
   -10.226
   -10.160
   -11.361
   -11.764
   -12.609
   -12.906
   -13.941
   -13.877
   -12.564
   -12.336
   -12.034
   -11.249
   -11.358
   -11.189
   -12.266
   -11.763
   -10.560
    -8.672
    -7.722
    -6.953
    -6.651
    -6.448
    -5.841
    -5.660
    -4.519
    -4.529
    -3.070
    -1.499
    -2.299
    -2.281
    -2.478
    -3.264
    -2.153
    -2.119
     0.067
    -0.276
    -0.014
    -1.419
    -2.177
     0.354
     1.645
     1.903
    -0.553
     1.144
     0.824
    -0.869
    -0.966
    -2.806
    -0.572
     0.161
    -0.805
     1.042
     3.890
     8.533
    10.017
    10.347
     8.669
     4.977
     2.778
     1.433
     3.202
     3.648
     4.345
     5.335
     3.890
     0.496
     0.274
     0.252
     1.787
    -0.784
    -2.111
    -3.198
    -0.899
     1.175
     4.570
     5.425
     7.904
     8.920
     7.893
     5.486
     3.600
     5.406
     9.455
    15.581
    17.247
    18.577
    17.347
    16.298
    17.290
    20.474
    20.245
    18.099
    17.750
    18.373
    15.512
    12.721
    12.192
    11.057
    10.081
     7.746
     8.475
     8.910
     8.507
     7.554
     5.254
     3.540
     1.303
     0.273
    -0.298
    -1.818
    -3.382
    -2.665
    -3.863
    -7.067
    -7.437
   -10.128
   -10.906
   -10.486
   -10.678
   -10.507
    -8.306
    -6.167
    -6.293
    -6.661
    -8.480
    -9.115
    -7.903
    -8.388
    -7.923
    -6.789
    -6.629
    -6.692
    -8.432
   -10.694
    -9.022
    -9.770
    -9.524
   -10.469
   -10.203
   -13.437
   -13.059
    -8.738
    -7.569
    -6.988
    -6.971
    -8.259
    -6.963
    -6.556
    -5.112
    -6.314
    -7.494
    -7.564
    -6.479
    -5.546
    -4.744
    -6.017
    -6.542
    -7.262
    -6.262
    -3.946
    -2.319
    -0.730
    -2.257
    -3.760
    -5.169
    -6.350
    -5.851
    -3.659
    -1.555
    -2.225
    -2.619
    -1.263
    -0.449
    -0.827
     1.013
     1.536
     1.083
     2.480
     3.176
     5.758
     7.096
     6.999
     5.844
     3.524
     3.950
     5.414
     6.510
     8.842
     9.397
     7.727
     7.962
     8.737
     9.494
    10.176
    10.483
    10.154
    10.730
    10.056
     8.105
     7.991
     8.056
     8.193
     6.406
     5.528
     6.025
     4.618
     5.363
     5.685
     6.037
     7.494
     7.071
     5.562
     3.958
     1.412
     1.108
    -0.467
    -1.096
    -2.435
    -3.598
    -3.653
    -3.313
    -2.853
    -3.133
    -4.441
    -3.153
    -1.112
     0.045
     1.530
     1.244
     0.374
     1.019
     0.786
     1.894
     2.263
     1.364
     1.882
     1.440
     1.131
     1.943
     2.041
     1.571
     0.997
     0.144
    -1.006
    -1.293
    -0.735
    -0.329
    -0.437
    -1.967
    -4.419
    -4.400
    -4.841
    -5.704
    -5.512
    -6.494
    -6.811
    -7.279
    -7.976
    -8.040
    -7.294
    -8.069
    -7.671
    -7.570
    -8.057
    -5.621
    -5.676
    -4.735
    -4.812
    -5.991
    -4.664
    -5.560
    -5.043
    -2.793
    -2.618
    -2.530
    -3.000
    -3.203
    -2.479
    -0.445
    -0.250
    -0.993
     0.010
     0.239
     1.076
    -0.451
    -0.443
     0.864
     1.018
     0.512
     1.045
     0.153
     0.337
    -0.112
    -0.259
    -0.730
     1.353
     0.152
     1.408
     2.047
     1.719
     4.631
     3.903
     3.994
     5.999
     5.445
     7.394
     7.651
     7.266
     6.002
     5.038
     4.989
     5.664
     6.390
     5.837
     7.154
     6.000
     5.021
     4.652
     4.341
     2.818
     2.690
     1.181
     2.333
     2.978
     2.893
     1.138
     2.117
     2.356
     3.675
     3.657
     5.416
     6.948
     6.276
     5.237
     4.274
     3.542
     7.388
     7.801
     7.667
     6.904
     6.863
     6.405
     5.748
     4.696
     3.821
     4.635
     2.212
     1.928
     0.944
    -0.442
    -0.769
    -1.594
    -2.729
    -3.617
    -7.231
    -7.025
    -7.205
    -6.975
    -6.677
    -8.295
    -8.522
   -10.748
   -11.707
   -10.753
   -11.043
   -10.806
   -10.605
   -10.699
   -10.952
   -12.002
   -11.726
   -10.831
   -11.384
   -10.685
   -10.042
    -7.474
    -6.767
    -5.816
    -4.728
    -4.836
    -5.139
    -5.570
    -5.516
    -3.616
    -1.546
    -2.504
    -4.293
    -2.545
    -4.357
    -5.181
    -7.437
    -8.001
    -7.409
    -6.431
    -3.918
    -3.800
    -2.731
    -2.855
    -2.613
    -0.887
     0.134
     1.402
     3.466
     4.082
     3.525
     3.872
     4.587
     6.705
     5.993
     7.806
     6.109
     7.253
     7.713
     7.176
     7.333
     4.847
     5.206
     6.668
     8.161
    10.441
    10.367
     9.967
    10.038
     9.662
     7.059
     5.364
     5.261
     4.761
     5.844
     5.358
     5.444
     5.375
     3.383
     1.038
     0.607
    -0.828
     0.210
     0.102
    -2.184
    -2.523
    -0.110
     1.902
     2.948
     2.568
     3.319
     1.835
     2.507
     2.850
     1.524
     1.939
     2.113
     1.984
     2.226
     3.314
     3.224
     3.132
     3.013
     2.699
     3.660
     2.880
     0.908
     1.351
     0.968
     0.985
     1.461
     1.117
     4.014
     2.193
     0.908
     1.047
     2.429
     2.782
     2.237
     2.048
     1.934
     3.182
     3.727
     3.602
     1.482
     1.308
    -0.231
    -1.793
    -1.954
    -1.064
    -1.766
    -1.897
     0.464
     0.946
     0.148
     0.551
     0.847
     0.927
     0.935
     1.581
     3.250
     2.027
     0.570
     0.639
    -0.543
    -2.443
    -2.348
    -1.711
    -0.902
    -0.727
    -2.124
    -2.252
    -2.919
    -3.554
    -3.889
    -6.681
    -5.225
    -6.297
    -7.224
    -8.660
    -7.827
    -6.952
    -6.052
    -7.003
    -4.489
    -6.842
    -8.455
    -8.043
    -6.981
    -7.455
    -6.822
    -9.238
    -9.681
    -9.669
   -11.069
   -10.346
   -10.377
   -11.304
   -11.412
   -11.468
   -11.200
    -9.668
    -9.737
   -10.356
   -10.211
   -10.387
    -6.971
    -5.393
    -3.258
    -4.327
    -5.894
    -5.903
    -5.113
    -4.780
    -4.114
    -6.381
    -5.639
    -6.661
    -6.189
    -7.168
    -7.736
    -7.716
    -5.564
    -4.578
    -5.094
    -3.860
    -0.651
     0.679
     3.139
     5.608
     5.408
     6.861
     8.067
     8.281
     9.036
     9.452
     9.633
    10.290
    13.134
    15.138
    17.222
    17.787
    16.568
    17.402
    17.001
    17.074
    16.908
    17.593
    16.021
    16.401
    14.234
    13.798
    14.286
    17.005
    17.238
    16.218
    13.917
    13.529
    12.922
    16.048
    16.053
    17.524
    16.836
    16.064
    15.155
    12.068
    10.970
     8.687
     5.690
     4.669
     2.707
     2.913
     3.511
     2.392
    -0.260
    -0.305
    -0.188
    -2.114
    -2.657
    -3.018
    -3.332
    -5.024
    -2.157
    -0.730
     0.719
    -1.402
    -1.463
    -3.226
    -4.141
    -3.774
    -5.348
    -4.733
    -3.915
    -2.397
    -2.670
    -3.165
    -3.712
    -3.289
    -3.174
    -2.985
    -2.952
    -4.194
    -4.928
    -6.263
    -7.871
    -8.758
    -9.614
   -11.226
    -9.952
    -8.735
    -6.999
    -7.649
    -7.604
    -6.684
    -8.778
    -7.888
    -7.151
    -6.602
    -8.329
    -8.166
   -10.152
   -13.488
   -17.642
   -15.827
   -14.380
   -12.873
   -11.424
   -10.530
   -10.461
   -10.148
    -9.771
   -10.484
   -11.704
   -13.363
   -16.947
   -18.989
   -18.875
   -18.577
   -18.538
   -17.232
   -15.634
   -15.368
   -14.022
   -12.641
   -12.023
   -12.806
   -16.013
   -17.185
   -16.879
   -18.022
   -18.496
   -19.151
   -23.394
   -25.794
   -25.206
   -24.345
   -22.062
   -24.231
   -24.978
   -22.244
   -20.843
   -18.331
    -0.116
    61.806
    70.969
    53.541
    48.670
    45.136
    46.846
    43.401
    43.412
    47.901
    49.878
    46.507
    43.751
    39.527
    34.063
    32.119
    30.807
    33.666
    35.669
    28.695
    22.825
    14.314
    10.676
    16.112
    17.191
    18.985
    15.901
    12.893
     9.003
     8.940
     9.036
     3.140
    -0.133
    -5.627
    -5.601
    -4.066
    -8.356
   -14.620
   -19.346
   -20.031
   -21.126
   -20.418
   -15.001
   -10.341
    -7.737
    -6.442
    -6.418
    -8.927
    -8.068
    -4.064
    -1.538
    -3.456
    -8.665
   -10.977
    -9.698
    -6.459
    -0.479
     1.905
    10.092
    10.009
     6.992
     0.339
    -1.090
     0.060
    -1.220
    -0.951
    -1.221
     1.885
     6.994
     3.143
     1.853
    -1.033
    -3.774
    -5.716
    -5.973
    -4.406
    -4.661
    -8.820
   -11.994
    -8.504
    -4.855
    -5.613
    -3.234
    -1.094
    -2.801
    -2.774
    -1.935
    -2.294
    -5.498
    -8.189
    -6.082
    -6.682
    -7.529
    -5.482
    -6.674
    -7.488
    -9.911
   -14.283
   -17.653
   -20.314
   -17.353
   -10.912
    -3.795
    -8.093
    -8.141
    -9.767
   -15.367
   -17.363
   -19.198
   -22.945
   -23.312
   -24.362
   -26.711
   -26.700
   -25.498
   -25.827
   -24.320
   -25.404
   -24.566
   -21.910
   -18.467
   -15.786
   -12.423
    -3.403
     4.867
     2.834
     3.088
    12.010
    20.152
    19.587
    25.680
    29.466
    32.354
    37.460
    45.351
    53.715
    47.706
    33.334
    28.125
    26.469
    28.877
    23.546
    17.536
    16.222
    15.066
    13.553
    10.015
    10.273
     9.680
     8.281
     9.193
     5.908
     6.127
     6.675
     6.749
     4.366
     7.023
     6.398
     0.752
    -2.039
    -0.330
     0.338
     0.192
     3.621
     0.626
     5.429
     9.852
    14.755
    26.264
    21.227
    -4.544
   -11.577
    -0.846
    -0.764
    -3.128
    -2.904
    -3.945
    -1.957
    -2.094
    -4.467
    -3.557
    -7.782
   -22.724
   -21.443
   -11.018
   -11.200
   -13.779
   -11.498
   -12.882
   -13.345
   -12.258
   -12.395
   -14.834
   -14.192
    -5.978
    -9.534
    -9.492
    -9.942
    -8.177
    -5.559
     1.626
    -0.539
    -0.922
     2.817
     0.971
    -0.380
    -2.459
    -2.086
     0.489
     0.246
    -2.897
    -1.257
    -1.097
    -3.247
    -1.138
    -4.729
    -3.581
    -3.891
    -3.168
    -5.019
    -5.131
    -6.006
    -6.307
    -6.455
    -7.441
    -5.355
    -4.661
    -5.638
    -5.346
    -4.709
    -3.815
     0.089
    -0.376
    -1.622
     2.259
     2.366
     3.515
     6.245
     5.952
     4.242
     3.131
     4.262
     6.714
     5.015
     3.825
     4.383
     3.923
     6.491
     6.948
     6.568
     3.188
     3.014
     1.974
     4.943
     3.886
     2.799
     8.499
    13.085
    15.975
    12.858
     7.986
     6.731
     8.525
     9.124
     4.312
     0.694
     6.251
    15.720
    13.097
     6.084
     0.488
    -2.418
     4.906
     7.510
     1.988
    -4.496
    -4.801
    -3.789
    -5.679
    -5.309
    -3.369
    -0.574
    -1.145
     1.467
     1.840
     0.857
    -0.360
    -1.966
     1.407
     0.045
    -3.855
    -4.169
    -4.502
    -4.729
    -6.986
    -8.619
    -8.463
   -12.047
   -11.178
    -9.702
   -10.926
   -14.274
   -10.166
    -5.547
    -8.085
   -11.413
   -13.026
   -13.559
   -11.930
    -9.557
    -7.626
    -6.919
    -4.481
    -9.008
    -4.961
    -4.204
    -4.332
    -3.726
    -2.457
    -0.997
     0.937
     4.171
     3.935
     6.847
     9.390
    10.800
     9.811
     8.873
     5.221
     5.773
    10.797
    12.211
     9.379
     6.042
     1.184
     0.772
    -1.097
     2.346
     3.893
     2.755
     0.180
    -1.692
     1.575
     5.424
     5.472
     4.472
     2.562
     4.420
    10.972
    11.051
     7.886
     6.265
     4.529
     2.893
     1.153
    -2.010
    -2.148
     1.080
     1.489
     0.084
    -3.024
    -0.632
     1.421
     5.630
     5.973
    -1.316
    -4.659
     4.491
    10.740
     2.778
    -2.506
     0.088
     1.837
    -3.539
     0.069
    -0.850
    -2.737
    -3.167
    -0.779
     0.017
     0.485
     1.197
     0.894
    -0.214
    -1.790
     2.228
     0.912
    -1.169
    -3.269
    -5.041
    -4.401
    -4.333
    -3.189
    -5.344
    -7.218
    -6.576
    -3.249
    -2.802
    -1.591
    -1.455
    -0.910
    -3.035
    -5.171
    -2.347
    -1.738
    -1.929
    -3.087
    -1.308
    -3.346
    -3.823
    -4.348
    -5.668
    -1.752
     1.756
     4.233
     0.135
     2.206
     0.928
    -1.569
    -0.872
    -0.105
     0.882
     2.683
     4.564
     1.928
     0.684
     1.595
     1.023
    -0.376
     1.161
     1.077
     1.871
     1.163
     3.277
     3.703
    -0.022
     0.326
     3.009
     1.855
     1.489
     1.345
    -1.283
    -0.022
     3.125
     3.039
     2.073
     0.545
    -1.828
    -5.879
     2.129
     4.531
     2.316
    -1.477
    -4.326
    -1.159
     1.233
     0.488
     1.233
    -0.560
    -1.871
    -0.880
    -1.423
    -0.433
    -1.038
    -1.409
    -2.152
    -1.034
     1.348
     0.937
    -1.954
    -2.175
    -2.492
    -0.771
    -1.851
    -3.349
    -0.567
     0.386
     1.682
     0.744
     1.620
     3.780
     2.161
     1.366
     2.614
     0.265
     1.826
     0.225
     1.692
     1.621
     1.534
     1.836
     1.379
    -0.460
    -0.291
     1.474
     1.818
     2.654
     3.335
     2.483
     1.424
     2.009
     1.861
     2.050
     0.067
    -0.523
    -0.696
    -2.245
    -2.536
    -4.277
    -3.445
    -1.766
    -3.701
    -5.096
    -6.627
    -4.912
    -5.171
    -5.179
    -5.766
    -7.081
    -5.318
    -4.676
    -5.231
    -5.713
    -5.739
    -3.681
    -4.337
    -4.726
    -4.428
    -4.402
    -5.474
    -4.272
    -2.936
    -4.992
    -4.666
    -4.308
    -1.853
     0.156
    -0.656
    -1.542
    -1.312
     1.033
     0.280
     1.845
     1.610
     4.346
     6.036
     6.977
     6.978
     8.046
    10.097
    11.282
    11.582
     9.850
     7.548
     5.644
     5.062
     4.109
     1.810
     0.221
     0.082
    -0.001
    -1.762
     0.721
     1.204
     1.987
     2.668
     5.113
     6.579
     6.550
     8.487
     7.851
     8.596
     7.889
     6.746
     6.351
     6.172
     6.472
     7.726
     6.054
     9.030
    11.047
    14.311
    15.823
    13.638
    12.053
    11.104
     2.143
    -3.104
    -4.941
    -8.996
    -8.970
    -8.763
   -12.417
   -10.710
   -10.448
   -10.352
    -8.379
    -9.604
    -9.836
    -6.775
    -5.999
    -5.827
    -4.307
    -2.274
    -3.135
    -1.853
     1.505
     2.898
     6.446
     5.505
     3.684
     3.882
     4.437
     4.530
     4.798
     3.984
     3.157
     0.260
    -0.842
     0.587
    -0.895
    -1.249
    -1.797
    -3.184
    -4.340
    -6.087
    -7.033
    -5.974
    -6.224
    -5.653
    -6.193
    -4.538
    -2.080
    -1.675
    -0.763
    -3.359
    -4.933
    -6.625
    -7.004
    -7.925
    -9.601
   -12.201
   -13.406
   -15.550
   -18.381
   -18.618
   -18.344
   -16.399
   -15.056
   -13.729
   -14.314
   -14.485
   -13.906
   -13.894
   -13.411
   -11.872
   -11.971
   -13.771
   -10.506
   -10.922
   -12.460
   -11.305
    -8.760
    -6.445
    -5.932
    -2.670
     0.325
     3.854
     4.962
     6.289
     6.498
     7.647
     6.294
     3.947
     3.916
     3.774
     7.308
    12.839
    17.626
    18.151
    17.510
    19.307
    25.512
    25.728
    27.170
    26.829
    28.765
    27.185
    25.822
    23.586
    19.909
    17.037
    13.102
    11.182
     8.444
     8.600
     7.473
     5.367
     7.402
    11.845
    13.018
    14.288
    12.098
     9.250
     6.803
     8.450
     6.554
     6.741
     8.032
     8.777
    10.675
    11.634
    11.121
    10.357
     6.905
     6.298
     4.891
     3.507
     2.770
     1.607
     3.489
     4.119
     3.057
     1.027
    -1.411
    -1.454
    -2.522
    -2.458
    -3.347
    -3.991
    -3.864
    -4.727
    -5.372
    -5.203
    -4.587
    -6.989
   -10.351
   -13.804
   -14.759
   -17.583
   -19.919
   -21.672
   -21.689
   -20.388
   -22.062
   -24.635
   -25.905
   -24.643
   -22.247
   -19.989
   -19.513
   -19.579
   -20.547
   -19.893
   -15.458
   -13.372
   -11.884
   -12.015
   -11.471
    -9.675
    -9.727
    -8.681
    -9.408
    -9.311
   -10.346
   -11.766
   -12.572
    -8.134
    -6.828
    -1.563
    -3.406
     1.496
     5.145
     4.468
     2.690
     1.203
    -2.343
    -0.510
     0.566
     3.578
     6.599
    11.083
    13.867
    13.256
    11.618
    11.477
     9.877
     8.444
    10.934
    13.972
    13.652
    15.629
    14.410
    12.734
    14.154
    18.241
    13.542
     8.735
     6.199
     7.050
     9.617
     8.147
     6.556
     6.877
     6.104
     8.213
     6.715
     3.085
    -4.323
    -4.797
    -9.466
   -12.615
   -10.090
    -6.670
    -7.682
    -3.981
    -3.248
    -7.074
    -3.656
    -4.390
    -4.808
    -4.863
    -7.065
    -6.401
    -0.606
    -4.642
    -1.465
    -1.649
     2.934
     4.947
     5.339
     2.620
     4.123
     1.010
     2.091
     3.835
     3.242
     4.864
    10.352
     9.644
     8.820
    11.172
    13.529
    13.353
    15.539
    16.278
    13.474
    11.393
    12.744
    10.050
     5.010
     3.739
     1.114
     0.809
     1.617
     0.069
     0.347
     0.460
     2.607
     1.835
     0.360
    -1.708
    -0.521
    -1.304
    -1.110
     1.953
     4.522
     4.933
     3.038
     3.612
     1.501
     0.282
    -1.687
    -4.063
    -8.737
   -12.360
   -18.865
   -20.701
    -6.489
    -3.127
    -2.671
    -1.182
    -1.092
    -5.617
    -6.205
    -6.663
    -7.842
    -8.094
    -5.077
     0.003
     4.216
    11.054
    13.007
    10.192
     5.063
    -7.153
   -14.743
   -14.919
   -15.905
   -14.851
    -8.328
     2.444
     2.885
     2.614
     0.647
    -2.119
    -4.457
    -4.094
    -4.390
    -5.375
    -6.021
    -6.601
    -5.952
    -5.083
    -5.632
    -5.960
    -6.842
    -6.843
    -6.755
    -7.721
    -6.249
    -5.600
    -5.535
    -4.730
    -4.951
    -5.470
    -5.943
    -5.496
    -6.129
    -7.916
    -7.807
    -6.905
     0.827
     5.400
     7.055
    10.320
     9.372
    10.498
     9.856
     7.325
     6.678
     4.141
     3.270
     0.899
     0.994
    -0.090
     1.043
     0.917
     1.456
     1.656
     2.909
     3.305
     3.127
     2.101
     3.862
     4.370
     4.536
     5.043
     3.514
     3.522
     0.208
    -0.063
     0.007
    -0.881
    -0.365
     0.175
     0.197
    -0.335
     2.257
    -0.838
    -1.643
    -1.840
     1.266
     1.680
    -0.360
    -1.111
     0.164
     1.155
     1.644
     1.916
     1.941
     1.378
     3.757
     5.082
     4.408
     1.236
     3.200
     3.619
     4.404
     4.551
     4.275
     4.390
     4.424
     4.600
     4.188
     3.525
     2.207
     0.360
    -0.553
     0.283
    -0.774
     0.255
     0.420
    -0.636
    -1.688
    -0.168
     0.227
     0.755
     1.494
     1.636
     3.775
     4.358
     6.087
     8.636
     9.365
     8.622
     7.355
     7.745
     6.028
     6.171
     5.400
     7.670
     5.803
     5.185
     5.773
     6.430
     5.326
     3.571
     2.761
     1.433
    -0.724
    -5.988
    -7.004
    -9.280
   -10.733
    -9.894
    -8.437
    -6.467
    -6.575
    -7.037
    -7.088
    -7.120
    -7.807
    -7.893
    -7.694
    -7.264
    -6.469
    -7.234
    -6.819
    -6.199
    -3.629
    -2.495
    -2.025
    -2.190
    -1.617
    -0.894
    -0.839
    -2.119
    -2.201
    -1.918
    -2.482
    -2.219
    -2.726
    -2.745
    -2.026
    -2.765
    -3.245
    -2.168
    -2.056
    -1.773
    -1.688
    -1.812
    -2.761
    -2.111
    -3.796
    -4.015
    -3.402
    -3.988
    -4.227
    -4.734
    -3.658
    -2.244
    -1.472
    -0.938
    -1.087
    -1.862
    -3.212
    -1.829
    -2.308
    -2.424
    -2.531
    -1.635
    -2.215
    -1.429
    -1.598
     0.590
     0.286
     1.572
     1.945
     3.227
     3.704
     3.232
     3.507
     3.719
     4.380
     4.372
     2.989
     4.272
     4.938
     2.404
     4.810
     3.822
     4.093
     4.838
     4.688
     4.125
     3.946
     3.696
     2.923
     3.469
     2.439
     1.902
     1.381
     2.011
     1.086
     1.437
     1.239
     2.532
     1.281
     1.018
     1.217
     1.099
     0.871
    -0.321
     0.156
     1.100
     1.116
     0.848
     0.193
     0.544
     1.254
     0.048
    -0.761
     0.148
    -0.170
     0.649
     0.737
     0.138
     1.543
     2.671
     2.935
     3.173
     3.170
     2.413
     1.643
     1.602
     2.365
     1.068
     1.628
     2.143
     0.611
     0.138
    -0.839
    -0.530
    -2.085
    -1.706
    -1.525
    -2.321
    -1.986
    -1.117
     0.894
     0.206
     0.036
     0.103
     0.363
     0.628
     0.770
     1.041
     0.402
    -0.068
    -1.208
    -0.956
     0.130
     0.506
     1.155
     0.937
     1.731
     1.169
     1.031
     2.576
     1.494
     0.333
     0.678
     0.931
     0.584
     0.491
     0.765
    -0.112
    -0.042
     0.028
     0.541
    -0.051
     0.499
     0.258
    -0.225
    -0.512
    -0.848
    -0.796
    -2.080
    -1.826
    -2.263
    -2.091
    -1.308
    -1.775
    -1.377
    -1.754
    -2.179
    -2.206
    -1.666
    -0.691
    -0.388
    -0.493
    -1.852
    -1.844
    -1.189
    -1.223
    -1.701
    -1.034
    -1.911
    -1.635
    -1.743
    -1.948
    -1.974
    -1.992
    -1.662
    -1.493
    -1.477
    -1.641
    -1.595
    -1.489
    -1.293
    -0.807
    -0.285
    -1.438
    -1.799
    -1.857
    -1.998
    -2.142
    -1.992
    -1.248
    -1.386
    -1.749
    -1.959
    -3.242
    -2.863
    -2.265
    -3.660
    -3.070
    -3.093
    -3.176
    -3.960
    -3.753
    -4.884
    -4.501
    -4.127
    -3.506
    -3.045
    -3.877
    -3.553
    -3.879
    -4.472
    -4.629
    -5.967
    -5.363
    -5.761
    -5.867
    -5.359
    -4.602
    -2.018
    -2.542
    -2.507
     0.603
     2.631
     2.422
     5.065
     5.022
     7.745
    10.609
    11.735
    11.358
    11.940
    13.419
    11.005
    10.603
     8.215
     6.629
     5.568
     5.758
     5.054
     5.066
     4.941
     5.950
     6.108
     6.864
     5.389
     5.238
     4.909
     6.151
     4.639
     5.272
     4.588
     4.469
     5.475
     5.348
     4.099
     1.871
     1.934
     1.938
     1.849
     2.379
     1.889
     0.799
    -0.107
    -0.494
    -0.042
    -2.008
    -2.620
    -0.836
    -0.770
    -0.580
    -1.077
     0.131
    -0.759
    -0.840
    -0.357
    -0.149
     0.495
     0.306
    -0.885
    -0.096
    -0.312
    -2.648
    -2.307
    -3.889
    -3.060
     0.436
     2.032
     0.390
    -2.703
    -7.153
    -7.565
    -5.861
    -4.391
    -4.232
    -1.621
    -1.974
    -3.296
    -3.346
    -4.517
    -4.663
    -5.953
    -5.047
    -4.248
    -3.379
    -3.148
    -3.356
    -3.437
    -3.735
    -2.826
    -4.990
    -3.008
    -2.894
    -0.610
     1.003
    -0.924
    -0.769
    -0.212
    -0.485
    -1.107
    -1.842
    -1.122
    -0.323
    -1.922
    -0.483
    -1.151
    -1.358
     0.314
    -0.001
    -0.270
    -0.135
    -1.375
    -2.069
    -2.399
    -3.204
    -1.590
    -1.294
    -1.644
    -1.265
    -0.887
    -3.344
    -1.742
    -1.602
    -1.347
     0.016
     0.029
     0.771
     1.231
     1.200
     0.236
     0.009
    -0.788
     0.413
     0.843
     0.215
    -0.575
    -0.590
    -0.275
    -0.532
     0.875
     0.072
     1.851
     2.115
     1.062
     1.500
     2.935
     3.889
     2.121
     0.207
    -1.232
    -2.153
    -2.421
     0.158
     2.023
     3.572
     4.337
     3.609
     3.905
     3.186
     4.141
     5.273
     4.280
     1.320
     2.820
     3.113
     1.614
     1.408
     1.951
     1.679
     2.279
     1.469
     1.988
     2.521
     2.322
     3.140
     3.513
     3.886
     3.411
    -0.132
     0.623
     2.888
     2.670
     1.778
     1.327
     1.350
     1.397
     2.124
     2.666
     1.092
    -0.272
     0.430
     0.930
     0.913
     2.424
     1.098
    -0.726
     0.224
    -0.751
    -0.476
    -0.324
    -0.116
    -1.651
    -1.390
     0.169
    -0.849
    -0.885
    -0.963
    -0.460
    -0.718
    -2.627
    -2.072
    -3.424
    -2.332
    -3.550
    -2.201
    -3.171
    -2.327
    -0.115
     1.232
    -0.006
     0.468
    -1.573
    -1.229
    -0.799
     1.207
     0.707
    -0.356
    -0.867
     0.215
     0.018
    -1.298
    -0.761
     0.427
     0.019
     0.656
     0.596
     0.263
     0.164
     0.059
    -0.711
    -1.926
    -1.596
    -1.779
    -2.104
    -0.894
    -1.504
    -1.682
    -2.006
    -0.758
    -1.580
    -1.632
    -1.559
    -1.415
    -2.652
    -3.137
    -3.297
    -2.145
    -1.619
    -1.445
    -0.614
    -1.641
    -2.126
    -0.992
    -1.296
    -1.549
    -1.737
    -2.051
    -2.145
    -1.077
    -1.140
    -1.650
    -2.200
    -2.831
    -2.286
    -2.769
    -3.371
    -3.219
    -2.174
    -1.656
    -1.722
    -0.492
    -0.183
    -0.606
    -0.638
    -0.024
    -2.057
    -0.390
    -2.631
    -2.111
    -0.030
     0.867
     0.973
     0.380
     2.080
     1.811
     0.760
     1.299
     1.363
     0.803
     0.826
     3.927
     2.213
     2.362
     2.996
     4.569
     4.385
     4.012
     4.072
     4.803
     2.885
     2.809
     2.354
     2.148
     2.345
     1.866
     2.379
     3.759
     3.998
     4.577
     3.246
     4.275
     3.233
     4.667
     4.237
     3.724
     5.535
     4.568
     5.239
     4.678
     5.105
     4.415
     5.514
     5.220
     4.432
     2.685
     2.877
     2.968
     3.380
     2.614
     1.140
    -0.737
    -0.522
    -1.704
     0.281
     0.249
    -0.735
     0.333
     1.232
    -1.297
    -0.951
    -0.275
    -0.084
     0.716
     0.224
    -1.192
    -2.400
    -3.300
    -2.636
    -3.643
    -3.622
    -4.195
    -5.599
    -6.490
    -6.616
    -7.124
    -7.998
   -10.742
    -7.925
    -5.194
    -5.484
    -5.437
    -7.049
    -5.185
    -5.481
    -3.427
    -4.138
    -3.633
    -2.081
    -2.494
    -3.219
    -2.755
    -2.906
    -3.706
    -3.068
    -4.703
    -5.271
    -5.490
    -5.783
    -5.825
    -4.840
    -7.412
    -7.576
    -5.912
    -4.931
    -3.420
    -2.755
    -4.397
    -5.182
    -4.063
     0.926
    -2.422
    -2.405
    -2.113
    -4.707
    -4.802
    -3.456
    -2.268
     0.484
     0.675
     0.455
     2.524
     1.960
     3.420
     5.363
     6.100
     4.389
     4.869
     7.019
     7.676
     8.766
    10.297
     9.507
    10.949
     9.672
     9.781
     9.396
    10.684
    17.750
    18.497
    14.578
     8.779
     8.560
    15.970
    15.265
    12.631
     7.509
    11.209
     9.436
    11.648
     7.910
     7.510
     6.947
     5.870
     2.828
     1.163
     1.756
     2.553
     1.595
     0.053
    -0.712
    -1.264
    -0.932
     0.103
    -0.134
    -1.207
    -2.223
    -1.955
    -2.132
    -2.240
    -1.272
    -1.446
    -2.072
    -1.721
    -2.410
    -3.053
    -3.917
    -4.146
    -4.480
    -4.662
    -6.827
    -7.140
    -7.728
    -7.851
    -8.630
    -6.012
    -6.473
    -6.720
    -8.751
    -9.384
    -9.192
    -9.028
    -8.887
    -7.904
    -8.476
    -8.203
    -8.696
    -7.763
    -7.221
    -7.046
    -7.070
    -7.172
    -6.864
    -6.947
    -6.944
    -6.585
    -6.143
    -5.699
    -5.644
    -5.375
    -5.272
    -5.082
    -4.732
    -4.183
    -4.111
    -3.898
    -3.835
    -3.495
    -3.488
    -3.436
    -3.218
    -2.725
    -2.177
    -1.859
    -1.766
    -1.182
    -0.813
    -0.424
    -0.130
     0.175
     0.480
     0.920
     1.151
     1.541
     1.783
     2.187
     2.437
     2.809
     3.043
     3.425
     3.665
     4.039
     4.273
