     4.584
     4.503
     4.395
     4.293
     4.170
     4.046
     3.914
     3.793
     3.626
     3.482
     3.320
     3.153
     2.886
     2.723
     2.475
     2.236
     1.927
     1.623
     1.218
     1.031
     0.656
     0.249
     0.046
    -0.112
    -0.200
    -0.718
    -0.876
    -1.103
    -1.672
    -1.984
    -2.198
    -2.593
    -3.134
    -3.672
    -4.178
    -4.850
    -5.132
    -5.215
    -5.539
    -5.539
    -6.117
    -5.885
    -6.544
    -7.205
    -7.265
    -7.733
    -8.019
    -7.921
    -7.978
    -9.315
    -8.987
    -9.903
    -9.577
    -9.947
   -10.137
   -12.091
   -11.332
   -11.424
   -12.907
   -12.417
   -12.360
   -12.086
   -12.758
   -12.124
   -10.748
   -10.100
   -10.563
    -8.601
    -7.235
    -7.915
    -5.877
    -5.374
    -4.440
    -2.483
    -0.393
    -1.491
    -2.163
    -0.569
     0.531
     6.029
     6.017
     6.058
     6.858
     7.626
     7.491
     7.907
     9.171
     9.515
     9.242
     9.815
     9.981
    11.091
    11.907
    12.248
    11.029
    11.126
    11.035
     9.265
     8.425
     8.894
     7.421
     6.614
     5.516
     6.191
     4.605
     4.576
     4.112
     4.408
     3.402
     2.168
     3.872
     3.999
     3.734
     4.031
     3.617
     1.705
     1.426
     0.569
     0.546
     0.301
     0.228
    -0.637
    -0.004
     0.520
    -0.064
    -1.390
    -0.394
    -0.324
    -0.863
     0.411
    -1.051
    -0.224
    -1.439
    -1.732
    -1.958
    -2.248
    -1.526
    -2.620
    -1.917
    -3.013
    -3.094
    -3.623
    -2.962
    -2.726
    -2.371
    -2.405
    -1.712
    -1.222
    -2.177
    -1.705
    -2.075
    -1.244
    -2.016
    -2.114
    -0.214
    -0.432
    -2.426
    -1.423
    -2.717
    -3.487
    -4.437
    -2.974
    -1.426
    -0.737
     1.156
     1.670
     1.544
     1.716
     3.237
     1.786
     3.505
     4.013
     3.471
     2.711
     3.944
     2.784
     2.817
     3.092
     3.059
     3.606
     3.785
     3.818
     1.511
     2.382
     3.012
     0.712
     1.634
     1.638
     1.683
     3.125
     2.200
     0.431
    -0.588
    -3.992
    -1.133
    -1.003
     1.443
     0.951
    -0.284
    -1.184
     0.929
    -1.665
    -2.010
    -3.868
    -5.202
    -6.277
    -3.822
    -1.511
    -3.083
    -2.572
    -3.275
    -5.854
    -5.944
    -8.483
    -8.547
    -9.448
    -9.441
    -7.423
    -8.102
   -10.477
    -8.816
    -6.339
    -7.461
    -8.104
    -6.786
    -4.296
    -4.464
    -2.551
    -0.857
    -0.715
     1.204
     2.012
     4.216
     5.206
     6.583
     7.198
    11.085
     9.795
     9.364
     9.371
     8.845
     8.247
     8.162
     7.148
     5.577
     3.147
     3.071
     3.122
     3.867
     4.396
     4.238
     2.812
     5.565
     1.005
    -1.790
     2.142
     1.379
     1.487
     0.718
     1.628
     0.241
    -0.870
    -1.432
    -2.719
    -0.608
    -1.082
    -0.520
    -1.189
    -1.215
    -2.017
    -1.338
    -0.823
    -1.016
    -0.369
    -0.838
    -1.493
    -1.528
    -1.488
    -2.636
    -2.816
    -2.880
    -2.597
    -3.490
    -5.189
    -3.702
    -2.740
    -3.707
    -4.174
    -3.792
    -4.159
    -2.505
    -4.157
    -2.899
    -2.663
    -3.310
    -2.826
    -3.818
    -2.208
    -2.238
    -2.934
    -2.837
    -2.147
    -1.698
     0.014
     0.805
     1.035
     0.314
     0.160
    -0.207
    -1.242
    -0.654
     1.575
     2.527
     3.418
     1.999
     3.968
     2.364
     2.869
     4.398
     4.149
     5.315
     4.924
     3.488
     5.686
     5.149
     4.871
     5.192
     4.914
     4.001
     4.806
     3.881
     5.114
     2.962
     3.833
     3.915
     2.170
     2.272
     1.796
     1.988
     4.233
     1.985
     4.158
     3.321
     4.383
     1.703
     1.828
     1.991
     1.276
     1.516
     0.625
     0.178
    -1.569
     0.850
     0.550
     0.102
    -0.573
    -1.132
    -2.142
    -1.823
    -3.116
    -4.427
    -3.976
    -3.436
    -2.168
    -3.749
    -4.005
    -3.102
    -1.986
    -1.355
    -0.030
     0.769
    -1.227
     0.545
     0.997
     0.228
     1.258
     1.112
     0.601
     1.028
     1.447
     0.521
     2.104
     0.696
     1.557
     1.379
     0.826
    -0.755
    -1.171
    -2.249
    -1.115
    -2.143
    -2.317
    -2.056
    -2.507
    -2.654
    -3.608
    -3.467
    -3.250
    -2.314
    -2.901
    -1.780
    -2.523
    -3.835
    -3.816
    -3.180
    -3.381
    -4.199
    -4.968
    -6.313
    -6.166
    -8.373
    -8.186
    -6.622
    -5.552
    -5.115
    -4.031
    -4.986
    -6.179
    -3.739
    -3.063
    -3.103
    -2.480
    -2.797
    -1.545
    -0.343
     4.250
     4.336
     4.276
     1.639
     1.609
     1.630
     1.223
     3.090
     3.838
     4.132
     3.015
     3.911
     1.655
     1.872
     2.246
     2.512
     1.168
     0.932
     1.315
     1.679
     1.766
     2.578
     2.366
     3.096
     2.516
     1.465
     0.146
     1.299
    -0.858
     0.967
     1.485
     0.038
     0.198
     0.524
     1.053
     0.975
     1.331
     2.411
     1.888
     2.598
     3.193
     3.649
     1.847
     1.498
     0.348
     0.221
    -2.499
    -0.244
     0.607
     1.474
     0.396
     0.386
     2.290
     2.337
     1.657
     0.974
     2.761
     0.536
     1.923
     1.868
     1.565
     2.463
     2.089
     1.168
     3.377
     3.226
     2.208
     2.398
     1.073
     0.268
     0.147
     1.709
     1.961
     2.315
     1.929
     1.254
    -0.165
    -0.095
    -1.223
    -0.375
    -1.110
    -0.706
    -1.176
    -1.575
    -0.175
    -1.272
    -0.985
    -0.621
    -0.291
     0.403
     0.945
     0.745
     0.862
     2.280
     2.686
     2.603
     1.796
     2.229
     2.807
     2.470
     2.545
     2.885
     1.530
     2.361
     1.837
     1.713
     3.323
     2.155
     3.465
     0.336
    -0.220
    -0.368
     1.755
     1.303
     1.744
    -1.052
    -0.383
    -1.088
    -2.109
    -1.535
    -0.903
    -0.411
    -1.739
     0.196
    -0.666
     0.603
     0.836
     1.806
     1.343
    -1.489
    -1.978
    -0.683
    -1.268
    -2.105
    -2.964
    -4.523
    -6.163
    -4.090
    -5.653
    -5.138
    -4.878
    -6.155
    -8.538
    -8.625
    -8.058
    -7.680
    -6.079
    -6.565
    -6.224
    -7.175
    -7.271
    -7.293
    -5.887
    -6.056
    -5.785
    -4.638
    -5.318
    -4.990
    -4.283
    -4.430
    -2.800
    -2.414
    -3.481
    -3.369
    -2.184
    -2.502
    -0.659
    -0.732
    -2.738
    -0.988
    -0.705
    -0.403
    -0.752
    -0.514
    -2.717
    -3.520
    -2.667
    -1.480
    -2.044
    -0.571
    -1.993
    -0.556
    -0.285
     1.096
     1.507
     2.390
     2.577
     2.917
     3.096
     4.862
     5.075
     4.754
     5.151
     5.132
     2.732
     2.854
     3.254
     4.145
     3.599
     4.083
     3.954
     3.473
     4.363
     4.332
     5.626
     5.423
     6.681
     4.600
     6.022
     4.316
     4.657
     5.439
     3.126
     4.882
     4.373
     4.164
     4.842
     3.884
     3.844
     5.928
     5.379
     6.122
     5.942
     5.825
     4.443
     4.900
     5.169
     5.505
     6.268
     6.749
     6.742
     4.482
     5.335
     5.690
     4.097
     3.473
     5.579
     4.652
     4.410
     3.649
     4.316
     4.078
     6.036
     5.673
     5.343
     5.627
     5.140
     3.904
     0.068
    -0.550
    -1.271
    -2.640
    -5.191
    -6.324
    -6.004
    -7.371
    -7.802
    -5.835
    -6.250
    -4.931
    -5.748
    -5.586
    -6.073
    -5.678
    -2.893
    -4.050
    -2.848
    -2.146
    -1.723
    -1.313
    -0.469
    -1.744
    -1.694
    -0.462
    -1.630
    -0.364
     0.450
    -2.175
    -1.375
    -1.041
    -1.355
    -0.809
    -0.883
    -1.048
    -3.222
    -2.088
    -5.068
    -4.957
    -5.221
    -6.656
    -6.846
    -7.015
    -8.177
    -7.774
    -6.952
    -7.142
    -7.104
    -6.319
    -5.762
    -6.154
    -4.670
    -4.411
    -2.627
    -3.729
    -3.532
    -3.491
    -3.621
    -2.581
    -4.840
    -3.993
    -3.559
    -4.763
    -4.408
    -3.938
    -4.100
    -5.129
    -5.830
    -4.122
    -4.794
    -6.626
    -6.277
    -4.551
    -6.271
    -5.202
    -6.073
    -5.451
    -6.295
    -6.033
    -5.122
    -2.893
    -1.371
    -1.407
    -3.123
    -2.310
    -1.669
    -1.133
    -0.413
    -0.101
     0.375
    -0.001
     0.307
     1.456
     0.150
     0.958
     2.638
     1.108
     2.449
     1.567
     1.890
     2.985
     3.469
     5.230
     5.714
     7.271
     6.180
     6.505
     6.208
     6.237
     8.391
     6.620
     8.881
    10.697
    10.530
     9.701
     9.776
    10.815
    11.357
    10.312
    10.487
     9.833
     9.879
     9.655
    10.675
    10.650
    10.721
    10.482
     8.951
     8.003
     7.252
     8.288
     9.327
     9.476
     9.677
     9.362
     9.448
     9.041
     9.407
    10.753
     9.539
     8.717
     8.300
     9.547
     9.646
     9.453
     9.845
     9.658
     9.577
     9.292
     9.479
     9.764
     9.398
     8.419
     8.236
     8.206
     8.277
     8.069
     6.393
     6.335
     6.914
     7.069
     6.996
     4.076
     0.442
    -1.358
    -6.135
    -7.885
    -8.606
   -12.460
   -16.526
   -17.931
   -20.740
   -21.897
   -23.616
   -26.274
   -26.214
   -27.258
   -27.593
   -31.053
   -30.302
   -29.306
   -27.035
   -25.875
   -25.441
   -23.807
   -23.563
   -23.558
   -21.049
   -19.822
   -17.615
   -15.648
   -12.595
   -10.228
    -8.255
    -6.515
    -3.944
    -2.946
    -0.277
     2.587
     1.859
     2.738
     2.631
     2.302
     3.038
     1.942
     2.799
     1.640
     1.779
     2.228
     0.853
     1.345
     0.288
     2.359
     1.228
     0.798
    -0.320
     1.365
     1.757
     2.563
     2.256
     3.448
     3.252
     1.218
     2.094
     2.882
     3.714
     3.697
     3.467
     4.159
     3.852
     4.065
     4.995
     5.290
     6.058
     6.601
     6.975
     7.262
     6.648
     5.098
     3.305
     1.800
    -0.950
    -0.410
     1.450
     0.458
     3.926
     8.222
    12.330
    15.394
    15.612
    16.448
    15.152
    15.434
    16.396
    15.069
    15.329
    13.743
    12.938
    11.469
     8.095
     6.474
     3.835
     2.270
     2.676
     1.589
     0.270
    -0.265
    -1.681
    -2.764
    -3.881
    -3.921
    -3.727
    -5.465
    -5.106
    -4.267
    -2.455
    -2.954
    -0.117
    -1.330
    -3.031
    -2.704
    -2.160
    -1.319
     0.057
    -0.027
    -0.754
    -1.004
    -0.804
     1.223
     3.860
     1.876
     3.775
     4.677
     6.044
     3.494
     3.666
     4.778
     5.229
     5.072
     5.008
     3.811
     4.414
     4.659
     6.088
     5.978
     6.236
     7.352
     5.908
     3.828
     2.404
     1.829
    -0.250
    -1.917
    -0.902
    -1.698
    -4.696
    -5.685
    -6.803
    -5.332
    -5.552
    -5.523
    -5.497
    -4.514
    -3.526
    -4.668
    -4.925
    -6.351
    -4.479
    -1.925
    -2.742
    -2.861
    -2.770
    -3.259
    -2.006
    -1.990
    -1.809
    -0.667
    -0.137
     0.653
     0.112
     2.029
     0.116
    -0.719
    -0.165
    -0.536
    -0.482
    -1.992
     0.445
     0.684
    -1.061
    -0.529
     1.012
    -1.495
     0.533
     0.415
    -0.274
    -1.222
    -4.360
    -5.015
    -7.703
    -8.178
    -6.732
    -6.437
    -7.995
    -9.596
   -11.225
   -11.055
    -9.135
    -7.499
    -8.669
   -11.580
   -10.343
   -11.403
   -14.912
   -15.745
   -15.428
   -17.037
   -17.615
   -17.071
   -14.035
   -13.904
   -14.953
   -16.978
   -18.016
   -21.091
   -21.580
   -23.023
   -26.570
   -28.981
   -27.425
   -26.888
   -25.242
   -27.973
   -26.493
   -26.847
   -41.828
    15.447
    24.778
    15.966
    11.178
    15.462
    12.864
    14.526
    14.415
    15.473
    16.313
    19.501
    16.549
    15.649
    16.998
    18.199
    19.589
    21.045
    22.223
    23.838
    30.879
    31.361
    23.023
    24.647
    25.560
    31.863
    35.972
    36.674
    35.147
    35.498
    36.794
    38.226
    37.602
    40.708
    38.232
    39.648
    38.936
    35.369
    30.524
    27.626
    27.953
    24.919
    25.376
    24.483
    23.393
    18.944
    20.163
    20.158
    18.097
    17.495
    15.198
    12.988
    12.628
     9.856
     6.056
    -0.808
    -7.067
   -11.857
   -18.567
   -26.928
   -29.207
   -27.928
   -32.324
   -33.183
   -33.160
   -35.580
   -34.971
   -34.473
   -32.681
   -28.047
   -31.538
   -30.009
   -30.240
   -32.347
   -31.894
   -34.331
   -31.225
   -28.124
   -30.286
   -29.185
   -26.784
   -26.644
   -26.524
   -24.967
   -21.909
   -23.124
   -24.139
   -23.186
   -21.865
   -23.868
   -22.832
   -20.415
   -21.999
   -20.731
   -20.831
   -22.956
   -23.441
   -23.730
   -22.061
   -23.090
   -22.422
   -18.353
   -16.540
   -13.623
   -10.278
    -8.046
    -1.402
    -1.833
     0.627
     1.935
     2.907
     5.680
     9.538
     7.263
    12.758
    20.351
    22.553
    25.461
    29.162
    34.539
    36.090
    38.124
    35.606
    33.327
    40.152
    47.839
    43.933
    38.912
    44.799
    39.183
    33.974
    47.938
    44.339
    26.047
    10.992
     9.899
    27.274
    16.140
     2.688
    -6.026
    -1.596
    -6.917
   -12.437
   -15.661
   -11.379
   -20.494
   -17.245
   -10.122
    -9.818
    -5.803
    -7.767
   -12.425
   -14.975
    -7.854
    -4.674
    -4.326
    -5.943
     0.195
     2.885
     2.620
    -0.150
     0.694
     3.783
     4.591
     6.990
     0.700
     2.149
     5.757
     2.792
     0.927
    -0.912
    -9.904
   -17.558
    -6.976
     6.833
     0.306
    -6.090
    -7.847
    -4.914
    -7.045
    -4.064
     9.298
     4.521
    -9.992
   -16.223
   -16.351
   -24.184
   -25.741
   -16.866
   -10.172
    -7.465
    -3.564
     0.864
    -0.920
   -13.923
   -11.495
   -15.756
    -9.416
    -4.360
     2.264
     1.461
     1.389
     6.632
     2.356
    11.257
     8.756
     8.566
    10.496
    18.363
    21.554
    27.528
    23.088
    19.216
    20.246
    12.898
    17.560
    17.140
    11.283
     9.853
     9.410
     6.517
     5.126
    -0.691
     1.717
     0.365
     5.525
     1.180
     1.613
     3.812
    -1.111
    -0.023
     0.125
    -1.085
     2.896
     3.559
     1.198
     1.723
     0.392
     0.572
    -4.656
    -5.412
    -8.493
    -6.850
    -5.128
    -1.845
    -2.218
     0.141
    -5.544
    -4.381
    -5.206
    -8.552
    -8.338
    -7.000
   -13.281
   -15.300
    -9.475
    -6.507
    -8.848
   -12.640
   -11.507
   -10.073
    -4.407
    -6.598
    -7.715
    -5.621
    -3.132
     8.879
    13.103
    -1.061
    -4.050
    -9.942
    -5.544
    -4.850
    -2.570
   -10.887
   -17.392
   -13.681
   -16.230
   -20.370
   -20.857
   -20.071
   -17.484
   -14.160
   -11.233
    -8.975
   -10.536
   -10.244
    -5.642
    -3.960
    -9.010
    -8.192
    -5.465
    -1.781
    -2.228
    -5.460
    -3.228
    -7.584
    -2.755
    -5.211
    -0.885
    -1.985
     0.792
     2.307
    10.684
     8.024
     9.205
     5.218
     3.008
     8.224
     5.048
     9.252
    10.655
    14.892
     9.500
     5.413
     5.157
     5.479
     5.901
     7.501
    12.178
    12.933
    18.143
    21.085
    18.439
    17.873
    19.909
    18.899
    20.124
    22.517
    19.325
    30.094
    20.153
    22.257
    13.153
     7.877
    13.024
    15.097
    12.995
    16.230
    14.695
    17.016
    11.643
     7.566
     8.724
     7.631
     3.793
     6.948
     4.532
     8.044
     9.499
     0.367
     1.725
     3.182
     0.402
    -4.946
    -5.667
    -7.260
    -6.806
    -5.326
    -5.583
    -5.874
   -11.080
   -13.473
    -1.249
    -6.575
   -19.829
   -18.030
    -4.394
    -2.901
    -1.257
   -12.029
    -5.922
    -4.291
   -11.795
   -11.813
   -19.246
   -26.844
   -20.780
   -16.660
   -21.481
   -16.071
    -8.814
   -11.757
    -7.439
    -1.304
    -0.595
    -2.599
    -4.139
    -5.245
    -7.791
    -9.276
   -10.387
   -10.730
   -10.092
    -7.814
    -8.940
    -3.385
    -3.985
    -3.610
    -3.871
     1.028
    -1.522
    -2.297
     0.247
     1.199
     3.891
     1.498
     0.621
    -2.400
     0.935
    -2.101
    -3.085
     1.631
     3.843
     3.264
    -1.236
    -0.018
     3.746
     3.763
     1.710
     3.949
     5.258
     7.869
     4.350
     2.923
     3.066
     1.771
     6.362
     2.129
     5.458
     3.502
    -0.493
     1.299
    -0.881
    -0.678
    -0.751
    -3.718
    -1.930
     2.541
     1.739
     3.884
    -1.330
     0.572
     2.998
     3.149
     3.960
     1.208
    -4.389
     0.980
     3.790
     4.733
    -5.326
   -14.612
   -10.381
    -4.525
    -6.100
    -8.000
   -10.442
    -8.569
    -6.995
    -5.899
    -5.250
    -7.804
    -3.252
    -3.071
    -0.781
     3.068
     5.702
     1.342
    -2.023
    -0.354
     0.729
     3.898
     0.531
     2.197
     1.376
     2.316
     2.662
     3.954
     7.736
     6.110
     7.591
     6.897
     8.524
    11.131
     9.454
     8.878
     8.049
     7.699
     9.733
     9.911
    10.650
     8.994
     9.564
     9.875
     9.200
    12.329
    12.753
    12.616
    13.797
    14.961
    14.655
    14.148
    13.379
    13.700
    13.259
    11.945
    13.231
    10.107
    13.210
     9.111
     6.848
     8.223
     6.539
     5.801
     4.839
     4.323
     2.956
     1.916
     1.668
    -0.027
    -0.702
    -3.164
    -3.890
    -2.473
    -4.004
    -6.017
    -7.204
    -6.927
    -5.962
    -6.262
    -9.147
    -9.204
    -9.759
   -11.853
   -12.786
   -13.608
   -14.626
   -16.209
   -16.635
   -18.715
   -15.634
   -17.024
   -15.708
   -17.338
   -18.900
   -19.664
   -18.383
   -17.896
   -18.203
   -15.315
   -15.940
   -14.682
   -14.899
   -11.406
   -10.861
    -7.627
   -10.442
    -8.900
    -9.867
    -7.552
    -7.390
    -5.673
    -6.389
    -5.941
    -7.551
    -5.789
    -6.333
    -6.680
    -5.782
    -6.500
    -6.069
    -2.716
    -0.366
     0.055
     0.397
     1.347
     1.063
     3.158
     2.718
     3.740
     7.342
     7.896
     7.128
     7.619
    12.073
     7.669
     8.650
     9.301
    11.772
    11.131
     7.784
     9.344
    10.583
     8.651
     8.255
     7.555
     8.292
     7.877
     8.344
     8.009
     8.767
    10.871
    10.025
     8.337
     8.681
     7.400
    10.213
    11.364
    11.794
    11.464
    11.356
    10.583
    11.487
    12.675
    10.227
     9.135
     8.803
     7.899
     6.374
     8.013
     6.822
     5.507
     5.583
     5.046
     4.483
     6.238
     6.372
     7.881
     7.948
     6.929
     4.195
     4.466
     5.109
     0.855
     1.729
     0.529
    -3.113
    -3.249
    -2.749
    -5.769
    -5.539
    -5.809
    -8.092
    -7.546
    -8.311
    -7.119
    -7.786
    -6.663
    -7.123
    -7.197
    -8.301
    -7.636
    -7.889
    -8.523
    -8.086
    -7.787
    -6.840
    -9.292
    -7.676
    -9.202
    -7.603
    -9.823
   -11.483
   -10.538
   -11.135
   -10.533
   -10.156
    -9.429
    -7.676
    -7.346
    -8.123
    -7.648
    -6.766
    -7.967
    -7.663
    -5.524
    -4.367
    -2.878
    -1.430
    -2.457
     1.442
     2.326
     4.061
     4.635
     4.415
     2.993
     3.532
     1.874
     2.844
     0.913
    -0.451
    -0.956
    -3.364
    -1.476
    -1.231
    -1.498
    -2.015
    -1.900
    -1.228
     0.744
     2.384
     2.620
     1.905
     2.729
     3.098
     2.502
     3.922
     3.191
     2.459
     4.456
     5.949
     6.869
     3.991
     3.609
     6.014
     3.323
     4.687
     6.835
     7.181
     6.754
     5.842
     6.374
     6.710
     5.778
     6.600
     7.616
     6.509
     8.350
     8.130
     6.597
     4.529
     7.044
     8.910
     8.419
     6.009
     5.186
     3.842
     3.640
     2.836
     1.169
     1.787
     1.408
     0.197
    -1.355
    -3.162
    -2.635
    -1.804
    -4.234
    -4.194
    -4.795
    -5.233
    -5.241
    -4.515
    -3.873
    -4.223
    -3.873
    -4.204
    -3.751
    -4.523
    -5.270
    -5.483
    -4.185
    -5.052
    -3.605
    -7.174
    -6.697
    -6.741
    -6.821
    -4.738
    -2.644
     0.327
     0.840
    -0.913
    -1.728
    -0.914
    -3.182
    -5.745
    -5.115
    -4.022
    -1.763
    -1.616
     1.118
    -2.347
    -1.983
    -1.749
    -2.655
    -6.776
    -7.596
    -8.801
    -6.158
    -6.074
    -6.301
    -6.076
    -3.566
    -3.197
    -2.926
    -5.709
    -3.842
    -3.845
    -4.033
    -4.799
    -2.740
    -1.511
     0.963
     0.706
     3.131
     2.144
     1.856
     2.258
     0.268
     0.776
     2.556
     4.053
     3.297
     5.359
     4.833
     7.937
     7.815
    11.474
    12.198
    11.123
    11.404
    12.317
    10.261
    12.812
    14.204
    12.322
    11.723
    10.929
    10.357
    10.489
     8.595
     7.583
     5.756
     4.650
     3.230
     1.704
    -0.041
     1.474
    -1.781
    -1.706
    -1.214
    -0.842
     0.282
    -0.970
    -1.903
     0.163
     1.172
     1.354
     1.580
     0.417
     1.475
     3.623
     0.952
     0.082
     1.099
    -0.058
     0.815
    -2.684
    -3.491
    -3.553
    -4.857
    -4.599
    -4.662
    -5.425
    -4.065
    -2.691
    -3.202
    -3.276
    -2.681
    -4.663
    -5.048
    -6.029
    -8.146
    -9.385
   -10.518
    -9.369
    -4.583
   -11.506
    -9.698
    -9.704
    -7.513
    -6.040
    -3.081
    -4.468
    -4.827
    -4.396
    -5.145
    -1.129
    -1.232
    -1.416
     0.145
     0.408
     2.004
     0.757
     2.464
     2.410
     1.852
     0.259
     0.548
     1.146
    -2.925
    -3.644
    -3.328
    -0.629
     0.542
     0.947
     1.158
     0.544
     1.119
    -1.117
    -2.273
    -0.686
    -0.271
    -1.508
    -0.733
     0.083
    -0.587
    -0.777
    -0.072
     0.321
    -0.213
    -0.505
    -0.512
     0.666
     1.295
    -0.772
     0.476
     1.135
     2.723
     2.259
     4.202
     0.887
    -0.592
    -1.261
     0.737
     2.924
     3.613
     5.253
     3.964
     4.927
     3.540
     2.612
     1.995
     2.849
     0.782
     2.152
     0.857
    -0.895
     0.270
     2.223
     0.916
     1.183
     3.443
     3.709
     4.360
     3.530
     4.568
     4.133
     4.595
     6.285
     4.552
     6.330
     6.261
     6.535
     5.642
     4.562
     2.387
     2.966
     4.391
     5.404
     3.360
     1.217
     2.069
     3.546
     3.551
     3.525
     2.399
     1.295
     0.943
     0.063
    -0.476
    -1.928
    -3.506
    -4.120
    -4.841
    -4.197
    -4.579
    -5.059
    -7.769
    -4.922
    -4.148
    -3.068
    -4.121
    -2.961
    -4.691
    -3.469
    -2.791
    -2.542
    -2.240
    -3.453
    -3.704
    -4.015
    -3.997
    -3.553
    -4.388
    -5.511
    -5.605
    -5.502
    -3.864
    -2.872
    -1.095
    -1.693
    -0.599
    -2.406
    -1.704
    -2.221
     0.634
    -0.576
    -0.164
     0.239
     2.905
     1.474
     0.218
    -0.295
     2.942
     1.050
     2.420
     1.450
    -1.437
    -0.454
     0.109
     1.303
     3.725
     2.843
     1.097
     0.295
     0.768
     1.052
     1.505
     1.582
     1.805
     1.589
     0.693
     0.168
    -0.926
    -0.558
    -1.857
    -1.243
    -1.041
    -1.884
    -1.792
    -1.349
    -1.334
    -0.641
    -0.480
    -0.798
    -0.770
    -1.401
    -0.271
    -0.588
    -0.163
     0.334
    -0.577
     0.257
     1.578
     2.311
     0.843
     0.965
     1.916
     1.706
     3.505
     2.427
     3.253
     1.304
     1.801
     0.671
     1.720
     1.408
     0.089
     0.251
     1.813
     1.677
     1.663
     0.273
     0.954
     1.030
     2.096
     3.240
     3.126
     2.580
     3.348
     2.639
     1.090
     0.200
    -1.109
    -0.597
    -1.592
    -1.755
    -0.238
    -0.957
     0.102
    -0.044
    -1.821
    -2.338
    -1.757
    -1.333
    -3.004
    -0.844
    -1.237
    -1.009
    -1.398
    -2.517
    -0.742
    -0.704
    -1.212
    -1.281
    -1.658
    -1.277
    -0.989
    -0.817
    -0.469
    -1.743
    -0.674
    -3.591
    -1.614
    -1.672
    -1.251
    -1.032
    -0.643
     0.167
     0.737
    -0.150
     0.436
    -1.512
     0.128
     0.174
     0.535
     0.826
     1.577
     0.992
     0.917
     0.410
    -0.668
    -0.469
    -0.113
    -0.047
    -0.476
    -0.968
    -0.896
    -1.132
    -0.301
     0.428
     0.407
     0.203
    -0.895
    -0.404
     0.979
    -0.494
    -0.057
     0.388
     0.277
    -0.683
    -1.397
    -1.753
    -1.176
    -0.975
    -1.746
    -1.515
    -0.899
    -0.373
    -0.423
    -2.208
    -0.560
     0.244
     1.388
     1.721
     1.786
     5.525
     5.531
     6.397
     6.911
     7.262
     7.071
     7.305
     6.646
     5.149
     4.528
     2.276
     2.934
     1.622
     1.572
     0.055
     0.575
     0.301
    -0.585
    -0.590
     0.382
     0.241
     1.163
     1.551
     0.194
     1.325
     0.550
    -0.648
     0.889
    -0.015
    -0.333
     0.142
    -1.044
    -1.302
    -2.214
    -1.437
    -1.718
    -1.739
    -1.436
    -2.452
    -2.840
    -4.094
    -3.335
    -3.337
    -2.762
    -1.589
    -1.266
    -1.574
    -1.140
    -1.088
    -2.465
    -2.504
    -3.267
    -3.028
    -2.856
    -3.022
    -3.643
    -3.675
    -3.802
    -3.427
    -2.954
    -3.271
    -3.328
    -3.287
    -3.130
    -2.326
    -2.648
    -1.441
    -1.936
    -0.968
    -1.763
    -0.777
    -0.434
     0.104
     0.185
    -0.875
     0.466
     0.477
     0.308
     1.409
     0.606
    -0.848
    -0.029
    -0.601
    -0.433
     0.262
     1.147
    -0.193
     0.177
     0.872
    -0.688
     1.226
     1.226
     1.039
     2.512
     2.679
     2.601
     2.457
     1.654
     2.059
     1.687
     3.257
     1.821
    -1.320
    -1.767
    -0.339
     0.111
     0.040
     0.023
     0.709
     0.621
     2.304
     3.156
     2.623
     4.566
     3.079
     2.499
     4.981
     2.464
     2.195
     2.327
     0.783
     0.724
     1.012
     0.269
     0.268
     1.520
    -0.116
    -0.731
     0.547
    -0.440
     0.332
     0.975
     1.113
     2.979
     3.106
     1.451
     0.728
     0.813
     0.382
    -0.152
     0.551
     0.120
     0.331
    -0.002
     0.580
    -0.378
    -2.301
    -1.244
    -2.109
    -1.449
    -1.387
    -1.189
    -1.191
    -0.850
    -0.285
    -1.173
     0.916
     1.292
     1.595
     0.942
     0.897
     0.654
     1.019
     0.686
    -0.869
    -0.454
    -0.564
    -1.114
     0.460
    -0.723
    -0.364
    -0.481
    -0.069
    -0.859
     1.514
     0.472
    -0.981
    -0.069
    -0.614
    -1.118
    -0.536
     0.039
    -0.130
    -0.909
    -1.049
     0.739
     0.525
    -0.566
    -1.410
    -1.511
     0.091
    -1.620
    -1.247
    -1.119
    -2.640
    -1.541
    -1.463
    -1.210
    -1.509
    -1.263
    -0.934
    -2.560
    -1.293
    -1.519
    -1.758
    -2.977
    -2.051
    -1.588
     0.183
    -1.853
    -2.657
    -1.254
    -0.210
    -0.978
     0.932
    -1.104
     0.693
    -0.537
    -0.167
    -2.251
    -0.777
    -1.613
    -1.851
    -1.511
    -1.323
    -1.391
     0.074
    -1.181
    -1.266
    -1.126
    -0.296
     0.634
     1.306
     1.638
     1.085
     1.443
     1.508
     1.710
     3.531
     1.988
     3.972
     3.274
     5.054
     3.560
     3.539
     2.044
     3.224
     5.089
     4.978
     4.539
     4.520
     6.409
     3.211
     2.049
     2.060
     2.717
     3.169
     2.236
     0.091
    -1.152
    -1.744
    -0.841
    -0.756
    -3.246
    -2.966
    -2.909
    -2.414
    -3.054
    -2.755
    -2.566
    -2.986
    -1.556
    -0.948
    -0.374
     0.213
    -1.371
    -1.305
    -2.232
    -0.830
    -0.806
    -0.829
    -0.386
     0.395
     1.056
    -1.281
    -0.971
    -1.475
    -1.631
    -0.803
    -2.479
    -1.094
    -1.800
    -1.650
    -2.731
    -2.903
    -3.104
    -2.592
    -3.634
    -1.502
    -2.635
    -1.661
    -1.326
    -2.159
    -1.942
    -1.093
    -1.049
    -1.359
    -0.923
     0.086
    -0.229
    -0.331
     0.204
    -0.066
    -0.047
    -0.543
    -0.638
     0.360
    -0.590
     0.836
     1.618
     1.525
     1.499
     0.835
     0.024
     0.384
     0.106
     1.163
     3.122
     3.237
     3.505
     4.035
     3.391
     3.480
     2.695
     3.219
     4.028
     4.048
     2.031
     2.793
     2.306
     1.065
     0.831
     0.607
     0.694
     1.009
     1.044
     1.292
     0.968
    -0.139
     1.290
     1.763
     0.990
     0.934
     1.321
     0.737
     0.963
     1.442
    -0.214
     0.048
     1.455
     2.092
     2.183
     0.616
     1.300
     1.784
     1.586
     1.274
     2.021
    -1.090
     0.719
     0.437
     0.760
     0.846
     0.724
     1.301
     0.353
     0.329
     1.394
     1.718
     0.721
     0.124
     0.359
     0.349
     0.277
    -0.652
     0.329
    -2.133
     0.302
     0.484
    -0.630
    -0.517
    -0.728
    -0.371
    -2.438
    -1.981
    -1.276
    -1.087
    -0.899
     0.090
     0.023
    -2.209
    -2.347
    -3.217
    -3.783
    -3.406
    -2.152
    -2.955
    -4.926
    -5.067
    -5.979
    -5.740
    -6.805
    -3.995
    -2.756
    -1.938
    -1.014
    -1.421
    -1.946
    -1.335
    -1.227
    -2.658
    -0.838
    -0.780
    -0.363
    -1.295
    -1.868
    -3.206
    -3.650
    -4.212
    -2.824
    -2.858
    -2.489
    -2.591
    -1.972
    -1.505
     0.187
     1.743
    -1.558
    -2.146
    -1.402
    -3.397
    -2.094
    -0.506
    -2.059
    -2.808
    -2.515
    -4.282
    -4.537
    -2.360
    -1.015
    -0.656
    -1.307
    -2.213
    -1.655
    -2.334
    -0.514
     1.395
    -0.757
    -1.491
    -2.079
    -2.315
    -1.767
    -1.292
    -0.107
     0.112
     2.343
     5.080
    10.462
     7.639
     4.236
     5.987
    12.587
    14.788
    14.766
    10.934
     9.086
    10.378
     7.273
     6.991
     4.150
     2.280
     0.372
    -2.889
    -2.399
    -2.203
    -1.797
    -3.235
    -1.579
    -0.876
     1.288
     4.724
     8.499
     8.527
     8.652
     7.175
     6.306
     5.464
     9.523
     3.158
     0.975
    -1.020
    -6.973
    -6.048
    -4.243
    -1.669
     1.207
     1.361
     1.422
     3.583
     3.635
     3.622
     5.094
     6.079
     6.297
     6.143
     8.217
     6.938
     7.062
     7.453
    10.539
    12.733
    13.576
    13.298
    13.720
    12.447
    12.708
    11.430
     9.945
     2.171
    -8.257
    -5.890
    -0.588
    -0.930
    -2.381
   -13.307
    -8.713
    -0.762
    -5.897
   -11.269
   -12.853
   -14.282
   -18.480
   -23.340
   -27.272
   -27.423
   -23.131
   -20.734
   -17.328
   -18.904
   -17.806
   -16.205
   -14.036
   -14.587
   -15.486
   -13.577
    -9.494
    -5.849
    -5.648
    -5.502
    -7.986
    -7.692
    -7.672
    -7.202
    -8.998
    -8.549
    -7.212
    -3.112
    -4.180
    -3.657
    -2.554
    -1.774
     2.305
     5.891
     4.686
     5.903
     6.800
     4.501
     6.540
     7.233
     8.425
     5.902
     7.450
     7.891
     8.153
     6.882
     7.064
     5.342
     6.398
     3.537
     3.146
     2.135
     0.840
     1.345
     1.789
     1.840
     3.146
     3.147
     3.238
     3.922
     3.796
     3.834
     4.344
     4.313
     4.722
     4.840
     4.874
     5.072
     5.262
     5.334
     5.992
     6.088
     6.265
     5.748
     5.373
     5.531
     5.660
     5.551
     5.342
     5.402
     5.423
     5.309
     5.258
     5.231
     5.193
     5.181
     5.093
     5.017
     4.973
     4.910
     4.846
     4.757
     4.679
