     4.026
     4.398
     4.667
     5.028
     5.284
     5.634
     5.874
     6.220
     6.454
     6.775
     6.991
     7.276
     7.464
     7.756
     7.876
     8.098
     8.160
     8.317
     8.352
     8.515
     8.530
     8.571
     8.487
     8.609
     8.620
     8.777
     8.637
     8.684
     8.434
     8.521
     8.249
     8.221
     7.894
     7.641
     7.435
     6.949
     6.573
     6.477
     5.991
     5.740
     5.439
     4.843
     4.441
     3.904
     3.157
     2.712
     2.367
     1.710
     0.891
     0.369
    -0.378
    -0.421
    -1.533
    -2.052
    -2.993
    -4.588
    -5.744
    -6.330
    -6.326
    -6.026
    -7.242
    -7.880
    -6.977
    -6.336
    -6.596
    -6.599
    -6.205
    -5.128
    -4.079
    -3.705
    -2.289
    -1.191
    -0.836
    -1.181
    -1.347
    -0.898
    -0.040
    -1.030
    -0.173
    -1.019
    -0.490
    -0.775
     0.030
     0.951
     3.032
     4.210
     3.640
     2.409
     0.016
    -1.026
    -3.043
    -3.383
    -5.000
    -6.884
    -8.702
   -10.399
   -12.384
   -11.469
    -9.723
    -8.714
    -6.246
    -5.605
    -4.096
    -4.367
    -3.613
    -5.229
    -4.758
    -4.910
    -4.533
    -2.750
    -4.109
    -4.263
    -5.696
    -6.463
    -5.092
    -5.473
    -6.344
    -5.713
    -6.249
    -4.378
    -4.432
    -4.319
    -5.847
    -5.735
    -4.806
    -5.049
    -3.868
    -1.722
    -1.213
    -2.193
    -2.449
    -2.153
    -1.769
    -1.270
    -2.080
    -1.037
    -0.537
     0.663
     0.358
     1.585
     0.698
     1.281
     3.546
     2.868
     3.556
     2.862
     3.394
     3.579
     1.545
     1.641
     2.456
     2.575
     4.342
     4.410
     3.380
     4.420
     4.048
     3.560
     6.741
     5.195
     3.669
     4.924
     5.895
     6.918
     8.228
     9.448
     8.599
     7.860
     8.897
     8.365
     7.639
     6.865
     5.947
     5.372
     5.065
     3.488
     3.607
     4.186
     3.696
     3.188
     4.552
     1.958
     0.432
     1.068
     2.018
     3.676
     1.294
     1.842
     3.476
     5.291
     1.909
     1.220
    -0.797
    -0.563
    -3.833
    -1.796
    -0.642
     3.443
     5.271
     4.718
     6.103
     6.247
     3.884
     0.994
    -1.476
     2.507
     6.288
     6.993
     5.883
     6.285
     8.084
     9.742
    10.035
    10.028
    11.495
    14.071
    11.879
    10.415
    12.390
    12.137
    11.801
    11.901
     8.546
     4.178
     1.981
     2.989
     1.401
    -1.146
    -3.683
    -4.517
    -5.016
    -4.359
    -6.616
    -4.496
    -6.499
    -6.992
    -5.891
    -8.146
   -12.838
   -13.453
   -14.862
   -15.072
   -16.777
   -17.884
   -16.890
   -17.799
   -16.561
   -19.047
   -17.451
   -19.108
   -15.035
   -15.666
   -12.856
   -12.201
   -17.184
   -20.173
   -18.500
   -16.581
   -16.164
   -17.416
   -16.382
   -14.464
   -13.886
   -12.991
   -11.527
   -10.985
   -10.513
    -7.851
    -7.109
    -5.595
    -2.165
    -4.698
    -5.550
    -3.705
    -1.649
    -0.311
    -0.607
     0.074
     1.534
     1.473
     1.344
     3.409
     3.144
     2.885
     2.663
     4.302
     4.173
     5.520
     7.185
     7.473
     7.524
     8.731
     8.818
     8.180
     7.596
     7.621
     8.561
     9.098
     6.932
     8.252
    10.166
    11.811
    12.571
    12.683
    13.486
    10.248
    12.563
    12.444
    10.915
    11.613
    10.058
     8.109
     8.695
     6.223
     6.410
     9.354
     7.322
     6.129
     8.116
     8.467
    10.746
     7.778
     6.255
     5.977
     4.352
     5.782
     8.141
     8.311
     7.450
     5.640
     6.158
     5.702
     4.081
     3.631
     3.075
     1.594
     4.888
     7.543
     5.485
     4.731
     3.199
     3.197
     1.916
     2.780
     5.185
     6.438
     7.251
     5.857
    -0.205
     2.936
     5.616
     6.539
     6.481
     5.163
     2.663
     2.430
     5.614
     2.946
    -0.082
    -1.124
    -1.695
    -1.229
    -2.755
    -4.736
     1.992
    -1.393
    -2.708
    -7.417
    -9.640
    -8.756
    -8.842
    -9.422
    -9.871
    -8.563
    -9.485
   -10.534
   -11.354
   -12.164
   -14.265
   -15.374
   -14.793
   -14.340
   -12.959
   -13.537
   -13.435
   -13.845
   -13.912
   -15.017
   -14.735
   -13.641
   -12.942
   -11.928
   -11.023
   -10.505
    -8.905
    -7.854
    -7.828
    -6.767
    -6.605
    -5.675
    -3.685
    -3.940
    -3.695
    -4.268
    -5.364
    -5.439
    -3.726
    -1.433
    -0.477
     1.450
    -0.227
    -0.061
    -0.225
     1.750
     1.407
    -1.337
     1.792
     2.349
     0.193
    -1.972
    -4.158
    -1.837
    -1.274
    -3.932
    -3.737
    -1.424
     1.778
     5.548
     6.608
     6.811
     3.689
     1.327
    -0.265
     0.092
     1.257
     2.816
     3.620
     2.676
     0.555
     0.432
    -2.391
     0.633
    -2.385
    -3.255
    -4.119
    -2.976
    -0.442
     3.527
     3.776
     8.456
     8.630
     8.994
     7.857
     6.155
     6.153
    10.391
    15.478
    18.929
    20.700
    21.209
    19.742
    18.832
    23.514
    22.153
    19.979
    20.578
    21.209
    18.480
    15.922
    15.079
    14.444
    13.593
    10.860
    11.970
    10.533
    11.782
     9.888
     7.614
     4.682
     4.344
     3.645
     1.889
    -0.716
    -1.630
    -2.302
    -2.492
    -5.176
    -7.095
    -9.085
   -10.460
   -11.011
   -10.314
   -11.422
    -9.927
    -6.000
    -5.841
    -8.012
    -8.114
    -9.170
    -8.533
    -7.811
    -8.500
    -7.341
    -7.432
    -6.832
    -8.489
    -9.240
    -8.492
    -9.938
    -9.708
    -9.634
    -9.471
   -12.791
   -13.958
   -10.063
    -7.622
    -5.275
    -6.476
    -7.765
    -7.675
    -6.816
    -6.770
    -7.163
    -9.307
    -9.769
    -8.978
    -7.177
    -6.463
    -6.701
    -7.808
    -8.534
    -8.638
    -6.378
    -4.797
    -2.893
    -2.859
    -4.608
    -6.149
    -8.555
    -7.717
    -4.910
    -3.250
    -3.682
    -3.007
    -2.999
    -2.167
    -2.341
    -0.206
     0.258
     1.271
     1.789
     3.178
     4.647
     5.661
     6.971
     4.796
     3.780
     2.978
     4.576
     5.739
     7.931
    10.739
     8.906
     9.132
     9.810
     9.618
    11.608
    11.445
    12.113
    11.881
    11.114
    10.322
    10.188
    10.186
    10.418
     8.386
     7.156
     7.296
     8.140
     7.415
     7.339
     7.937
     9.403
     9.500
     8.327
     5.436
     4.122
     1.790
     1.475
     0.116
    -0.224
    -3.089
    -4.197
    -3.171
    -1.302
    -3.911
    -4.258
    -2.061
    -2.353
    -0.499
     0.592
     2.165
     1.458
     1.173
     2.225
     2.320
     3.176
     2.514
     1.626
     2.239
     1.455
     0.938
     1.045
     0.287
    -0.184
    -1.214
    -2.740
    -2.824
    -2.221
    -2.270
    -2.657
    -2.488
    -5.718
    -6.653
    -6.134
    -7.356
    -7.556
    -7.362
    -8.300
    -6.948
    -8.797
    -8.746
    -8.829
    -7.540
    -9.306
   -10.398
    -8.714
    -7.470
    -7.260
    -5.953
    -6.565
    -7.848
    -7.107
    -7.088
    -7.463
    -4.345
    -4.454
    -4.180
    -4.840
    -3.346
    -3.727
    -2.574
    -0.697
    -1.788
    -1.097
    -2.000
     0.354
    -0.437
    -0.589
    -0.492
     1.064
    -1.141
     0.055
     0.511
    -0.794
    -0.948
    -0.919
    -1.055
    -0.835
     0.518
    -0.237
     0.936
    -0.731
     2.731
     5.390
     3.826
     5.629
     5.947
     8.425
     7.405
     9.311
     8.868
     8.549
     8.144
     9.624
     8.214
     8.100
     8.854
     9.397
     8.600
     8.302
     7.595
     6.660
     5.096
     3.622
     4.329
     6.114
     4.624
     3.823
     3.389
     4.800
     5.864
     6.125
     6.285
     6.669
     7.001
     6.125
     5.452
     5.523
     6.436
     7.331
     7.589
     7.353
     7.113
     7.697
     7.462
     6.938
     5.304
     5.699
     3.870
     2.266
     3.013
     1.162
    -0.258
    -0.736
    -2.584
    -3.720
    -6.228
    -6.944
    -6.931
    -8.350
    -7.836
    -8.051
    -9.445
   -11.064
   -10.431
   -10.405
   -11.147
   -11.329
   -10.353
   -10.632
   -11.427
   -11.466
   -12.019
   -11.955
   -11.018
    -9.963
   -10.119
    -7.155
    -7.756
    -6.588
    -4.976
    -4.453
    -4.658
    -5.614
    -4.530
    -3.138
    -2.300
    -3.814
    -3.398
    -3.813
    -3.171
    -5.231
    -7.573
    -7.513
    -6.974
    -5.935
    -5.773
    -5.277
    -3.565
    -4.505
    -4.106
    -2.948
    -2.331
    -0.768
     1.103
     2.028
     0.112
     1.402
     2.222
     2.742
     2.915
     3.821
     3.507
     4.948
     4.077
     3.979
     5.502
     3.745
     3.733
     4.590
     5.922
     6.903
     7.643
     7.628
     6.948
     7.522
     6.105
     4.412
     4.629
     3.500
     4.217
     3.328
     4.972
     5.157
     3.662
     0.522
    -0.741
    -0.823
    -1.140
    -0.271
    -3.250
    -3.815
    -0.870
    -0.844
     2.052
     3.033
     1.953
     2.173
     1.865
     1.603
     1.483
     0.873
     1.481
     1.923
     1.904
     2.691
     3.423
     3.234
     3.026
     3.018
     4.070
     4.154
     3.791
     2.221
     1.699
     2.325
     1.250
     0.182
     2.263
     4.281
     3.245
     2.089
     4.216
     5.676
     5.979
     6.622
     5.114
     6.625
     7.507
     7.747
     6.589
     5.925
     5.505
     5.686
     3.835
     3.814
     3.029
     4.185
     5.042
     4.799
     4.158
     5.458
     4.581
     5.106
     3.208
     4.764
     4.740
     4.392
     2.056
     3.012
     1.106
    -0.529
    -2.620
    -1.783
    -0.260
    -1.416
    -2.181
    -3.285
    -3.664
    -4.419
    -4.548
    -6.294
    -6.293
    -6.181
    -7.053
    -7.203
    -6.931
    -6.488
    -6.657
    -6.300
    -4.868
    -6.564
    -7.462
    -7.761
    -6.732
    -7.934
    -6.997
    -8.685
    -9.587
   -10.449
   -11.536
   -11.124
   -10.321
   -11.368
   -10.476
   -11.560
    -9.918
    -9.648
    -9.120
   -11.250
   -10.271
   -10.749
    -9.137
    -6.335
    -4.846
    -5.984
    -6.176
    -7.095
    -8.007
    -7.672
    -7.268
   -10.881
   -12.694
   -12.734
   -13.960
   -13.728
   -15.807
   -14.712
   -13.723
   -14.261
   -13.935
   -12.914
    -8.906
    -5.878
    -3.638
    -1.147
    -0.711
     4.253
     5.484
     7.847
     9.469
     9.351
    10.705
    12.262
    13.508
    16.897
    18.570
    19.600
    20.646
    20.276
    20.093
    19.649
    19.735
    21.015
    17.721
    17.395
    15.603
    13.583
    14.082
    16.226
    18.236
    16.105
    13.808
    12.646
    12.605
    14.731
    15.497
    14.901
    15.012
    14.701
    14.574
    11.126
    10.496
     9.416
     5.825
     5.422
     3.743
     2.675
     2.348
     2.797
     1.279
    -0.189
    -0.868
    -1.023
    -2.299
    -3.027
    -3.297
    -4.899
    -1.341
    -0.340
     1.471
     1.528
     1.310
     0.260
    -1.201
    -1.227
    -2.607
    -3.983
    -1.237
     0.560
    -0.401
    -1.176
    -0.854
    -1.879
    -0.996
    -1.418
    -0.381
    -1.796
    -2.075
    -4.029
    -6.172
    -7.238
    -7.525
    -9.316
    -7.498
    -7.122
    -6.598
    -6.273
    -5.216
    -6.721
    -6.802
    -6.318
    -6.018
    -5.311
    -6.203
    -6.814
    -9.306
   -11.910
   -14.270
   -13.628
   -12.194
   -11.062
    -8.244
    -6.841
    -7.861
    -8.972
    -7.479
    -8.657
    -9.864
   -10.016
   -13.209
   -14.614
   -16.104
   -16.106
   -15.203
   -14.740
   -13.352
   -10.820
   -11.136
    -8.715
    -6.609
    -7.952
    -9.015
   -12.643
   -12.184
   -12.932
   -13.198
   -13.836
   -15.664
   -18.744
   -19.285
   -17.404
   -17.447
   -17.153
   -18.094
   -17.095
   -17.016
   -14.166
    -6.707
    48.731
    58.707
    41.658
    38.725
    39.237
    39.279
    36.320
    35.563
    38.513
    39.930
    35.938
    31.466
    30.539
    24.929
    24.989
    21.991
    22.316
    25.663
    20.744
    15.671
     8.108
     3.551
     9.307
     8.466
    11.781
     7.429
     2.216
    -1.681
    -1.321
    -2.256
    -7.633
   -13.684
   -18.070
   -18.465
   -16.743
   -18.230
   -21.494
   -24.389
   -26.863
   -26.115
   -25.225
   -19.435
   -15.480
   -12.507
   -10.027
   -10.032
   -12.796
   -13.243
    -7.058
    -3.613
    -5.082
    -7.928
    -9.531
    -7.045
    -2.382
     2.464
     6.659
    11.499
    14.432
    14.289
     8.780
     8.035
     9.585
     9.534
     8.509
     7.690
    10.212
    16.280
    11.618
     9.131
     8.201
     5.019
     4.046
     3.259
     6.606
     7.734
     3.125
    -1.903
     3.156
     3.747
     4.389
     5.800
     8.517
     6.823
     6.908
     8.352
     8.360
     4.840
     2.918
     4.745
     4.213
     3.670
     4.545
     5.846
     4.886
     2.789
     1.645
    -1.030
    -3.672
    -2.560
     0.921
     2.925
    -1.787
    -3.521
    -3.762
   -10.173
   -15.384
   -17.245
   -20.772
   -19.781
   -23.022
   -22.999
   -24.871
   -25.586
   -25.041
   -28.604
   -31.038
   -29.355
   -29.407
   -28.527
   -29.152
   -26.602
   -21.258
   -13.222
   -15.243
   -17.499
   -10.560
    -4.776
    -1.205
     6.879
     8.918
     7.925
    12.831
    23.091
    38.127
    32.264
    18.022
    13.936
    16.323
    19.077
    19.132
    12.563
    12.274
    10.563
    12.509
    11.585
     9.715
    11.251
    10.545
     9.258
     6.508
     7.207
    11.574
     6.763
     6.675
     9.822
    12.037
     2.950
     1.034
     2.196
     2.585
     3.363
     6.016
     3.046
     6.845
     8.402
    11.301
    19.693
    20.922
    -3.226
   -13.218
    -1.422
     2.284
    -3.999
    -3.416
    -2.560
     0.483
    -4.039
    -4.200
     3.456
     2.291
   -19.990
   -18.326
    -6.579
    -8.584
   -11.223
    -9.709
    -7.368
    -9.002
    -7.108
    -5.030
    -7.043
    -9.610
    -3.497
    -5.786
    -5.122
    -5.760
    -4.644
    -3.836
     5.360
     2.210
     0.291
     4.076
     2.849
     2.054
    -0.356
     0.584
     4.201
     3.446
     0.484
     1.705
     1.233
    -1.369
     1.406
    -2.751
    -3.217
    -1.290
    -1.867
    -3.021
    -2.979
    -5.077
    -7.873
    -7.477
    -8.220
    -6.749
    -4.975
    -6.458
    -6.015
    -6.842
    -6.220
    -3.812
    -2.878
    -3.339
     2.375
     4.553
     1.897
     6.503
     4.607
     3.941
     3.461
     5.261
     5.743
     5.385
     4.320
     5.903
     4.878
     9.386
     9.200
     6.862
     6.113
     4.357
     3.853
     6.425
     5.689
     3.935
     7.473
    11.753
    13.521
    11.571
     6.705
     5.226
     7.699
     5.916
     3.909
     2.504
     4.055
    14.492
    14.399
     3.873
    -0.873
    -4.652
     1.373
     6.754
    -1.244
    -6.696
    -8.821
    -5.362
    -9.323
   -10.154
    -7.764
    -4.399
    -2.273
     0.918
     2.719
     0.487
     0.030
    -0.879
     4.660
     2.653
    -1.803
    -2.725
    -2.706
    -1.942
    -5.382
    -5.372
    -7.335
    -9.851
   -10.463
    -5.727
   -10.175
   -11.846
    -9.290
    -4.644
    -5.251
   -12.055
   -14.224
   -13.111
    -9.581
   -11.286
    -5.831
    -5.019
    -3.125
   -10.564
   -11.273
    -9.444
    -7.684
    -6.181
    -5.058
    -1.925
    -1.703
     3.584
     3.406
     7.741
     8.874
    10.320
     9.102
     8.973
     7.152
     8.231
     9.849
     9.847
     8.203
     5.466
    -0.401
    -1.905
    -4.744
    -1.468
     2.036
     1.289
    -3.055
    -5.363
    -0.340
     4.205
     3.840
     2.568
     1.240
     1.334
     9.492
     8.552
     6.248
     6.591
     5.181
     2.118
     0.845
    -1.755
    -2.425
    -0.573
    -0.752
    -0.949
    -4.947
    -3.006
     1.344
     1.859
     3.269
     1.295
    -3.295
     6.036
    13.749
     6.035
     1.766
     2.571
     2.563
     0.162
     1.648
    -1.403
    -1.727
    -1.192
    -0.568
     2.353
     1.046
     3.235
     2.361
     1.729
     1.548
     4.351
     3.281
     0.939
    -1.746
    -3.278
    -4.626
    -5.609
    -3.807
    -5.585
    -5.585
    -7.057
    -2.834
    -2.149
    -2.101
    -0.480
    -0.739
    -1.808
    -4.263
    -2.232
    -1.218
    -1.294
    -1.832
    -0.119
    -1.250
    -3.714
    -3.462
    -4.162
    -0.596
     2.087
     4.524
     2.183
     2.862
     2.845
     1.181
     1.692
     3.298
     2.894
     1.713
     5.938
     4.514
     1.132
     2.900
     1.610
     1.184
     2.424
     0.748
     0.613
     1.905
     5.140
     4.107
     0.233
     0.125
     4.224
     3.376
     3.453
     2.095
    -1.130
    -0.043
     3.935
     0.436
     1.317
    -0.427
    -0.956
    -4.396
     3.833
     4.113
    -0.918
     0.029
    -3.445
    -1.869
     1.984
     1.728
     1.619
    -0.428
    -0.848
    -0.808
    -1.313
    -1.074
    -1.698
    -1.206
    -2.986
    -0.374
     0.427
    -1.064
    -2.939
    -3.425
    -3.790
    -3.860
    -3.067
    -2.817
    -1.217
    -2.304
     0.015
    -0.921
     0.611
     2.615
     0.596
     0.225
     0.985
     0.763
    -0.069
    -1.343
    -1.599
    -0.621
    -2.589
    -0.480
    -2.708
    -2.687
    -2.265
     0.041
     1.391
     0.861
     1.671
     1.221
    -0.217
    -0.269
     0.809
     0.376
    -1.006
    -2.124
    -2.378
    -3.011
    -4.161
    -5.352
    -3.866
    -3.826
    -4.677
    -6.245
    -6.831
    -6.167
    -5.656
    -7.633
    -9.478
    -9.512
    -8.479
    -7.729
   -10.098
    -8.950
    -8.774
    -6.949
    -7.054
    -6.995
    -6.176
    -6.005
    -5.678
    -5.515
    -5.256
    -5.491
    -5.740
    -5.532
    -1.923
    -1.187
    -1.517
    -1.539
     0.112
     2.467
     3.273
     4.901
     5.306
     4.860
     8.376
     9.730
    11.472
    12.797
    13.956
    16.140
    15.408
    13.313
    11.783
    11.064
     9.586
     8.954
     5.327
     4.733
     6.183
     5.504
     2.271
     2.583
     1.833
     3.837
     4.728
     6.290
     9.621
    10.121
    11.019
     9.607
    10.936
    10.943
     9.667
     9.038
     7.391
     7.572
     9.029
     8.010
     8.623
    13.094
    15.887
    18.570
    16.566
    13.711
    14.526
     3.890
     1.891
    -1.406
    -6.277
    -7.159
    -7.341
   -10.446
   -11.596
    -9.602
    -9.228
    -9.682
   -10.023
    -9.766
    -7.639
    -6.839
    -7.454
    -5.385
    -3.218
    -4.145
    -1.963
     0.704
     2.740
     6.989
     6.690
     4.041
     3.098
     4.498
     5.356
     5.429
     2.749
     2.118
    -1.037
    -2.388
    -1.662
    -2.315
    -3.242
    -2.526
    -5.529
    -7.749
    -8.033
    -9.391
    -8.601
    -8.105
    -8.222
    -8.010
    -7.116
    -5.228
    -4.447
    -3.591
    -6.327
    -6.881
    -9.857
   -10.037
    -9.897
   -11.013
   -14.561
   -16.804
   -19.243
   -20.969
   -21.179
   -21.675
   -21.136
   -19.160
   -18.330
   -19.186
   -19.117
   -19.929
   -17.718
   -18.297
   -17.416
   -16.962
   -16.477
   -14.578
   -14.367
   -15.789
   -14.292
   -14.926
   -11.440
    -8.240
    -6.238
    -3.552
    -0.234
     2.347
     3.879
     5.669
     7.111
     6.851
     4.732
     5.568
     5.758
     8.200
    13.974
    18.953
    19.162
    19.784
    20.657
    28.260
    29.030
    28.919
    29.413
    31.936
    30.514
    30.289
    28.777
    26.028
    21.794
    17.919
    15.316
    12.184
    10.633
    10.883
     8.884
     8.725
    12.810
    13.598
    15.590
    15.223
    12.254
    10.858
    10.815
     9.396
     8.902
    10.108
    11.496
    11.605
    13.558
    14.736
    14.269
    10.864
     9.292
     9.227
     7.358
     5.703
     6.131
     6.518
     8.399
     5.491
     3.867
     2.255
     1.378
     0.152
    -0.220
     0.405
    -1.068
    -2.425
    -4.394
    -2.797
    -4.192
    -3.521
    -4.446
    -7.975
   -10.884
   -13.059
   -14.775
   -17.523
   -21.044
   -21.171
   -19.976
   -21.110
   -25.130
   -25.795
   -26.333
   -24.452
   -21.672
   -20.447
   -20.911
   -20.505
   -21.224
   -18.515
   -16.323
   -13.564
   -12.078
   -14.502
   -12.321
   -11.413
   -10.541
   -10.970
   -11.178
   -12.554
   -13.799
   -17.316
   -12.396
   -11.466
    -6.425
    -6.631
    -2.677
     2.777
     2.315
     1.272
    -0.700
    -3.922
    -5.904
    -5.091
     1.146
     2.229
     8.157
    11.736
    11.318
    11.063
    10.399
     8.171
     5.037
    10.848
    13.431
    11.867
    11.981
    13.258
    10.573
    14.625
    19.933
    14.890
    10.856
     5.160
     6.013
     8.606
     8.634
     4.149
     6.294
     6.255
     8.835
     8.422
     4.478
    -3.020
    -3.596
    -6.915
   -12.577
   -10.732
    -9.522
    -9.413
    -6.246
    -4.177
    -6.933
    -4.733
    -4.773
    -5.346
    -5.026
    -8.287
    -8.303
    -1.861
    -8.094
    -2.376
    -3.661
    -0.966
     4.090
     2.010
    -2.688
     1.081
    -0.386
    -0.904
     1.464
     0.016
     2.224
     7.036
     8.318
     9.561
    12.802
    16.081
    17.031
    19.998
    20.617
    19.947
    17.047
    17.629
    15.177
     9.825
     7.542
     5.143
     2.878
     2.164
     1.642
     2.528
     2.799
     2.594
     2.612
     0.741
    -0.562
    -0.597
    -1.682
    -0.980
     1.354
     4.373
     5.628
     6.139
     3.682
     4.257
     1.946
     0.229
    -1.423
    -4.351
    -7.941
   -12.156
   -17.554
    -7.539
     0.521
    -0.227
     2.999
     1.830
    -2.619
    -4.120
    -5.417
    -6.424
    -6.808
    -5.614
    -1.019
     3.618
     9.344
    14.360
    11.582
     7.872
    -3.534
   -12.653
   -14.694
   -16.309
   -17.011
   -10.776
    -1.028
     2.829
     3.556
     1.038
    -0.083
    -2.873
    -3.521
    -3.834
    -4.199
    -5.695
    -6.074
    -5.162
    -5.239
    -5.706
    -4.755
    -5.447
    -6.809
    -6.260
    -7.523
    -6.561
    -5.828
    -5.081
    -4.421
    -3.714
    -4.508
    -5.648
    -6.621
    -6.618
    -7.391
    -8.211
    -7.199
    -4.348
     2.867
     5.382
     7.224
     6.665
     6.397
     6.185
     4.911
     4.617
     2.084
    -0.208
    -2.079
    -2.718
    -3.138
    -2.719
    -2.946
    -1.775
    -1.814
    -1.407
    -0.964
     0.576
    -1.349
    -0.157
     0.047
     0.615
     0.389
    -0.508
    -1.179
    -1.717
    -1.715
    -0.579
    -1.806
    -2.319
    -1.848
    -0.927
     0.094
     1.675
    -0.655
    -1.675
    -1.913
     0.497
     0.947
     0.142
    -0.720
     0.733
     1.711
     2.260
     1.094
     2.252
     2.491
     3.689
     5.005
     3.685
     3.587
     3.368
     3.763
     4.736
     5.031
     5.383
     5.399
     5.851
     6.486
     6.364
     5.016
     3.677
     3.255
     1.978
     2.228
     2.843
     1.869
     2.125
     2.080
     1.643
     1.176
     1.710
     2.132
     2.122
     3.739
     4.980
     5.340
     8.354
     8.860
    10.068
     9.763
    10.083
     9.081
     7.872
     7.168
     6.090
     8.767
     7.576
     5.884
     7.019
     8.690
     7.109
     5.025
     4.269
     3.062
     1.071
    -3.012
    -5.099
    -6.056
    -7.882
    -8.698
    -7.489
    -6.331
    -6.916
    -5.848
    -5.799
    -7.182
    -6.671
    -7.048
    -6.569
    -6.972
    -6.151
    -7.673
    -6.321
    -6.263
    -4.299
    -4.352
    -2.320
    -1.924
    -2.009
    -2.198
    -1.154
    -1.567
    -2.019
    -2.480
    -3.011
    -3.227
    -2.649
    -4.008
    -2.942
    -2.585
    -3.140
    -2.457
    -2.583
    -2.791
    -1.809
    -2.243
    -3.984
    -3.260
    -4.101
    -4.303
    -4.549
    -5.135
    -4.610
    -4.528
    -4.074
    -3.061
    -3.101
    -2.920
    -1.966
    -2.185
    -2.783
    -3.206
    -2.901
    -3.897
    -3.108
    -2.954
    -3.556
    -1.666
    -0.689
    -0.375
     0.781
     0.700
     1.109
     2.360
     2.115
     3.176
     3.084
     2.547
     3.145
     3.807
     3.248
     2.957
     2.636
     2.615
     3.318
     3.803
     4.716
     3.300
     3.804
     3.223
     2.925
     3.825
     3.324
     3.187
     2.665
     1.132
     0.244
     0.405
     0.273
    -0.056
     0.122
     0.346
     0.501
     0.133
     0.442
     0.607
     1.175
     0.686
     0.985
     1.512
     0.934
     1.127
     1.292
     1.023
     0.387
     0.201
    -0.770
    -0.606
    -0.662
    -0.668
     0.608
     0.198
     1.697
     1.064
     2.330
     1.839
     4.021
     2.815
     2.437
     1.415
     1.242
     0.544
     1.461
     0.791
     0.651
    -0.480
    -0.777
    -0.992
    -1.314
    -2.275
    -2.925
    -1.963
    -1.855
    -1.147
     0.132
     0.816
     1.226
     0.878
     0.198
     1.171
     1.724
     1.070
     0.671
     0.318
     0.445
    -0.725
     0.624
     1.446
     1.733
     1.412
     1.380
     0.897
     0.911
     1.761
     2.391
     1.557
     1.613
     1.779
     2.187
     3.048
     2.496
     1.399
     2.320
     2.842
     1.810
     1.954
     1.600
     1.037
     1.124
     1.162
     0.865
     1.009
    -0.062
    -0.725
    -0.475
    -0.475
    -0.277
     0.305
    -0.753
    -0.265
    -0.343
    -0.602
     0.000
    -0.004
     0.182
    -0.837
    -0.759
    -0.483
    -1.285
    -0.847
    -0.375
    -0.563
    -1.112
    -0.955
    -1.333
    -0.913
    -1.302
    -1.306
    -1.102
    -0.986
    -1.553
    -0.695
    -1.466
    -0.649
    -0.600
    -1.112
    -0.557
    -1.610
    -1.725
    -1.853
    -1.458
    -2.572
    -3.172
    -2.779
    -2.820
    -2.927
    -2.033
    -2.458
    -2.786
    -3.354
    -3.490
    -2.930
    -4.009
    -5.105
    -5.302
    -5.532
    -5.126
    -5.501
    -5.194
    -5.196
    -5.140
    -4.659
    -4.912
    -5.129
    -5.374
    -5.715
    -7.611
    -6.799
    -7.846
    -7.576
    -7.356
    -6.533
    -6.495
    -6.477
    -5.792
    -2.971
    -0.345
    -0.144
     3.514
     2.298
     5.828
     7.676
     9.701
     8.414
     9.179
     9.197
     9.200
     7.685
     6.314
     6.066
     5.240
     5.505
     5.108
     4.240
     4.590
     4.382
     5.582
     6.227
     5.743
     4.778
     4.872
     5.860
     5.375
     4.542
     4.581
     4.971
     5.973
     4.782
     3.570
     2.647
     2.818
     3.387
     2.901
     2.439
     2.404
     1.671
     2.597
     1.621
     0.807
     0.145
    -0.738
    -0.067
     0.733
     1.242
     1.922
     2.144
     1.451
     1.652
     1.207
     1.990
     2.029
     1.346
     1.011
     1.267
     1.029
     0.799
    -0.607
    -1.508
    -0.779
     0.799
     2.027
     1.952
    -0.995
    -4.420
    -5.520
    -4.543
    -3.275
    -2.459
    -1.562
    -1.294
    -0.800
    -2.345
    -3.699
    -5.016
    -4.736
    -5.621
    -3.037
    -2.635
    -1.408
    -2.436
    -2.982
    -3.299
    -3.201
    -2.416
    -3.375
    -2.381
    -1.059
    -0.329
     0.296
    -0.113
    -0.683
    -0.078
    -0.316
    -1.020
    -1.225
    -0.336
     0.002
    -0.771
    -1.032
    -0.180
    -0.281
     0.130
     0.337
     0.750
     0.828
    -2.573
    -3.301
    -3.245
    -1.985
    -2.290
    -2.148
    -2.034
    -1.704
    -2.111
    -2.067
    -1.937
    -1.137
    -0.122
    -0.923
    -1.064
     0.227
     0.273
    -0.748
    -1.234
    -1.323
    -1.596
    -0.982
    -1.459
    -1.631
    -1.909
    -1.372
    -1.322
    -0.469
    -1.309
    -0.318
    -0.312
     0.656
     0.418
     0.725
     1.367
     0.350
    -1.183
    -3.698
    -3.751
    -2.749
    -0.565
     1.006
     3.264
     2.624
     3.837
     3.337
     2.883
     2.215
     3.126
     2.494
     1.550
     0.505
     1.541
     1.476
     1.334
     0.908
     1.123
     1.210
     0.845
     1.868
     2.839
     2.439
     2.960
     2.868
     3.181
     2.503
     2.394
     1.081
     2.017
     3.180
     2.467
     2.603
     1.328
     1.107
     2.516
     1.420
     1.337
     1.655
     0.628
     1.077
     1.060
     1.840
     0.758
     1.090
     0.522
     0.784
     0.300
    -0.446
     0.030
    -0.093
    -0.667
    -1.398
    -0.356
    -0.562
    -0.567
    -0.596
    -0.456
    -1.974
    -1.874
    -2.010
    -1.858
    -2.299
    -2.574
    -0.750
    -1.046
    -0.524
     0.499
     0.096
     0.945
     0.290
     0.133
     0.760
     1.059
     0.705
     0.728
    -0.317
    -0.112
     0.143
    -0.547
    -0.144
    -0.152
     0.439
     1.314
     0.026
     0.153
    -0.030
     0.097
    -0.298
    -0.997
    -1.288
    -1.411
    -1.129
     0.036
    -0.339
    -0.024
    -0.814
     0.508
    -1.190
    -1.270
    -0.377
    -0.749
    -1.840
    -2.184
    -1.505
    -1.312
    -1.032
    -1.480
    -0.871
    -2.047
    -0.554
    -0.864
    -0.780
    -1.247
    -1.318
    -1.775
    -1.825
    -1.830
    -1.069
    -0.403
    -0.532
    -0.890
    -2.041
    -2.740
    -2.391
    -1.660
    -2.596
    -1.742
    -1.152
    -0.557
    -0.498
    -0.488
    -1.076
    -1.014
    -1.427
    -1.028
    -0.472
    -0.311
    -0.703
    -0.558
     1.209
     0.948
     0.867
     1.543
     0.376
     0.527
     0.908
     1.064
     0.459
     1.055
     1.910
     2.307
     1.388
     2.176
     2.057
     1.450
     1.575
     2.379
     2.642
     1.419
     1.556
     1.225
     0.861
     1.148
     1.549
     1.602
     2.010
     3.367
     3.445
     3.634
     3.326
     3.094
     3.703
     4.999
     4.167
     5.042
     4.727
     3.942
     4.103
     4.293
     3.824
     4.515
     5.061
     3.768
     1.957
     3.188
     2.581
     3.417
     1.540
     0.695
     0.402
    -0.202
     0.888
     0.424
    -0.649
    -0.518
    -1.238
    -0.509
    -0.982
    -0.828
     0.263
    -0.486
    -0.834
    -2.270
    -2.973
    -4.251
    -5.171
    -6.568
    -7.147
    -5.989
    -8.363
    -8.036
    -8.673
    -8.914
    -8.901
   -10.468
    -9.326
    -4.513
    -5.987
    -5.993
    -5.743
    -3.934
    -3.562
    -2.770
    -2.507
    -1.619
    -0.253
    -0.932
    -1.831
    -0.879
    -0.702
    -2.710
    -0.690
    -2.473
    -3.351
    -4.849
    -5.029
    -5.007
    -3.985
    -5.483
    -6.783
    -3.743
    -3.644
    -3.038
    -1.744
    -1.658
    -1.456
    -3.621
    -1.068
    -3.420
    -3.727
    -3.694
    -5.971
    -5.747
    -5.430
    -3.339
    -1.419
    -0.367
     0.450
     0.689
     1.831
     3.528
     6.752
     7.465
     6.738
     7.249
     9.508
     9.663
    11.714
    12.621
    11.816
    13.614
    13.066
    12.532
    13.470
    13.450
    18.164
    18.648
    15.730
    10.673
     8.973
    13.541
    16.257
     9.813
     7.506
    12.494
    10.020
    10.863
     9.775
     8.539
     6.573
     5.713
     2.924
     2.632
     2.948
     3.619
     1.798
    -1.288
    -0.911
    -1.612
    -2.173
    -1.582
    -1.630
    -2.514
    -2.880
    -3.245
    -3.358
    -3.240
    -1.959
    -3.330
    -4.308
    -3.558
    -3.906
    -3.973
    -5.996
    -6.164
    -5.230
    -6.075
    -7.465
    -7.849
    -7.642
    -7.386
    -8.574
    -6.642
    -6.677
    -6.833
    -8.314
   -10.048
    -8.867
    -9.094
    -8.777
    -7.614
    -8.003
    -8.361
    -8.709
    -8.159
    -7.550
    -7.806
    -7.756
    -8.060
    -8.173
    -8.013
    -7.785
    -7.447
    -7.097
    -6.719
    -6.341
    -6.212
    -5.758
    -5.766
    -5.404
    -4.968
    -4.690
    -4.488
    -4.318
    -4.166
    -4.092
    -4.083
    -3.708
    -3.351
    -2.898
    -2.716
    -2.286
    -2.026
    -1.512
    -1.269
    -0.850
    -0.621
    -0.194
     0.065
     0.482
     0.756
     1.112
     1.399
     1.789
     2.064
     2.437
     2.720
     3.096
     3.374
     3.749
