     5.441
     5.341
     5.302
     5.178
     5.114
     4.971
     4.886
     4.743
     4.649
     4.468
     4.354
     4.167
     4.003
     3.738
     3.593
     3.266
     3.047
     2.742
     2.467
     2.045
     1.775
     1.337
     0.998
     0.732
     0.554
     0.216
    -0.031
    -0.366
    -0.756
    -1.148
    -1.323
    -1.662
    -2.117
    -2.753
    -3.267
    -3.917
    -4.533
    -4.984
    -5.021
    -5.545
    -5.568
    -5.884
    -6.223
    -6.349
    -7.259
    -7.527
    -7.831
    -8.059
    -8.202
    -9.054
    -9.624
   -10.078
   -10.210
   -10.594
   -11.044
   -11.303
   -12.024
   -11.985
   -12.848
   -13.038
   -12.675
   -12.560
   -12.716
   -12.701
   -12.297
   -11.407
    -9.956
    -9.918
    -7.177
    -5.338
    -3.053
    -1.185
    -0.733
     0.878
     2.076
     2.645
     2.894
     3.423
     5.160
     3.694
     4.892
     5.007
     5.175
     6.533
     7.782
     7.658
     8.510
     7.928
     8.668
     7.378
     7.556
     8.551
     9.188
     9.061
     9.488
     8.929
     8.039
     7.472
     7.462
     7.056
     6.196
     5.814
     4.612
     4.468
     4.335
     3.248
     2.880
     3.069
     2.709
     2.731
     2.794
     2.381
     2.203
     2.687
     2.138
     1.652
     1.593
     0.763
     0.773
     0.324
     0.524
     0.240
    -0.662
    -0.988
    -1.917
    -1.386
    -1.904
    -1.104
     0.188
    -0.298
    -1.109
    -1.626
    -2.090
    -2.886
    -2.726
    -3.258
    -2.881
    -2.216
    -3.415
    -3.282
    -3.724
    -4.333
    -4.107
    -3.524
    -2.658
    -2.115
    -1.973
    -2.743
    -3.159
    -2.766
    -1.660
    -2.008
    -1.540
    -2.508
    -1.030
    -0.941
    -1.315
    -0.730
     0.076
    -0.470
    -2.726
    -2.220
     0.535
     0.874
     1.221
     3.147
     2.835
     3.284
     2.967
     3.524
     3.832
     3.859
     3.394
     4.248
     2.639
     3.310
     3.394
     4.086
     5.231
     3.435
     5.420
     4.995
     3.562
     2.025
     2.672
     4.683
     3.900
     2.717
     3.709
     3.696
     3.410
     0.853
    -0.490
    -1.205
    -1.432
    -0.688
     0.495
     1.009
     1.743
     1.295
     1.914
     0.265
     0.118
    -2.344
    -5.016
    -5.103
    -4.214
    -1.482
    -1.163
    -2.235
    -1.237
    -2.967
    -3.820
    -6.864
    -7.187
    -6.207
    -6.443
    -6.402
    -8.403
    -7.512
    -9.378
    -7.429
    -6.092
    -7.030
    -8.256
    -7.873
    -6.779
    -6.162
    -4.713
    -3.446
    -1.900
    -1.802
    -0.433
     1.712
     5.361
     5.945
     6.498
     8.443
     8.432
     6.729
     7.244
     7.267
     6.500
     5.094
     4.625
     2.320
     2.282
     1.073
     1.984
     2.239
     2.908
     2.406
     3.449
     3.107
    -1.159
    -1.092
    -0.381
     0.369
    -0.812
    -0.917
    -0.473
    -1.717
    -1.855
    -2.577
    -3.125
    -1.611
    -3.309
    -1.731
    -2.100
    -0.867
    -1.219
    -1.170
    -0.634
     0.095
    -0.828
    -0.367
    -2.342
    -2.293
    -1.508
    -0.389
    -1.000
    -1.127
    -1.137
    -1.826
    -2.279
    -2.616
    -1.904
    -1.597
    -1.755
    -1.714
    -2.464
    -1.551
    -1.670
    -1.708
    -1.156
    -1.796
    -0.972
    -1.629
    -0.897
    -1.547
    -0.961
    -0.284
    -0.031
     1.138
     1.433
     1.654
     1.156
     1.322
     1.810
     1.663
     2.148
     1.869
     2.880
     1.263
     0.577
     1.995
     2.635
     1.494
     1.407
     2.588
     3.773
     5.184
     3.604
     4.265
     4.031
     3.903
     4.479
     5.882
     4.690
     3.573
     3.749
     3.109
     3.312
     2.726
     2.356
     1.794
     2.351
     3.317
     2.902
     1.826
     3.296
     3.564
     3.583
     3.429
     3.958
     3.309
     3.096
     2.012
     1.659
    -0.201
    -0.278
     0.180
    -2.432
    -1.216
    -1.028
    -2.659
    -1.690
    -2.642
    -2.537
    -3.280
    -2.904
    -3.423
    -3.400
    -3.317
    -1.792
    -3.508
    -3.901
    -3.533
    -2.142
    -1.138
    -1.185
    -0.138
    -0.126
    -0.158
     0.396
     0.351
     1.262
     0.104
     0.855
     0.523
     0.786
    -0.325
     0.111
     0.409
     0.339
    -0.938
     0.486
     0.018
     0.247
    -1.531
    -1.006
    -0.627
    -1.737
    -2.113
    -1.927
    -1.849
    -2.300
    -2.547
    -2.447
    -2.280
    -2.315
    -2.246
    -2.587
    -3.023
    -3.622
    -3.977
    -3.010
    -4.563
    -4.880
    -5.522
    -7.052
    -6.892
    -6.168
    -4.680
    -4.701
    -5.412
    -5.048
    -4.167
    -4.217
    -2.614
    -3.173
    -2.840
    -2.924
    -1.859
    -0.649
     1.648
     4.795
     5.232
     3.799
     2.581
     1.359
     1.893
     2.709
     3.484
     3.869
     3.467
     1.776
     1.744
     1.742
     1.359
     2.281
     1.017
     2.230
     0.322
    -0.301
     0.068
     1.730
     1.474
     1.275
     1.117
     1.269
     0.843
     0.149
    -0.824
    -0.183
     0.420
     1.508
     1.763
     1.406
     0.505
     0.549
     0.796
     1.324
     2.491
     2.515
     1.986
     3.367
     3.093
     1.680
     0.909
     0.187
     1.231
     0.005
     1.284
     2.537
     2.291
     2.318
     2.053
     1.851
     0.942
     1.538
     1.362
     2.931
     1.013
     2.173
     1.035
     0.732
     0.982
     1.510
    -0.300
     0.840
     0.189
     0.669
     1.300
     0.528
     1.128
     1.646
     2.485
     1.644
     2.079
     1.703
     0.882
     0.157
    -0.380
    -0.365
    -1.119
    -0.676
    -0.884
    -1.612
    -1.881
    -1.495
    -2.560
    -2.336
    -1.915
    -0.753
    -0.748
     0.470
     0.524
     1.410
     2.033
     1.754
     2.861
     2.210
     2.410
     1.604
     2.454
     2.668
     2.968
     2.052
     1.548
     1.347
     3.166
     4.413
     3.389
     2.720
     1.667
     0.921
     0.920
     2.234
     1.661
     1.893
     1.528
     0.916
     0.049
     0.095
    -0.032
    -0.109
    -0.401
     0.341
     0.121
    -0.220
     0.868
     1.069
     2.062
     1.497
    -0.357
    -0.402
    -0.417
    -0.945
    -0.488
    -1.882
    -3.372
    -4.008
    -4.401
    -4.307
    -4.380
    -5.326
    -6.492
    -7.370
    -8.033
    -7.145
    -6.954
    -6.279
    -5.431
    -5.802
    -6.784
    -6.518
    -7.012
    -7.643
    -7.979
    -7.116
    -6.209
    -4.759
    -4.672
    -3.764
    -4.731
    -4.421
    -3.690
    -3.465
    -3.385
    -2.649
    -3.686
    -2.060
    -2.789
    -2.606
    -2.685
    -1.882
    -1.198
    -1.560
    -2.324
    -2.809
    -4.154
    -3.817
    -2.516
    -2.061
    -1.616
    -1.665
    -1.235
    -0.458
    -1.121
     0.814
     0.574
     0.759
     2.156
     1.715
     1.847
     3.507
     4.200
     3.551
     3.086
     3.383
     1.459
     2.338
     2.798
     4.556
     4.473
     4.416
     4.707
     5.483
     4.456
     5.746
     5.559
     5.320
     4.443
     5.751
     4.978
     5.097
     6.099
     4.411
     4.032
     4.344
     4.480
     4.785
     4.608
     4.866
     5.175
     5.659
     5.672
     6.362
     5.583
     4.969
     5.968
     6.110
     6.195
     6.933
     7.114
     6.794
     5.272
     5.708
     6.402
     5.912
     5.564
     6.090
     5.695
     5.608
     5.297
     5.278
     5.686
     6.383
     6.268
     6.674
     5.477
     5.285
     2.785
     0.306
    -0.448
    -1.163
    -3.162
    -4.634
    -4.725
    -6.008
    -7.244
    -7.854
    -6.887
    -6.355
    -5.543
    -4.756
    -5.062
    -5.641
    -5.386
    -3.758
    -3.550
    -2.891
    -1.602
    -0.744
    -0.324
    -0.713
    -1.419
    -0.714
    -0.036
    -0.288
     0.004
    -0.155
    -0.564
    -1.189
    -0.785
    -0.703
    -1.893
    -1.421
    -1.644
    -2.024
    -2.268
    -2.984
    -2.972
    -3.831
    -4.004
    -4.421
    -5.282
    -5.359
    -4.892
    -4.484
    -5.330
    -5.687
    -5.582
    -4.976
    -4.914
    -4.615
    -3.907
    -3.324
    -4.033
    -3.048
    -3.693
    -4.256
    -5.467
    -5.817
    -6.924
    -8.182
    -7.854
    -7.676
    -7.552
    -7.467
    -7.891
    -7.733
    -8.137
    -8.342
    -8.516
    -8.239
    -6.244
    -7.703
    -7.391
    -8.999
    -8.595
    -8.458
    -7.066
    -5.394
    -4.109
    -3.480
    -3.073
    -2.517
    -2.127
    -2.197
    -1.940
    -1.866
    -1.635
    -1.661
    -1.428
    -0.347
    -0.295
     0.066
     1.209
     1.218
     0.628
     1.135
     1.781
     1.961
     3.173
     4.379
     6.882
     7.143
     8.352
     7.834
     6.533
     5.627
     6.161
     6.471
     7.989
     9.267
    10.908
    10.177
     9.421
    10.672
    11.773
    12.418
    11.412
    12.172
    12.281
    11.715
    10.112
    10.767
    11.591
    10.778
    10.582
    10.095
     9.839
     9.026
     9.588
    10.444
    10.210
     9.880
    11.733
    10.680
     9.796
     9.979
    10.943
    11.192
    11.407
     9.596
    10.148
    10.394
    10.482
    10.212
    11.151
    11.320
    11.288
    11.988
    11.467
    12.460
    11.722
    10.635
    11.700
    11.498
    10.363
     8.765
     8.828
    10.312
     9.208
     7.988
     7.293
     2.315
    -1.242
    -4.799
    -7.321
    -8.821
   -12.442
   -15.782
   -19.346
   -22.386
   -23.247
   -24.578
   -26.339
   -27.677
   -29.199
   -30.608
   -30.917
   -31.718
   -30.431
   -29.405
   -27.714
   -27.713
   -26.662
   -25.019
   -24.080
   -23.202
   -21.143
   -19.024
   -17.145
   -13.848
   -11.293
    -9.990
    -7.770
    -4.973
    -2.964
    -1.931
    -0.752
     0.315
     1.965
     3.190
     2.089
     1.934
     1.391
     1.152
     1.717
     0.707
     1.381
     0.488
    -0.244
    -0.588
    -0.635
    -0.757
    -0.706
    -0.733
    -0.110
     1.193
     1.330
     1.150
     2.508
     2.115
     1.091
     1.779
     2.013
     2.427
     1.636
     1.826
     2.590
     3.117
     3.020
     3.980
     4.120
     4.448
     5.435
     6.816
     6.069
     4.508
     3.954
     1.897
    -0.759
    -1.661
    -1.304
    -0.480
     2.007
     3.226
     8.162
    12.698
    13.269
    14.226
    15.587
    14.771
    15.265
    15.049
    14.806
    14.766
    14.133
    13.425
    11.334
     7.997
     5.872
     5.967
     7.200
     5.065
     2.914
     3.027
     2.109
     0.077
    -0.881
    -1.335
    -0.304
     0.220
    -1.088
    -0.371
     0.308
     1.307
     1.011
     2.015
     0.748
     0.015
     1.224
     1.802
     2.672
     2.646
     2.924
     1.832
     2.550
     3.484
     4.919
     4.395
     3.669
     6.108
     6.319
     6.772
     6.015
     6.233
     6.965
     5.729
     5.397
     6.209
     4.993
     5.272
     5.194
     6.092
     4.920
     5.806
     5.275
     3.784
     2.385
     1.183
    -1.367
    -2.487
    -3.195
    -2.018
    -4.302
    -5.612
    -7.479
    -8.529
    -8.591
    -8.490
    -7.326
    -6.700
    -6.111
    -5.386
    -6.422
    -7.113
    -6.460
    -5.541
    -4.968
    -4.507
    -3.655
    -3.682
    -3.521
    -3.369
    -3.076
    -2.137
    -2.472
    -2.449
    -0.487
    -0.158
    -1.274
    -1.188
    -1.001
    -0.709
    -1.249
    -0.648
    -0.189
     0.006
    -0.427
    -0.594
     0.091
     0.701
     0.690
     0.887
    -1.215
    -2.500
    -3.607
    -4.484
    -6.607
    -7.810
    -8.955
    -7.682
    -8.084
    -9.862
   -11.145
   -11.161
   -11.144
   -11.177
   -11.372
   -11.799
   -12.255
   -12.910
   -13.497
   -15.204
   -16.554
   -17.670
   -18.723
   -18.247
   -16.633
   -15.288
   -16.523
   -17.877
   -20.695
   -21.122
   -23.970
   -25.656
   -28.012
   -30.996
   -31.132
   -30.481
   -29.497
   -29.875
   -29.724
   -29.722
   -25.838
   -19.281
    20.721
    23.654
    17.255
    16.013
    18.967
    16.269
    18.507
    19.240
    21.007
    21.335
    22.930
    19.297
    19.500
    19.700
    20.022
    22.430
    23.503
    24.935
    26.709
    29.732
    28.466
    23.116
    26.547
    29.654
    34.163
    34.820
    37.345
    36.753
    38.532
    38.787
    38.662
    38.809
    38.963
    38.818
    39.401
    37.760
    31.914
    29.468
    27.742
    28.750
    26.301
    28.883
    28.558
    25.944
    25.146
    24.237
    23.405
    20.397
    19.502
    17.083
    15.015
    14.499
    11.556
     7.765
    -0.660
    -3.243
    -8.653
   -16.518
   -23.669
   -23.535
   -28.840
   -32.540
   -32.576
   -33.291
   -33.904
   -34.561
   -31.867
   -29.189
   -29.582
   -31.096
   -29.293
   -32.012
   -34.504
   -35.007
   -34.274
   -32.958
   -32.671
   -32.315
   -30.147
   -27.513
   -28.181
   -28.526
   -26.362
   -24.726
   -26.268
   -25.961
   -25.115
   -26.400
   -26.702
   -24.645
   -24.709
   -22.923
   -22.763
   -25.334
   -26.648
   -27.989
   -27.117
   -26.808
   -26.440
   -23.127
   -19.683
   -17.251
   -15.936
   -13.132
   -10.032
    -8.431
    -8.138
    -6.460
    -5.351
    -4.566
    -4.043
    -3.259
    -0.465
     3.951
     8.517
    11.246
    13.258
    16.552
    23.237
    25.826
    27.338
    29.843
    34.181
    41.698
    44.104
    45.399
    48.296
    46.735
    41.483
    47.976
    58.649
    45.180
    32.648
    24.883
    34.950
    33.275
    18.502
     7.535
     4.509
     4.757
    -1.775
    -6.828
    -6.905
    -8.558
   -12.035
    -7.923
    -3.403
    -3.612
     0.594
    -4.724
   -10.455
    -6.563
     1.085
     0.324
     1.792
     1.430
     6.488
     8.874
     8.089
     6.578
     6.435
     8.023
    10.559
     6.240
     9.232
     7.022
    12.997
     7.220
    -0.008
    -9.656
   -15.658
   -14.588
    -2.993
     4.264
    -3.558
    -8.749
    -6.636
    -1.599
    -0.661
    -1.887
    -0.941
   -10.968
   -19.938
   -24.110
   -29.433
   -28.228
   -27.788
   -21.867
   -15.760
   -13.419
    -6.446
    -6.702
    -7.615
   -15.875
   -15.983
   -18.102
   -10.668
    -4.232
     0.269
     0.102
     1.638
     4.575
     5.584
     9.581
     9.977
     7.203
    12.229
    18.802
    22.197
    23.846
    21.498
    17.881
    18.425
    14.806
    17.943
    13.920
    11.011
     9.844
     7.044
     4.684
     3.105
    -2.870
     0.793
     2.504
     0.130
    -0.118
    -1.345
    -0.293
    -1.901
    -0.572
    -0.659
    -1.508
     2.805
     4.287
     0.855
     2.276
     2.395
    -1.568
    -1.657
    -6.270
    -5.505
    -3.735
    -3.099
     1.490
    -0.109
     0.109
    -1.942
    -1.625
    -4.513
    -5.515
    -5.768
    -6.945
   -10.124
    -9.896
    -5.677
    -5.637
   -11.704
    -9.965
   -12.787
    -7.750
    -7.294
    -7.892
    -8.632
   -10.187
    -3.462
     8.816
     6.680
    -3.466
    -6.879
   -10.084
    -4.832
    -2.948
    -6.600
   -16.177
   -15.749
   -15.631
   -17.547
   -21.017
   -20.477
   -18.818
   -17.564
   -13.433
   -11.564
   -10.174
   -11.219
    -8.680
    -6.113
    -5.319
    -8.690
    -8.261
    -4.526
    -2.676
    -1.936
    -4.570
    -3.684
    -4.519
    -1.693
    -1.709
    -0.298
    -3.363
     1.263
     7.376
     9.906
     7.275
     6.040
     3.570
     3.950
     6.912
     4.525
     9.764
    12.053
    13.384
     7.448
     8.583
     4.719
     7.531
    12.067
    10.873
    16.938
    15.092
    21.241
    24.011
    22.551
    23.111
    22.970
    23.980
    23.512
    24.360
    26.905
    29.929
    24.536
    21.313
    18.442
    14.786
    12.588
    10.027
    10.683
    15.020
    11.300
    10.869
     7.223
     8.793
     8.928
     5.380
     2.591
     4.331
     5.194
     9.028
     4.966
     0.700
     2.876
     0.235
    -2.336
    -4.784
    -7.764
    -7.874
    -4.424
    -6.643
    -7.162
    -8.431
   -12.407
    -8.305
    -3.320
   -14.539
   -17.284
   -15.602
    -3.393
    -0.578
   -10.946
   -11.506
    -5.469
    -9.813
   -11.111
   -13.748
   -20.510
   -23.491
   -19.264
   -20.506
   -17.159
   -14.193
   -11.585
    -9.073
    -7.855
    -4.192
    -4.711
    -4.892
    -5.793
    -9.859
    -9.813
   -10.040
   -11.140
   -11.718
   -11.979
    -9.419
    -8.654
    -5.079
    -5.021
    -4.857
    -3.450
    -3.125
    -4.989
    -3.091
    -0.324
    -1.391
    -0.170
    -1.605
    -1.732
    -4.098
    -3.800
    -6.930
    -2.602
     2.091
     5.296
     1.853
     0.334
     6.342
     3.803
     3.895
     3.783
     6.195
     7.424
     8.483
     5.658
     5.821
     5.611
     6.146
     6.162
     5.631
     6.255
     4.987
     2.914
     2.107
     1.353
     0.714
     0.229
    -0.317
     1.177
     2.681
     3.031
     1.102
     2.336
     4.421
     6.142
     4.887
     2.421
     0.135
    -2.127
     2.014
    10.916
     2.886
    -5.729
    -9.590
    -6.809
    -3.871
    -6.021
    -7.070
    -7.596
    -7.727
    -6.539
    -5.937
    -6.172
    -5.322
    -4.348
    -2.411
    -0.928
     1.971
     1.566
    -1.393
    -0.070
    -0.046
     1.229
     1.498
    -0.218
     1.595
     2.519
     2.084
     3.153
     2.664
     5.622
     6.501
     3.703
     6.230
     7.014
     8.216
     7.500
     7.210
     6.686
     8.056
     9.325
     8.328
     7.769
     9.051
    10.642
    10.711
    11.109
    11.431
    12.822
    13.159
    15.530
    15.530
    15.937
    14.646
    13.458
    13.320
    12.277
    12.034
    12.127
    10.864
    11.783
     9.417
     6.957
     6.495
     6.237
     6.639
     5.504
     3.038
     3.016
     1.496
     2.020
     0.763
    -0.334
    -2.888
    -3.576
    -3.922
    -4.759
    -6.107
    -7.256
    -7.034
    -7.855
    -8.477
    -9.648
   -12.102
   -12.041
   -12.688
   -13.914
   -13.259
   -16.914
   -17.311
   -17.944
   -18.283
   -17.642
   -17.917
   -18.173
   -17.585
   -16.574
   -17.700
   -18.101
   -18.035
   -16.457
   -15.045
   -13.949
   -14.136
   -12.334
   -11.036
    -9.818
   -10.986
   -11.696
   -10.301
    -8.563
    -7.825
    -7.504
    -5.537
    -7.366
    -6.991
    -6.498
    -5.889
    -6.184
    -5.383
    -4.520
    -5.014
    -2.266
    -0.934
     1.090
     2.012
     0.792
     2.911
     2.303
     2.752
     5.200
     8.038
     8.876
     9.048
     7.850
     8.754
     9.478
     7.374
     7.850
     9.559
     7.855
     7.411
     7.316
     8.302
     7.704
     6.382
     6.744
     6.071
     6.793
     7.975
     7.549
     7.509
     8.541
     9.172
     8.353
     7.070
     9.255
     9.932
    10.976
    11.419
    11.346
    11.283
    11.852
    11.699
    11.958
    12.474
    12.333
     9.956
     8.949
     9.531
     8.493
     7.983
     7.610
     6.671
     5.827
     4.974
     5.406
     7.104
     6.161
     7.191
     7.552
     5.932
     5.738
     6.950
     6.086
     4.003
     3.379
     1.129
    -1.107
    -1.650
    -1.912
    -3.674
    -4.699
    -5.898
    -8.122
    -8.200
    -8.770
    -9.009
    -7.822
    -8.798
    -8.237
    -8.707
    -8.570
    -9.145
    -8.788
    -9.457
   -10.428
    -9.781
    -8.668
    -9.573
   -10.003
   -10.598
   -10.183
   -10.631
   -12.665
   -11.338
   -11.988
   -10.897
    -9.492
    -9.808
    -8.216
    -8.881
    -7.528
    -7.430
    -8.178
    -8.161
    -5.803
    -5.111
    -3.134
    -0.301
    -0.977
    -0.469
     1.915
     4.774
     5.832
     5.113
     5.368
     4.529
     4.408
     3.195
     3.311
     1.024
    -0.344
     0.719
    -1.523
    -0.811
    -0.529
    -2.007
    -2.888
    -1.392
     1.223
     1.238
     2.131
     1.798
     1.538
     2.470
     3.418
     2.721
     3.464
     4.027
     4.367
     4.155
     4.461
     5.953
     3.274
     4.629
     3.983
     4.434
     4.862
     4.410
     5.310
     6.372
     6.052
     5.780
     5.210
     5.041
     5.841
     6.718
     6.444
     7.809
     7.504
     6.897
     6.257
     6.758
     7.544
     7.113
     6.094
     4.336
     2.439
     2.323
     2.317
    -0.003
     0.987
    -0.036
    -1.044
    -3.000
    -4.606
    -4.606
    -3.951
    -4.242
    -6.116
    -6.554
    -7.304
    -6.337
    -6.079
    -5.874
    -4.882
    -3.947
    -3.272
    -3.024
    -2.939
    -3.207
    -4.233
    -4.589
    -5.119
    -6.325
    -7.991
    -7.039
    -6.000
    -4.130
    -3.340
    -1.912
     1.960
     0.834
    -0.187
    -0.859
    -2.724
    -3.936
    -4.775
    -3.176
    -2.234
    -1.022
     1.058
     0.735
    -0.395
    -1.737
    -1.058
    -3.800
    -5.948
    -5.495
    -5.536
    -4.223
    -4.711
    -3.955
    -4.160
    -0.947
    -3.248
    -3.134
    -4.747
    -2.820
    -2.429
    -2.311
    -2.019
    -0.665
     0.671
     3.057
     3.312
     4.141
     2.481
     1.238
     1.547
     1.731
     0.780
     3.667
     4.443
     4.398
     6.150
     5.352
     6.278
     7.707
     8.879
     8.766
     9.655
    10.823
    12.022
    13.105
    11.885
    12.506
    12.040
    10.473
    11.328
    10.211
     8.327
     5.877
     5.187
     3.265
     1.756
     0.274
    -1.627
    -1.624
    -3.909
    -4.366
    -2.511
    -1.102
    -0.641
     0.003
     0.501
    -0.413
     0.681
     1.971
     2.087
     2.101
     1.503
     2.590
     2.036
     0.931
     0.957
     0.173
     0.424
     0.529
    -1.465
    -2.416
    -3.422
    -4.087
    -4.222
    -2.977
    -3.090
    -3.090
    -2.505
    -1.505
    -1.864
    -2.791
    -4.021
    -4.983
    -6.582
    -7.718
    -8.805
    -9.538
    -6.138
    -5.962
   -10.301
    -9.750
    -9.374
    -8.472
    -7.595
    -6.395
    -6.577
    -7.051
    -7.305
    -5.001
    -4.388
    -2.646
    -1.585
    -0.407
    -1.205
    -0.764
    -0.673
     1.629
     2.044
     2.044
     0.401
     2.506
    -0.811
    -4.251
    -5.162
    -3.834
    -1.563
     0.409
     1.492
     1.730
     0.237
     0.070
    -0.592
    -0.107
    -1.163
    -1.735
    -1.923
    -1.671
    -0.840
    -1.781
    -0.479
    -0.971
    -0.922
     0.154
    -0.339
    -0.473
    -1.052
     0.190
    -0.198
     0.453
     0.670
     1.903
     3.135
     4.240
     0.754
     1.360
     0.540
     3.294
     3.968
     4.994
     5.958
     5.010
     5.437
     4.649
     4.559
     4.404
     4.224
     3.186
     2.630
     2.143
     1.752
     3.026
     2.390
     2.700
     3.757
     4.515
     4.726
     5.389
     4.117
     5.361
     7.294
     5.871
     6.268
     6.223
     6.818
     6.626
     5.894
     6.076
     5.365
     3.712
     3.073
     4.106
     4.516
     3.890
     2.975
     3.343
     3.698
     3.279
     3.634
     1.995
     0.744
    -0.583
     0.648
     0.272
    -0.811
    -3.222
    -4.004
    -3.172
    -3.733
    -3.259
    -5.131
    -5.560
    -5.128
    -4.189
    -4.060
    -4.945
    -4.283
    -5.317
    -4.710
    -4.615
    -4.341
    -4.378
    -4.958
    -4.927
    -4.467
    -5.139
    -4.767
    -7.053
    -7.361
    -6.476
    -5.627
    -4.993
    -3.327
    -1.449
    -2.345
    -3.552
    -4.461
    -3.153
    -2.259
    -1.011
    -1.187
     0.137
     0.853
     2.243
     0.512
    -0.862
    -0.592
     0.843
     1.348
     1.616
    -2.137
    -2.898
    -2.848
    -1.266
    -0.038
     1.485
     0.304
    -0.105
     1.088
     0.733
     0.587
     0.999
     0.731
    -0.038
     1.067
    -0.055
    -0.574
    -1.091
    -0.919
    -1.031
    -1.059
    -0.671
    -1.597
    -1.503
    -0.916
     0.745
     0.632
    -0.480
    -0.406
    -0.321
     0.149
     0.370
     0.764
     0.910
     1.009
     1.144
     0.685
     1.246
     2.023
     3.012
     2.159
     2.046
     2.664
     3.369
     3.255
     3.093
     2.855
     2.738
     2.632
     1.592
     0.816
     1.306
     1.218
     1.516
     1.616
     1.899
     0.926
     1.374
     2.082
     3.599
     3.611
     4.011
     3.297
     3.696
     2.528
     1.821
     0.803
     0.912
     0.682
     0.384
     0.314
     0.387
     0.349
     1.018
     0.886
     0.196
    -0.498
    -0.693
    -1.039
    -0.651
    -0.816
    -0.387
    -0.868
    -0.648
    -0.685
    -0.810
    -1.414
    -1.602
    -1.152
    -1.990
    -1.667
    -1.577
    -1.243
    -1.279
    -1.881
    -1.233
    -1.663
    -0.840
    -0.963
    -0.597
    -1.151
    -0.905
    -0.203
    -1.421
    -1.171
    -0.821
    -1.014
    -0.785
    -0.449
    -0.416
     0.350
     0.825
     0.391
     0.646
     0.667
     0.118
     0.127
    -0.896
    -0.875
    -1.708
    -2.156
    -1.606
    -0.903
    -1.363
    -2.396
    -1.583
    -2.416
    -1.453
    -0.863
    -0.873
    -1.079
    -0.171
    -1.332
    -1.305
    -2.252
    -2.698
    -1.288
    -2.394
    -2.562
    -2.792
    -2.926
    -1.964
    -1.145
    -1.057
    -0.627
     0.352
    -0.314
     0.669
     1.241
     1.881
     2.752
     5.464
     4.778
     5.721
     6.082
     6.166
     5.896
     5.625
     4.694
     3.817
     3.158
     2.283
     1.254
     1.179
     0.880
     2.319
     1.595
     1.708
     1.755
     1.527
     1.978
     2.187
     1.834
     2.453
     1.538
     2.613
     1.237
     1.267
     1.509
     0.676
    -0.367
    -0.014
    -0.588
    -0.342
    -0.475
    -1.176
    -1.344
    -1.956
    -3.118
    -3.091
    -3.252
    -3.160
    -3.313
    -2.128
    -1.905
    -2.053
    -1.980
    -2.042
    -2.405
    -2.674
    -2.469
    -3.256
    -3.182
    -3.315
    -2.892
    -2.849
    -3.023
    -3.190
    -2.671
    -3.146
    -2.809
    -3.472
    -2.633
    -2.658
    -2.289
    -2.596
    -2.183
    -1.740
    -1.815
    -0.953
    -1.045
     0.211
    -0.556
    -0.278
    -0.402
     0.495
     0.628
     0.925
     1.160
     0.560
     0.488
     0.240
     1.301
     1.466
     0.840
     0.114
     1.501
     1.321
     1.577
     2.140
     1.561
     1.572
    -0.278
    -0.658
     0.083
    -0.108
    -1.039
    -0.993
    -0.452
     0.516
     0.488
     0.466
    -0.477
    -0.370
    -0.080
     0.887
     1.719
     1.456
     2.474
     3.511
     3.952
     4.852
     4.256
     4.243
     4.670
     4.406
     3.432
     3.152
     2.130
     2.948
     1.925
     0.826
     1.113
     0.957
     0.646
     0.991
     0.825
     1.486
     0.586
     0.539
     0.454
     1.087
     1.136
     2.912
     1.896
     0.828
     0.621
     0.743
     0.375
    -0.152
    -0.556
    -0.550
    -0.536
    -0.049
    -0.973
    -2.016
    -3.125
    -1.198
    -1.657
    -1.664
    -1.527
    -0.542
    -1.853
    -1.729
    -1.328
    -0.864
     0.284
     1.001
     0.826
     0.247
     0.228
    -0.698
    -0.139
    -0.882
    -1.952
    -0.526
    -1.572
    -0.143
     0.074
    -1.272
    -0.481
    -1.252
    -0.817
    -1.377
    -0.482
    -1.108
    -1.140
    -1.456
    -1.031
    -0.414
    -0.753
    -0.466
    -0.970
    -0.559
    -1.125
    -0.199
    -0.829
    -1.021
    -0.871
    -0.708
     0.304
    -1.108
    -1.380
    -1.932
    -1.611
    -2.104
    -2.141
    -1.304
    -1.590
    -1.015
    -1.429
    -2.330
    -2.485
    -2.316
    -2.224
    -1.587
    -1.086
    -0.914
    -1.058
    -1.364
    -1.414
     0.598
    -0.111
    -0.474
     0.350
     0.631
     0.672
     0.727
    -0.352
    -1.485
    -1.489
    -1.298
    -1.651
    -1.447
    -0.560
    -0.218
    -0.502
    -0.198
    -0.661
     0.230
     1.356
     1.398
     2.223
     1.805
     1.832
     1.358
     2.223
     2.433
     3.019
     2.781
     3.233
     3.784
     3.365
     3.444
     3.771
     4.081
     3.858
     4.674
     4.769
     6.108
     4.808
     4.828
     4.514
     4.181
     3.749
     3.600
     2.971
     1.966
     0.484
     0.666
     0.215
    -0.629
    -1.470
    -1.721
    -2.121
    -1.746
    -2.261
    -2.041
    -1.987
    -1.705
    -1.213
    -0.440
    -0.548
    -0.796
    -0.297
    -0.296
     0.515
    -0.176
    -0.660
    -0.758
    -0.749
    -0.590
    -0.262
    -0.480
    -1.509
    -1.697
    -0.554
    -1.850
    -2.209
    -3.189
    -2.729
    -4.097
    -3.119
    -3.664
    -3.851
    -3.382
    -3.227
    -3.699
    -3.518
    -2.841
    -2.348
    -2.445
    -2.834
    -2.273
    -1.679
    -2.254
    -0.958
    -1.453
    -1.401
    -0.341
    -0.295
    -1.040
    -0.771
    -0.969
    -0.797
    -0.812
    -0.712
    -0.955
    -0.238
     0.209
    -0.178
     0.040
    -0.994
    -1.295
    -0.552
     0.081
     1.320
     2.146
     1.964
     2.125
     2.379
     2.311
     2.374
     1.810
     1.930
     3.162
     3.261
     2.962
     2.126
     2.248
     1.737
     1.030
     1.347
     0.353
     1.126
     1.207
     1.198
     1.182
     0.812
     0.473
     0.517
     0.611
     0.836
     1.120
     0.859
     1.292
     2.510
     1.961
     2.114
     2.323
     1.148
     1.584
     1.100
     1.019
     1.092
     0.771
     0.881
     1.184
     1.496
     0.572
     0.377
     0.588
     1.707
     0.296
     0.137
     0.607
     1.538
     1.041
     1.531
     1.328
     0.316
     1.329
     0.881
     0.786
     0.995
     0.799
    -1.205
    -0.286
     0.273
    -0.047
    -0.349
     0.330
     0.367
     0.238
    -0.873
     0.739
     0.859
     1.261
     1.090
     1.136
     1.376
     0.971
    -0.536
    -0.964
    -1.453
    -1.943
    -3.701
    -4.521
    -6.370
    -5.185
    -5.047
    -5.448
    -2.989
    -0.755
    -0.049
    -0.095
     0.025
     0.376
    -0.283
    -0.323
    -1.130
     0.590
     0.134
    -0.085
     0.244
    -1.327
    -2.082
    -2.638
    -2.554
    -1.732
    -1.800
    -2.544
    -1.058
    -1.849
    -0.832
     0.927
     0.170
    -1.743
    -2.951
    -3.060
    -3.802
    -3.659
    -2.016
    -2.446
    -3.332
    -5.711
    -5.223
    -4.227
    -4.608
    -3.138
    -1.684
    -3.512
    -3.883
    -3.535
    -4.184
    -3.694
    -1.775
    -3.296
    -5.042
    -6.751
    -5.431
    -6.922
    -5.627
    -3.940
    -1.808
     0.847
     4.327
     6.920
     4.215
     2.791
     5.305
    10.620
    12.535
    12.151
    11.144
     9.683
     9.994
     8.448
     6.985
     3.929
     0.235
    -0.887
    -0.525
    -2.753
    -3.036
    -3.362
    -3.632
    -2.609
    -1.353
     1.153
     4.635
     8.434
     9.128
     7.980
     7.560
     6.074
     4.784
     8.389
     4.883
     2.226
    -4.046
    -6.256
    -6.643
    -7.022
    -3.606
    -1.007
     0.435
     2.777
     2.505
     2.700
     4.499
     5.567
     6.707
     7.107
     7.624
     7.842
     7.669
     8.892
    10.793
    13.653
    15.374
    15.228
    15.723
    16.730
    14.932
    16.885
    16.649
    14.632
     4.684
    -1.769
     0.381
     5.234
     7.011
    -6.036
    -4.974
    -1.514
     1.779
    -3.162
    -7.012
   -11.886
   -11.264
   -17.080
   -22.325
   -25.891
   -22.307
   -20.388
   -17.663
   -17.070
   -18.473
   -17.144
   -14.425
   -13.609
   -14.339
   -14.534
   -11.929
    -8.965
    -7.126
    -7.580
    -6.826
    -7.298
    -8.664
   -10.555
   -10.748
   -11.463
    -9.708
    -9.002
    -7.128
    -7.644
    -7.046
    -5.360
    -3.436
    -2.158
     2.009
     3.320
     3.809
     2.138
     2.561
     3.303
     4.091
     4.704
     4.315
     5.108
     5.338
     5.131
     4.834
     4.421
     3.986
     3.406
     2.435
     1.753
     0.674
    -0.036
     0.176
     0.536
     1.102
     1.960
     2.199
     2.703
     2.785
     2.900
     3.231
     3.818
     3.932
     4.456
     4.460
     4.643
     4.695
     5.120
     5.214
     5.796
     5.963
     6.012
     5.374
     5.613
     5.703
     5.850
     5.714
     5.713
     5.745
     5.767
     5.721
     5.754
     5.712
     5.731
     5.698
     5.696
     5.635
     5.641
     5.570
     5.556
     5.464
