     5.813
     5.626
     5.520
     5.310
     5.184
     4.951
     4.803
     4.572
     4.408
     4.133
     3.999
     3.733
     3.469
     3.177
     2.955
     2.559
     2.301
     1.903
     1.513
     1.092
     0.788
     0.246
    -0.027
    -0.359
    -0.422
    -1.101
    -1.196
    -1.482
    -2.171
    -2.443
    -2.667
    -3.086
    -3.608
    -4.348
    -4.874
    -5.545
    -6.104
    -6.288
    -6.717
    -7.026
    -7.374
    -7.247
    -7.794
    -8.298
    -8.639
    -8.978
    -9.223
    -9.582
    -9.516
   -10.356
   -10.431
   -11.436
   -11.323
   -11.432
   -11.408
   -13.089
   -12.659
   -12.669
   -14.081
   -14.539
   -14.049
   -13.959
   -14.921
   -14.740
   -13.101
   -12.120
   -11.433
   -10.932
    -8.987
    -7.621
    -5.060
    -4.875
    -3.566
    -1.270
     0.954
     1.330
     0.496
     2.133
     3.620
     4.115
     4.934
     5.561
     5.508
     6.074
     7.140
     7.011
     8.523
     8.557
     8.723
     8.961
     9.917
    11.131
    11.736
    13.750
    12.755
    12.357
    13.143
    11.192
    11.729
    10.575
     9.622
     8.820
     7.454
     7.695
     5.262
     5.038
     4.721
     4.404
     4.405
     3.072
     3.663
     4.565
     4.584
     4.817
     4.444
     3.461
     2.184
     1.485
     2.138
     1.126
     0.593
     0.683
     0.642
    -0.107
     0.836
    -1.198
     0.283
    -0.518
     0.163
    -0.885
    -1.471
    -0.866
    -1.283
    -1.589
    -2.205
    -0.913
    -2.250
    -2.861
    -2.493
    -3.265
    -2.440
    -3.606
    -3.748
    -3.784
    -3.262
    -1.940
    -2.865
    -2.085
    -2.818
    -2.829
    -2.396
    -2.499
    -1.389
    -2.143
    -0.659
    -2.366
    -3.549
    -3.818
    -2.926
    -4.976
    -5.455
    -4.974
    -2.871
    -2.936
    -0.111
     0.593
     1.158
     1.579
     1.923
     1.258
     2.891
     3.461
     1.926
     2.370
     4.142
     3.928
     3.058
     3.715
     3.900
     3.702
     4.698
     5.200
     3.319
     3.719
     2.799
     2.690
     2.876
     3.230
     2.033
     2.792
     4.661
     3.275
     0.433
    -0.245
     0.083
     1.235
     3.422
     3.478
     1.993
     1.881
     1.980
     0.655
    -0.715
    -2.018
    -5.180
    -6.267
    -5.185
    -2.089
    -2.770
    -3.397
    -3.532
    -5.233
    -6.782
   -10.232
   -12.083
   -11.957
   -10.884
   -11.261
   -11.718
   -11.794
   -11.606
   -10.168
    -9.910
   -10.426
    -9.460
    -7.794
    -7.187
    -5.415
    -3.260
    -2.238
    -0.219
     1.331
     1.945
     6.261
     7.142
     7.200
    10.014
    10.149
    11.410
    10.561
    12.052
    10.441
    11.537
     9.977
     7.542
     5.948
     5.392
     3.650
     4.966
     4.522
     6.387
     1.576
     7.051
     5.252
    -1.883
     2.362
     3.279
     2.057
     1.632
     1.929
     1.501
     0.325
     0.119
    -1.896
    -2.040
    -2.438
    -1.845
    -3.691
    -2.217
    -1.946
    -1.747
    -0.938
    -1.067
    -0.348
    -1.222
    -1.329
    -1.581
    -2.315
    -3.101
    -3.684
    -3.198
    -2.285
    -4.302
    -5.867
    -6.369
    -5.358
    -4.882
    -4.905
    -4.285
    -4.520
    -1.942
    -2.833
    -3.867
    -3.288
    -3.274
    -3.304
    -4.738
    -3.579
    -4.262
    -4.831
    -2.793
    -4.104
    -3.889
    -1.739
    -0.566
    -0.048
    -0.892
    -1.320
    -1.169
    -0.894
    -1.244
     1.120
     2.460
     3.769
     4.050
     3.923
     5.242
     5.808
     5.395
     5.513
     5.457
     5.932
     5.303
     7.597
     7.552
     6.111
     7.246
     6.117
     6.194
     6.308
     6.526
     6.871
     5.505
     4.251
     4.215
     4.327
     3.113
     2.290
     2.903
     3.401
     2.569
     4.754
     4.078
     4.658
     4.632
     4.131
     3.501
     0.905
     0.788
     1.457
     0.597
    -1.225
     0.599
     0.338
     0.083
    -0.437
    -1.634
    -0.834
    -3.018
    -3.157
    -4.652
    -4.835
    -3.822
    -2.586
    -3.933
    -6.449
    -5.539
    -2.998
    -2.675
    -0.358
     0.308
    -1.759
    -0.361
    -0.146
     0.035
     0.182
     1.387
     0.484
     1.622
     1.922
     0.411
     1.336
     0.768
     0.266
    -0.563
     0.251
    -0.215
    -1.491
    -1.407
    -1.259
    -1.991
    -2.701
    -2.111
    -2.498
    -3.752
    -4.631
    -4.551
    -4.348
    -5.036
    -4.939
    -3.625
    -4.062
    -3.652
    -5.532
    -4.457
    -4.553
    -5.297
    -5.093
    -7.270
    -7.888
    -9.681
    -9.022
    -7.555
    -6.584
    -5.735
    -5.936
    -5.995
    -7.183
    -5.241
    -2.905
    -2.787
    -1.885
    -2.883
    -0.576
     0.114
     3.972
     7.451
     6.904
     5.095
     1.989
     2.742
     1.317
     3.108
     4.623
     5.780
     5.295
     5.142
     2.226
     1.527
     4.219
     4.525
     3.649
     2.116
     2.961
     3.313
     2.298
     2.823
     2.566
     3.256
     2.148
     2.405
     0.562
     0.993
     0.276
     1.145
     0.257
     1.259
    -0.986
    -0.148
    -1.217
    -0.255
     2.443
     2.484
     1.734
     2.799
     3.523
     3.111
     3.500
     2.523
     0.282
    -1.145
    -2.583
    -0.420
     0.248
     0.884
    -0.327
     1.014
     0.494
     1.156
     0.258
     0.737
     1.844
     0.715
     2.435
     1.328
     0.465
     1.956
     2.458
     1.521
     3.407
     3.264
     1.629
     2.354
     2.556
     2.575
     1.265
     1.539
     2.821
     3.390
     3.483
     0.904
     0.563
     0.643
    -0.336
    -0.320
    -0.326
    -0.556
    -1.221
    -1.182
    -0.152
    -0.437
    -1.347
    -0.239
    -0.561
     0.201
     1.598
     0.231
    -0.482
     1.395
     2.787
     2.150
     3.572
     3.034
     2.830
     2.417
     2.832
     3.713
     2.183
     1.066
     0.929
     2.220
     2.848
     3.663
     2.833
     1.864
     0.288
    -0.952
     0.702
     0.413
     1.150
    -0.037
     0.112
    -0.203
    -2.079
    -2.352
    -1.307
    -1.020
    -0.556
     0.530
    -2.101
    -0.340
    -0.367
     0.804
     2.013
    -1.591
    -1.198
    -0.883
    -1.538
    -1.516
    -2.752
    -2.868
    -5.006
    -5.579
    -6.176
    -6.432
    -6.602
    -7.051
    -8.635
    -9.865
    -8.565
    -8.283
    -8.051
    -7.716
    -7.138
    -7.332
    -7.415
    -7.670
    -7.014
    -7.653
    -7.991
    -5.916
    -6.542
    -5.781
    -4.721
    -5.484
    -4.306
    -3.830
    -3.743
    -3.724
    -3.692
    -2.593
    -1.517
    -1.747
    -1.842
    -2.561
    -1.668
    -1.180
    -0.086
     0.473
    -1.521
    -3.184
    -2.237
    -1.857
    -0.683
    -1.639
    -0.353
    -0.117
    -0.258
     0.126
     1.331
     1.904
     2.516
     2.790
     3.897
     5.254
     4.439
     5.077
     6.315
     6.218
     4.564
     5.412
     4.593
     4.333
     5.516
     4.592
     4.275
     4.403
     5.222
     5.308
     4.840
     6.876
     6.903
     7.076
     5.995
     5.960
     6.184
     6.199
     4.056
     5.723
     5.874
     4.843
     5.434
     5.875
     5.699
     6.896
     6.562
     6.810
     5.688
     5.942
     6.442
     5.862
     5.702
     5.658
     5.910
     7.360
     8.149
     5.488
     4.535
     6.044
     4.874
     5.396
     5.900
     4.978
     3.929
     3.959
     4.766
     5.138
     5.663
     6.922
     6.747
     5.577
     4.943
     5.369
     0.594
    -1.271
    -0.868
    -2.741
    -6.592
    -7.659
    -7.512
    -9.049
    -9.121
    -8.933
    -8.956
    -8.308
    -6.949
    -8.119
    -7.669
    -9.193
    -7.095
    -6.193
    -6.308
    -3.848
    -4.153
    -2.988
    -1.905
    -1.786
    -2.025
    -1.408
    -2.042
    -0.660
    -1.086
    -2.696
    -0.611
     0.145
    -1.079
    -0.800
    -1.493
    -2.024
    -1.700
    -1.279
    -4.229
    -3.716
    -4.985
    -5.003
    -5.782
    -6.230
    -6.923
    -6.699
    -7.188
    -7.088
    -6.822
    -6.741
    -4.554
    -5.794
    -3.888
    -3.395
    -2.097
    -2.768
    -2.367
    -2.120
    -1.451
    -2.878
    -3.181
    -3.247
    -3.977
    -3.376
    -3.555
    -3.722
    -4.029
    -4.426
    -5.456
    -4.095
    -4.570
    -5.004
    -6.881
    -4.626
    -5.371
    -4.822
    -6.282
    -6.459
    -8.144
    -7.644
    -6.121
    -5.210
    -3.115
    -2.543
    -2.884
    -3.858
    -4.223
    -3.189
    -1.748
    -0.724
     0.431
    -0.590
    -0.914
    -0.115
     1.161
     1.575
     0.856
     1.199
     1.308
     0.961
     1.926
     2.276
     2.734
     5.411
     6.741
     6.404
     7.868
     7.444
     5.761
     6.165
     6.083
     5.818
     6.953
     9.918
     9.907
     9.352
     9.962
     9.173
    11.235
    10.923
    10.633
    10.751
    10.848
    10.904
    12.040
    11.104
    11.528
    11.450
    10.951
    10.288
     8.622
     9.206
     9.821
     9.423
    10.930
     9.903
    10.602
     9.929
    11.209
    11.253
    10.767
    10.622
     9.753
    10.258
    10.234
    10.946
    10.017
    10.620
    10.596
    10.751
    10.853
    11.042
    11.202
    10.908
    10.259
     9.509
     9.656
     9.170
     8.610
     7.311
     6.762
     8.228
    10.146
     7.558
     4.781
     2.731
    -2.639
    -3.952
    -7.724
    -9.088
   -15.260
   -17.441
   -22.045
   -22.342
   -24.756
   -27.668
   -29.169
   -29.798
   -31.105
   -33.037
   -34.501
   -32.629
   -31.536
   -30.373
   -28.625
   -27.684
   -28.255
   -27.262
   -25.907
   -23.826
   -21.914
   -20.252
   -17.457
   -14.123
   -11.818
    -9.003
    -6.775
    -4.274
    -1.569
     1.068
     2.638
     3.688
     4.132
     4.302
     4.673
     3.643
     3.981
     2.280
     2.783
     3.402
     3.406
     2.507
     1.591
     1.174
     1.230
     0.329
     0.378
     2.072
     1.678
     1.557
     2.247
     2.593
     5.473
     3.840
     0.574
     2.781
     3.267
     3.965
     3.430
     5.084
     3.393
     3.222
     4.681
     4.373
     5.843
     6.818
     7.504
     7.789
     8.382
     5.850
     2.693
     0.373
    -1.534
    -2.217
    -2.350
    -1.382
     1.904
     5.094
     9.901
    15.228
    17.350
    16.219
    18.584
    18.189
    19.722
    19.681
    18.567
    18.456
    18.049
    15.517
    13.151
    10.601
     7.927
     4.433
     5.818
     1.722
     1.568
    -2.206
    -2.583
    -3.053
    -5.377
    -7.345
    -6.173
    -7.061
    -7.093
    -7.951
    -6.517
    -6.142
    -4.241
    -5.127
    -3.987
    -4.239
    -3.809
    -2.891
    -1.505
     0.146
    -1.865
    -0.703
    -2.139
     0.757
     3.009
     3.266
     2.592
     4.241
     5.599
     5.697
     5.603
     5.722
     7.055
     6.489
     6.032
     5.933
     6.181
     6.338
     7.954
     8.520
     7.875
     8.850
     7.191
     6.271
     4.633
     4.155
     1.662
    -0.425
     0.302
     0.923
    -2.185
    -4.617
    -5.714
    -5.823
    -7.074
    -5.707
    -5.939
    -4.445
    -2.884
    -4.041
    -4.365
    -5.731
    -4.887
    -3.092
    -2.588
    -0.685
    -1.046
    -1.544
    -1.597
    -1.097
     0.815
     0.776
     0.015
     0.708
     1.391
     3.681
     0.155
    -0.459
     0.948
    -0.070
    -0.684
    -1.373
    -0.528
     0.486
    -0.236
    -0.831
     1.558
    -0.414
     0.171
     0.921
     0.217
    -0.456
    -3.011
    -6.435
    -8.988
    -8.666
    -8.984
    -8.345
    -9.951
   -11.195
   -10.746
   -13.426
   -11.518
   -10.433
   -10.354
   -12.725
   -13.212
   -14.409
   -16.562
   -17.933
   -18.151
   -19.737
   -21.658
   -21.507
   -19.552
   -18.670
   -19.731
   -20.948
   -22.702
   -24.277
   -26.994
   -27.013
   -29.826
   -33.122
   -34.527
   -33.319
   -32.061
   -32.852
   -31.888
   -33.385
   -37.905
    -9.223
    15.320
    15.437
    11.219
    10.987
    13.772
    11.967
    12.212
    15.738
    18.057
    21.069
    20.471
    18.300
    19.725
    18.880
    20.191
    23.414
    23.631
    25.472
    31.936
    35.551
    31.108
    29.214
    28.790
    34.983
    42.534
    42.867
    43.675
    45.109
    46.091
    49.808
    49.224
    51.260
    50.302
    49.850
    48.467
    46.258
    41.249
    36.872
    36.916
    33.644
    31.339
    31.930
    32.100
    25.769
    26.488
    26.043
    25.158
    21.392
    20.548
    17.124
    16.763
    12.605
     8.871
     1.858
    -5.147
   -12.867
   -13.797
   -25.062
   -31.769
   -30.974
   -35.949
   -38.317
   -40.070
   -40.272
   -41.073
   -41.065
   -39.129
   -34.562
   -34.674
   -35.666
   -35.474
   -37.763
   -37.244
   -40.296
   -38.736
   -35.831
   -35.798
   -36.622
   -34.322
   -32.585
   -33.284
   -32.643
   -30.112
   -28.719
   -29.394
   -30.487
   -27.946
   -30.187
   -29.928
   -26.809
   -26.911
   -25.796
   -27.639
   -28.528
   -29.736
   -32.645
   -30.285
   -29.293
   -30.113
   -26.387
   -22.117
   -19.890
   -17.420
   -12.595
    -8.748
    -4.767
    -2.244
    -0.799
    -0.516
     3.904
     5.400
     5.547
     9.701
    16.051
    22.787
    26.221
    27.648
    33.509
    40.026
    45.274
    44.792
    43.372
    49.221
    59.718
    60.511
    55.679
    61.557
    57.514
    48.059
    54.819
    65.570
    48.900
    30.297
    15.727
    35.447
    32.714
    18.137
     3.493
     4.624
    -1.198
    -6.898
   -12.509
   -10.755
   -18.105
   -21.506
   -14.868
   -13.145
   -11.306
    -8.934
   -10.911
   -18.090
   -16.923
    -8.491
    -7.695
   -11.292
   -10.304
    -3.378
    -2.416
    -2.677
    -2.827
    -2.629
    -1.839
     3.166
    -3.380
    -0.609
     0.967
     1.378
    -0.318
    -3.266
   -12.078
   -18.600
   -17.338
    -1.363
    -0.618
    -8.697
   -13.475
   -12.606
    -9.093
    -2.650
     5.993
    10.509
    -2.535
   -11.746
   -12.029
   -20.777
   -22.697
   -20.138
   -13.699
    -9.370
    -7.469
    -1.237
    -0.943
    -7.263
   -14.563
   -14.642
   -12.160
    -8.528
    -2.747
     0.797
     0.967
     3.770
     2.309
     8.680
     9.733
     7.147
     6.640
    13.130
    18.090
    24.658
    21.618
    19.491
    16.725
    14.646
    13.806
    16.986
    12.165
    10.342
    11.014
     6.561
     5.076
     1.974
     3.358
    -0.322
     6.619
     2.668
     4.219
     5.631
     2.760
     0.863
     3.796
     3.623
     2.135
     5.709
     6.509
     5.225
     4.574
     4.439
     0.135
     0.130
    -5.196
    -2.439
    -1.477
     1.016
     1.869
     2.414
     0.153
    -0.876
     0.034
    -5.174
    -4.422
    -2.578
    -4.884
    -9.849
    -6.914
    -3.401
    -3.214
   -20.335
   -16.876
   -16.997
    -8.767
    -9.704
   -11.418
    -8.009
    -8.758
     0.178
    10.614
     0.536
    -3.542
    -8.540
    -9.784
    -5.775
    -4.769
    -8.780
   -18.716
   -13.470
   -15.519
   -18.718
   -21.303
   -22.045
   -22.277
   -18.630
   -15.519
   -13.311
   -12.789
   -14.506
   -11.857
    -8.195
   -11.323
   -10.790
   -10.209
    -5.615
    -5.856
    -6.558
    -7.648
    -9.069
    -5.558
    -8.724
    -4.697
    -2.891
    -2.587
    -1.943
     6.538
     5.869
    10.299
     6.443
     3.608
     5.288
     7.024
     6.004
     9.868
    13.960
    14.696
     8.980
    10.752
     8.283
     8.936
     9.979
    11.081
    14.868
    17.392
    21.130
    20.821
    21.262
    23.038
    21.679
    22.331
    26.863
    19.766
    31.225
    25.936
    27.433
    19.151
    15.104
    18.448
    16.757
    14.542
    15.091
    15.912
    17.769
    14.710
     7.677
     9.530
     9.285
     5.415
     4.699
     4.523
     5.504
    11.306
     3.481
    -1.580
     1.683
     0.690
    -4.590
    -4.746
    -6.560
    -8.867
    -6.524
    -5.590
    -7.160
    -8.018
   -14.700
    -4.371
    -1.911
   -19.045
   -19.577
    -9.505
    -6.395
     0.156
   -12.676
   -11.375
    -3.192
   -11.848
   -12.178
   -14.909
   -24.930
   -23.460
   -17.852
   -21.257
   -20.097
   -10.829
   -13.294
   -10.401
    -6.125
    -1.331
    -3.796
    -4.114
    -4.633
    -6.659
    -6.973
    -8.660
    -9.663
    -9.861
    -9.472
    -9.709
    -5.782
    -4.871
    -4.163
    -4.664
     1.911
    -0.772
    -2.934
    -0.564
     1.790
     4.369
     3.868
     3.297
     1.427
     3.169
     2.124
    -0.613
     2.641
     5.803
     3.887
     0.066
    -3.392
     2.862
     3.110
     2.612
     3.651
     5.427
     9.058
     6.749
     4.497
     4.445
     3.415
     5.497
     3.977
     4.110
     5.727
     0.593
     1.280
     0.802
    -0.344
    -0.414
    -3.052
    -4.258
     0.725
     1.088
     3.506
    -0.823
    -0.907
     0.776
     3.881
     3.658
     1.885
    -3.773
    -2.858
    -1.106
     6.511
    -1.249
   -14.341
   -13.749
    -8.251
    -8.486
    -8.324
   -12.387
   -11.531
   -10.735
    -8.960
    -7.628
   -10.264
    -7.266
    -5.978
    -3.526
    -1.714
     1.774
     3.023
    -4.838
    -1.256
    -0.129
     0.719
     1.557
    -0.907
    -0.119
     1.515
     0.808
     1.178
     5.236
     2.774
     6.674
     5.702
     7.160
     7.981
     9.107
     8.461
     8.282
     7.673
     8.726
    10.134
    10.619
    10.480
    11.356
    11.450
    10.848
    12.484
    13.090
    13.119
    14.747
    17.154
    17.505
    17.290
    15.784
    16.134
    15.664
    15.985
    16.987
    13.635
    14.796
    14.691
    11.143
    10.770
    10.129
     8.242
     8.877
     8.335
     7.603
     6.362
     6.383
     5.971
     3.919
     2.728
     0.146
     0.244
    -0.940
    -2.050
    -3.524
    -4.206
    -3.910
    -3.958
    -5.452
    -7.897
    -7.977
   -10.405
   -11.078
   -12.098
   -12.646
   -16.130
   -17.762
   -19.632
   -18.556
   -19.326
   -19.360
   -18.370
   -21.422
   -21.775
   -22.807
   -22.653
   -22.479
   -19.820
   -19.502
   -17.411
   -18.877
   -15.486
   -14.938
   -11.372
   -13.015
   -10.585
   -13.362
    -9.240
    -9.662
    -6.308
    -7.364
    -6.198
    -8.789
    -6.313
    -7.455
    -7.578
    -8.197
    -7.698
    -6.280
    -4.930
    -2.369
    -0.242
     1.445
     0.074
     0.789
     0.764
     1.052
     3.166
     4.561
     5.746
     6.207
     6.209
     9.892
     7.485
     8.272
     8.693
    11.838
    12.231
    10.527
    10.164
    11.352
     9.588
    10.192
     8.814
     8.811
     8.646
     8.542
     7.828
     8.812
    10.039
    10.130
     7.735
     7.610
     5.975
     6.416
     9.472
     8.903
     9.420
     8.288
     8.455
     9.788
     9.767
     8.516
     8.855
     8.303
     6.942
     7.265
     5.969
     6.354
     5.791
     5.957
     6.967
     5.779
     6.287
     6.772
     7.218
     8.671
     9.929
     5.788
     5.934
     4.930
     4.155
     4.440
     2.288
     0.596
    -0.959
    -1.303
    -3.014
    -3.908
    -4.831
    -5.256
    -6.312
    -6.719
    -6.594
    -5.675
    -5.018
    -5.558
    -5.961
    -6.310
    -4.744
    -5.238
    -5.163
    -5.327
    -5.657
    -5.279
    -6.164
    -5.217
    -6.387
    -6.316
    -6.530
    -7.800
    -9.663
    -9.250
   -10.560
    -9.097
   -10.009
    -8.625
    -9.211
    -8.620
    -9.116
    -6.740
    -8.699
    -9.116
    -7.225
    -6.378
    -5.169
    -3.279
    -2.594
    -2.002
    -0.245
     1.167
     4.228
     3.732
     2.949
     2.652
     0.373
     0.716
     0.946
    -0.164
    -1.480
    -2.299
    -0.830
     0.125
    -0.710
    -1.250
    -0.985
    -1.525
     1.319
     0.862
     1.556
     1.294
     1.113
     3.400
     2.760
     3.904
     3.294
     1.780
     4.168
     5.427
     6.392
     4.158
     3.011
     4.406
     3.485
     3.570
     4.452
     5.415
     6.322
     6.140
     6.429
     6.878
     5.192
     5.659
     6.393
     6.496
     5.963
     6.093
     6.193
     6.319
     5.128
     5.522
     7.135
     5.104
     4.744
     3.517
     3.020
     3.383
     0.930
     0.747
     0.989
     1.781
    -0.923
    -2.289
    -4.031
    -1.979
    -4.137
    -3.702
    -5.238
    -6.011
    -6.594
    -5.309
    -4.698
    -4.701
    -4.878
    -4.481
    -3.632
    -4.208
    -4.300
    -5.663
    -4.325
    -4.334
    -4.744
    -5.808
    -6.486
    -5.492
    -6.383
    -2.585
    -3.428
    -0.560
     1.291
    -0.245
    -2.531
    -1.817
    -2.819
    -3.605
    -3.892
    -3.957
    -1.811
    -1.546
    -0.128
    -2.079
    -0.373
    -1.311
    -0.860
    -3.514
    -6.230
    -8.386
    -7.197
    -6.027
    -6.665
    -5.704
    -6.502
    -3.218
    -4.378
    -5.680
    -5.668
    -6.017
    -3.251
    -4.572
    -1.867
    -1.468
     1.000
     0.927
     1.981
     3.220
     2.650
     3.692
     0.997
     2.367
     4.740
     6.023
     5.627
     7.628
     7.306
     8.934
     8.428
    10.171
    11.067
    12.356
    11.214
    12.863
    13.122
    14.738
    15.183
    13.486
    13.768
    12.980
    12.903
    14.539
    11.218
     9.055
     7.876
     7.455
     2.917
     2.717
     0.232
     0.176
    -3.805
    -4.279
    -4.657
    -4.985
    -3.472
    -2.969
    -4.463
    -3.763
    -2.226
     1.943
     0.978
     0.480
     1.258
     1.993
     2.214
     0.673
     0.906
    -0.367
    -0.031
    -1.570
    -4.963
    -3.021
    -3.922
    -4.647
    -4.861
    -5.052
    -5.692
    -4.011
    -4.692
    -2.843
    -3.178
    -4.102
    -6.089
    -4.731
    -8.577
    -9.013
   -10.187
   -10.836
    -2.960
    -9.913
    -9.751
   -10.500
    -8.674
    -7.299
    -3.993
    -4.271
    -5.801
    -4.642
    -5.446
    -3.246
    -3.559
    -1.421
    -1.633
    -2.949
     0.959
    -0.347
     1.087
     4.715
     3.848
     2.053
     2.322
     4.585
    -1.586
    -3.242
    -4.876
    -3.158
    -1.636
     0.507
     0.878
     0.833
     1.230
    -0.559
    -0.692
    -0.399
    -0.489
    -0.459
    -1.041
     0.067
    -0.716
    -1.085
     0.121
    -0.178
    -0.114
    -0.174
    -0.680
     0.120
     0.585
    -0.804
     0.181
    -0.198
     1.476
     0.160
     3.246
     2.465
    -1.697
    -0.580
    -0.249
     2.028
     3.526
     4.949
     4.548
     5.370
     4.086
     2.779
     3.196
     3.544
     2.734
     3.273
     1.601
     1.110
     0.921
     1.517
     1.091
     1.860
     4.482
     5.004
     5.844
     5.392
     5.476
     5.087
     4.786
     5.632
     4.944
     6.421
     7.166
     5.990
     6.422
     5.448
     2.774
     3.064
     2.410
     4.507
     3.628
     1.563
     2.222
     2.834
     2.957
     2.842
     2.719
     1.772
     0.833
    -1.352
    -0.770
    -0.577
    -2.210
    -3.677
    -4.278
    -3.875
    -2.946
    -4.671
    -6.098
    -5.157
    -3.549
    -3.513
    -4.119
    -2.984
    -4.159
    -4.177
    -2.902
    -3.428
    -3.801
    -3.096
    -3.332
    -3.913
    -3.858
    -2.973
    -4.231
    -5.725
    -5.593
    -5.450
    -4.566
    -3.225
    -2.362
    -1.916
    -1.504
    -2.932
    -3.104
    -2.196
    -0.704
    -0.144
     0.065
     1.282
     1.645
     2.208
     0.700
    -1.021
     0.353
     0.833
     2.739
     2.631
     0.682
    -1.295
    -0.657
     1.510
     3.122
     4.780
     3.405
     1.543
     1.583
     0.520
     1.375
     0.915
     1.372
     1.544
     1.132
     0.662
    -1.152
    -0.483
    -1.256
    -1.508
    -1.015
    -1.351
    -2.331
    -2.335
    -2.119
    -1.331
    -1.535
    -1.503
    -1.296
    -1.504
    -0.532
    -1.035
    -0.788
    -0.778
     0.576
    -0.093
     0.372
     1.820
     0.953
     0.484
     1.994
     1.860
     2.735
     2.584
     1.865
     1.546
     2.073
     0.942
     0.588
     2.059
     0.968
     0.937
     1.375
     1.541
     0.965
     0.326
     0.070
     0.383
     1.414
     2.456
     2.969
     1.988
     2.762
     2.115
     1.256
    -0.123
    -0.450
    -1.200
    -2.095
    -1.326
    -1.390
    -1.437
    -1.090
    -1.253
    -1.669
    -2.482
    -2.196
    -1.624
    -1.734
    -0.548
    -1.133
    -1.211
    -1.196
    -1.080
    -0.558
    -0.071
    -1.146
    -0.625
    -1.515
    -1.411
    -1.124
    -0.731
    -0.109
    -1.073
    -1.088
    -1.265
    -0.751
    -0.039
     0.110
    -0.150
     0.038
     0.081
     0.488
    -0.317
    -0.116
    -1.162
    -0.578
    -0.124
    -0.327
     0.066
     2.273
     1.234
     1.197
     1.084
     0.229
     0.526
     1.288
     0.887
    -0.048
    -0.450
    -0.604
    -0.090
     0.371
    -0.196
     0.092
    -0.440
    -0.280
     0.780
     1.167
     0.950
     1.298
     1.499
     0.043
    -0.880
    -0.410
    -0.318
     0.101
    -0.831
    -1.427
    -0.972
    -0.298
    -0.534
    -1.731
    -0.888
    -0.298
     0.624
     1.771
     0.848
     1.344
     3.514
     4.726
     6.168
     5.733
     7.019
     6.678
     7.390
     7.139
     4.733
     3.926
     3.317
     2.631
     2.288
     0.880
     0.064
     0.376
    -0.428
    -0.417
    -0.505
    -0.156
     0.579
     0.219
    -0.398
    -0.081
     1.812
     0.217
     0.435
     1.129
    -0.605
    -0.621
    -0.766
    -1.875
    -1.670
    -2.315
    -1.865
    -1.781
    -2.363
    -2.426
    -3.209
    -4.236
    -3.377
    -3.884
    -3.402
    -3.043
    -2.883
    -2.427
    -2.510
    -2.601
    -2.241
    -2.558
    -4.185
    -3.545
    -3.307
    -3.556
    -4.232
    -4.306
    -3.727
    -3.742
    -3.720
    -3.173
    -3.256
    -3.602
    -4.972
    -3.561
    -2.919
    -2.033
    -1.806
    -3.280
    -1.586
    -1.443
    -1.211
    -1.400
    -0.514
    -0.211
    -0.079
    -0.266
     0.667
     0.124
     0.910
     0.038
     0.931
     0.996
     1.005
     1.003
     1.669
     1.414
     1.411
     0.875
     1.497
     1.379
     1.976
     1.870
     1.897
     2.620
     1.977
     2.712
     2.041
     2.815
     2.953
     2.490
     3.856
     2.547
     1.114
     0.287
    -1.223
    -0.481
     0.033
     0.435
     1.091
     1.123
     2.107
     3.689
     5.284
     4.783
     5.158
     4.580
     4.625
     3.943
     2.986
     1.851
     2.007
     1.893
     0.661
     0.161
     0.585
     0.242
    -0.575
     0.555
     0.771
     0.525
     0.639
     0.957
     0.771
     2.307
     2.609
     1.080
     0.137
     0.641
     0.456
    -0.635
    -0.226
    -0.069
     0.447
    -1.401
    -0.547
    -0.359
    -1.432
    -1.751
    -2.363
    -1.140
    -2.188
    -1.727
    -1.663
    -0.559
    -1.486
    -1.661
    -0.883
    -0.598
     0.803
     0.317
     0.451
    -0.476
     0.277
     0.386
    -0.653
    -0.557
    -1.277
    -1.129
     0.157
    -0.019
    -0.146
     0.406
    -0.218
    -1.089
     0.847
     0.382
     0.067
    -0.354
    -0.918
    -0.625
    -0.050
     0.590
     0.799
    -0.847
    -0.858
     0.472
    -1.468
    -0.941
    -1.602
    -1.440
    -0.925
    -0.548
    -0.843
    -1.315
    -2.227
    -2.613
    -2.152
    -1.730
    -1.905
    -1.068
    -1.441
    -1.114
    -1.741
    -1.890
    -2.726
    -2.265
    -2.937
    -0.953
    -1.413
    -1.723
    -1.541
    -1.951
    -0.260
    -0.086
     1.211
    -0.113
     0.521
     1.537
     0.171
    -1.398
    -2.335
    -2.200
    -1.979
    -1.533
    -1.245
    -1.982
    -1.068
    -0.668
    -0.508
    -1.739
    -0.620
     0.040
     0.121
     1.337
     1.446
     2.105
     0.754
     1.512
     2.270
     1.745
     3.412
     4.546
     4.928
     3.988
     3.752
     2.908
     3.792
     5.287
     5.317
     4.240
     4.781
     5.141
     4.882
     2.893
     1.945
     1.882
     2.454
     2.903
     0.564
    -0.433
    -0.160
     0.298
    -0.817
    -2.395
    -2.321
    -2.447
    -2.146
    -2.064
    -1.866
    -1.802
    -3.019
    -2.129
    -1.180
    -1.019
     0.507
    -0.955
    -0.628
    -1.990
    -0.681
     0.320
    -0.939
    -0.124
     0.715
     0.758
    -0.742
    -1.114
    -1.724
    -1.796
    -1.322
    -1.755
    -1.011
    -1.764
    -2.319
    -2.968
    -2.962
    -4.366
    -2.934
    -3.576
    -2.302
    -1.266
    -2.010
    -1.706
    -1.950
    -1.392
    -2.117
    -2.423
    -1.342
    -2.242
    -0.606
    -0.019
     0.128
    -0.870
     1.291
    -0.053
     1.051
    -1.321
     0.178
     0.567
     0.727
     1.678
     1.038
     0.612
     0.457
    -0.441
    -0.415
    -0.264
    -0.030
     2.494
     2.725
     2.962
     3.323
     4.152
     3.630
     1.929
     3.004
     3.249
     3.773
     3.033
     2.669
     1.774
     2.719
     2.396
     1.065
    -0.256
     1.024
     1.112
     1.527
     1.447
     0.696
     0.656
     0.354
     0.355
     1.056
     1.425
     1.152
     0.271
     1.940
     1.170
     0.863
     1.317
     1.880
     1.370
     0.917
     0.646
     0.339
     1.309
     1.236
     1.404
     0.945
     0.987
     0.217
     0.137
     0.559
     0.160
     0.978
     0.352
     0.782
     1.325
     1.380
     0.869
     0.454
     0.505
    -0.187
     0.525
     0.108
     0.955
    -0.890
    -0.790
    -0.427
    -0.433
    -0.285
    -0.314
    -0.942
    -1.976
    -1.169
    -0.299
    -1.178
    -0.448
     0.079
     0.476
    -0.808
    -0.460
    -0.737
    -1.594
    -2.665
    -1.849
    -2.855
    -3.713
    -4.978
    -6.636
    -6.376
    -5.103
    -4.513
    -3.658
    -2.947
    -1.156
    -0.739
    -1.998
    -0.553
    -1.401
    -2.956
    -2.444
    -0.550
    -1.497
    -1.949
    -1.433
    -2.911
    -3.223
    -4.062
    -3.552
    -3.622
    -2.540
    -3.219
    -3.192
    -2.331
    -0.850
    -0.777
    -0.439
    -2.530
    -3.976
    -4.007
    -3.594
    -2.203
    -3.606
    -3.446
    -3.642
    -4.042
    -4.877
    -3.625
    -2.196
    -1.498
    -1.879
    -2.403
    -2.182
    -3.329
    -0.738
    -0.214
     0.492
    -1.096
    -0.783
    -1.046
    -1.007
    -0.852
     0.896
     1.167
     2.140
     4.604
     9.265
     8.249
     5.609
     5.698
     9.935
    11.202
    13.232
    11.596
     9.114
     9.751
     6.734
     6.767
     5.422
     1.369
     0.314
    -2.080
    -0.419
    -2.035
     0.166
    -0.829
    -0.750
     0.952
     3.670
     5.028
     8.783
    10.030
    10.883
     9.275
     7.326
     7.492
     8.315
     7.451
     1.779
     3.598
    -4.215
    -3.017
    -2.887
    -1.618
     1.783
     1.833
     2.644
     4.545
     4.497
     4.656
     4.519
     6.093
     6.483
     6.594
     6.953
     6.480
     5.540
     5.701
     7.807
     9.989
    12.137
    12.062
    12.530
    12.095
    10.955
     9.735
     8.430
     5.828
    -4.193
    -7.135
    -2.479
    -6.546
     0.081
   -12.319
   -10.725
    -3.485
    -3.607
    -9.543
   -10.963
   -14.182
   -16.133
   -19.715
   -25.652
   -28.909
   -26.056
   -22.190
   -18.996
   -18.388
   -20.033
   -17.099
   -15.739
   -13.698
   -14.662
   -15.143
   -11.271
    -7.874
    -5.850
    -5.695
    -6.698
    -6.939
    -7.467
    -8.372
    -8.868
   -10.506
    -8.491
    -6.224
    -5.361
    -5.115
    -4.575
    -3.724
     0.416
     1.566
     3.374
     4.617
     5.750
     4.018
     5.575
     6.133
     7.192
     6.238
     6.171
     6.782
     7.623
     7.099
     6.801
     5.926
     6.787
     4.275
     3.651
     3.077
     1.800
     1.561
     1.908
     1.730
     2.816
     3.386
     3.093
     4.175
     4.024
     4.080
     4.702
     4.855
     5.014
     5.438
     5.483
     5.999
     6.042
     6.314
     6.789
     7.023
     7.376
     7.383
     6.503
     6.880
     6.806
     7.017
     6.737
     6.766
     6.806
     6.781
     6.672
     6.688
     6.611
     6.614
     6.489
     6.452
     6.331
     6.291
     6.145
     6.074
     5.901
