     5.855
     5.585
     5.507
     5.212
     5.115
     4.795
     4.674
     4.371
     4.235
     3.876
     3.774
     3.411
     3.149
     2.757
     2.584
     2.052
     1.806
     1.314
     0.886
     0.374
     0.069
    -0.598
    -0.840
    -1.214
    -1.080
    -2.126
    -1.999
    -2.235
    -3.096
    -3.397
    -3.560
    -3.938
    -4.686
    -5.681
    -6.191
    -7.052
    -7.490
    -7.684
    -7.971
    -8.333
    -8.564
    -8.095
    -8.874
    -9.553
    -9.792
   -10.163
   -10.517
   -10.178
    -9.931
   -11.791
   -11.794
   -12.486
   -12.411
   -12.479
   -12.386
   -14.850
   -13.961
   -13.576
   -16.097
   -16.223
   -14.999
   -14.498
   -15.827
   -16.421
   -14.436
   -11.933
   -10.939
   -11.405
    -7.399
    -5.629
    -2.383
    -1.521
    -0.942
     1.925
     4.293
     3.579
     2.397
     4.646
     6.760
     6.844
     8.788
     9.193
     8.429
     9.508
    11.272
     9.721
    12.023
    11.674
    11.100
    11.328
    12.169
    14.370
    15.280
    17.335
    15.650
    16.051
    16.161
    13.327
    12.606
    11.139
     9.846
     8.580
     7.337
     7.311
     3.912
     3.622
     3.712
     3.555
     4.450
     1.181
     2.711
     4.282
     3.719
     3.763
     5.147
     2.959
     0.734
     0.668
     0.923
    -0.609
    -0.269
    -0.104
    -0.192
    -1.097
    -0.953
    -3.448
    -1.183
    -1.544
    -2.263
    -4.078
    -2.509
    -2.628
    -3.512
    -3.326
    -3.435
    -3.343
    -4.124
    -4.234
    -3.771
    -4.008
    -4.976
    -5.212
    -5.091
    -4.823
    -3.411
    -3.063
    -3.355
    -3.953
    -4.584
    -4.983
    -3.195
    -4.073
    -2.421
    -3.055
    -1.438
    -1.973
    -3.809
    -6.271
    -5.060
    -7.126
    -7.306
    -7.447
    -4.621
    -4.841
     0.061
     1.202
     1.876
     0.855
     2.539
     1.638
     2.478
     4.422
     1.619
     2.613
     4.273
     5.037
     4.147
     4.422
     5.389
     5.344
     5.228
     6.421
     3.294
     5.010
     4.042
     3.069
     2.927
     2.779
     2.501
     5.040
     4.641
     4.483
     0.168
    -2.196
    -1.371
     1.876
     4.985
     4.182
     2.767
     1.522
     3.060
     1.181
    -1.610
    -3.212
    -6.754
    -6.854
    -5.373
    -0.516
    -1.215
    -3.258
    -2.237
    -5.015
    -6.196
   -12.633
   -13.588
   -12.338
   -10.970
   -10.510
   -11.477
   -12.474
   -10.901
    -8.843
    -8.181
    -8.281
    -7.097
    -6.259
    -4.115
    -0.216
     1.207
     1.967
     5.184
     6.842
     7.475
    12.420
    12.183
    11.111
    15.086
    14.836
    15.048
    14.058
    14.915
    13.032
    13.364
    11.858
     8.208
     5.286
     5.497
     2.103
     5.005
     5.027
     6.729
    -0.886
     8.277
     4.923
    -5.834
     0.250
     1.937
    -0.227
    -0.667
    -0.759
    -1.631
    -2.023
    -2.323
    -5.296
    -4.795
    -5.878
    -4.933
    -6.100
    -4.631
    -5.817
    -3.906
    -4.126
    -3.480
    -2.734
    -3.742
    -4.597
    -5.066
    -5.055
    -6.242
    -6.089
    -5.560
    -5.154
    -6.566
    -8.716
   -10.088
    -7.723
    -7.069
    -6.434
    -6.385
    -6.832
    -4.254
    -4.275
    -4.395
    -4.319
    -4.175
    -5.838
    -6.344
    -6.274
    -5.034
    -6.206
    -3.943
    -4.156
    -4.578
    -3.346
    -1.071
     0.229
    -0.369
    -1.348
     1.008
    -0.095
    -1.899
     1.928
     3.622
     5.930
     5.354
     5.989
     7.065
     8.889
     8.889
     8.016
     8.452
     9.069
     8.247
     9.537
    10.802
     9.041
     9.972
     8.121
     7.170
     8.222
     7.134
     7.453
     6.987
     6.717
     6.195
     5.874
     3.639
     2.090
     3.171
     4.372
     2.801
     5.717
     6.484
     6.521
     4.524
     3.217
     3.773
     0.422
     1.581
     1.731
    -0.185
    -1.983
     1.110
     0.585
     0.454
    -0.667
     0.211
    -0.891
    -3.211
    -4.081
    -5.671
    -5.898
    -4.046
    -2.066
    -4.826
    -7.375
    -5.981
    -2.452
    -0.950
     1.124
     0.005
    -0.302
     1.954
     1.306
     1.465
     2.195
     2.991
     2.672
     3.294
     3.225
     0.990
     2.235
     1.112
     0.978
     0.840
     0.539
    -0.570
    -2.682
    -0.665
    -2.878
    -2.058
    -3.316
    -1.911
    -3.906
    -5.779
    -6.275
    -6.708
    -5.725
    -5.810
    -5.027
    -4.799
    -6.017
    -5.642
    -6.993
    -5.502
    -6.204
    -6.640
    -5.761
    -9.156
    -9.130
   -11.856
   -10.814
    -9.281
    -9.244
    -6.791
    -8.166
    -6.631
    -7.924
    -6.246
    -2.925
    -2.211
    -1.913
    -2.832
    -0.887
     2.657
     7.398
    10.237
     9.526
     7.749
     1.476
     3.550
     1.434
     5.115
     5.145
     6.419
     5.879
     4.378
     1.280
     0.277
     3.532
     4.492
     4.450
     1.027
     1.442
     1.947
     2.896
     2.611
     1.227
     2.478
     2.030
     0.927
    -0.215
    -0.397
    -2.080
     0.801
    -0.789
     0.834
    -3.570
    -2.263
    -3.093
    -1.654
     1.426
     2.592
     0.945
     2.159
     2.885
     2.564
     3.040
     2.676
    -0.117
    -2.800
    -4.239
    -1.348
    -0.733
     1.015
    -0.808
     0.388
     0.453
     1.198
     1.147
     0.770
     3.098
     0.871
     3.859
     2.910
     1.997
     2.695
     2.595
     2.309
     5.302
     5.487
     2.619
     4.153
     3.899
     2.993
     0.871
     2.854
     4.151
     4.371
     4.139
     2.578
     2.127
     1.101
     0.549
     0.139
    -0.655
    -0.059
    -0.897
    -0.911
     0.576
    -0.021
    -1.949
     1.166
    -0.246
     1.619
     2.605
     0.644
     0.907
     2.595
     4.588
     4.525
     5.235
     4.319
     4.032
     3.607
     4.730
     5.676
     2.116
     1.834
     1.873
     2.709
     4.446
     6.409
     5.293
     2.612
     0.255
    -0.844
     0.633
     0.912
     2.374
     0.557
     0.612
    -0.007
    -1.696
    -2.461
    -1.240
    -0.839
    -0.861
     0.498
    -2.545
     0.205
     0.567
     0.543
     1.604
    -2.137
    -2.434
    -2.572
    -1.319
    -2.700
    -3.880
    -5.113
    -8.343
    -8.686
    -9.053
    -8.683
    -8.799
   -10.347
   -11.417
   -12.421
   -12.019
   -11.283
   -10.977
    -9.154
    -8.328
    -8.716
    -9.360
    -9.359
    -7.577
    -8.703
   -10.564
    -6.941
    -7.086
    -6.339
    -5.935
    -6.473
    -4.814
    -3.642
    -3.931
    -3.651
    -3.083
    -2.206
    -1.052
    -1.291
    -1.783
    -2.995
    -1.775
    -0.095
     0.556
     0.302
    -2.612
    -4.383
    -3.441
    -2.603
    -0.851
    -1.581
    -1.101
    -0.005
    -0.460
     1.030
     1.785
     2.448
     3.276
     3.952
     4.344
     6.567
     6.344
     7.056
     8.327
     7.073
     5.073
     5.300
     3.752
     4.989
     6.380
     5.216
     5.109
     5.476
     6.330
     6.517
     6.817
     8.497
     8.166
     7.827
     6.927
     6.218
     6.163
     6.261
     4.481
     6.181
     5.847
     3.946
     5.444
     5.955
     6.024
     6.530
     7.075
     7.186
     6.917
     6.145
     7.120
     5.959
     6.199
     5.736
     5.877
     8.165
     9.171
     6.995
     4.825
     6.273
     5.254
     5.947
     6.850
     6.038
     4.917
     4.244
     5.269
     5.862
     6.804
     8.661
     9.728
     8.148
     5.597
     6.958
     0.434
    -4.048
    -2.916
    -5.336
    -9.141
   -10.972
    -8.117
   -10.841
   -12.255
   -10.928
   -10.739
    -9.123
    -7.919
    -8.253
    -9.198
    -9.408
    -7.167
    -5.185
    -5.231
    -2.627
    -2.563
    -1.929
    -0.864
    -0.032
     0.213
     0.669
    -0.312
     1.803
     0.978
    -1.887
     0.526
    -0.539
    -2.045
    -0.349
    -2.089
    -2.737
    -2.446
    -1.614
    -4.373
    -5.296
    -6.557
    -5.869
    -7.698
    -7.321
    -7.578
    -7.959
    -7.923
    -7.121
    -6.638
    -5.551
    -4.504
    -6.513
    -3.337
    -3.662
    -0.779
    -2.743
    -1.524
    -1.281
    -1.958
    -2.159
    -2.840
    -3.761
    -5.090
    -4.737
    -4.761
    -3.509
    -3.913
    -5.308
    -6.719
    -6.076
    -5.759
    -7.267
    -8.149
    -6.288
    -6.768
    -6.795
    -8.421
    -7.708
   -11.120
   -10.351
    -7.701
    -5.595
    -4.032
    -3.190
    -3.826
    -5.110
    -5.420
    -4.689
    -3.162
    -1.368
     0.242
    -1.170
    -1.677
    -0.050
     1.181
     0.959
     0.144
     0.167
    -0.664
     0.097
     0.446
     0.868
     2.406
     4.123
     5.677
     6.365
     7.033
     6.597
     6.604
     8.384
     8.858
     8.747
    10.247
    13.189
    14.161
    13.303
    12.280
    11.933
    13.913
    13.501
    13.462
    13.412
    12.987
    13.637
    13.654
    13.197
    13.691
    12.993
    12.849
    11.033
    10.094
     9.979
    11.082
    11.967
    11.490
    11.859
    11.298
    10.374
    12.588
    13.195
    13.370
    11.788
    10.313
    11.400
    11.500
    11.642
    11.886
    12.639
    12.199
    12.487
    13.233
    13.203
    14.076
    12.272
    11.004
    11.073
    11.363
    10.663
     9.512
     9.002
     8.139
    10.862
    13.260
     8.681
     4.686
     1.170
    -4.260
    -7.944
   -12.518
   -13.623
   -21.402
   -24.987
   -30.365
   -29.909
   -33.027
   -35.340
   -36.648
   -36.989
   -38.184
   -39.365
   -42.858
   -38.982
   -36.993
   -34.544
   -32.314
   -30.596
   -32.713
   -30.890
   -28.022
   -26.291
   -23.444
   -19.893
   -15.987
   -12.824
   -10.390
    -5.564
    -3.669
    -0.643
     2.492
     6.064
     6.971
     8.616
     7.873
     9.078
     7.281
     7.183
     7.176
     5.950
     5.264
     5.353
     4.602
     3.189
     3.641
     2.632
     2.589
     0.243
     0.924
     2.138
     3.449
     3.906
     5.224
     5.591
     6.913
     4.221
     1.294
     3.695
     4.309
     5.565
     4.320
     5.912
     4.696
     4.466
     5.072
     5.556
     5.814
     7.689
     9.269
    10.066
     9.482
     6.323
     1.955
    -3.253
    -5.700
    -6.065
    -5.151
    -4.713
    -0.809
     4.396
    11.756
    18.366
    21.143
    19.932
    20.829
    20.777
    22.446
    21.637
    20.207
    18.138
    17.677
    15.546
    11.244
     7.520
     4.350
     0.612
     2.991
    -0.779
    -1.544
    -5.585
    -5.594
    -6.561
    -9.238
   -10.671
    -9.593
    -9.487
   -10.302
    -8.971
    -8.106
    -6.352
    -3.582
    -4.049
    -3.195
    -4.273
    -3.171
    -2.544
    -0.240
     1.122
    -0.999
    -0.827
    -2.926
     0.798
     4.576
     4.286
     3.847
     6.185
     8.013
     6.890
     6.293
     6.373
     8.984
     7.673
     7.074
     7.362
     7.228
     8.106
    10.295
    10.288
     8.914
    11.121
    10.238
     6.040
     4.450
     3.501
     0.514
    -3.083
    -0.302
    -0.515
    -3.203
    -6.448
    -8.822
    -6.920
    -8.331
    -6.982
    -6.481
    -3.765
    -3.164
    -2.135
    -4.980
    -6.306
    -4.445
    -1.708
    -0.202
     0.480
     1.323
    -0.003
    -0.745
     1.011
     2.686
     3.013
     0.973
     1.876
     3.981
     6.666
     2.659
     1.094
     2.836
     0.408
     0.408
    -1.022
     1.545
     2.827
    -0.061
    -0.342
     2.952
     1.404
     1.073
     2.281
     2.072
    -0.114
    -4.899
    -7.845
   -11.779
   -11.601
   -11.155
   -10.818
   -11.793
   -12.968
   -14.495
   -16.588
   -13.730
   -12.141
   -12.120
   -16.421
   -16.158
   -17.258
   -20.206
   -22.570
   -22.722
   -24.114
   -27.104
   -26.342
   -21.672
   -20.754
   -22.059
   -24.292
   -26.687
   -30.247
   -31.182
   -32.422
   -36.251
   -41.209
   -41.662
   -38.503
   -36.369
   -38.460
   -37.384
   -39.896
   -40.851
   -11.576
    31.148
    29.256
    18.253
    17.532
    19.662
    16.505
    16.374
    20.876
    22.326
    26.581
    24.420
    20.911
    22.417
    21.542
    24.397
    27.721
    25.878
    28.868
    37.304
    41.039
    34.558
    31.663
    31.482
    41.275
    51.757
    52.778
    51.491
    51.712
    53.899
    57.424
    57.090
    58.779
    57.144
    54.615
    53.806
    51.233
    45.385
    37.938
    38.309
    35.202
    33.111
    33.880
    33.772
    25.714
    26.375
    26.231
    26.096
    19.403
    19.454
    15.232
    14.426
     9.504
     4.978
    -3.735
   -13.139
   -24.152
   -22.794
   -40.498
   -47.785
   -43.872
   -48.909
   -51.027
   -50.714
   -50.050
   -51.170
   -49.977
   -46.569
   -37.378
   -39.905
   -40.070
   -39.289
   -44.098
   -42.475
   -45.717
   -43.515
   -38.335
   -38.003
   -39.444
   -33.347
   -30.607
   -35.179
   -32.890
   -29.064
   -27.359
   -30.594
   -30.148
   -25.072
   -29.711
   -30.051
   -24.157
   -23.761
   -22.074
   -24.900
   -26.021
   -29.205
   -32.368
   -29.855
   -28.195
   -29.648
   -24.108
   -20.340
   -18.304
   -14.383
    -7.747
    -3.458
     0.909
     2.418
     3.832
     3.596
     8.601
    10.107
     9.718
    13.552
    21.259
    29.895
    33.812
    34.652
    40.066
    48.014
    56.241
    52.282
    48.790
    58.293
    72.979
    72.165
    64.663
    76.019
    67.599
    51.172
    63.687
    81.496
    55.206
    25.424
     5.279
    41.432
    37.625
    13.326
    -9.666
    -4.032
    -9.832
   -18.911
   -25.241
   -18.225
   -28.692
   -32.502
   -20.258
   -17.101
   -13.901
    -9.654
   -13.619
   -27.333
   -26.676
    -7.348
    -8.377
   -15.287
   -15.678
    -4.201
    -1.093
    -1.648
    -5.625
    -3.190
    -3.544
     3.595
    -9.330
    -2.789
    -4.396
    -1.570
    -6.215
    -9.860
   -22.888
   -31.273
   -32.012
    -3.230
    -2.671
   -18.406
   -23.849
   -21.427
   -14.076
    -2.968
    10.077
    14.920
    -3.999
   -17.392
   -16.620
   -30.636
   -28.966
   -24.874
   -11.942
    -6.420
    -5.737
     5.943
     4.272
    -5.245
   -14.838
   -14.425
   -11.204
    -3.971
     3.853
     8.665
     6.184
    11.373
     9.209
    16.359
    19.137
    14.179
     9.989
    21.119
    28.266
    36.591
    33.973
    27.908
    22.335
    18.780
    18.065
    22.712
    15.762
    11.312
    13.364
     6.749
     6.139
     2.067
     2.668
    -1.349
    10.692
     4.516
     6.472
     6.587
     2.943
     1.013
     7.035
     4.697
     2.097
     6.805
    10.095
     5.902
     5.271
     6.807
    -0.444
     0.834
    -6.983
    -3.146
    -2.354
     2.980
     5.320
     6.238
     0.835
    -1.546
     0.992
    -6.189
    -4.410
    -2.450
    -3.873
   -10.879
    -7.937
    -0.618
     0.619
   -29.305
   -24.819
   -24.931
   -12.047
   -14.759
   -18.106
   -13.476
   -14.220
    -3.320
    15.704
    -0.540
    -9.892
   -17.488
   -18.877
   -10.614
    -6.170
   -14.949
   -31.306
   -20.288
   -24.129
   -26.540
   -30.685
   -29.841
   -29.608
   -24.123
   -18.906
   -16.175
   -15.015
   -17.050
   -12.611
    -7.878
   -13.254
   -13.508
   -11.699
    -3.656
    -5.447
    -7.397
    -8.535
   -10.012
    -5.678
    -9.430
    -1.767
    -1.630
    -0.474
    -1.388
    12.470
    11.536
    16.404
     8.442
     3.664
     7.723
    10.763
     6.794
    12.872
    19.774
    21.725
    10.636
    14.021
     9.136
     9.933
    14.351
    14.823
    20.838
    20.784
    28.013
    28.232
    26.680
    29.084
    27.212
    28.945
    33.433
    22.933
    39.367
    32.070
    33.377
    20.701
    14.412
    21.261
    19.319
    16.620
    17.138
    19.530
    20.244
    15.178
     7.437
    10.729
    11.388
     3.625
     3.484
     2.974
     4.705
    14.270
     1.652
    -5.082
     1.408
    -0.401
    -7.908
    -6.391
   -12.703
   -13.926
    -7.968
    -6.865
   -10.462
   -10.861
   -19.747
    -6.605
     0.865
   -27.216
   -25.850
   -12.148
    -4.669
     4.600
   -16.132
   -14.940
    -0.221
   -15.658
   -14.252
   -16.745
   -32.951
   -30.578
   -20.739
   -27.250
   -23.022
    -9.423
   -13.348
    -9.412
    -3.474
     2.980
    -2.778
    -2.902
    -4.226
    -7.574
    -7.885
   -10.792
   -11.304
   -12.442
   -11.884
   -10.859
    -5.372
    -4.537
    -3.625
    -5.922
     4.137
     0.311
    -3.988
     0.167
     2.928
     6.645
     3.571
     4.460
    -0.214
     3.779
     1.242
    -1.969
     3.689
     8.618
     5.934
    -0.946
    -4.463
     5.678
     4.114
     1.975
     3.629
     7.373
    13.640
     7.124
     3.814
     3.948
     1.883
     9.013
     4.325
     5.257
     5.708
    -1.155
     0.304
    -1.286
    -1.675
    -1.712
    -5.718
    -5.940
    -0.028
     0.309
     4.297
    -3.772
    -3.276
     2.443
     5.618
     4.175
     2.008
    -7.264
    -6.187
    -2.788
     9.304
    -2.228
   -20.617
   -20.380
   -10.348
    -9.516
   -10.492
   -14.467
   -14.161
   -12.365
    -9.975
    -8.086
   -11.535
    -7.942
    -5.333
    -1.355
    -0.635
     5.268
     6.042
    -4.998
    -0.853
     2.298
     3.285
     4.458
     0.505
     1.266
     2.963
     2.439
     3.065
     8.376
     5.063
    11.301
     8.029
    10.175
    11.934
    13.191
    11.500
    11.390
    11.334
    10.962
    12.648
    13.848
    13.815
    14.449
    16.199
    13.644
    17.155
    17.526
    17.876
    19.869
    22.176
    22.966
    21.521
    19.779
    18.917
    19.090
    17.564
    18.529
    15.273
    17.182
    16.242
    11.431
     9.582
     8.749
     8.215
     8.945
     6.468
     4.303
     2.774
     3.610
     3.517
     1.585
    -1.658
    -4.373
    -2.741
    -5.240
    -6.043
    -8.788
    -8.845
    -8.373
    -7.920
    -9.359
   -13.415
   -14.004
   -14.803
   -16.882
   -17.002
   -18.455
   -22.240
   -22.730
   -24.794
   -23.771
   -24.640
   -25.078
   -21.889
   -25.203
   -25.903
   -27.549
   -27.634
   -26.653
   -21.787
   -22.285
   -19.137
   -20.708
   -16.146
   -16.165
   -10.553
   -13.624
   -10.055
   -14.146
    -7.538
    -8.177
    -3.658
    -5.158
    -3.815
    -9.457
    -3.868
    -6.440
    -6.982
    -7.698
    -7.357
    -5.930
    -3.498
    -0.447
     3.678
     4.702
     2.036
     3.272
     2.727
     3.198
     5.060
     8.574
     8.595
     8.705
     8.664
    13.278
     9.420
    11.078
    10.975
    16.273
    16.083
    13.657
    11.797
    13.210
    11.384
    12.412
    10.094
    10.593
    11.013
    10.900
     9.547
    10.261
    12.337
    11.877
     8.109
     8.985
     7.808
     7.977
    11.385
    10.109
    10.197
     9.735
     9.962
    11.598
    12.240
    10.268
    10.261
     9.689
     6.777
     8.927
     6.485
     7.822
     6.692
     5.608
     8.224
     5.143
     8.239
     8.219
     8.763
     9.407
    11.116
     5.261
     7.086
     5.371
     4.682
     3.201
     0.585
    -0.972
    -2.417
    -2.670
    -5.945
    -7.155
    -7.569
    -9.232
    -9.407
    -9.542
    -9.077
    -8.475
    -7.437
    -8.262
    -8.437
    -7.903
    -7.361
    -6.041
    -6.734
    -6.099
    -7.681
    -6.044
    -7.363
    -6.977
    -8.162
    -7.756
    -8.381
   -10.801
   -12.695
   -11.942
   -12.928
   -11.636
   -11.743
   -10.508
   -10.364
   -10.502
   -10.772
    -7.175
   -10.381
   -10.370
    -8.235
    -7.291
    -3.581
    -2.744
    -2.111
    -1.750
    -0.362
     2.143
     6.173
     5.033
     2.859
     2.737
     1.196
     2.000
     0.726
    -0.309
    -2.074
    -2.406
    -1.304
     1.474
    -0.238
    -1.677
     0.059
    -2.119
     3.057
     1.126
     2.418
     2.046
     1.932
     4.670
     3.656
     4.404
     4.442
     2.825
     5.814
     6.402
     8.055
     5.943
     3.020
     6.555
     3.022
     3.302
     6.363
     7.184
     6.283
     8.206
     6.307
     7.687
     5.825
     6.693
     7.947
     7.608
     6.762
     6.824
     6.945
     7.860
     6.491
     7.312
     8.775
     6.108
     5.418
     3.429
     3.546
     3.036
     0.850
    -0.338
     1.062
     1.470
    -0.678
    -2.401
    -5.779
    -2.149
    -4.585
    -3.482
    -5.575
    -7.403
    -8.257
    -5.792
    -4.424
    -5.349
    -5.003
    -3.338
    -3.719
    -4.625
    -4.152
    -5.222
    -4.367
    -4.104
    -4.402
    -6.768
    -7.305
    -5.207
    -6.260
    -2.904
    -3.766
    -0.068
     2.567
    -0.050
    -3.647
    -2.868
    -3.553
    -5.355
    -5.423
    -5.419
    -1.791
    -1.848
     0.207
    -3.836
    -2.139
    -2.161
    -1.460
    -4.000
    -9.685
   -10.463
    -9.652
    -7.426
    -7.885
    -8.321
    -7.622
    -3.705
    -5.150
    -6.815
    -5.991
    -5.698
    -1.621
    -4.316
    -1.195
    -0.582
     2.413
     2.219
     4.342
     3.931
     3.345
     5.027
     0.294
     4.666
     6.079
     9.107
     7.551
    10.077
    10.567
    11.183
    11.834
    13.892
    14.278
    15.668
    14.437
    17.102
    16.008
    18.950
    18.274
    15.423
    16.411
    13.483
    13.972
    17.034
    10.870
     6.259
     5.784
     5.558
    -1.125
    -0.118
    -3.814
    -3.705
    -8.491
   -10.153
    -9.408
    -9.075
    -7.766
    -6.082
    -8.408
    -6.415
    -3.824
     1.167
     0.901
     1.430
     2.200
     2.793
     3.023
     0.420
     0.287
    -0.875
     0.047
    -2.266
    -5.890
    -4.007
    -4.746
    -5.902
    -5.859
    -5.496
    -5.724
    -3.173
    -5.211
    -2.918
    -3.826
    -4.272
    -6.560
    -5.468
   -10.586
   -10.332
   -12.791
   -12.058
     0.217
   -11.489
   -11.656
   -12.875
    -9.100
    -7.661
    -2.290
    -2.853
    -4.869
    -4.631
    -5.094
    -0.324
    -1.633
    -0.218
    -0.889
    -1.650
     2.066
     0.208
     4.258
     9.518
     7.700
     5.078
     4.338
     6.177
    -2.390
    -4.906
    -7.803
    -2.800
    -1.660
     2.457
     2.466
     2.935
     1.730
    -0.964
    -1.913
    -0.803
    -1.075
    -0.970
    -1.408
     0.857
    -0.607
    -1.059
    -0.075
    -0.034
    -0.372
     0.133
    -0.232
     0.302
     0.549
    -0.324
    -0.046
     0.143
     1.973
     1.106
     5.801
     3.163
    -1.903
    -1.890
    -1.343
     1.698
     4.102
     5.496
     5.552
     5.987
     4.792
     3.416
     3.086
     4.250
     3.838
     2.515
     0.857
    -0.464
    -0.972
     1.618
     1.407
     1.335
     5.000
     5.019
     5.881
     5.969
     6.128
     5.292
     6.058
     6.347
     6.159
     7.659
     8.389
     7.312
     7.849
     5.440
     1.892
     1.395
     2.680
     5.287
     3.564
     1.296
     1.125
     2.550
     3.370
     3.068
     2.981
     1.963
    -0.085
    -1.296
    -1.505
    -1.756
    -4.019
    -5.553
    -5.753
    -5.205
    -2.989
    -6.250
    -8.431
    -7.226
    -4.310
    -3.522
    -5.096
    -3.547
    -5.160
    -5.110
    -3.610
    -4.042
    -4.352
    -2.560
    -4.693
    -4.186
    -5.186
    -3.433
    -4.737
    -6.536
    -7.810
    -6.960
    -5.843
    -2.881
    -2.865
    -0.816
    -0.403
    -3.411
    -5.590
    -2.238
    -1.240
     1.423
     0.164
     2.203
     3.163
     3.709
    -0.124
    -2.001
     0.922
     1.183
     4.345
     4.126
    -0.899
    -2.677
    -0.980
     2.165
     5.458
     6.615
     4.537
     0.546
     1.358
     2.093
     1.737
     1.577
     1.906
     2.903
     0.701
    -0.291
    -2.082
    -1.008
    -1.013
    -1.367
    -0.942
    -1.933
    -3.373
    -2.277
    -2.677
    -1.405
    -1.067
    -1.680
    -1.514
    -1.444
    -0.226
    -0.736
    -1.026
    -1.712
     0.937
     0.913
     0.140
     2.967
     1.875
     0.865
     3.060
     3.481
     3.738
     3.833
     3.261
     2.269
     3.385
     1.537
     1.346
     1.910
     1.561
     0.931
     0.769
     2.144
     2.055
     0.295
     0.068
     0.509
     2.477
     2.975
     3.520
     2.826
     3.931
     2.634
     0.741
     0.879
    -1.246
    -1.542
    -2.976
    -1.618
    -1.527
    -0.837
    -0.295
    -0.291
    -1.440
    -2.810
    -1.524
    -1.779
    -2.164
    -0.806
    -1.177
    -0.658
    -0.652
    -1.041
    -0.088
    -0.103
    -1.818
    -0.750
    -2.709
    -1.831
    -1.577
    -1.144
    -0.596
    -0.306
    -2.016
    -2.253
    -1.106
     0.200
     0.163
    -1.160
    -0.011
    -0.409
    -0.172
    -0.334
    -0.186
    -2.035
    -0.704
     0.434
     0.242
     0.020
     1.336
     0.799
     0.320
     0.745
    -0.694
     0.210
     1.480
     0.002
    -0.400
    -1.436
    -0.923
    -0.453
    -0.162
     0.039
    -0.565
    -0.842
    -0.989
     0.189
     0.598
     1.256
     1.378
     0.154
    -1.309
    -2.080
    -1.745
    -1.530
    -2.274
    -1.693
    -2.312
    -2.232
     0.102
    -0.976
    -1.544
    -1.206
    -0.772
     1.455
     1.517
     1.381
     1.977
     3.980
     6.085
     7.861
     8.280
     8.904
     8.407
     8.822
     8.547
     5.934
     3.624
     3.125
     2.200
     1.174
     0.090
    -1.152
    -0.092
    -0.452
    -0.323
    -0.574
     0.334
     1.148
     0.873
     0.375
     0.506
     1.938
     0.955
     1.048
     1.326
     0.611
    -0.485
    -0.169
    -1.289
    -2.848
    -2.111
    -2.182
    -2.268
    -2.508
    -3.156
    -4.193
    -4.614
    -4.503
    -4.993
    -4.051
    -3.482
    -2.010
    -1.944
    -2.330
    -2.498
    -2.155
    -2.828
    -3.499
    -4.050
    -3.829
    -4.055
    -4.545
    -4.674
    -3.534
    -3.515
    -4.003
    -3.408
    -3.183
    -4.334
    -4.053
    -3.639
    -2.737
    -2.413
    -1.990
    -2.428
    -1.407
    -0.908
    -0.815
    -1.123
     0.437
     0.823
     0.791
     0.540
     2.009
     0.833
     2.065
     0.778
     1.150
     0.925
     1.628
     2.347
     1.764
     2.177
     2.282
     0.838
     1.634
     1.358
     2.551
     1.925
     2.743
     2.918
     2.359
     2.829
     2.921
     3.195
     2.161
     1.997
     3.986
     2.887
     0.750
     0.069
    -3.293
    -0.300
     0.117
     0.461
     1.744
     2.070
     3.186
     4.990
     6.521
     6.278
     5.943
     4.837
     5.330
     4.629
     2.562
     2.126
     1.512
     0.725
    -0.159
    -0.581
    -0.608
    -0.929
    -0.637
    -0.762
    -0.559
    -0.019
    -0.152
     1.182
     0.713
     1.774
     2.616
     1.739
    -0.123
     0.147
    -0.045
    -0.828
    -1.248
    -1.642
    -0.848
    -2.169
    -1.709
    -2.309
    -2.703
    -3.406
    -4.034
    -2.332
    -3.238
    -2.802
    -2.509
    -1.879
    -2.196
    -2.869
    -1.678
     0.384
     1.501
     0.389
     0.044
    -0.718
     0.506
     0.425
    -1.749
    -1.530
    -2.398
    -1.434
    -0.330
     0.539
    -0.594
     0.306
    -0.145
    -1.497
     0.245
     0.618
     0.015
    -0.923
    -0.668
    -0.074
     1.213
     1.381
     1.624
    -0.386
    -1.072
     0.193
    -2.590
    -1.947
    -1.443
    -0.660
    -0.671
    -0.668
    -0.600
    -1.352
    -1.753
    -3.122
    -2.357
    -1.270
    -1.283
    -0.302
    -0.402
    -0.154
    -1.312
    -1.366
    -2.191
    -2.320
    -2.545
    -0.977
    -1.038
    -1.057
    -0.794
    -0.814
     0.834
     0.731
     1.682
     0.078
     0.959
     2.015
     1.900
    -0.744
    -0.819
    -1.474
    -1.238
    -1.173
    -0.766
    -0.630
    -0.069
    -0.591
     0.233
    -1.032
     0.026
     0.752
     2.194
     1.853
     2.996
     3.686
     2.368
     2.040
     3.692
     3.205
     4.361
     5.650
     5.927
     6.439
     4.789
     4.471
     4.631
     7.376
     7.034
     5.079
     6.581
     6.175
     4.857
     2.218
     1.437
     1.245
     1.777
     1.678
    -0.121
    -1.809
    -2.916
    -2.537
    -2.497
    -4.326
    -4.211
    -4.298
    -4.030
    -4.069
    -3.732
    -2.885
    -5.219
    -3.482
    -1.728
    -1.497
     0.551
    -1.457
    -1.932
    -2.869
    -2.171
    -0.356
    -1.440
    -0.226
     1.208
     0.551
    -0.070
    -2.390
    -2.272
    -3.231
    -2.631
    -2.511
    -2.671
    -2.939
    -3.850
    -4.578
    -4.663
    -5.318
    -3.677
    -4.275
    -3.386
    -2.019
    -3.112
    -2.742
    -2.727
    -2.176
    -2.785
    -2.389
    -1.394
    -2.493
    -0.253
    -0.062
    -0.034
     0.328
     1.492
    -0.090
     0.424
    -0.847
     0.557
     0.008
     0.136
     2.457
     0.417
     1.359
    -0.019
    -1.563
    -1.495
    -0.059
     0.010
     3.912
     4.705
     4.337
     4.693
     5.036
     4.036
     3.229
     3.876
     4.934
     5.156
     3.934
     4.116
     2.773
     3.088
     2.556
     1.571
     0.686
     0.396
     1.093
     1.803
     1.586
     0.793
     1.141
     1.131
     1.108
     0.662
     1.013
     0.701
     1.239
     2.832
     2.057
     1.201
     2.268
     3.346
     1.638
     0.573
     0.480
     2.238
     1.925
     1.299
     1.845
     1.532
     1.963
     0.361
     0.425
     1.410
     1.424
     1.204
     1.151
     0.629
     1.806
     2.453
     1.119
     0.482
     0.561
     0.090
    -0.314
    -0.212
     0.689
    -0.741
    -0.814
    -0.811
     0.790
     0.526
     0.927
    -0.330
    -0.445
    -0.590
     0.279
     0.230
     0.895
     2.080
     1.862
     0.322
     0.093
     0.494
    -1.540
    -2.832
    -1.989
    -4.903
    -6.057
    -7.562
    -9.714
    -8.523
    -7.132
    -6.595
    -3.750
    -2.461
    -0.600
    -0.437
    -2.618
    -0.247
    -2.113
    -4.249
    -3.030
    -1.066
    -1.379
    -1.978
    -2.446
    -4.024
    -4.483
    -5.519
    -4.196
    -4.507
    -2.681
    -5.257
    -4.101
    -2.947
    -0.396
     1.405
    -0.491
    -3.466
    -4.687
    -4.386
    -3.956
    -3.191
    -3.895
    -5.081
    -6.624
    -6.838
    -7.807
    -4.404
    -3.101
    -1.879
    -2.818
    -3.982
    -3.011
    -3.068
    -1.732
    -0.375
     0.042
    -2.866
    -2.146
    -1.615
    -1.677
    -2.144
     0.526
     0.026
     2.726
     5.371
    13.837
    10.690
     5.492
     5.588
    12.711
    15.385
    16.788
    14.885
    10.420
    11.276
     8.386
     6.480
     4.410
    -1.010
    -2.686
    -5.296
    -2.309
    -4.664
    -1.058
    -1.967
    -1.184
    -0.737
     4.657
     6.581
    11.456
    14.035
    15.155
    12.718
     8.665
     9.422
    10.406
    10.744
     1.358
     3.542
    -7.199
    -6.592
    -5.221
    -4.070
     2.514
     2.715
     3.732
     6.655
     5.091
     6.325
     5.308
     8.508
     9.982
     8.670
    10.213
     7.834
     7.497
     7.805
    10.488
    14.152
    16.264
    15.993
    15.943
    15.493
    13.390
    13.110
    10.685
     5.767
    -7.702
   -12.221
    -3.725
    -8.341
     3.916
   -17.324
   -13.772
    -2.998
    -1.200
   -11.582
   -13.173
   -18.003
   -20.161
   -25.436
   -33.975
   -38.185
   -32.263
   -26.388
   -20.895
   -20.290
   -22.678
   -19.190
   -16.299
   -13.196
   -16.265
   -16.633
   -11.686
    -6.352
    -4.317
    -4.568
    -7.653
    -6.598
    -7.331
    -9.266
   -10.062
   -13.147
    -9.203
    -6.297
    -5.031
    -5.126
    -5.109
    -3.925
     2.315
     1.964
     6.415
     7.590
     8.609
     5.419
     7.197
     8.132
     9.579
     7.862
     7.446
     8.557
     9.514
     8.419
     7.864
     6.512
     7.724
     4.142
     3.427
     2.605
     0.719
     0.551
     1.457
     1.116
     2.890
     3.691
     3.008
     4.792
     4.336
     4.466
     5.148
     5.393
     5.399
     6.200
     5.906
     6.665
     6.607
     6.954
     7.482
     7.786
     8.167
     8.337
     6.675
     7.406
     7.196
     7.512
     7.002
     7.086
     7.117
     7.111
     6.880
     6.944
     6.816
     6.851
     6.637
     6.635
     6.440
     6.436
     6.209
     6.169
     5.914
