     5.416
     5.246
     5.219
     5.029
     4.982
     4.772
     4.706
     4.495
     4.427
     4.181
     4.132
     3.868
     3.729
     3.435
     3.344
     2.963
     2.807
     2.479
     2.243
     1.760
     1.558
     1.157
     0.904
     0.570
     0.442
    -0.011
    -0.132
    -0.345
    -0.785
    -1.236
    -1.327
    -1.633
    -2.146
    -2.763
    -3.018
    -3.847
    -4.120
    -4.516
    -4.542
    -4.982
    -5.046
    -5.299
    -5.564
    -5.970
    -6.396
    -6.917
    -7.084
    -7.047
    -7.181
    -8.362
    -8.531
    -8.930
    -8.904
    -9.200
    -9.308
   -10.050
   -10.360
   -10.338
   -11.283
   -11.683
   -11.239
   -11.462
   -12.289
   -12.315
   -11.563
   -10.738
   -10.247
    -9.897
    -8.175
    -6.513
    -5.385
    -4.361
    -2.958
    -1.205
    -0.577
    -0.141
    -0.021
     0.307
     1.863
     1.101
     2.353
     2.604
     2.126
     1.930
     3.814
     3.013
     4.449
     4.679
     5.718
     5.868
     5.708
     6.344
     8.176
     8.928
     9.730
     8.799
     9.378
     6.946
     7.890
     6.438
     6.112
     4.585
     5.031
     4.165
     2.924
     3.111
     2.516
     3.325
     2.893
     1.847
     2.916
     2.927
     1.578
     2.558
     2.397
     2.075
     2.039
     2.624
     1.931
     0.215
     2.258
     1.961
     2.154
     1.186
     0.535
     0.085
     0.770
     0.528
     0.222
    -0.088
    -0.954
    -0.240
     0.752
    -0.280
    -1.302
    -0.460
    -0.248
    -0.484
    -0.747
    -0.664
    -0.399
    -1.900
    -2.092
    -3.123
    -1.447
    -0.626
    -0.974
    -1.465
    -2.357
    -1.150
    -1.644
    -0.786
    -0.306
     0.218
     0.782
     0.015
    -0.051
    -0.652
     0.329
    -1.271
    -1.909
    -2.821
    -1.482
    -1.376
     0.306
     1.913
     2.179
     1.746
     2.580
     2.855
     2.894
     3.021
     3.218
     3.570
     3.369
     3.573
     2.609
     4.390
     4.834
     3.618
     3.850
     3.945
     4.284
     3.207
     2.984
     3.741
     3.841
     2.640
     1.790
     2.177
     3.064
     2.366
     0.897
    -0.229
    -0.866
    -0.825
     0.679
     0.509
     2.333
     0.917
     0.479
     0.330
    -0.606
    -2.361
    -5.236
    -5.276
    -5.902
    -3.590
    -2.453
    -4.022
    -4.590
    -3.768
    -6.731
    -9.852
   -10.993
    -9.435
    -9.053
   -10.428
    -9.887
   -10.095
   -10.383
    -9.331
    -8.277
    -7.034
    -8.350
    -7.175
    -7.153
    -4.300
    -4.953
    -2.743
    -2.542
    -0.107
    -1.014
     2.378
     4.970
     3.657
     5.424
     8.408
     8.932
     7.415
     7.806
     8.319
     8.335
     8.278
     6.287
     5.592
     5.100
     4.673
     3.376
     2.517
     4.270
     3.043
     4.839
     4.602
     0.648
     1.898
     1.128
     1.032
     1.018
     0.623
     0.105
     0.855
    -0.066
    -1.460
    -2.179
    -1.700
    -2.580
    -2.013
    -1.675
    -1.800
    -1.127
    -2.005
     0.396
    -0.785
    -0.656
    -0.689
    -0.968
    -1.572
    -1.743
    -2.564
    -1.843
    -2.358
    -2.704
    -2.371
    -2.644
    -3.195
    -2.444
    -3.176
    -2.790
    -2.760
    -2.100
    -1.853
    -2.629
    -2.741
    -2.731
    -2.743
    -2.732
    -3.028
    -3.122
    -2.648
    -4.140
    -1.406
    -2.528
    -1.880
     0.024
     0.505
    -0.870
    -1.573
     0.452
    -0.221
     1.423
     0.843
     2.072
     0.631
     0.327
     1.642
     2.913
     2.672
     3.707
     3.708
     3.597
     4.116
     4.933
     4.961
     5.870
     5.843
     6.739
     5.585
     6.324
     6.300
     5.309
     5.247
     5.863
     5.558
     4.553
     3.698
     3.509
     2.723
     4.554
     3.575
     4.399
     4.576
     5.146
     4.878
     5.238
     4.083
     4.155
     3.979
     1.949
     0.847
     0.724
     0.577
    -0.435
    -1.061
    -0.532
    -0.729
    -0.991
    -0.657
    -1.861
    -2.402
    -4.173
    -3.621
    -2.550
    -2.557
    -2.371
    -4.859
    -2.876
    -2.857
    -1.507
    -0.908
    -0.080
    -1.121
    -0.019
    -1.497
     0.091
     0.566
    -0.950
     0.439
     0.852
     1.331
    -0.236
    -0.867
    -0.369
    -0.711
    -1.183
    -0.631
    -0.372
    -2.127
    -1.412
    -2.372
    -2.440
    -2.742
    -2.797
    -3.228
    -3.978
    -4.052
    -4.176
    -4.477
    -4.426
    -4.174
    -4.449
    -3.803
    -5.271
    -4.933
    -4.674
    -4.253
    -5.299
    -5.848
    -6.164
    -6.831
    -7.476
    -6.762
    -5.791
    -6.810
    -4.834
    -5.691
    -5.199
    -5.192
    -4.541
    -3.015
    -3.701
    -3.163
    -2.447
    -1.417
    -0.759
     2.246
     4.756
     3.965
     4.008
     2.575
     2.351
     2.651
     3.386
     4.506
     3.700
     3.436
     3.007
     3.004
     3.788
     3.837
     2.908
     2.962
     2.821
     1.406
     2.356
     2.144
     1.163
     1.987
     1.476
     1.288
     1.254
     2.855
     3.182
     0.099
    -0.260
     0.389
     1.044
     1.553
     2.095
     1.775
     0.623
     2.092
     2.181
     2.180
     1.859
     2.550
     3.880
     3.635
     1.957
     1.191
     0.974
     0.671
    -0.445
     0.847
     0.552
     0.833
     1.380
     1.547
     2.028
     1.038
     1.917
     2.099
     1.709
     1.418
     1.110
     1.697
     1.094
     0.839
     1.274
     2.841
     2.080
     0.755
     1.494
     0.633
     1.322
     1.383
     2.436
     2.711
     1.225
     2.027
     1.339
     1.039
     0.817
     0.592
     0.581
     0.856
    -0.708
    -0.635
    -0.252
    -0.168
    -1.478
    -0.507
    -0.764
    -1.557
     0.288
    -0.175
    -0.505
     0.343
    -0.265
     1.772
     0.515
     1.858
     1.804
     1.773
     1.717
     2.645
     2.243
     1.933
     1.756
     1.219
     2.552
     2.560
     3.083
     2.188
     2.144
    -0.127
    -0.199
     1.130
     1.189
     1.580
     0.879
     1.358
     0.707
     0.405
    -1.051
     0.239
     0.400
     0.072
    -0.238
    -1.559
    -0.032
    -0.959
     0.072
     0.459
     0.036
     0.006
    -0.408
    -1.777
    -2.288
    -2.105
    -2.020
    -3.416
    -4.461
    -6.114
    -5.976
    -5.845
    -5.796
    -6.751
    -7.316
    -7.176
    -7.628
    -8.005
    -5.494
    -7.408
    -6.321
    -7.074
    -7.293
    -6.673
    -7.616
    -7.196
    -6.033
    -6.334
    -6.084
    -6.588
    -5.219
    -4.327
    -4.100
    -3.696
    -3.333
    -3.928
    -3.419
    -3.146
    -2.397
    -2.783
    -3.173
    -2.384
    -1.603
    -0.745
    -0.660
    -2.400
    -3.333
    -2.402
    -2.784
    -1.846
    -1.884
    -0.515
    -0.538
    -0.152
    -0.103
    -1.186
     0.744
     1.424
     3.077
     4.090
     4.285
     3.665
     5.329
     4.863
     5.642
     5.439
     5.672
     3.009
     5.419
     5.763
     5.046
     2.834
     2.548
     3.953
     3.486
     4.056
     6.009
     5.126
     6.290
     5.228
     5.738
     5.762
     4.473
     5.365
     5.820
     6.378
     5.530
     4.050
     5.447
     6.724
     6.416
     6.478
     7.018
     6.271
     7.119
     8.182
     6.299
     5.789
     6.517
     5.333
     7.125
     7.114
     5.812
     5.217
     5.852
     5.276
     5.338
     4.434
     3.940
     4.251
     3.235
     5.077
     5.842
     5.001
     5.767
     5.422
     4.772
     3.752
     4.057
     0.567
     0.450
    -0.482
    -0.739
    -3.055
    -3.956
    -3.449
    -6.373
    -6.957
    -7.329
    -6.462
    -7.363
    -5.743
    -6.594
    -6.183
    -7.800
    -7.096
    -5.632
    -6.183
    -4.085
    -2.133
    -2.695
    -2.544
    -2.083
    -2.005
    -2.305
    -3.012
    -2.037
    -1.380
    -2.026
    -0.590
    -0.765
    -1.720
    -1.067
    -2.928
    -3.665
    -2.547
    -2.088
    -2.477
    -3.866
    -5.127
    -4.667
    -6.011
    -6.266
    -6.859
    -7.108
    -8.459
    -8.238
    -7.956
    -7.201
    -6.504
    -6.529
    -5.096
    -4.084
    -4.365
    -4.611
    -2.824
    -2.133
    -3.795
    -3.704
    -1.559
    -3.418
    -4.740
    -2.671
    -3.794
    -3.616
    -3.626
    -3.102
    -3.701
    -3.109
    -3.429
    -4.080
    -4.234
    -3.843
    -4.819
    -4.158
    -3.700
    -6.013
    -5.862
    -5.173
    -4.235
    -4.064
    -2.058
    -2.378
    -2.111
    -2.131
    -2.797
    -1.533
    -0.724
    -0.315
    -0.167
    -0.788
    -0.543
     0.388
     2.544
     2.222
     0.737
     2.216
     1.906
     1.147
     2.058
     1.729
     3.132
     4.281
     5.806
     4.545
     6.011
     5.803
     5.043
     6.361
     5.910
     6.608
     7.722
     8.839
    10.544
     8.874
     9.565
     8.354
     8.904
     9.882
     9.329
    10.479
     9.708
     9.910
     9.149
     9.936
     8.656
     8.839
     7.889
     8.143
     7.389
     8.082
     8.362
     9.179
     8.849
     8.006
     8.391
     8.027
     9.027
     8.359
     8.591
     7.877
     7.462
     8.275
     8.654
     9.036
     8.503
     8.123
     7.881
     9.273
     8.715
     8.429
     7.882
     7.616
     7.192
     7.078
     7.284
     7.231
     6.714
     4.872
     4.948
     6.914
     7.272
     3.130
     4.588
     1.914
    -0.969
    -1.990
    -5.215
    -6.992
    -9.429
   -12.457
   -14.559
   -16.577
   -15.969
   -19.217
   -20.565
   -20.547
   -21.366
   -21.967
   -22.510
   -23.378
   -23.196
   -21.265
   -21.322
   -22.611
   -23.403
   -22.662
   -22.838
   -20.898
   -18.936
   -17.557
   -15.924
   -13.421
   -12.919
   -10.506
    -8.918
    -6.918
    -5.317
    -3.181
    -1.776
    -0.518
    -1.234
     0.150
    -0.496
     0.896
     0.105
     0.067
     0.153
    -0.578
    -0.111
    -0.169
     0.159
    -1.159
    -1.443
    -1.694
    -0.048
    -0.732
    -0.885
     2.147
     2.945
     2.045
     2.734
     2.907
     0.214
     2.247
     2.475
     2.973
     3.165
     3.745
     3.184
     2.529
     4.555
     4.458
     4.428
     4.719
     7.056
     7.304
     7.671
     5.797
     4.039
     1.507
     2.276
     1.125
     0.563
     1.748
     2.904
     5.365
     9.892
    14.533
    15.093
    14.856
    16.366
    16.021
    15.478
    16.261
    14.819
    16.511
    14.201
    13.484
    11.551
     9.188
     6.681
     5.689
     6.531
     3.137
     2.526
     1.043
     0.483
    -1.479
    -3.196
    -4.073
    -3.736
    -3.943
    -4.626
    -4.943
    -5.592
    -4.294
    -4.719
    -4.267
    -4.487
    -2.685
    -4.199
    -2.801
    -2.480
    -2.112
    -2.385
    -1.797
    -1.734
    -0.280
     0.855
     2.093
     1.120
     1.094
     2.944
     3.821
     3.624
     3.658
     4.763
     4.631
     4.073
     3.734
     4.104
     2.750
     5.408
     6.859
     5.850
     6.686
     5.263
     4.489
     4.281
     3.022
     0.960
     0.007
     0.463
     0.706
    -0.166
    -2.906
    -3.363
    -3.368
    -4.216
    -3.742
    -3.485
    -2.795
    -1.920
    -1.500
    -3.957
    -4.016
    -3.789
    -3.113
    -2.478
    -2.060
    -0.787
    -2.122
    -2.155
     0.138
    -0.469
     0.127
    -0.068
    -0.290
     0.872
     1.136
    -0.309
    -1.090
     0.526
    -0.480
    -0.854
     0.245
     0.530
     0.490
    -0.685
     0.805
     1.286
    -0.249
    -1.121
     1.474
    -0.241
    -1.535
    -2.897
    -6.601
    -6.604
    -6.852
    -6.333
    -7.901
    -7.426
    -8.246
    -9.397
    -8.625
    -7.786
    -8.076
    -9.365
    -9.880
    -9.409
   -11.068
   -12.731
   -13.448
   -14.944
   -14.843
   -17.682
   -16.647
   -15.552
   -14.499
   -15.381
   -17.701
   -18.843
   -19.007
   -20.971
   -21.683
   -23.044
   -27.405
   -26.955
   -27.081
   -26.444
   -25.985
   -26.298
   -27.444
   -26.446
   -20.235
    10.164
    13.676
     9.468
     9.594
    11.944
    12.483
    12.675
    13.103
    15.030
    16.890
    15.857
    16.609
    18.426
    16.601
    19.563
    19.392
    21.740
    24.935
    27.071
    29.714
    25.115
    22.130
    23.827
    27.831
    32.904
    33.198
    34.385
    34.549
    35.850
    36.832
    36.624
    38.482
    34.491
    37.485
    37.163
    34.993
    33.698
    29.769
    27.260
    25.702
    22.998
    23.061
    20.729
    19.402
    18.401
    17.344
    15.939
    12.726
    13.594
    13.062
    12.677
     9.730
     8.381
     2.252
    -3.291
    -6.872
   -11.452
   -17.766
   -21.354
   -23.265
   -26.340
   -29.121
   -30.412
   -32.427
   -33.504
   -33.800
   -33.505
   -28.422
   -28.942
   -29.086
   -28.144
   -28.533
   -30.148
   -32.162
   -32.886
   -28.406
   -29.147
   -30.661
   -27.050
   -26.625
   -27.114
   -26.572
   -25.112
   -24.171
   -24.780
   -24.173
   -23.571
   -24.378
   -24.589
   -21.858
   -21.070
   -20.482
   -20.316
   -20.772
   -22.116
   -22.380
   -21.272
   -19.616
   -20.546
   -19.397
   -15.799
   -13.305
    -9.734
    -6.252
    -2.909
     2.045
     3.149
     6.457
     6.755
    11.734
    11.847
    14.621
    17.598
    21.705
    26.929
    32.430
    34.364
    37.597
    41.144
    43.695
    41.369
    38.676
    38.509
    44.845
    45.447
    38.282
    42.976
    37.950
    28.720
    33.104
    40.417
    29.172
    19.297
     5.847
    19.692
    17.844
    10.784
    -1.292
    -3.043
    -3.831
    -8.699
   -12.398
   -11.987
   -16.798
   -18.815
   -18.225
   -13.786
   -15.535
   -11.354
   -13.198
   -19.802
   -19.598
   -10.906
   -13.307
   -14.984
   -12.664
    -7.114
    -7.371
    -8.249
    -7.271
    -8.235
    -7.108
    -2.514
    -7.410
    -3.485
    -4.946
    -2.051
    -1.098
     0.272
    -5.830
   -13.426
   -10.754
    -3.221
    -0.054
    -5.131
    -8.872
    -5.368
    -1.765
    -0.513
     4.790
    13.010
     2.692
    -5.965
    -7.681
   -12.535
   -13.666
   -14.464
   -10.215
    -7.658
    -6.266
    -1.506
    -0.287
    -6.126
   -10.826
   -10.416
   -10.959
    -6.132
    -2.330
    -0.166
     1.670
     3.180
     3.091
     7.389
     9.981
    10.235
     7.863
    12.126
    15.628
    20.763
    21.568
    21.404
    16.984
    15.942
    14.340
    17.599
    16.492
    13.576
    13.292
     9.782
     9.449
     7.501
     5.743
     7.291
    10.991
     6.560
     6.831
     5.964
     4.698
     4.053
     5.178
     4.336
     3.283
     5.631
     7.647
     6.796
     4.950
     6.018
     1.869
     1.112
    -2.913
    -0.952
    -1.828
     1.825
     2.598
     1.177
    -0.587
    -2.259
    -0.961
    -3.229
    -5.613
    -3.316
    -5.190
    -7.261
    -8.226
    -6.771
    -5.781
   -17.055
   -15.009
   -14.469
   -11.164
   -10.981
   -11.073
    -9.234
   -10.112
    -6.019
     2.845
     1.655
    -3.676
    -6.927
    -9.274
    -8.220
    -5.765
    -9.769
   -14.370
   -13.522
   -17.322
   -17.601
   -22.410
   -23.704
   -23.618
   -20.886
   -19.079
   -15.447
   -15.631
   -14.640
   -13.974
   -10.290
   -10.820
   -12.008
   -11.730
    -8.088
    -7.569
    -5.870
    -9.114
    -8.936
    -6.806
    -6.705
    -6.309
    -3.075
    -3.150
    -3.317
     3.167
     6.262
     9.602
     5.212
     2.635
     3.687
     5.895
     4.657
     8.742
    14.122
    13.472
     7.179
    10.835
     6.567
     8.732
    11.106
     8.316
    15.727
    12.903
    18.941
    19.035
    19.222
    19.887
    19.714
    20.756
    23.802
    19.306
    25.081
    23.921
    25.460
    19.452
    18.264
    15.504
    13.708
    11.831
    12.437
    14.734
    17.509
    15.519
     9.004
     8.819
     8.261
     6.581
     6.275
     6.223
     2.952
    10.092
     5.570
     0.852
     4.332
     0.419
    -1.928
    -1.664
    -3.691
    -5.623
    -1.814
    -2.862
    -2.387
    -3.791
   -10.292
    -7.326
    -2.152
   -11.313
   -14.730
   -11.099
    -7.044
     2.830
    -8.000
    -7.876
    -3.041
    -8.222
    -8.303
    -8.434
   -16.811
   -17.326
   -15.395
   -18.936
   -16.930
   -10.935
   -12.141
    -7.114
    -6.649
    -3.965
    -5.184
    -2.920
    -4.212
    -5.278
    -6.587
    -7.653
    -8.623
    -8.224
    -9.084
    -7.003
    -7.085
    -4.555
    -5.591
    -3.704
    -0.140
    -0.892
    -4.213
    -1.217
     0.829
     1.325
     0.698
     0.533
    -1.025
     0.459
    -0.132
    -2.941
    -1.025
     1.481
     0.145
    -1.294
    -4.857
     1.441
     0.988
    -0.184
     0.272
     3.437
     4.855
     3.219
     2.970
     1.195
     2.185
     5.623
     3.754
     1.632
     4.697
     2.321
     1.311
     1.668
    -0.138
     0.134
    -1.172
    -2.059
    -0.887
     1.808
     2.668
     0.689
     0.495
     2.830
     4.913
     4.143
     3.168
    -1.643
    -0.728
    -2.480
     7.653
     0.732
    -7.537
    -9.179
    -6.573
    -6.955
    -7.208
    -8.051
    -8.608
    -8.042
    -7.470
    -7.751
    -8.098
    -6.765
    -6.346
    -3.737
    -1.969
    -0.423
     1.815
    -2.349
    -0.807
     0.844
    -0.483
     0.232
    -1.614
    -0.080
    -0.005
    -0.489
     0.899
     1.766
     0.727
     4.042
     4.830
     4.818
     5.356
     7.022
     4.950
     4.796
     5.623
     5.634
     6.323
     7.734
     8.808
     8.233
     7.279
     7.812
     9.544
    10.680
    12.272
    13.495
    15.300
    15.148
    14.776
    14.294
    14.760
    14.543
    14.356
    14.710
    13.068
    13.637
    14.689
    10.740
    10.490
    10.539
     9.753
    10.290
     8.048
     7.409
     5.923
     6.241
     6.936
     4.541
     3.976
     1.481
     1.052
     1.294
     1.043
    -1.950
    -1.566
    -4.057
    -3.998
    -3.082
    -5.086
    -7.461
    -8.532
    -9.520
    -9.442
   -10.057
   -13.714
   -15.394
   -16.134
   -16.365
   -16.587
   -17.059
   -16.155
   -18.674
   -18.428
   -19.539
   -18.479
   -18.618
   -16.037
   -16.568
   -15.535
   -14.901
   -12.095
   -12.444
   -10.911
   -10.793
    -9.714
   -10.609
    -7.912
    -8.600
    -5.405
    -5.836
    -6.595
    -8.516
    -5.731
    -7.630
    -6.739
    -6.296
    -7.266
    -6.247
    -4.639
    -3.168
    -0.078
     1.271
     0.385
    -0.688
     0.586
     1.550
     1.647
     2.210
     4.714
     4.933
     3.641
     8.442
     7.407
     5.539
     6.391
     8.568
     8.462
     9.698
     8.153
     8.265
     7.044
     7.148
     6.902
     6.577
     6.574
     6.681
     5.031
     5.800
     7.316
     6.648
     5.262
     5.084
     5.456
     5.575
     6.901
     6.817
     8.460
     6.950
     7.684
     8.636
     8.560
     9.368
     8.839
     7.170
     6.313
     6.202
     6.204
     6.557
     5.670
     6.156
     6.440
     6.082
     6.652
     6.986
     7.146
     7.615
     9.064
     7.131
     5.986
     5.564
     6.382
     5.143
     3.746
     1.920
    -0.297
    -0.394
    -1.491
    -2.052
    -4.047
    -4.260
    -5.685
    -5.759
    -6.345
    -6.354
    -7.053
    -6.950
    -4.694
    -5.936
    -5.431
    -4.560
    -5.470
    -6.557
    -6.666
    -6.680
    -6.113
    -7.096
    -6.685
    -7.646
    -6.484
    -7.599
    -9.468
   -10.058
    -9.596
    -8.296
    -9.192
    -7.781
    -7.180
    -6.608
    -6.492
    -6.931
    -8.943
    -8.917
    -7.393
    -6.491
    -3.259
    -2.540
    -2.396
    -2.734
     0.026
     1.383
     3.409
     3.301
     3.109
     3.970
     2.741
     3.572
     2.976
     1.839
     1.813
     2.062
    -0.247
     2.215
    -1.262
    -0.365
    -2.568
     0.072
     1.446
     1.297
     2.227
     2.471
     1.751
     2.965
     3.438
     2.960
     3.938
     3.173
     4.701
     4.582
     4.947
     4.559
     5.092
     5.370
     4.064
     3.182
     3.878
     4.016
     5.262
     6.466
     6.547
     6.752
     5.098
     5.257
     4.114
     5.068
     4.789
     5.415
     6.634
     6.398
     4.508
     5.088
     5.501
     5.926
     5.509
     2.981
     3.269
     3.096
     1.510
     0.130
    -0.603
    -0.456
    -2.465
    -3.730
    -5.016
    -4.261
    -5.399
    -3.957
    -6.461
    -6.834
    -6.875
    -5.791
    -5.448
    -5.631
    -5.414
    -4.540
    -3.936
    -3.377
    -3.438
    -4.330
    -5.075
    -4.362
    -4.923
    -4.655
    -6.460
    -5.380
    -4.745
    -3.028
    -2.670
    -2.777
     0.037
    -0.361
    -0.783
    -2.170
    -3.259
    -3.304
    -3.340
    -4.437
    -2.032
    -2.085
    -0.714
    -0.950
    -0.781
    -0.824
    -0.740
    -1.362
    -3.113
    -4.115
    -3.156
    -3.749
    -5.412
    -3.065
    -4.655
    -0.721
    -2.821
    -1.932
    -4.790
    -3.987
    -3.911
    -2.446
    -2.164
    -2.156
    -0.638
    -0.248
     0.995
     0.439
     0.560
    -0.024
    -2.098
    -0.181
    -0.018
     2.766
     2.567
     2.877
     4.456
     3.885
     4.496
     5.503
     6.539
     7.435
     8.203
     7.787
     8.626
    10.545
     9.159
    10.884
    10.827
    10.418
    11.679
    12.588
    10.333
     8.999
     8.826
     7.973
     7.990
     6.630
     6.813
     6.232
     3.845
     2.634
     2.921
     1.646
     1.322
     3.184
     1.780
     0.032
     0.705
     3.799
     2.469
     1.846
     2.385
     1.721
     1.933
     1.083
    -1.013
     0.048
    -0.625
    -0.457
    -1.641
    -2.107
    -2.936
    -3.681
    -4.541
    -3.849
    -3.995
    -4.469
    -3.512
    -3.121
    -3.722
    -3.315
    -5.021
    -4.278
    -7.644
    -7.042
    -9.718
   -10.417
    -8.660
    -8.560
    -8.271
    -8.765
    -8.451
    -8.467
    -6.683
    -6.768
    -7.842
    -7.817
    -6.574
    -5.470
    -4.416
    -2.375
    -0.685
     0.473
     1.347
     1.487
    -1.373
     1.053
     0.923
    -1.005
    -2.185
     0.233
    -1.657
    -2.783
    -3.234
    -2.289
    -0.843
     0.953
     0.714
     0.689
    -0.769
    -0.363
    -1.269
    -0.354
    -0.635
    -0.627
    -1.002
    -1.609
    -1.004
    -1.238
    -0.744
    -0.772
    -0.762
     0.191
    -1.129
     0.404
    -0.565
     0.608
     0.126
    -0.633
    -0.381
    -0.160
     1.588
     2.460
    -0.542
     0.499
     1.764
     2.921
     4.812
     4.519
     4.886
     5.183
     4.552
     3.357
     3.110
     2.081
     3.171
     0.925
     1.280
     1.799
     0.744
     2.044
     0.405
     2.350
     2.696
     3.265
     4.582
     2.998
     2.747
     3.866
     4.077
     3.579
     5.306
     5.951
     6.299
     6.599
     5.407
     4.902
     3.518
     4.588
     3.724
     5.710
     4.740
     4.167
     3.530
     3.587
     2.090
     3.857
     2.985
     3.628
     1.285
    -0.292
     0.064
     0.446
     0.137
    -2.360
    -1.786
    -0.508
    -2.420
    -3.112
    -3.130
    -1.845
    -2.955
    -2.856
    -3.426
    -2.984
    -2.699
    -3.311
    -3.185
    -2.908
    -3.313
    -3.159
    -2.894
    -3.891
    -3.459
    -3.110
    -3.149
    -4.220
    -6.268
    -5.621
    -4.133
    -4.107
    -4.352
    -3.069
    -3.417
    -2.779
    -4.277
    -1.423
    -1.362
     0.117
    -0.589
     0.440
     0.568
     1.355
    -1.238
    -3.217
     0.425
     0.644
     1.441
     0.457
    -1.148
    -1.602
    -2.725
    -0.635
     1.182
     1.033
     1.565
     1.604
     0.901
    -0.040
    -0.733
     0.609
    -0.726
     0.189
    -0.483
    -0.235
     0.188
    -1.343
    -1.057
    -1.353
    -1.638
    -0.428
    -1.529
    -2.135
    -1.033
    -0.687
    -1.737
    -0.866
    -0.453
    -0.980
     0.282
     0.466
     0.079
     0.081
     1.627
     0.365
     0.913
     1.084
     0.099
     0.633
     2.398
     1.609
     2.625
     3.042
     2.187
     2.499
     3.382
     0.888
     1.777
     1.116
     2.229
     1.400
     1.409
     1.769
     1.374
     1.678
     0.510
     1.533
     1.846
     2.593
     3.001
     3.525
     2.232
     1.117
     1.316
     1.462
     1.561
    -0.298
     0.450
     0.608
     0.348
     0.269
     0.006
    -0.214
     0.439
     0.155
    -0.149
    -0.439
     0.532
    -0.624
    -0.330
    -0.418
    -0.354
     0.612
    -0.171
    -0.306
    -1.684
    -1.740
    -2.531
    -2.013
    -2.607
    -2.158
    -2.097
    -1.594
    -2.516
    -0.651
    -0.786
    -1.444
    -1.872
    -0.297
    -0.788
    -1.376
    -1.209
    -1.983
    -2.344
    -1.439
    -1.581
     0.051
    -2.059
    -0.370
     0.627
    -0.018
     0.043
     1.324
     1.636
     1.086
     1.421
    -0.432
    -0.532
    -1.080
    -1.444
     0.748
    -0.755
    -1.263
    -0.567
    -0.268
    -1.138
    -0.545
    -0.276
     0.833
     1.011
    -0.018
    -1.036
     0.339
    -0.785
    -1.063
    -0.066
    -0.990
    -0.444
    -0.982
    -0.122
    -0.524
    -1.495
    -1.020
    -1.565
    -0.196
     0.174
    -0.415
     0.935
     1.104
     2.589
     2.436
     3.557
     4.619
     4.146
     4.588
     4.880
     5.690
     2.977
     4.181
     2.829
     3.420
     1.891
     0.803
     0.607
     0.433
     0.402
     0.775
     0.888
     0.860
     1.841
     0.076
     0.958
     2.407
     0.997
     1.955
     2.299
     0.303
     0.734
     0.185
    -0.387
    -1.145
     0.132
    -1.080
     0.915
    -0.085
    -1.576
    -2.167
    -1.360
    -2.470
    -2.169
    -1.665
    -2.495
    -1.301
    -0.800
    -2.025
    -2.530
    -1.984
    -1.555
    -3.330
    -2.413
    -2.490
    -2.188
    -2.696
    -2.610
    -2.370
    -2.416
    -2.542
    -3.128
    -1.905
    -2.296
    -3.732
    -2.802
    -2.703
    -2.322
    -1.805
    -1.492
    -1.898
    -1.331
    -1.094
    -1.461
    -1.489
    -0.430
    -0.440
     0.236
     0.345
    -0.347
     0.848
     0.024
     0.730
     0.616
     1.018
     0.895
     2.001
     0.648
     1.745
     0.695
     1.127
     1.229
     0.337
     2.061
     1.755
     1.704
     1.570
     2.290
     1.110
     2.105
     2.168
     3.443
     4.384
     1.866
     3.184
     0.888
    -1.684
    -0.081
    -0.510
    -1.623
    -1.184
    -1.033
    -1.420
    -0.433
     0.295
    -0.132
     1.880
     1.147
     1.436
     2.898
     1.841
     1.745
     1.794
     0.769
     0.216
    -0.618
    -0.432
    -1.049
     0.240
    -0.234
    -1.111
    -0.985
    -0.557
    -0.388
    -1.310
    -0.695
     0.922
     1.968
     0.630
     1.527
     1.473
    -0.106
     0.523
    -0.414
     0.343
     0.131
    -0.575
     0.577
    -0.686
    -1.944
    -1.850
    -1.186
    -1.402
    -1.342
    -0.136
    -1.346
    -1.487
    -1.483
    -2.090
     0.162
     0.410
     1.098
    -0.394
    -0.449
     0.156
     0.547
     0.400
    -0.521
    -0.431
     0.378
     0.812
     1.618
     0.496
     0.191
     0.571
    -0.110
    -0.439
     0.070
     0.924
     0.650
     0.050
     1.811
     3.041
     2.588
     2.500
     1.692
     1.001
     1.347
     0.608
     1.117
     1.978
     2.105
     0.695
     1.602
     0.496
    -0.534
     0.277
    -2.225
    -2.310
    -0.992
    -1.591
    -1.068
    -2.288
    -1.078
    -1.650
    -2.501
    -1.389
    -2.504
    -1.632
    -0.657
    -2.006
    -1.282
    -0.753
    -1.241
     0.218
     0.649
     0.230
     0.414
     0.579
     0.746
    -0.799
    -0.550
    -2.725
    -1.841
    -1.304
    -1.552
    -1.690
    -2.637
    -1.923
    -0.889
    -0.789
    -1.255
     0.774
     0.543
     0.892
     1.835
     1.907
     2.470
     0.871
     2.076
     0.810
     2.018
     1.357
     2.128
     2.998
     2.334
     2.184
     3.042
     2.951
     3.368
     3.253
     1.610
     3.132
     1.711
     1.860
     3.505
     1.449
     0.019
    -0.224
     0.731
     0.209
    -0.994
    -0.504
     0.693
    -2.430
    -1.553
    -2.677
    -2.167
    -1.374
    -0.873
    -1.874
    -2.303
    -3.257
    -2.658
    -1.812
    -2.144
    -0.611
    -1.462
    -0.460
    -0.898
    -1.053
    -1.962
    -1.382
    -0.985
    -0.397
    -1.186
    -1.020
    -0.818
    -1.775
    -1.285
    -2.588
    -2.083
    -0.774
    -1.546
    -2.589
    -1.972
    -2.793
    -3.734
    -3.253
    -2.816
    -2.543
    -1.242
    -1.907
    -2.125
    -2.080
    -1.439
    -2.218
    -2.544
    -1.443
    -2.701
    -0.972
    -1.460
    -0.399
    -0.659
     0.433
    -0.344
    -0.493
    -1.193
    -0.893
     0.387
     0.689
     0.274
     0.585
     0.641
    -0.166
    -0.249
     0.575
     1.460
     1.279
     3.004
     2.986
     4.457
     3.678
     3.678
     4.143
     3.965
     4.327
     4.288
     4.961
     4.753
     4.911
     3.654
     4.648
     3.358
     3.744
     0.886
     2.314
     1.987
     3.003
     2.016
     2.051
     1.382
     1.682
     1.617
     1.742
     3.066
     4.899
     2.632
     4.050
     3.293
     1.576
     3.466
     2.048
     1.320
     1.957
     0.986
     1.879
     2.162
     1.292
     1.053
     2.515
     1.064
     0.258
    -0.292
     0.283
     1.135
     1.894
    -0.037
     0.444
     0.389
    -0.427
     0.444
     0.338
     0.078
     0.378
    -0.403
    -0.535
    -0.103
    -0.641
    -1.185
    -1.109
    -0.923
    -1.377
    -1.107
    -1.603
    -1.293
    -2.606
    -2.384
    -0.726
    -1.446
    -1.718
    -1.649
    -0.614
    -2.256
    -1.970
    -1.685
    -2.809
    -3.500
    -3.598
    -3.581
    -4.857
    -6.300
    -5.769
    -6.904
    -6.605
    -4.312
    -5.685
    -3.513
    -2.812
    -3.476
    -2.692
    -3.830
    -3.809
    -3.186
    -1.881
    -4.053
    -3.565
    -4.129
    -4.989
    -5.272
    -4.506
    -4.376
    -4.593
    -3.762
    -4.242
    -3.836
    -3.589
    -1.612
    -0.446
    -0.999
    -2.735
    -4.386
    -3.180
    -3.030
    -2.523
    -2.299
    -2.411
    -3.087
    -2.339
    -2.551
    -2.400
    -3.035
    -1.212
    -1.665
    -1.112
    -0.105
     0.876
     0.162
     1.373
     2.218
     1.429
     2.011
     1.060
     2.346
     2.138
     3.428
     3.250
     3.669
     5.763
     6.381
     7.895
     6.501
     5.161
     7.093
     9.553
    10.906
     9.682
     8.733
     8.385
     8.204
     6.910
     6.153
     3.420
     2.686
    -0.591
    -0.323
    -2.821
    -0.244
    -1.989
    -2.063
    -0.688
     1.543
     1.347
     3.737
     6.315
     8.495
     7.495
     5.929
     5.286
     6.998
     7.024
     4.089
     4.604
    -0.589
    -0.494
    -0.026
     1.645
     3.692
     3.786
     4.995
     6.302
     5.732
     6.207
     6.114
     7.835
     8.529
     8.057
     8.156
     6.052
     5.476
     6.674
     6.372
     8.123
     9.943
     9.471
     9.496
    10.305
     9.403
     8.675
     7.419
     6.639
    -0.294
    -5.042
    -2.974
    -5.085
     3.835
    -7.581
    -7.990
    -5.214
    -3.658
    -8.832
    -9.072
   -13.759
   -13.954
   -18.055
   -21.816
   -26.620
   -24.595
   -22.969
   -19.587
   -18.909
   -19.267
   -17.019
   -16.376
   -14.492
   -14.195
   -14.564
   -12.520
    -9.139
    -7.183
    -6.864
    -7.772
    -6.734
    -7.416
    -8.802
    -8.360
   -10.585
    -8.352
    -7.295
    -6.357
    -4.813
    -5.214
    -4.317
    -1.134
    -1.271
     2.129
     3.086
     4.877
     3.229
     4.010
     4.943
     5.838
     5.650
     5.473
     6.003
     6.641
     6.153
     6.095
     5.707
     5.578
     4.497
     3.974
     3.391
     2.187
     1.494
     1.823
     1.492
     2.286
     2.804
     2.651
     3.367
     3.470
     3.528
     4.008
     4.371
     4.262
     4.961
     4.734
     5.077
     5.128
     5.591
     5.748
     6.138
     6.157
     6.434
     5.761
     5.958
     5.944
     6.123
     5.970
     6.011
     5.990
     6.034
     5.919
     5.974
     5.889
     5.920
     5.817
     5.837
     5.716
     5.734
     5.594
     5.592
     5.429
