     4.891
     4.726
     4.699
     4.513
     4.465
     4.261
     4.196
     3.993
     3.926
     3.689
     3.640
     3.392
     3.253
     2.955
     2.865
     2.504
     2.339
     2.032
     1.791
     1.352
     1.103
     0.754
     0.458
     0.164
     0.093
    -0.493
    -0.469
    -0.691
    -1.149
    -1.611
    -1.720
    -1.839
    -2.372
    -3.053
    -3.294
    -4.026
    -4.327
    -4.655
    -4.681
    -5.222
    -5.146
    -5.301
    -5.601
    -6.065
    -6.427
    -6.979
    -7.139
    -6.998
    -6.974
    -8.305
    -8.357
    -8.723
    -8.821
    -8.826
    -9.124
   -10.105
   -10.132
    -9.800
   -10.984
   -11.824
   -10.719
   -10.973
   -11.735
   -12.024
   -10.778
   -10.020
    -9.646
    -9.123
    -6.649
    -4.689
    -3.683
    -2.089
    -1.092
     1.069
     1.465
     1.727
     1.806
     2.549
     3.635
     1.999
     3.183
     3.759
     3.227
     3.687
     4.929
     3.999
     5.507
     5.918
     6.455
     6.607
     7.120
     7.308
     9.106
     9.418
    10.759
    10.290
     9.894
     7.620
     7.732
     6.471
     5.850
     4.339
     4.632
     3.355
     2.804
     2.588
     2.038
     2.676
     2.478
     1.800
     2.431
     2.336
     1.280
     1.694
     2.983
     1.818
     1.592
     1.715
     1.649
    -0.148
     1.086
     0.867
     0.913
    -0.069
    -0.379
    -1.050
    -1.208
    -0.612
    -1.015
    -2.052
    -1.433
    -1.032
    -1.029
    -1.724
    -3.148
    -1.979
    -2.256
    -1.254
    -1.584
    -1.938
    -1.338
    -3.554
    -3.639
    -3.847
    -2.138
    -1.467
    -1.663
    -2.110
    -2.754
    -1.874
    -1.864
    -1.188
    -1.888
    -1.112
    -0.694
    -1.075
    -1.224
    -1.179
     0.103
    -1.840
    -2.069
    -2.716
    -2.055
    -1.438
     0.005
     2.255
     2.430
     1.622
     2.224
     2.481
     2.642
     3.106
     3.111
     2.941
     3.275
     3.920
     3.427
     3.985
     4.314
     3.401
     4.039
     4.591
     3.854
     3.446
     3.502
     3.704
     4.227
     3.378
     2.855
     2.462
     3.145
     3.285
     1.176
    -1.275
    -0.650
     0.121
     1.405
     0.573
     2.525
     1.342
     1.860
     0.787
     0.974
    -1.405
    -4.068
    -4.745
    -5.027
    -3.025
    -1.470
    -3.808
    -3.392
    -3.345
    -5.133
    -9.325
    -9.740
    -8.677
    -7.773
    -8.575
    -9.077
    -9.460
    -8.194
    -6.790
    -6.056
    -5.163
    -7.065
    -5.216
    -5.208
    -1.834
    -2.488
    -0.520
     0.176
     2.512
     2.275
     4.188
     6.708
     5.666
     6.189
     9.091
     9.650
     8.864
     8.335
     8.686
     8.487
     8.383
     6.548
     4.964
     4.255
     3.106
     3.165
     1.579
     3.344
     2.424
     4.088
     2.994
    -0.198
     0.875
    -0.213
     0.394
    -0.366
    -1.260
    -1.931
    -0.729
    -1.241
    -3.010
    -3.366
    -3.996
    -4.044
    -3.248
    -2.461
    -2.636
    -2.625
    -2.303
    -0.927
    -2.081
    -2.346
    -2.541
    -2.310
    -3.228
    -3.524
    -4.928
    -3.679
    -4.392
    -4.646
    -3.987
    -4.638
    -3.957
    -3.752
    -4.447
    -3.983
    -3.395
    -4.069
    -3.468
    -4.245
    -3.701
    -3.460
    -3.824
    -3.744
    -4.088
    -3.520
    -3.415
    -4.091
    -2.239
    -2.930
    -3.050
    -0.920
    -0.727
    -0.679
    -1.282
     0.686
    -0.117
     1.384
     0.754
     2.985
     2.843
     1.028
     2.275
     3.723
     4.172
     4.985
     4.490
     4.594
     5.596
     5.602
     6.122
     6.558
     7.409
     6.430
     6.492
     6.873
     5.839
     5.890
     5.669
     6.559
     7.044
     6.036
     3.919
     5.142
     4.187
     5.204
     4.421
     5.236
     5.077
     5.882
     5.228
     4.715
     4.736
     4.861
     4.359
     3.748
     2.389
     0.891
    -0.223
    -0.427
    -0.205
     0.477
    -1.504
    -0.415
    -0.474
    -0.932
    -1.799
    -2.511
    -2.244
    -2.095
    -1.753
    -1.443
    -3.177
    -1.953
    -1.712
    -0.343
     0.093
    -0.454
    -0.093
     1.158
    -0.603
     0.363
     1.025
    -0.144
     0.565
     1.337
     1.790
     1.078
    -0.226
    -0.271
    -0.386
    -0.379
    -0.288
     0.015
    -1.486
    -0.947
    -2.247
    -2.353
    -2.679
    -2.866
    -3.657
    -4.939
    -4.815
    -5.041
    -4.864
    -4.700
    -4.501
    -4.896
    -4.879
    -5.716
    -6.070
    -4.949
    -4.945
    -5.889
    -6.735
    -6.923
    -7.453
    -7.937
    -7.868
    -6.903
    -8.130
    -5.266
    -6.529
    -5.915
    -6.648
    -5.426
    -3.383
    -3.584
    -3.108
    -3.553
    -2.318
     0.093
     2.184
     4.193
     2.890
     3.240
     1.645
     1.627
     2.553
     3.624
     4.709
     3.977
     2.666
     1.807
     2.526
     3.064
     2.249
     2.638
     2.619
     2.409
     1.122
     1.424
     1.634
     1.045
     0.428
     0.505
    -0.217
     0.070
     1.258
     1.267
    -1.148
    -0.839
    -0.279
    -1.227
    -0.450
     0.196
    -0.134
    -0.744
     0.138
     0.220
     1.275
     1.169
     1.387
     2.653
     2.491
     1.741
     1.592
     1.287
     1.640
     0.539
     1.467
     2.593
     2.601
     1.856
     2.102
     3.158
     2.680
     2.732
     3.464
     3.275
     3.929
     3.397
     3.657
     2.385
     2.791
     3.309
     4.034
     3.365
     2.575
     2.789
     1.679
     1.628
     2.384
     3.318
     2.927
     2.696
     2.507
     3.021
     2.314
     1.432
     1.526
     1.291
     1.810
     0.379
     0.042
     0.999
     0.580
    -0.061
    -0.155
     0.244
    -1.458
     0.605
     0.210
    -0.100
     0.637
     1.303
     2.623
     1.804
     2.193
     2.428
     2.278
     2.850
     3.292
     3.356
     1.546
     1.199
     1.162
     2.861
     2.928
     3.258
     2.623
     2.025
     0.627
     0.244
     1.309
     1.191
     2.368
     1.495
     1.719
     0.412
     0.571
    -0.832
     0.146
     0.344
    -1.292
    -0.788
    -1.931
    -0.901
    -1.432
    -1.149
    -1.036
    -0.882
    -0.969
    -2.018
    -2.654
    -3.115
    -3.306
    -4.331
    -5.995
    -6.373
    -7.593
    -7.949
    -7.313
    -7.616
    -8.786
    -8.583
    -8.892
    -8.855
    -9.425
    -6.851
    -8.140
    -7.681
    -7.861
    -8.151
    -7.176
    -8.028
    -8.190
    -6.587
    -6.909
    -6.454
    -6.979
    -6.236
    -4.607
    -4.326
    -3.717
    -3.303
    -3.423
    -3.484
    -2.571
    -1.862
    -2.243
    -2.743
    -2.125
    -1.145
    -0.216
    -1.022
    -2.503
    -2.975
    -2.912
    -2.621
    -1.235
    -1.903
    -0.902
    -1.463
    -0.709
     0.289
    -0.722
     1.438
     1.580
     2.582
     4.701
     3.783
     3.704
     5.915
     5.499
     5.838
     5.469
     5.081
     2.065
     5.496
     6.177
     4.878
     3.507
     4.324
     5.858
     5.075
     5.290
     7.169
     6.185
     6.518
     6.753
     6.213
     6.795
     5.988
     6.101
     6.403
     5.866
     5.513
     5.770
     5.960
     6.591
     6.674
     6.966
     7.633
     5.946
     7.384
     8.603
     6.479
     6.210
     6.550
     6.012
     7.001
     6.731
     5.760
     6.090
     6.119
     6.310
     4.758
     5.272
     4.372
     4.532
     4.131
     5.403
     5.286
     5.188
     6.072
     5.959
     5.756
     4.602
     4.785
     1.018
    -0.506
    -0.205
    -1.757
    -3.136
    -4.574
    -4.218
    -7.031
    -8.140
    -9.030
    -6.863
    -7.542
    -6.280
    -6.129
    -7.501
    -7.906
    -6.687
    -5.429
    -5.594
    -3.512
    -2.102
    -2.305
    -2.430
    -2.167
    -1.779
    -2.003
    -2.747
    -1.593
    -1.580
    -2.240
    -1.149
    -1.737
    -2.140
    -1.207
    -2.488
    -3.488
    -2.655
    -2.232
    -3.135
    -5.245
    -5.330
    -4.640
    -6.757
    -6.369
    -7.039
    -7.709
    -7.764
    -7.652
    -7.994
    -6.568
    -5.777
    -6.635
    -4.875
    -4.461
    -3.449
    -3.677
    -2.944
    -2.339
    -3.704
    -3.876
    -2.050
    -4.022
    -5.276
    -3.208
    -4.458
    -4.017
    -3.843
    -3.392
    -4.671
    -4.310
    -4.524
    -5.020
    -5.010
    -4.419
    -4.738
    -5.402
    -4.715
    -6.414
    -7.193
    -6.894
    -5.484
    -4.251
    -3.207
    -2.214
    -2.289
    -1.901
    -2.726
    -2.886
    -1.023
    -0.342
    -0.874
    -0.751
    -0.632
    -0.027
     1.679
     1.605
     1.138
     1.961
     1.091
     0.868
     1.687
     1.608
     3.376
     4.292
     5.028
     5.271
     6.208
     6.304
     6.048
     6.290
     6.681
     7.327
     8.424
     9.734
    10.778
    10.471
    10.466
     9.647
    10.472
    10.370
    10.468
    11.409
    10.781
     9.980
     9.475
    11.096
     9.969
    10.054
     9.150
     9.299
     7.756
     8.891
     9.163
    10.682
     9.271
     9.695
     9.188
     8.620
     8.452
     9.507
     9.640
     8.207
     7.899
     8.279
     8.747
     9.466
     9.576
     9.082
     8.652
     9.760
     9.384
     9.612
     9.414
     7.896
     7.786
     7.556
     7.759
     7.922
     7.047
     5.731
     5.840
     7.812
     7.775
     3.317
     4.058
     1.282
    -2.409
    -3.852
    -7.321
    -9.048
   -12.040
   -14.861
   -18.186
   -18.793
   -19.220
   -21.954
   -23.235
   -23.355
   -24.578
   -24.721
   -26.089
   -25.683
   -25.660
   -23.541
   -23.590
   -23.882
   -24.739
   -22.864
   -22.463
   -21.084
   -19.167
   -16.248
   -14.979
   -12.321
   -11.407
    -8.962
    -7.061
    -5.363
    -3.262
    -1.403
    -0.238
     0.627
     0.250
     2.129
     1.232
     1.716
     1.979
     2.192
     0.911
     0.372
    -0.233
     0.558
     0.888
    -0.365
    -0.193
    -0.956
    -0.047
    -0.112
    -0.257
     3.079
     3.137
     2.252
     2.224
     3.306
     0.879
     2.540
     2.719
     3.358
     3.334
     3.499
     3.525
     2.820
     3.877
     4.138
     4.611
     4.956
     6.738
     7.493
     7.384
     5.790
     3.659
     0.813
     0.871
    -0.334
     0.179
     0.526
     2.370
     5.687
    10.691
    15.586
    15.960
    16.635
    16.729
    17.333
    16.801
    16.791
    15.566
    15.890
    14.866
    14.380
    10.834
     8.543
     4.371
     3.618
     4.102
     1.815
    -0.025
    -0.646
    -1.306
    -3.351
    -4.885
    -5.842
    -5.542
    -5.738
    -7.308
    -6.276
    -6.658
    -5.321
    -5.859
    -3.905
    -4.822
    -3.203
    -3.691
    -3.490
    -2.050
    -0.930
    -1.924
    -2.322
    -1.114
    -0.425
     1.420
     1.414
     1.855
     1.597
     3.270
     3.146
     3.637
     3.140
     5.552
     5.193
     4.557
     5.379
     5.962
     5.196
     7.223
     7.323
     6.535
     7.349
     6.475
     5.514
     5.241
     3.376
     1.621
     0.703
     1.105
     0.624
    -1.208
    -2.698
    -4.484
    -4.009
    -4.219
    -3.686
    -3.138
    -3.254
    -2.855
    -1.150
    -3.988
    -4.214
    -2.956
    -1.737
    -0.669
    -0.009
     1.003
    -0.751
    -1.314
     0.345
     0.954
     1.205
     1.426
     1.394
     2.520
     2.850
     0.846
     0.416
     1.036
     0.120
    -0.466
     0.477
     1.106
     0.806
    -0.110
    -0.014
     2.186
     1.041
     0.011
     2.314
     1.042
    -1.383
    -2.880
    -6.462
    -7.202
    -8.058
    -6.706
    -8.048
    -7.726
    -8.499
   -10.318
    -9.989
    -9.468
    -8.095
   -10.177
   -11.343
   -10.681
   -11.976
   -14.428
   -15.435
   -16.029
   -16.258
   -19.166
   -18.172
   -16.653
   -15.689
   -15.791
   -18.177
   -19.623
   -20.803
   -22.028
   -23.706
   -24.844
   -30.047
   -29.308
   -28.738
   -27.550
   -27.762
   -27.745
   -29.283
   -25.765
   -28.804
     8.960
    13.728
     8.918
     8.492
    11.416
    11.786
    12.533
    12.782
    14.628
    16.679
    15.353
    16.507
    17.688
    16.798
    20.047
    19.956
    20.553
    24.940
    27.173
    30.388
    26.333
    21.394
    24.572
    29.409
    35.376
    36.458
    36.746
    36.893
    38.055
    39.760
    40.369
    41.343
    38.389
    39.384
    39.999
    38.023
    36.097
    31.966
    28.315
    26.947
    24.471
    24.546
    22.650
    20.481
    19.480
    18.971
    17.292
    12.639
    14.437
    13.581
    13.520
    10.839
     8.680
     2.129
    -5.109
    -9.420
   -14.236
   -22.276
   -25.522
   -25.969
   -28.657
   -31.305
   -32.038
   -33.730
   -35.224
   -35.398
   -33.857
   -28.292
   -29.506
   -29.062
   -28.531
   -29.446
   -30.719
   -32.766
   -33.069
   -27.504
   -28.531
   -29.761
   -25.865
   -25.558
   -27.212
   -26.388
   -24.360
   -22.620
   -24.075
   -23.256
   -21.715
   -23.910
   -24.244
   -21.554
   -19.659
   -19.945
   -19.899
   -19.826
   -21.729
   -22.533
   -21.153
   -18.689
   -20.039
   -18.923
   -16.716
   -13.289
    -9.976
    -6.148
    -2.491
     0.924
     2.752
     5.661
     6.182
    11.048
    11.658
    13.130
    16.308
    20.706
    26.013
    31.339
    33.184
    35.567
    39.817
    44.263
    41.302
    38.454
    38.989
    46.941
    47.122
    41.528
    46.734
    39.763
    28.348
    35.269
    44.447
    29.740
    16.190
     3.010
    19.123
    19.472
     9.703
    -4.524
    -5.640
    -6.542
   -11.662
   -15.020
   -12.844
   -18.565
   -20.884
   -18.064
   -14.429
   -14.562
   -10.412
   -13.353
   -20.388
   -20.939
    -9.118
   -12.051
   -13.822
   -12.372
    -5.226
    -3.631
    -5.659
    -5.780
    -5.953
    -5.961
    -1.701
    -8.561
    -3.818
    -6.321
    -2.569
    -2.995
    -0.776
    -7.280
   -16.667
   -15.291
    -2.815
    -1.568
    -8.297
   -10.447
    -7.882
    -2.429
    -0.211
     6.163
    14.141
     1.725
    -8.979
   -12.106
   -16.868
   -17.271
   -16.264
   -10.961
    -6.885
    -6.257
     1.796
     0.077
    -6.936
   -10.958
   -11.066
    -9.984
    -4.477
     0.511
     1.793
     3.385
     5.590
     5.357
     9.819
    13.750
    12.543
     9.006
    15.186
    18.974
    25.053
    26.678
    24.341
    19.487
    17.374
    16.528
    19.660
    17.621
    13.121
    13.430
    10.268
     9.846
     6.890
     4.675
     7.254
    11.779
     5.815
     7.027
     4.743
     4.051
     3.789
     5.310
     3.311
     1.718
     4.926
     8.479
     5.632
     4.789
     5.672
     0.985
     0.774
    -4.021
    -1.806
    -2.197
     1.610
     3.950
     2.108
    -1.491
    -2.965
    -1.371
    -3.022
    -3.951
    -2.872
    -4.011
    -6.960
    -8.134
    -5.293
    -5.754
   -19.407
   -17.176
   -16.252
   -11.614
   -12.185
   -12.667
   -10.699
   -10.343
    -6.440
     4.450
     1.179
    -6.030
    -8.670
   -10.192
    -9.511
    -5.607
   -11.157
   -18.377
   -15.225
   -19.595
   -19.838
   -24.441
   -25.061
   -24.265
   -21.848
   -19.689
   -17.178
   -16.338
   -14.837
   -12.991
   -10.196
   -11.162
   -11.575
   -11.212
    -7.424
    -7.263
    -6.069
    -8.295
    -8.877
    -5.630
    -6.207
    -4.304
    -2.391
    -2.345
    -3.069
     3.863
     7.826
     9.545
     5.674
     2.376
     4.868
     6.532
     3.563
     8.113
    14.656
    14.587
     6.505
     9.943
     4.787
     6.987
    11.520
     8.596
    16.558
    13.057
    19.940
    19.793
    19.694
    19.553
    20.952
    22.010
    24.055
    20.644
    25.366
    25.788
    25.495
    19.449
    17.866
    16.530
    14.975
    12.546
    13.530
    16.164
    18.344
    15.682
     8.943
     9.317
     9.035
     6.714
     6.267
     7.655
     3.883
    10.665
     6.172
     0.756
     4.714
     1.438
    -2.245
    -0.911
    -4.549
    -7.022
    -0.874
    -3.031
    -2.807
    -4.084
    -9.919
    -7.829
    -1.772
   -13.448
   -14.642
   -12.742
    -6.376
     4.036
    -7.802
    -7.251
    -2.118
    -8.148
    -8.855
    -7.839
   -17.996
   -18.870
   -16.650
   -20.032
   -17.198
   -10.670
   -11.823
    -6.958
    -4.923
    -2.754
    -4.461
    -2.685
    -4.413
    -5.447
    -7.367
    -8.590
    -9.164
    -9.305
    -8.477
    -6.539
    -7.344
    -4.577
    -4.542
    -3.930
    -0.045
    -1.850
    -4.257
    -1.439
     1.693
     1.170
    -0.118
     0.148
    -2.287
    -0.017
    -1.493
    -3.002
    -1.524
     1.691
     0.130
    -1.461
    -4.545
     1.561
     0.950
    -0.532
    -0.257
     3.445
     5.116
     2.929
     1.414
     0.190
     1.373
     5.456
     3.532
     2.324
     3.583
     1.291
     0.510
    -0.019
    -0.665
    -0.309
    -2.321
    -3.262
    -1.157
     0.676
     2.798
    -0.811
    -0.772
     2.554
     5.198
     3.679
     3.522
    -2.280
    -1.490
    -2.713
     6.835
    -0.306
    -8.869
   -10.951
    -6.822
    -6.551
    -7.435
    -8.655
    -8.957
    -8.565
    -7.152
    -6.521
    -7.957
    -6.134
    -5.303
    -2.444
    -1.932
     1.160
     3.173
    -1.677
    -0.410
     1.972
     0.895
     1.384
    -0.858
     1.063
     1.010
     0.813
     2.334
     3.365
     2.624
     6.799
     5.683
     6.861
     7.437
     8.468
     6.353
     6.176
     7.030
     7.735
     7.099
     8.843
    10.001
     9.624
     9.257
     9.283
    11.088
    12.076
    13.566
    15.060
    16.431
    17.294
    15.890
    15.174
    15.432
    14.993
    14.973
    14.843
    13.189
    13.480
    14.110
    11.513
    10.030
     9.371
     9.929
     9.756
     7.526
     5.946
     4.308
     4.168
     4.906
     3.310
     1.916
    -0.071
    -0.654
    -0.740
    -0.999
    -3.591
    -3.047
    -5.379
    -5.738
    -5.874
    -7.730
    -9.706
   -10.847
   -11.964
   -12.588
   -13.746
   -16.362
   -17.237
   -18.197
   -18.657
   -18.725
   -18.812
   -17.674
   -19.503
   -19.929
   -21.830
   -19.841
   -20.560
   -16.365
   -17.173
   -15.477
   -15.829
   -12.592
   -12.367
    -9.929
   -10.055
    -9.414
   -10.127
    -7.170
    -7.473
    -4.931
    -4.596
    -5.723
    -8.358
    -5.543
    -6.612
    -6.849
    -6.637
    -6.278
    -4.133
    -3.932
    -1.570
     1.758
     2.900
     1.183
     0.917
     2.029
     2.095
     2.295
     4.277
     6.478
     5.564
     5.139
    10.571
    10.093
     7.762
     8.853
    10.740
    10.661
    10.300
     9.242
     9.121
     8.415
     8.709
     7.818
     7.340
     7.601
     7.571
     5.785
     5.960
     7.168
     6.575
     5.218
     5.521
     5.947
     5.207
     7.063
     6.421
     8.710
     7.785
     7.786
     9.182
     9.283
     9.911
     8.774
     7.339
     6.275
     6.315
     6.862
     6.602
     5.801
     6.035
     6.088
     5.162
     6.276
     6.425
     6.923
     7.403
     7.988
     6.744
     5.245
     4.797
     6.434
     4.764
     2.400
     0.501
    -0.896
    -1.200
    -2.016
    -2.072
    -3.907
    -4.888
    -5.977
    -6.071
    -6.721
    -6.862
    -7.052
    -7.332
    -5.903
    -6.606
    -6.396
    -5.780
    -6.352
    -6.998
    -6.939
    -6.686
    -7.314
    -8.170
    -7.783
    -8.390
    -8.636
    -9.086
   -10.781
   -11.498
   -11.455
    -9.288
   -10.169
    -9.177
    -7.619
    -7.410
    -7.244
    -6.680
    -8.852
    -8.812
    -7.659
    -7.796
    -4.060
    -2.202
    -2.342
    -2.719
     0.209
     2.013
     3.909
     3.556
     2.937
     3.898
     3.686
     4.252
     2.792
     1.804
     1.756
     1.384
     0.540
     1.962
    -0.730
    -0.055
    -2.257
     0.072
     2.310
     1.751
     2.550
     2.881
     2.212
     3.621
     3.606
     3.901
     3.823
     4.192
     5.574
     4.773
     4.898
     5.481
     5.501
     5.873
     3.975
     4.367
     4.411
     4.009
     4.748
     7.059
     5.531
     6.968
     4.819
     5.726
     5.486
     6.917
     6.611
     6.979
     7.454
     8.033
     5.306
     6.507
     6.651
     7.218
     6.214
     4.352
     3.851
     3.972
     2.455
     0.698
     0.036
    -0.122
    -1.838
    -2.031
    -4.664
    -4.056
    -5.329
    -3.352
    -6.560
    -6.670
    -6.958
    -5.979
    -5.578
    -6.697
    -6.027
    -4.551
    -4.194
    -3.844
    -4.154
    -4.884
    -5.479
    -4.749
    -4.979
    -4.775
    -6.134
    -5.703
    -5.201
    -4.601
    -3.456
    -3.721
    -1.112
    -1.077
    -2.614
    -3.087
    -3.019
    -3.731
    -4.045
    -4.961
    -2.977
    -3.684
    -1.988
    -2.254
    -2.310
    -2.175
    -0.998
    -1.955
    -4.738
    -6.028
    -4.754
    -4.998
    -5.666
    -4.318
    -5.836
    -2.119
    -3.667
    -2.944
    -4.587
    -4.250
    -3.102
    -2.489
    -2.486
    -1.803
    -0.737
     0.628
     1.470
     1.608
     2.028
     1.730
    -1.079
     1.753
     0.916
     3.919
     3.881
     4.316
     5.458
     4.869
     5.952
     6.864
     8.207
     8.668
     9.635
     9.703
     9.418
    11.917
    10.168
    11.520
    10.621
    10.359
    11.436
    12.639
     9.909
     8.100
     8.960
     7.116
     6.293
     5.467
     4.678
     4.051
     1.597
    -0.436
     1.182
     0.947
     0.460
     1.586
     0.467
    -0.057
     0.005
     3.238
     2.409
     2.646
     2.821
     2.359
     2.784
     2.074
    -0.012
     0.496
    -0.334
     0.140
    -1.421
    -2.982
    -3.331
    -4.166
    -4.594
    -3.949
    -4.926
    -4.390
    -2.805
    -2.958
    -3.214
    -3.087
    -4.788
    -3.841
    -7.032
    -7.467
    -8.671
    -9.448
    -7.853
    -8.637
    -9.049
    -8.333
    -7.911
    -7.808
    -6.356
    -5.807
    -6.813
    -6.787
    -6.344
    -5.346
    -3.908
    -3.151
    -1.806
    -0.099
     0.907
     2.863
     1.196
     3.937
     2.742
    -0.036
    -1.468
    -0.801
    -2.783
    -4.659
    -4.492
    -2.444
    -0.880
     1.019
     1.746
     2.020
    -0.491
    -0.667
    -1.505
    -0.575
    -0.582
    -0.863
    -1.125
    -1.316
    -1.271
    -0.817
    -1.066
    -0.766
    -1.367
    -0.516
    -0.402
     0.817
    -0.663
     0.777
     0.042
    -0.747
    -0.472
     0.119
     1.725
     1.357
    -0.439
    -1.375
    -0.241
     1.709
     4.301
     3.913
     5.121
     5.553
     4.558
     3.373
     3.085
     2.886
     3.268
     1.158
     0.789
     1.055
     0.038
     1.607
     0.709
     1.767
     1.827
     2.942
     3.890
     2.430
     2.645
     3.741
     4.779
     4.718
     5.464
     6.214
     7.153
     6.775
     5.871
     5.007
     3.418
     4.720
     4.286
     6.049
     4.102
     3.044
     2.889
     3.623
     2.272
     3.386
     2.751
     2.878
     1.517
     0.754
     0.182
    -0.158
    -0.621
    -2.738
    -2.257
    -1.367
    -1.968
    -3.247
    -3.888
    -2.036
    -3.424
    -2.683
    -3.200
    -2.824
    -3.227
    -3.172
    -3.135
    -2.363
    -3.007
    -2.413
    -3.379
    -4.218
    -3.374
    -3.237
    -3.378
    -5.334
    -6.474
    -6.049
    -4.318
    -3.567
    -3.933
    -2.932
    -2.742
    -2.930
    -4.929
    -1.965
    -1.179
     0.401
    -1.044
     0.244
     1.838
     1.986
    -1.009
    -2.697
     0.743
     1.153
     2.163
     1.415
    -0.793
    -0.775
    -2.197
     0.508
     2.503
     2.943
     2.658
     1.475
     0.882
    -0.286
    -0.383
     1.589
     0.232
     0.137
     0.131
     0.400
     0.108
    -1.420
    -0.635
    -1.423
    -1.918
    -1.638
    -2.432
    -3.343
    -1.211
    -1.475
    -1.792
    -1.740
    -0.882
    -0.801
    -0.200
     0.760
    -0.270
    -0.007
     0.675
     0.331
     0.783
     0.971
     0.415
     0.687
     2.247
     1.519
     2.738
     3.626
     2.603
     2.754
     3.352
     1.742
     2.380
     0.731
     1.815
     1.084
     1.088
     1.693
     1.375
     1.099
     0.997
     1.880
     1.785
     2.881
     2.940
     3.790
     1.963
     1.764
     1.791
     1.297
     0.332
    -1.416
    -0.120
     0.057
     0.013
     0.283
    -0.778
    -0.312
    -0.385
     0.171
    -0.788
    -0.548
     0.057
    -1.369
     0.030
    -0.541
    -1.011
     0.771
    -0.076
    -0.427
    -1.076
    -2.183
    -1.480
    -2.120
    -2.258
    -2.256
    -2.057
    -1.381
    -2.395
    -0.540
    -1.001
    -1.324
    -2.106
    -0.687
    -0.860
    -1.480
    -1.856
    -2.050
    -2.242
    -1.083
    -1.341
    -0.027
    -1.394
    -0.544
     0.496
     0.321
     0.359
     1.303
     1.201
     1.585
     1.158
    -0.719
    -0.884
    -0.999
    -0.802
     0.135
    -0.854
    -0.866
    -0.459
    -0.769
    -1.095
     0.011
    -0.004
     1.103
     0.853
    -0.623
    -1.243
     0.416
    -1.231
    -0.924
    -0.413
    -0.757
    -1.491
    -0.939
    -0.771
    -1.217
    -1.598
    -1.139
    -1.239
    -0.551
     1.010
    -0.969
     2.206
     1.200
     3.354
     3.828
     4.973
     5.112
     4.717
     5.123
     5.685
     6.154
     3.720
     4.680
     3.086
     3.343
     1.578
     1.112
     0.771
     0.673
     0.550
     0.459
     1.065
     0.888
     1.021
     0.751
     1.348
     2.438
     1.634
     1.195
     2.129
     0.707
     1.028
     0.339
    -0.294
    -0.765
     0.020
    -0.449
     0.771
    -0.143
    -1.983
    -2.337
    -1.752
    -3.098
    -2.591
    -2.159
    -2.332
    -1.495
    -1.153
    -2.236
    -2.235
    -2.302
    -2.388
    -3.115
    -2.877
    -3.615
    -2.751
    -3.004
    -2.812
    -2.817
    -2.309
    -2.801
    -3.422
    -2.293
    -2.918
    -3.744
    -4.039
    -2.760
    -1.980
    -2.864
    -1.861
    -2.433
    -0.909
    -0.970
    -0.477
    -0.620
    -0.465
    -0.278
     0.186
    -0.016
    -0.172
     0.226
     0.583
     0.716
     0.579
     1.037
     1.250
     1.592
     0.396
     1.379
     0.939
     0.559
     0.927
     0.332
     2.614
     1.992
     2.216
     2.649
     2.601
     1.782
     2.853
     2.187
     3.396
     4.122
     2.344
     2.851
    -0.236
    -1.487
    -1.037
    -1.010
    -2.364
    -1.401
    -1.442
    -1.719
    -0.187
     1.104
     0.327
     2.545
     2.096
     2.192
     2.851
     2.223
     2.352
     1.851
     1.022
    -0.444
    -0.964
    -0.706
    -0.798
     0.691
    -0.431
    -1.086
    -0.464
    -0.617
     0.699
    -0.606
    -0.450
     0.997
     2.328
     1.571
     1.232
     1.370
     1.223
     0.888
    -0.181
    -0.023
     0.238
    -0.121
    -0.628
    -0.824
    -1.722
    -2.173
    -1.451
    -1.184
    -2.085
    -1.157
    -1.961
    -1.867
    -1.712
    -2.461
     0.229
     1.049
     0.989
    -0.604
    -0.574
     0.492
     0.386
     0.276
    -0.246
    -0.268
     0.144
     0.241
     1.353
     1.291
     1.084
     0.733
     0.326
     0.175
     0.744
     0.361
     1.057
     0.503
     1.026
     2.393
     1.454
     1.930
     1.303
     0.771
     0.281
    -0.064
     0.385
     0.539
     1.058
     0.201
     0.597
    -0.097
    -0.387
     0.733
    -2.170
    -2.220
    -1.191
    -1.117
    -0.426
    -1.611
    -1.119
    -1.931
    -2.231
    -1.654
    -1.691
    -1.873
    -0.505
    -2.052
    -1.211
    -1.199
    -1.077
     0.646
    -0.199
    -0.407
     0.387
     0.398
     0.173
     0.140
    -0.642
    -2.023
    -1.511
    -1.360
    -0.962
    -1.422
    -1.431
    -0.973
    -1.235
    -0.913
    -1.260
    -0.392
     0.863
     0.415
     1.331
     2.515
     2.442
     1.462
     2.154
     1.326
     2.200
     1.778
     2.518
     3.285
     3.027
     2.311
     2.714
     2.406
     2.691
     3.417
     2.421
     4.646
     3.099
     2.467
     2.613
     1.849
     1.761
     0.923
     1.434
    -0.085
    -0.795
    -0.635
    -0.259
    -2.233
    -1.933
    -3.046
    -2.411
    -2.333
    -1.851
    -2.255
    -1.870
    -3.623
    -1.953
    -1.870
    -1.169
    -0.818
    -0.812
    -0.794
    -0.807
    -1.028
    -1.710
    -1.471
    -0.728
    -0.401
    -1.241
    -0.281
    -1.182
    -1.377
    -1.305
    -2.241
    -2.578
    -1.405
    -2.419
    -4.369
    -3.821
    -4.069
    -4.215
    -3.520
    -2.299
    -2.805
    -1.796
    -1.971
    -2.237
    -1.908
    -1.823
    -1.922
    -2.245
    -1.861
    -2.117
    -0.818
    -1.411
     0.008
     0.056
     0.893
    -0.127
    -0.369
     0.155
     0.602
    -0.019
    -0.153
     0.039
     0.779
     0.867
    -0.142
    -0.020
     0.421
     2.114
     1.599
     2.603
     3.264
     3.836
     3.361
     3.582
     4.098
     3.845
     3.428
     3.934
     3.953
     4.342
     3.713
     3.183
     3.891
     2.094
     3.927
     0.511
     2.081
     1.895
     1.188
     1.942
     1.233
     1.880
     1.371
     0.813
     1.292
     2.836
     4.501
     2.509
     3.315
     3.015
     1.953
     3.172
     2.775
     1.953
     2.496
     2.030
     3.397
     2.835
     1.991
     2.538
     3.261
     1.078
     0.381
     0.174
     0.774
     1.447
     1.426
    -0.041
     0.179
     1.093
     0.040
     1.262
     0.727
    -0.466
     0.811
    -0.788
    -0.175
    -0.299
    -0.452
    -1.852
    -1.540
    -0.521
    -1.500
    -1.467
    -1.493
    -0.978
    -2.784
    -1.991
    -0.281
    -0.719
    -1.638
    -1.311
    -0.913
    -1.804
    -1.674
    -2.307
    -3.290
    -3.168
    -3.521
    -4.898
    -5.711
    -6.230
    -5.545
    -6.776
    -6.247
    -4.263
    -4.452
    -2.136
    -2.727
    -3.269
    -2.266
    -3.534
    -4.050
    -2.773
    -1.864
    -2.953
    -3.650
    -3.757
    -4.407
    -4.848
    -4.870
    -4.456
    -4.406
    -3.706
    -4.404
    -3.521
    -3.148
    -1.426
     0.779
    -1.018
    -2.849
    -4.222
    -3.025
    -2.966
    -2.598
    -1.460
    -2.231
    -3.572
    -3.670
    -3.037
    -2.115
    -2.729
    -1.510
    -1.916
    -1.555
    -0.164
     1.567
    -0.688
     1.220
     1.321
     0.209
     0.155
    -0.597
     1.871
     1.045
     2.094
     2.560
     3.849
     6.004
     8.091
     8.399
     5.983
     4.983
     7.718
    11.367
    11.873
    10.356
     9.316
     8.971
     8.824
     5.684
     6.045
     2.386
     1.086
    -1.671
    -1.416
    -3.040
    -1.252
    -2.720
    -3.355
    -2.240
     0.467
     2.840
     5.326
     7.967
     9.023
     7.334
     6.054
     5.584
     6.839
     8.292
     2.441
     3.597
    -1.911
    -2.665
    -0.949
    -0.529
     1.252
     2.589
     4.435
     5.958
     4.942
     5.131
     5.106
     7.778
     8.706
     7.712
     8.832
     6.292
     5.596
     6.989
     7.082
     9.428
    11.887
    11.304
    11.301
    11.155
    10.729
    10.717
     9.046
     7.246
    -0.978
    -5.323
    -2.768
    -4.660
     5.760
    -9.134
    -7.690
    -4.157
    -1.571
    -8.361
    -8.544
   -14.548
   -14.345
   -18.951
   -23.508
   -27.920
   -24.983
   -22.475
   -19.246
   -18.021
   -19.440
   -17.157
   -15.880
   -13.616
   -14.281
   -13.870
   -11.491
    -7.963
    -6.311
    -5.893
    -7.621
    -6.513
    -7.321
    -9.098
    -9.241
   -11.146
    -7.836
    -6.795
    -5.671
    -5.140
    -5.013
    -4.272
    -0.397
    -1.251
     3.428
     4.179
     5.819
     3.273
     4.536
     5.687
     6.618
     6.203
     6.012
     6.569
     7.016
     6.254
     6.311
     5.785
     5.662
     4.258
     3.675
     2.966
     1.723
     0.963
     1.476
     1.153
     2.191
     2.673
     2.464
     3.292
     3.315
     3.453
     3.800
     4.278
     4.171
     4.855
     4.554
     4.882
     4.916
     5.395
     5.533
     5.932
     5.945
     6.182
     5.357
     5.580
     5.554
     5.725
     5.498
     5.557
     5.533
     5.557
     5.436
     5.485
     5.393
     5.409
     5.301
     5.318
     5.195
     5.209
     5.070
     5.066
     4.905
