     4.841
     4.604
     4.515
     4.259
     4.152
     3.878
     3.753
     3.494
     3.368
     3.076
     2.957
     2.665
     2.459
     2.099
     1.939
     1.512
     1.304
     0.915
     0.549
     0.102
    -0.115
    -0.643
    -0.899
    -1.206
    -1.351
    -1.880
    -1.909
    -2.124
    -2.754
    -3.256
    -3.177
    -3.493
    -4.027
    -4.702
    -5.182
    -5.900
    -6.149
    -6.647
    -6.635
    -7.098
    -6.964
    -7.017
    -7.243
    -7.895
    -7.995
    -8.434
    -8.931
    -8.577
    -8.334
    -9.826
   -10.022
   -10.556
   -10.386
   -10.505
   -10.516
   -11.552
   -11.787
   -11.286
   -12.762
   -13.309
   -12.077
   -12.078
   -13.222
   -14.024
   -11.829
   -10.853
   -10.275
   -10.329
    -6.776
    -4.654
    -3.010
    -1.901
    -1.344
     1.852
     2.909
     2.976
     2.415
     4.585
     5.387
     4.942
     5.172
     5.079
     4.756
     5.749
     6.951
     6.521
     8.203
     8.856
     9.450
    10.057
    10.853
    11.838
    12.964
    15.133
    14.700
    15.350
    13.943
    11.768
    10.206
     9.254
     7.332
     7.254
     5.891
     4.938
     4.771
     3.074
     2.022
     3.719
     2.230
     2.345
     3.019
     3.074
     2.595
     2.763
     3.657
     1.976
     0.812
     0.256
     1.684
     0.103
     0.424
     0.146
     0.416
    -0.625
    -0.085
    -1.804
    -1.717
    -1.921
    -1.914
    -2.698
    -2.433
    -2.641
    -2.867
    -3.252
    -3.853
    -4.407
    -2.784
    -2.908
    -2.850
    -3.545
    -3.502
    -4.306
    -4.363
    -4.875
    -4.321
    -3.122
    -3.343
    -3.359
    -3.426
    -3.287
    -2.996
    -2.828
    -2.531
    -2.489
    -2.120
    -2.329
    -2.671
    -1.906
    -1.934
    -3.165
    -3.249
    -3.376
    -2.117
    -1.245
     1.839
     2.533
     3.022
     2.588
     2.834
     2.840
     3.898
     4.483
     3.541
     3.724
     2.820
     3.707
     4.677
     4.838
     4.915
     5.469
     5.405
     5.592
     4.277
     3.527
     4.819
     3.758
     4.007
     4.337
     3.378
     4.149
     4.924
     3.146
     1.044
    -1.288
    -0.328
     0.632
     1.204
     1.318
     2.326
     1.235
     0.865
     0.340
    -0.402
    -2.680
    -5.940
    -6.928
    -7.125
    -3.287
    -3.147
    -4.309
    -4.454
    -6.916
    -7.881
   -13.317
   -12.557
   -11.809
   -12.773
   -11.212
   -12.944
   -12.861
   -12.817
    -9.841
    -7.620
    -8.433
    -9.388
    -6.083
    -5.229
    -3.010
    -0.673
     1.278
     2.479
     3.059
     4.677
     7.265
     9.801
     8.376
    10.949
    12.465
    12.607
    11.172
    11.736
    11.209
    11.378
     9.819
     8.677
     5.697
     5.287
     4.321
     5.472
     4.331
     6.745
     2.242
     5.949
     5.447
    -0.930
     2.117
     3.149
     1.572
     1.644
     1.834
     0.613
    -0.060
    -1.707
    -3.407
    -1.563
    -3.381
    -3.117
    -2.588
    -2.165
    -2.284
    -0.998
    -1.620
    -1.636
    -1.574
    -1.674
    -3.099
    -4.422
    -3.850
    -3.598
    -4.074
    -3.921
    -4.064
    -4.398
    -5.889
    -6.706
    -5.863
    -5.944
    -5.879
    -5.562
    -5.505
    -4.602
    -4.627
    -4.953
    -4.703
    -4.118
    -4.276
    -4.275
    -5.525
    -3.333
    -3.530
    -3.638
    -2.818
    -4.131
    -3.429
    -2.200
    -0.647
    -1.271
    -1.130
    -0.141
    -0.491
     0.721
     2.732
     3.310
     5.172
     3.212
     2.757
     4.592
     4.189
     4.548
     4.087
     4.508
     6.385
     6.417
     7.244
     6.706
     7.281
     6.702
     6.167
     5.941
     5.752
     5.412
     5.226
     5.684
     5.940
     5.871
     4.048
     4.011
     3.534
     3.840
     3.716
     4.921
     4.811
     5.748
     4.854
     4.554
     3.758
     3.738
     2.169
     2.277
     1.410
    -0.503
    -1.622
    -1.372
    -1.706
    -1.040
    -2.377
    -0.910
    -2.226
    -1.782
    -2.693
    -3.646
    -3.372
    -3.813
    -1.052
    -3.735
    -3.320
    -4.235
    -1.373
    -0.544
     0.873
     0.496
     1.261
     1.101
     0.982
     1.172
     0.652
     1.310
     1.232
     0.976
     0.775
     1.406
    -0.132
     0.647
    -0.107
     0.298
    -0.519
    -0.510
    -1.230
    -1.445
    -2.116
    -1.835
    -1.588
    -1.753
    -2.006
    -3.015
    -4.086
    -4.077
    -3.785
    -3.828
    -3.937
    -3.920
    -4.156
    -5.298
    -5.236
    -4.530
    -4.256
    -4.644
    -5.933
    -7.300
    -7.674
    -8.388
    -8.558
    -8.068
    -6.263
    -5.676
    -6.009
    -6.278
    -6.666
    -5.531
    -2.604
    -1.923
    -3.012
    -3.069
    -0.794
     1.339
     4.305
     6.656
     4.722
     3.942
     2.021
     2.936
     3.825
     4.467
     5.408
     6.848
     5.332
     3.993
     2.432
     1.754
     3.472
     4.325
     3.206
     1.747
     1.350
     2.589
     2.455
     1.749
     1.635
     1.445
     0.828
     1.043
     0.287
    -0.795
    -0.955
     0.433
    -0.484
    -1.193
    -1.556
    -0.445
    -1.596
    -1.134
     0.550
     0.521
     1.358
     0.939
     1.331
     1.718
     2.670
     1.124
     0.127
    -1.354
    -2.260
    -1.927
    -0.118
     0.525
    -0.212
     0.515
     0.767
     0.337
     0.664
     0.912
     0.731
     2.433
     1.598
     1.626
     0.473
    -0.020
     0.657
     2.036
     1.609
     2.231
     2.527
     2.504
     1.510
     0.287
     1.115
     1.873
     2.287
     1.915
     2.898
     2.733
     1.653
     0.675
     0.112
     0.272
     0.787
     0.341
    -0.164
    -0.220
     0.002
    -0.423
    -1.847
    -0.109
    -0.288
     2.272
     0.486
     1.187
     1.128
     2.801
     3.778
     3.948
     4.259
     3.651
     3.896
     4.013
     5.103
     5.081
     3.109
     3.543
     4.013
     4.812
     5.348
     5.287
     4.997
     3.192
     1.869
     1.803
     1.994
     4.150
     3.873
     2.802
     2.306
     1.397
     1.165
     0.156
     0.623
     0.727
     0.080
    -0.010
     0.051
     0.914
     0.934
     0.308
     1.183
    -0.971
    -1.604
    -0.395
    -0.588
    -1.796
    -2.172
    -3.817
    -6.479
    -7.258
    -7.870
    -7.683
    -7.791
    -8.728
   -10.057
   -10.371
   -10.976
   -10.304
   -10.597
    -7.636
    -8.529
    -8.576
    -9.153
    -8.592
    -8.893
    -9.300
    -9.208
    -7.885
    -8.584
    -7.291
    -7.609
    -6.659
    -4.719
    -5.574
    -5.827
    -5.498
    -3.670
    -3.479
    -3.023
    -2.700
    -2.769
    -2.484
    -2.473
    -1.520
    -1.064
    -1.577
    -3.494
    -4.180
    -4.875
    -4.172
    -3.240
    -2.620
    -3.085
    -1.119
    -0.737
    -0.844
    -1.833
    -0.838
     1.000
     1.948
     1.939
     4.266
     3.514
     5.560
     5.160
     4.537
     4.307
     1.843
     0.978
     2.975
     4.558
     4.320
     5.463
     5.921
     6.688
     7.329
     7.370
     9.338
     8.804
     7.708
     7.819
     7.983
     7.853
     7.418
     8.330
     6.859
     6.906
     8.191
     6.516
     7.786
     7.631
     8.657
     8.490
     8.225
     8.548
     8.919
     7.642
     7.260
     7.892
     7.246
     6.932
     8.768
     8.744
     7.536
     6.681
     7.054
     6.945
     6.681
     6.513
     5.891
     5.442
     4.590
     5.698
     6.288
     6.558
     7.317
     6.377
     6.261
     5.270
     6.282
     0.570
    -1.879
    -1.128
    -2.320
    -3.690
    -5.972
    -6.116
    -8.536
    -9.826
    -8.713
    -8.052
    -7.081
    -6.813
    -6.692
    -8.689
    -7.741
    -6.649
    -6.154
    -5.816
    -4.619
    -2.122
    -1.766
    -1.724
    -2.827
    -1.702
    -0.748
    -1.082
    -1.034
    -2.008
    -2.315
    -2.589
    -2.660
    -4.022
    -3.246
    -4.056
    -3.793
    -5.183
    -5.946
    -6.185
    -7.375
    -7.861
    -8.691
    -9.206
   -10.210
    -9.984
   -11.098
   -10.490
   -10.026
   -10.811
    -8.848
    -8.359
    -8.184
    -6.874
    -6.126
    -3.761
    -3.182
    -2.440
    -1.361
    -2.486
    -1.713
    -1.953
    -2.546
    -4.132
    -2.536
    -3.391
    -3.328
    -3.229
    -2.985
    -4.336
    -2.995
    -3.694
    -4.415
    -4.539
    -3.051
    -2.870
    -4.587
    -4.499
    -5.575
    -6.314
    -5.371
    -5.352
    -3.839
    -2.398
    -1.609
    -2.663
    -1.971
    -1.638
    -1.939
    -0.322
     0.110
     1.420
     0.220
     1.024
     1.195
     2.110
     1.522
     1.832
     2.870
     2.195
     1.985
     1.899
     2.330
     3.696
     5.527
     5.996
     6.963
     7.389
     7.019
     7.047
     6.709
     7.100
     8.592
     9.748
    11.710
    13.089
    11.621
    10.641
    11.412
    11.733
    11.705
    11.987
    12.105
    12.474
    10.993
    11.266
    11.393
    11.441
    10.560
     9.546
     9.757
     8.179
     7.865
     8.836
    10.585
     8.271
    10.165
    10.822
     8.575
     9.225
    10.774
    10.972
     9.477
     8.723
     8.167
     8.009
     9.008
     9.117
     8.482
     8.348
     9.649
     9.268
     9.252
     9.483
     8.318
     7.487
     7.337
     7.365
     7.123
     5.667
     4.984
     4.972
     6.353
     6.931
     3.686
     3.580
     0.915
    -4.203
    -5.669
    -7.476
   -10.939
   -13.216
   -17.333
   -20.650
   -21.282
   -23.204
   -24.735
   -25.563
   -27.189
   -28.541
   -29.437
   -30.255
   -29.581
   -27.905
   -26.009
   -26.463
   -26.278
   -27.583
   -26.230
   -24.653
   -23.803
   -22.314
   -19.590
   -17.823
   -15.501
   -12.592
   -10.170
    -7.833
    -4.942
    -2.591
    -0.838
     1.183
     1.792
     1.433
     3.168
     1.208
     2.253
     2.313
     2.063
     1.712
     2.145
     2.175
     1.534
     1.528
     1.535
     0.655
    -0.101
     0.459
     0.692
     1.454
     3.571
     4.553
     4.623
     4.757
     3.616
     2.245
     3.441
     3.453
     4.663
     5.255
     5.068
     5.393
     6.319
     5.670
     6.120
     6.711
     6.759
     8.145
     9.605
     9.036
     7.581
     5.343
     2.736
     0.956
     0.500
     0.940
     1.301
     4.452
     9.077
    14.058
    19.833
    20.565
    21.286
    21.187
    21.640
    21.439
    21.212
    19.920
    19.652
    18.667
    17.541
    12.455
     9.648
     5.841
     4.111
     4.602
     1.779
    -0.824
    -1.834
    -3.776
    -5.874
    -7.891
    -8.884
   -10.019
   -10.136
   -12.632
   -11.794
   -10.864
    -9.698
    -9.139
    -7.843
    -8.593
    -9.169
    -6.403
    -5.947
    -3.906
    -3.697
    -2.726
    -3.863
    -2.756
    -1.811
     0.840
     0.790
     2.020
     3.163
     4.115
     3.890
     3.751
     4.968
     4.966
     5.232
     5.304
     5.283
     5.220
     6.317
     8.238
     8.261
     8.346
     8.310
     9.649
     6.552
     6.282
     4.288
     2.043
     0.791
     1.409
     0.743
    -0.745
    -2.968
    -5.418
    -5.463
    -4.937
    -5.186
    -4.193
    -4.435
    -2.083
    -1.564
    -3.464
    -4.615
    -3.674
    -3.431
    -1.841
    -1.006
    -0.703
    -0.292
    -0.956
    -1.184
     1.683
     2.344
     2.136
     1.966
     3.025
     4.372
     1.852
     1.158
     1.062
    -0.096
    -0.535
    -0.645
     1.044
     0.228
    -0.011
    -0.050
     0.960
    -0.544
    -0.988
     0.282
     0.431
    -1.175
    -3.570
    -7.048
    -9.154
   -10.951
   -11.157
   -10.361
   -11.466
   -11.463
   -12.753
   -12.055
   -11.020
    -9.215
   -10.162
   -11.736
   -11.257
   -12.804
   -15.489
   -17.649
   -18.424
   -20.217
   -22.334
   -21.850
   -19.152
   -17.774
   -17.844
   -20.050
   -21.878
   -23.617
   -23.263
   -26.115
   -28.473
   -32.179
   -32.849
   -30.808
   -30.160
   -31.281
   -31.099
   -32.802
   -33.163
   -14.468
    16.341
    17.453
    11.850
    13.655
    16.552
    15.577
    18.119
    19.255
    20.828
    23.187
    22.288
    21.606
    23.414
    23.464
    24.741
    29.425
    28.674
    33.131
    37.011
    39.059
    34.171
    30.864
    31.680
    36.382
    41.876
    42.574
    43.182
    43.900
    45.285
    46.393
    45.947
    47.722
    45.745
    45.219
    45.150
    42.311
    38.399
    32.886
    30.220
    27.544
    24.914
    23.618
    21.743
    17.359
    16.485
    17.399
    15.174
    12.100
    10.918
     9.167
    11.042
     8.254
     3.963
    -2.479
   -11.419
   -18.213
   -20.083
   -31.606
   -35.313
   -35.524
   -39.492
   -42.315
   -42.866
   -43.150
   -44.041
   -46.200
   -43.081
   -38.668
   -37.679
   -36.616
   -35.223
   -36.863
   -37.420
   -40.258
   -39.941
   -36.196
   -35.521
   -36.501
   -32.626
   -32.039
   -35.182
   -32.917
   -29.228
   -28.034
   -29.069
   -28.332
   -27.394
   -27.950
   -29.013
   -26.078
   -23.150
   -25.012
   -24.738
   -26.499
   -26.121
   -27.580
   -24.617
   -23.257
   -21.527
   -20.877
   -16.625
   -11.176
    -6.523
    -1.048
     4.242
     8.658
    12.706
    16.466
    16.848
    23.154
    23.525
    25.680
    31.332
    37.408
    44.166
    51.383
    52.264
    58.600
    61.714
    63.527
    60.230
    55.149
    53.277
    60.240
    59.222
    51.425
    52.191
    46.856
    33.276
    36.052
    48.448
    31.312
    12.963
    -2.452
    14.555
    16.697
     6.234
    -7.512
   -12.123
   -11.998
   -16.779
   -20.696
   -21.180
   -27.471
   -29.289
   -22.998
   -18.858
   -21.660
   -17.053
   -18.427
   -27.600
   -25.536
   -17.556
   -17.968
   -20.644
   -19.555
   -11.682
   -10.264
   -11.463
   -12.113
   -12.159
   -12.312
    -5.903
   -10.791
    -7.690
    -6.416
    -4.492
    -9.197
    -1.512
    -7.242
   -19.491
   -15.593
    -3.257
    -0.840
    -7.193
   -13.350
   -10.294
    -5.273
    -1.729
    10.260
    21.825
     8.901
    -4.435
    -5.970
   -12.372
   -14.892
   -14.281
    -9.884
    -4.995
    -4.022
     1.927
     2.985
    -7.560
   -10.896
   -11.352
   -10.696
    -4.788
    -0.017
    -0.909
     2.682
     5.057
     4.843
     9.982
    11.875
    12.076
    11.887
    15.435
    19.923
    26.891
    25.758
    23.468
    19.953
    17.054
    18.038
    20.236
    17.283
    12.836
    13.963
    10.102
    10.208
     7.796
     5.040
     6.492
    11.131
     7.575
     6.854
     7.123
     6.165
     4.758
     4.731
     4.722
     6.127
     7.141
     8.901
     6.470
     4.525
     7.123
     0.083
     1.444
    -4.753
    -1.386
    -2.458
     0.995
     3.407
     3.199
    -2.839
    -3.676
    -1.097
    -4.393
    -3.259
    -3.024
    -6.292
    -9.967
    -8.294
    -5.988
    -7.745
   -22.092
   -19.278
   -16.922
   -10.869
   -11.409
   -13.402
   -11.474
    -9.626
    -3.703
     7.922
     0.453
    -4.598
   -10.451
   -12.104
   -11.615
    -7.908
   -13.113
   -21.528
   -16.438
   -22.146
   -24.546
   -28.186
   -27.399
   -28.498
   -25.868
   -22.177
   -17.000
   -16.370
   -18.529
   -13.786
   -12.677
   -13.696
   -12.637
   -13.303
    -8.731
    -8.189
    -7.220
    -8.200
   -11.313
    -6.648
    -7.958
    -6.405
    -3.444
    -2.420
    -2.582
     5.703
     9.215
    14.138
    10.442
     4.183
     7.495
     7.156
     6.030
    11.244
    19.173
    20.926
    13.730
    14.608
    10.349
    10.973
    14.217
    12.542
    21.047
    17.394
    25.126
    24.924
    22.762
    22.510
    22.927
    24.267
    26.358
    23.052
    30.424
    27.935
    28.927
    21.632
    18.489
    17.967
    17.483
    14.085
    16.036
    18.741
    21.265
    17.491
     9.824
     8.232
     8.796
     4.219
     5.102
     6.452
     4.007
    11.440
     3.955
    -2.210
     1.771
    -0.520
    -3.531
    -2.685
    -8.096
    -9.094
    -4.346
    -4.215
    -4.282
    -5.029
   -12.924
    -7.562
    -3.248
   -19.474
   -19.267
   -14.193
    -8.636
     1.775
   -10.365
   -10.187
    -4.677
   -12.385
   -12.467
   -15.421
   -24.227
   -23.842
   -19.538
   -24.553
   -20.572
   -12.280
   -12.727
    -8.861
    -5.104
    -3.900
    -5.308
    -3.023
    -3.239
    -5.646
    -6.678
    -8.340
   -10.473
   -10.100
    -9.604
    -8.903
    -7.472
    -4.946
    -3.898
    -5.250
    -1.006
    -0.606
    -2.208
    -0.555
     0.126
     2.797
     1.917
    -0.349
    -1.433
     0.319
    -0.052
    -3.956
    -1.146
     2.761
     1.467
    -1.748
    -4.151
     4.944
     2.090
     1.955
     3.132
     4.944
     7.611
     5.218
     4.740
     3.532
     3.126
     7.571
     4.594
     4.730
     5.907
     3.102
     1.410
    -0.907
    -1.115
    -0.037
    -1.383
    -5.094
    -1.417
     1.429
     4.385
     1.317
     0.774
     3.455
     5.509
     3.896
     2.550
    -3.434
    -1.709
    -2.162
     8.012
     0.380
   -13.096
   -13.752
    -7.697
    -8.276
   -10.016
   -11.891
   -11.558
   -10.597
    -8.079
    -7.433
    -9.416
    -7.259
    -5.500
    -1.937
    -1.217
     2.738
     3.061
    -1.794
    -0.317
     2.095
     1.994
     1.741
    -0.673
     1.598
     1.621
     1.126
     2.314
     4.437
     2.988
     7.976
     4.735
     6.829
     8.773
     9.825
     8.284
     8.658
     8.804
     9.310
    10.272
    10.631
     9.892
    10.591
    10.492
    10.566
    11.515
    12.033
    14.083
    16.225
    19.626
    18.760
    17.854
    17.706
    17.763
    17.915
    18.600
    17.012
    14.703
    15.739
    15.381
    11.609
     9.378
    10.718
    10.293
    10.444
     7.870
     6.205
     5.996
     5.237
     5.828
     4.424
     1.801
    -0.757
    -0.296
    -1.465
    -1.017
    -5.285
    -5.159
    -5.100
    -5.470
    -5.867
    -8.814
   -10.801
   -10.458
   -14.595
   -15.088
   -15.426
   -18.834
   -19.410
   -21.290
   -20.942
   -21.471
   -22.836
   -20.858
   -23.623
   -24.158
   -24.657
   -25.383
   -24.422
   -21.105
   -22.349
   -19.036
   -18.360
   -15.443
   -15.758
   -10.852
   -12.377
   -11.479
   -13.212
    -7.689
    -8.085
    -5.629
    -6.500
    -6.372
   -10.561
    -6.446
    -8.006
    -8.800
    -9.127
    -7.796
    -6.485
    -4.635
    -0.667
     1.526
     3.188
     2.498
     1.966
     1.970
     1.573
     3.911
     5.168
     5.324
     6.165
     5.742
    10.916
     9.961
     8.792
    11.059
    15.050
    12.856
    11.064
    11.754
    12.676
    10.807
    11.037
     9.445
     9.760
     8.860
     8.560
     7.524
     7.701
     9.890
     8.521
     7.162
     5.995
     5.968
     7.188
     6.761
     7.290
     9.386
     9.434
     9.601
    10.403
    10.622
    10.768
    11.025
     9.347
     7.772
     9.160
     8.045
     8.020
     7.364
     7.380
     7.326
     6.372
     8.877
     9.203
    10.141
    10.934
    10.658
     8.259
     8.916
     8.476
     7.736
     5.735
     3.067
     0.556
    -0.841
    -1.414
    -3.424
    -3.093
    -4.314
    -5.707
    -6.710
    -5.671
    -6.837
    -6.602
    -6.404
    -6.313
    -5.451
    -5.622
    -5.131
    -5.896
    -6.214
    -7.190
    -6.344
    -7.043
    -6.140
    -7.205
    -7.333
    -7.615
    -8.666
   -10.631
   -12.237
   -11.581
   -12.906
   -11.287
   -11.830
   -11.092
   -10.351
   -11.353
   -10.239
    -9.092
   -10.756
   -10.455
    -9.396
    -8.267
    -5.874
    -4.643
    -4.918
    -2.839
    -1.132
     2.519
     2.892
     2.685
     1.225
     1.525
     0.524
     1.443
     0.011
    -1.121
    -1.743
    -0.997
    -0.761
    -0.259
    -1.440
    -2.606
    -2.954
    -2.760
     1.360
    -0.072
     1.568
     1.710
     1.219
     3.412
     3.542
     3.596
     2.769
     2.771
     4.105
     3.192
     5.353
     4.637
     4.111
     5.290
     2.951
     3.461
     4.572
     5.023
     6.598
     6.466
     6.067
     6.059
     5.378
     6.824
     7.940
     7.881
     8.573
     7.884
     8.362
     8.133
     6.379
     9.118
     9.001
     7.706
     6.633
     4.181
     4.380
     4.941
     2.130
     1.382
     2.364
     0.287
    -0.595
    -2.199
    -4.566
    -3.714
    -4.663
    -3.581
    -6.442
    -7.005
    -6.716
    -5.300
    -4.292
    -5.960
    -5.173
    -4.450
    -4.344
    -3.992
    -3.767
    -4.148
    -3.123
    -2.681
    -2.989
    -4.544
    -4.803
    -3.830
    -3.767
    -1.400
    -0.559
     0.419
     1.483
     0.870
    -0.139
    -0.433
    -1.109
    -2.323
    -2.428
    -3.890
    -1.654
    -0.470
     0.318
    -0.683
    -0.250
    -1.572
     0.140
    -2.875
    -5.666
    -6.772
    -5.013
    -4.767
    -5.829
    -5.587
    -5.805
    -2.195
    -4.017
    -4.764
    -4.689
    -4.576
    -3.390
    -5.558
    -4.056
    -2.485
    -1.631
    -1.671
    -0.705
    -0.170
    -1.811
    -0.779
    -2.452
     0.202
     0.069
     3.034
     2.670
     3.665
     4.601
     5.525
     6.338
     7.835
     8.529
     8.959
    10.254
    11.074
    11.373
    12.893
    11.466
    12.877
    12.697
    11.807
    12.410
    13.171
    11.166
     9.111
     9.161
     8.010
     6.895
     7.091
     4.000
     4.484
     1.913
    -1.262
    -0.410
    -0.229
    -1.492
    -1.377
    -3.387
    -4.034
    -2.726
     0.082
    -0.500
     0.976
     1.036
     1.473
     0.170
    -0.062
    -0.518
    -1.088
    -0.107
    -1.877
    -4.015
    -4.748
    -5.319
    -6.495
    -5.938
    -5.657
    -6.326
    -4.619
    -4.555
    -4.227
    -4.249
    -4.213
    -5.603
    -6.007
    -9.016
    -9.932
   -12.348
   -11.853
    -6.286
   -10.524
   -11.129
   -10.158
    -7.211
    -6.546
    -5.387
    -4.165
    -5.260
    -6.261
    -4.885
    -2.542
    -2.074
     0.711
     1.446
     2.792
     3.716
     1.874
     2.334
     2.660
     2.740
     1.130
    -0.384
     2.589
    -0.581
    -2.407
    -2.653
     0.150
    -0.165
     1.243
     2.052
     2.620
     1.556
     1.214
    -0.333
     0.508
     0.177
     0.492
    -0.811
    -0.431
     0.818
    -1.087
     0.667
    -0.002
     0.442
     0.769
     1.341
     0.858
     0.835
     0.262
     0.494
    -0.082
    -0.088
    -0.056
     3.701
     2.748
     0.760
    -0.035
     1.016
     2.761
     5.133
     5.279
     6.199
     5.197
     4.985
     4.017
     3.495
     4.245
     2.270
     2.243
     1.551
     0.938
     0.585
     1.076
     1.319
     1.719
     2.241
     3.574
     4.601
     4.421
     4.292
     4.814
     5.517
     4.644
     5.349
     5.363
     5.842
     5.823
     5.210
     5.213
     3.127
     3.816
     4.002
     5.269
     3.583
     2.377
     2.629
     2.394
     1.979
     2.183
     1.627
     1.289
     0.051
    -0.752
    -0.258
    -1.556
    -3.219
    -4.468
    -5.037
    -3.852
    -4.173
    -5.698
    -7.427
    -6.017
    -5.482
    -4.712
    -5.056
    -4.915
    -5.267
    -4.998
    -3.960
    -4.036
    -3.495
    -2.969
    -4.058
    -5.407
    -4.717
    -3.507
    -4.821
    -6.825
    -7.360
    -7.390
    -6.375
    -4.193
    -3.738
    -2.640
    -2.000
    -4.303
    -5.320
    -2.913
    -1.742
     0.203
    -0.108
     1.023
     1.637
     2.584
    -0.246
    -1.374
     1.615
     2.150
     2.611
     1.483
    -0.117
    -1.325
    -1.193
     1.408
     4.559
     5.126
     2.652
     1.401
     2.353
     0.915
     0.631
     2.280
     2.340
     1.923
     1.610
     1.767
     0.197
     0.417
    -0.151
    -0.631
    -1.838
    -0.299
    -1.753
    -2.387
    -1.515
    -0.542
    -0.831
    -1.037
    -0.733
     0.734
     0.966
     1.034
     1.008
     1.821
     2.035
     1.144
     1.531
     2.188
     1.956
     2.281
     1.529
     2.593
     3.608
     3.313
     2.957
     3.216
     2.385
     2.306
     2.167
     1.142
     2.119
     1.239
     1.573
     1.577
     1.004
     1.861
     1.288
     1.839
     2.795
     3.382
     3.556
     3.950
     3.294
     2.825
     1.985
     0.468
    -0.544
    -1.131
    -1.273
    -1.627
    -0.810
    -0.582
    -1.152
    -0.012
    -1.055
    -2.266
    -2.144
    -2.456
    -1.472
    -1.566
    -1.093
    -0.200
    -0.818
    -0.506
    -0.290
    -1.344
    -1.815
    -2.700
    -1.581
    -1.305
    -2.033
    -2.264
    -1.482
    -1.432
    -1.829
    -2.230
     0.043
    -1.973
    -2.032
    -1.469
    -1.552
    -1.303
    -1.661
    -1.438
    -2.154
    -1.627
    -1.951
    -0.658
    -0.551
    -0.836
    -0.621
     0.476
     0.936
     0.968
     1.531
     1.311
     0.226
     0.063
    -0.106
    -1.044
    -0.834
    -1.336
    -0.542
    -1.019
    -0.967
    -1.331
    -1.308
    -0.883
    -0.454
     1.004
     0.678
    -0.219
    -1.272
    -0.795
    -1.341
    -0.948
    -2.159
    -1.026
    -1.811
    -1.209
    -1.722
    -1.647
    -1.558
    -1.213
    -1.162
     0.551
     0.152
    -0.523
     1.581
     1.651
     2.983
     3.597
     4.405
     5.747
     5.789
     6.017
     6.123
     5.446
     4.620
     3.010
     2.132
     2.055
     0.733
     0.658
     1.048
     0.655
     0.566
     1.352
     0.288
     1.070
     1.726
     2.683
     1.456
     1.370
     0.983
     2.196
     1.575
     0.670
     1.361
    -0.312
     0.371
    -0.392
     0.720
     0.570
     0.369
     0.178
    -1.456
    -1.814
    -2.625
    -3.373
    -4.510
    -2.427
    -2.143
    -1.150
    -0.867
    -1.138
    -1.395
    -2.904
    -2.113
    -2.778
    -2.444
    -1.896
    -2.881
    -2.420
    -2.404
    -2.234
    -2.734
    -2.649
    -3.939
    -2.680
    -2.829
    -2.476
    -3.020
    -2.222
    -2.028
    -2.128
    -0.981
    -1.440
    -0.326
    -0.169
    -0.806
    -0.581
    -0.038
     0.957
     1.041
     1.262
     1.595
     2.215
     2.258
     2.090
     2.210
     1.387
     2.640
     2.520
     2.393
     2.386
     2.036
     2.364
     2.637
     2.276
     2.956
     3.072
     2.934
     2.284
     2.612
     2.207
     2.661
     2.602
     2.025
     3.112
     2.456
     0.686
    -1.851
    -2.729
    -3.290
    -1.870
    -3.517
    -4.609
    -5.483
    -3.993
    -1.981
    -1.471
    -0.987
    -0.015
     1.334
     2.065
     1.322
     1.395
     1.045
     1.257
    -0.296
    -1.328
    -1.899
    -2.036
    -0.558
    -1.736
    -1.851
    -2.957
    -2.301
    -1.652
    -0.108
    -0.645
     0.007
     2.607
     1.578
     1.874
     0.982
     1.115
     0.440
    -0.242
    -0.143
     0.291
     0.601
    -0.105
    -0.958
    -0.577
    -1.696
    -1.658
    -1.941
    -1.192
    -1.700
    -1.472
    -2.302
    -1.846
    -1.133
    -1.143
     0.836
     1.276
     2.075
     0.772
    -0.228
     1.109
     1.236
     1.177
     1.121
     0.362
     0.523
     1.685
     1.539
     1.362
     1.738
     1.888
     2.465
     1.533
     1.660
     0.173
     1.039
     1.195
     1.887
     2.443
     2.215
     2.197
     2.043
     1.741
     1.335
     1.371
     1.141
     0.827
     1.349
     0.872
     0.722
     0.321
    -0.347
    -0.508
    -1.700
    -1.657
    -1.962
    -1.461
    -0.002
    -0.466
    -1.510
    -2.005
    -1.800
    -1.428
    -1.416
    -1.929
    -1.735
    -2.239
    -0.843
    -1.131
    -1.960
     0.102
     0.151
     0.076
     0.557
     0.193
     0.422
     0.082
    -0.479
    -1.283
    -2.648
    -1.848
    -1.411
    -1.584
    -1.508
    -1.097
    -1.662
    -1.626
    -1.444
    -0.411
     0.184
     0.203
     0.751
     1.893
     1.210
     0.376
     0.958
     1.153
     2.048
     1.977
     2.149
     2.682
     3.624
     3.647
     2.179
     2.193
     3.197
     4.370
     2.351
     5.150
     3.652
     3.216
     2.725
     1.747
     1.468
     1.718
     1.463
     0.072
    -1.530
    -1.909
    -2.313
    -1.754
    -2.276
    -2.918
    -2.630
    -2.597
    -2.471
    -2.284
    -3.065
    -3.363
    -3.340
    -2.173
    -1.938
    -0.993
    -1.030
    -1.498
    -1.755
    -1.411
    -1.381
    -1.779
    -1.063
    -0.487
    -0.773
    -0.224
    -1.882
    -1.480
    -2.926
    -2.610
    -2.114
    -3.302
    -2.734
    -3.797
    -3.743
    -3.291
    -3.203
    -2.932
    -3.220
    -0.910
    -2.426
    -1.051
    -2.186
    -2.054
    -2.408
    -1.159
    -0.371
    -1.224
    -0.965
    -1.240
     0.141
    -0.131
     0.831
     1.190
    -0.236
    -0.347
     0.851
     1.098
    -0.038
     0.461
     1.124
     1.004
     1.254
     1.397
     0.581
     0.780
     1.456
     1.437
     2.738
     2.830
     3.897
     3.345
     3.227
     4.337
     3.924
     2.792
     3.818
     3.906
     3.141
     3.966
     3.180
     4.269
     2.691
     3.594
     1.950
     1.476
     1.873
     1.515
     1.928
     1.450
     2.176
     1.830
     1.328
     1.458
     2.529
     2.797
     2.930
     2.648
     2.732
     2.026
     2.777
     2.983
     2.603
     2.387
     2.335
     2.771
     3.495
     3.145
     2.522
     2.904
     1.629
     1.225
     1.417
     1.299
     1.751
     1.522
     0.128
     0.936
     0.909
     0.639
     1.048
    -0.065
    -0.897
     0.044
    -1.300
    -0.854
    -0.899
    -1.692
    -1.993
    -0.977
    -0.656
    -1.851
    -1.248
    -0.714
    -1.455
    -2.650
    -1.585
    -1.250
    -1.253
    -1.838
    -1.654
    -1.455
    -1.402
    -1.273
    -2.363
    -3.419
    -2.600
    -2.694
    -5.188
    -5.883
    -5.803
    -6.602
    -7.196
    -7.321
    -5.649
    -4.941
    -2.964
    -3.347
    -3.389
    -3.438
    -4.442
    -4.931
    -4.598
    -3.781
    -4.344
    -4.961
    -4.692
    -4.575
    -5.134
    -5.662
    -5.103
    -5.488
    -4.522
    -4.515
    -4.860
    -3.591
    -2.175
    -0.415
    -1.653
    -2.357
    -3.689
    -2.704
    -2.802
    -2.964
    -2.963
    -2.636
    -3.013
    -4.287
    -3.899
    -2.869
    -2.610
    -1.799
    -0.742
    -0.580
    -0.047
     0.738
     0.072
     1.625
     2.697
     2.169
     2.987
     2.139
     4.365
     3.839
     4.014
     5.597
     5.957
     7.722
     9.338
    10.202
     7.375
     7.356
    10.225
    12.310
    14.005
    10.684
     9.016
     8.939
     8.129
     5.121
     4.201
     1.715
    -0.546
    -3.217
    -2.456
    -2.902
    -1.029
    -1.765
    -1.899
    -1.576
     1.040
     3.506
     5.989
     8.565
     8.647
     7.804
     5.568
     5.756
     8.530
     8.682
     3.779
     3.625
    -1.704
    -0.752
     1.258
     3.656
     5.569
     7.122
     6.081
     8.103
     7.017
     6.031
     7.576
     9.112
     8.933
     7.759
     9.362
     7.044
     7.092
     5.743
     5.956
     9.253
    10.603
     9.815
    10.198
    10.036
     9.574
     9.353
     6.124
     4.116
    -5.376
    -9.560
    -5.577
    -8.090
    -0.777
   -14.057
   -11.924
    -7.235
    -5.316
   -13.029
   -14.720
   -17.923
   -18.782
   -23.062
   -29.760
   -33.523
   -29.853
   -26.574
   -22.647
   -20.754
   -21.564
   -19.446
   -16.352
   -15.009
   -15.759
   -14.817
   -11.689
    -6.810
    -4.674
    -4.273
    -6.393
    -5.618
    -5.118
    -7.279
    -7.861
    -9.951
    -7.247
    -5.114
    -3.187
    -3.454
    -2.702
    -2.065
     2.182
     3.662
     5.576
     7.221
     8.495
     5.749
     7.675
     8.773
     9.406
     8.432
     8.438
     8.488
     8.939
     8.725
     8.459
     7.338
     7.673
     5.700
     4.731
     3.936
     2.282
     1.745
     2.147
     1.947
     3.107
     3.586
     3.358
     4.317
     4.329
     4.339
     4.689
     5.135
     4.966
     5.616
     5.501
     5.783
     5.916
     6.391
     6.639
     7.019
     7.051
     7.135
     6.150
     6.407
     6.304
     6.508
     6.175
     6.205
     6.186
     6.126
     6.000
     5.982
     5.836
     5.836
     5.654
     5.621
     5.445
     5.407
     5.205
     5.144
     4.916
