     3.998
     4.199
     4.547
     4.731
     5.061
     5.231
     5.552
     5.700
     6.007
     6.153
     6.417
     6.526
     6.750
     6.839
     7.049
     7.062
     7.191
     7.178
     7.290
     7.332
     7.331
     7.179
     7.227
     7.164
     7.244
     7.092
     7.167
     6.865
     6.831
     6.766
     6.856
     6.461
     5.890
     5.600
     5.484
     4.885
     4.729
     4.280
     3.712
     3.533
     3.316
     2.758
     2.259
     1.746
     1.251
     0.965
     0.893
    -0.270
    -0.667
    -1.576
    -1.648
    -2.902
    -3.242
    -3.916
    -4.370
    -5.232
    -5.613
    -5.820
    -6.508
    -7.460
    -7.131
    -7.818
    -8.315
    -8.019
    -7.482
    -6.786
    -5.888
    -3.878
    -4.620
    -4.985
    -3.973
    -3.758
    -3.606
    -3.912
    -4.305
    -2.810
    -3.191
    -3.569
    -2.821
     1.739
     1.414
     2.329
     2.075
     3.697
     5.913
     5.590
     5.450
     3.589
     1.615
     1.299
    -1.187
    -1.937
    -3.494
    -4.180
    -4.799
    -7.663
    -8.791
    -6.416
    -5.232
    -4.122
    -2.741
    -2.654
    -1.100
    -1.806
    -2.804
    -3.346
    -3.043
    -2.551
    -1.127
    -1.764
    -2.719
    -2.480
    -3.842
    -3.252
    -3.621
    -2.467
    -4.753
    -3.427
    -3.652
    -2.330
    -2.475
    -2.079
    -3.353
    -2.959
    -3.531
    -1.793
    -1.281
    -1.557
    -1.031
    -1.580
    -0.728
    -2.023
    -0.550
    -1.182
    -1.521
    -0.976
     0.718
     1.325
     1.057
     1.472
     1.294
     2.714
     2.506
     3.274
     2.824
     3.347
     3.112
     1.454
     2.075
     0.666
     1.246
     2.066
     2.525
     2.227
     2.211
     1.882
     1.086
     4.136
     5.855
     3.230
     3.134
     3.880
     5.732
     5.569
     6.644
     6.188
     6.089
     5.709
     5.585
     4.178
     4.128
     3.554
     2.649
     2.198
     2.221
     2.880
     1.774
     0.422
     2.319
     3.143
     0.990
    -0.115
    -0.549
    -0.514
     0.313
     1.016
     2.295
     1.044
     3.110
     3.999
     2.075
     0.709
    -0.516
    -3.330
    -3.704
    -2.480
    -0.018
     2.588
     4.973
     4.819
     5.362
     4.843
     3.002
    -0.305
    -2.350
     1.665
     5.618
     4.730
     4.858
     5.611
     7.929
     9.102
     7.329
     7.024
    10.141
    10.591
     8.883
     9.072
    10.236
     9.232
    10.565
     9.115
     6.703
     1.598
     2.869
     1.226
     0.004
    -2.467
    -4.487
    -4.352
    -3.859
    -5.617
    -7.215
    -3.241
    -5.901
    -5.679
    -3.189
    -6.365
   -10.256
   -11.972
   -10.067
   -11.898
   -13.842
   -12.563
   -13.843
   -13.800
   -13.235
   -14.277
   -15.913
   -12.857
   -10.243
   -11.539
    -6.866
    -9.611
   -16.493
   -17.206
   -14.743
   -12.219
   -13.984
   -15.183
   -12.839
   -12.454
   -12.252
   -10.945
    -8.289
    -9.580
    -7.868
    -5.657
    -4.201
    -3.165
    -2.726
    -2.387
    -3.135
    -1.929
     0.045
     0.314
    -0.148
    -0.291
     0.977
    -0.271
     1.103
     1.571
     2.395
     2.744
     2.016
     5.647
     4.616
     5.692
     6.149
     8.143
     8.316
     9.456
     8.523
     8.687
     7.577
     6.769
     7.892
     6.859
     6.166
     9.198
     9.460
    11.618
     9.655
    11.699
    12.315
    10.881
     9.258
     8.241
     8.149
     6.899
     4.926
     6.832
     7.507
     5.372
     8.303
     9.444
     6.653
     7.532
     6.767
     7.602
     7.488
     7.418
     5.284
     5.258
     4.143
     6.480
     8.365
     7.292
     6.219
     5.146
     4.152
     5.138
     3.986
     2.851
     2.058
     1.626
     3.855
     4.602
     3.646
     3.728
     3.520
     3.557
     3.618
     6.656
     6.520
     6.705
     7.009
     1.269
     0.402
     1.444
     3.567
     2.953
    -0.533
    -0.853
    -0.630
    -0.991
     1.329
    -1.993
    -2.891
    -4.111
    -5.210
    -5.072
    -6.942
    -3.134
    -2.773
    -4.924
    -6.649
    -8.039
   -10.147
    -8.983
    -9.963
   -10.185
    -9.653
    -9.713
    -9.621
   -10.794
   -11.767
   -11.743
   -11.461
   -13.701
   -12.481
   -11.087
   -11.195
   -11.057
   -10.975
   -10.821
    -9.628
   -10.772
   -10.732
    -9.480
    -8.184
    -8.201
    -6.778
    -6.743
    -6.472
    -6.393
    -6.106
    -4.896
    -4.585
    -2.333
    -0.933
    -1.635
    -2.662
    -2.591
    -3.037
    -2.091
    -1.678
    -0.327
    -1.106
    -0.828
    -2.821
    -3.593
    -0.022
     1.242
     0.595
     0.214
     1.465
    -0.546
    -1.146
    -0.952
    -2.773
    -0.276
     1.164
     0.310
     3.055
     5.708
    10.072
    10.643
     9.622
     7.762
     4.738
     3.043
     1.353
     3.608
     4.314
     4.311
     4.760
     2.927
     0.208
     0.211
     0.610
     1.997
    -0.969
    -1.731
    -2.348
    -0.190
     1.853
     4.026
     5.902
     6.871
     7.372
     5.598
     2.932
     2.539
     5.564
     8.998
    14.289
    14.872
    16.394
    14.714
    13.878
    15.941
    18.941
    17.993
    16.133
    17.270
    16.782
    13.489
    11.918
    10.871
     9.003
     7.916
     6.239
     7.511
     8.087
     7.121
     6.021
     4.256
     2.428
     0.406
    -0.605
    -0.255
    -2.487
    -2.959
    -1.963
    -3.622
    -6.651
    -6.711
    -9.754
    -9.239
    -9.263
    -7.998
    -7.834
    -7.064
    -4.665
    -6.656
    -5.353
    -8.364
    -8.178
    -6.022
    -8.056
    -7.107
    -5.847
    -5.536
    -5.513
    -7.601
   -10.529
    -8.560
    -9.225
    -8.137
    -9.053
   -10.178
   -12.165
   -11.465
    -6.843
    -6.551
    -6.542
    -6.693
    -7.295
    -6.197
    -6.120
    -4.314
    -5.093
    -7.367
    -6.063
    -5.119
    -4.785
    -5.012
    -5.997
    -5.967
    -6.249
    -4.880
    -3.821
    -1.530
    -0.682
    -1.682
    -3.632
    -4.689
    -5.965
    -3.466
    -2.737
    -0.492
    -2.623
    -2.684
    -1.796
    -0.644
    -0.395
     1.836
     2.094
     1.983
     3.268
     4.396
     6.496
     7.727
     6.348
     6.303
     4.013
     4.167
     6.181
     5.910
     8.228
     6.917
     6.389
     7.126
     7.126
     8.194
     8.234
     7.848
     7.931
     8.955
     8.162
     6.929
     6.982
     7.080
     7.043
     4.946
     4.791
     4.981
     3.053
     4.958
     5.023
     4.666
     5.882
     6.043
     3.903
     3.824
     0.985
     0.619
    -0.532
    -0.650
    -2.968
    -2.646
    -2.648
    -2.942
    -2.872
    -3.144
    -3.747
    -3.342
    -1.097
    -1.135
     1.088
     0.847
    -0.000
     0.752
    -0.219
     1.671
     1.624
     0.485
     1.735
     1.683
     0.650
     2.409
     2.531
     1.392
     1.149
     0.058
    -1.154
    -1.212
    -0.270
    -0.703
    -1.737
    -3.332
    -4.872
    -4.080
    -5.132
    -5.330
    -4.213
    -5.578
    -5.687
    -6.636
    -6.905
    -7.007
    -6.264
    -7.053
    -6.729
    -6.722
    -7.707
    -5.163
    -4.700
    -4.237
    -4.363
    -5.232
    -3.308
    -4.602
    -3.503
    -1.515
    -1.625
    -2.206
    -1.996
    -2.082
    -1.292
     0.629
     0.393
    -0.801
     0.162
     0.990
     0.788
    -0.380
    -0.424
     1.493
     1.072
     1.468
     1.073
    -0.249
     0.645
     0.572
     0.290
     0.354
     2.362
     0.152
     2.137
     2.665
     2.455
     5.045
     1.870
     3.769
     5.542
     4.283
     5.947
     6.997
     5.889
     4.661
     3.683
     4.551
     4.639
     5.318
     5.401
     6.004
     5.191
     5.479
     4.148
     3.980
     3.011
     3.803
     1.524
     3.691
     3.402
     3.222
     1.412
     3.010
     3.163
     4.492
     3.042
     3.745
     5.873
     3.673
     3.917
     2.689
     2.651
     6.656
     6.990
     6.627
     6.749
     5.521
     5.690
     4.307
     3.231
     3.385
     4.468
     1.471
    -0.124
    -1.016
    -0.748
    -0.809
    -1.953
    -2.964
    -3.004
    -6.961
    -6.183
    -6.202
    -6.261
    -6.364
    -8.303
    -7.340
   -10.159
   -11.489
   -10.287
   -10.233
    -9.917
   -10.020
   -10.063
    -9.951
   -11.971
   -11.943
   -10.877
   -10.699
    -9.346
    -9.660
    -8.147
    -7.297
    -5.691
    -5.850
    -5.667
    -6.383
    -6.148
    -5.888
    -2.355
    -2.766
    -2.413
    -4.351
    -2.227
    -3.951
    -4.966
    -6.794
    -6.962
    -6.737
    -6.466
    -3.481
    -3.317
    -1.906
    -3.240
    -1.844
    -0.715
     0.430
     1.796
     3.948
     4.355
     3.131
     4.671
     4.555
     6.880
     6.756
     7.961
     7.090
     8.109
     8.441
     8.731
     7.535
     5.557
     6.581
     7.783
     9.003
    11.050
    11.112
    11.165
    11.056
     9.968
     7.985
     5.895
     5.646
     4.676
     5.679
     5.579
     5.322
     5.836
     3.622
     1.369
     1.193
    -0.066
     0.977
    -0.198
    -2.249
     0.209
     0.632
     2.871
     2.634
     1.894
     2.730
     1.613
     2.630
     2.705
     1.478
     2.164
     2.053
     2.285
     1.937
     2.816
     2.599
     2.672
     2.454
     2.387
     3.254
     1.851
     0.922
     0.921
     0.557
    -0.617
     1.108
    -0.172
     2.233
    -0.078
    -1.428
    -2.075
    -0.629
    -0.955
    -1.353
    -0.134
    -0.377
     0.211
     1.220
     0.114
    -1.129
    -1.570
    -3.753
    -3.458
    -3.962
    -1.533
    -3.972
    -2.558
    -0.700
     0.190
    -0.714
     0.473
     1.365
     1.764
     2.552
     2.824
     4.681
     2.888
     2.324
     2.250
     1.359
    -0.820
    -0.124
    -0.070
     0.812
     0.633
    -1.548
    -0.827
    -2.007
    -2.056
    -2.335
    -5.286
    -4.723
    -5.848
    -6.189
    -7.846
    -7.007
    -6.193
    -5.470
    -5.881
    -3.286
    -5.937
    -7.429
    -6.136
    -5.369
    -6.302
    -5.331
    -8.295
    -8.573
    -8.611
    -9.861
    -8.562
    -9.684
   -10.767
   -11.910
   -11.586
   -11.690
    -9.373
    -9.248
    -9.070
    -9.491
    -9.432
    -6.215
    -6.432
    -4.330
    -4.001
    -5.909
    -6.221
    -4.075
    -2.141
    -1.687
    -4.336
    -2.581
    -3.413
    -3.801
    -4.654
    -5.720
    -5.627
    -3.462
    -2.681
    -3.479
    -2.305
    -0.255
     0.809
     1.463
     4.135
     3.112
     4.700
     5.579
     6.218
     6.112
     7.285
     7.542
     8.902
    11.049
    12.004
    14.359
    14.652
    12.801
    14.006
    13.849
    15.210
    15.192
    14.998
    13.929
    14.886
    12.947
    13.222
    13.728
    15.862
    15.891
    14.843
    12.993
    13.893
    12.986
    15.928
    15.198
    16.715
    15.802
    15.852
    14.770
    11.544
    11.285
     8.021
     6.058
     5.995
     4.833
     4.280
     5.221
     3.343
     0.853
     0.605
     0.188
    -2.053
    -2.460
    -2.797
    -2.552
    -5.147
    -1.674
    -0.405
    -0.039
    -2.547
    -2.044
    -4.130
    -4.556
    -3.711
    -4.921
    -4.169
    -3.328
    -2.460
    -2.580
    -2.450
    -2.754
    -2.030
    -2.186
    -2.440
    -3.037
    -3.197
    -4.527
    -4.662
    -6.155
    -7.261
    -9.016
    -9.056
    -8.612
    -6.800
    -6.192
    -6.382
    -6.415
    -5.840
    -8.279
    -7.196
    -6.773
    -6.067
    -8.030
    -7.561
    -9.755
   -13.255
   -16.983
   -15.366
   -15.093
   -13.101
   -12.450
   -12.625
   -11.748
   -11.053
   -11.103
   -11.618
   -13.295
   -14.723
   -17.999
   -18.901
   -18.288
   -18.725
   -17.808
   -18.124
   -16.471
   -17.645
   -14.552
   -13.736
   -13.864
   -14.936
   -18.184
   -18.347
   -18.477
   -19.890
   -20.136
   -21.775
   -24.681
   -28.378
   -26.367
   -26.754
   -24.317
   -26.069
   -26.199
   -23.251
   -22.119
   -19.856
     2.273
    70.009
    64.239
    49.397
    47.555
    45.720
    48.386
    43.546
    45.195
    49.686
    50.868
    47.119
    44.245
    39.651
    36.474
    34.448
    34.062
    38.122
    37.337
    31.695
    26.059
    19.106
    15.277
    21.724
    22.779
    21.177
    19.308
    17.778
    12.303
    12.840
    12.975
     6.058
     4.046
    -0.722
    -0.589
     0.098
    -4.580
   -12.532
   -17.029
   -16.560
   -19.344
   -17.705
   -12.597
    -9.911
    -7.295
    -6.834
    -7.515
    -9.157
    -9.186
    -4.444
    -4.656
    -5.524
   -11.482
   -13.250
   -11.648
   -10.813
    -4.081
    -6.147
     5.226
     1.383
     0.600
    -6.826
    -6.263
    -4.657
    -7.314
    -5.860
    -5.707
    -2.674
     2.608
    -0.584
    -1.052
    -3.291
    -6.352
    -8.148
    -7.694
    -7.225
    -7.536
   -11.762
   -12.732
    -8.902
    -5.019
    -8.931
    -4.567
    -2.819
    -4.260
    -4.220
    -3.055
    -4.614
    -7.187
    -9.450
    -6.606
    -8.174
    -7.929
    -6.456
    -8.313
    -9.228
   -12.536
   -16.392
   -19.354
   -21.022
   -15.983
   -10.717
    -3.784
    -7.895
    -6.819
    -8.770
   -12.787
   -14.070
   -15.099
   -19.649
   -19.266
   -19.292
   -22.341
   -22.799
   -19.160
   -19.819
   -18.104
   -17.741
   -17.738
   -14.057
   -11.072
    -8.100
    -5.784
     2.885
    10.358
     6.795
     8.340
    19.232
    26.502
    21.149
    28.177
    33.703
    32.938
    35.661
    40.224
    52.327
    41.336
    28.995
    24.725
    23.363
    27.293
    18.169
    12.628
    12.971
    13.999
     8.615
     7.596
    10.443
     8.213
     8.865
     8.260
     4.896
     5.491
     5.729
     6.418
     3.511
     8.234
     5.238
     0.974
    -0.984
     0.334
     1.195
     0.061
     4.959
    -0.746
     5.329
    10.007
    15.597
    24.864
    15.429
    -9.176
    -9.419
    -0.538
    -0.344
     0.187
    -4.365
    -4.208
    -1.916
    -2.076
    -5.289
    -5.819
    -9.553
   -24.810
   -21.667
   -13.698
   -14.838
   -16.642
   -13.923
   -15.109
   -13.295
   -11.790
   -11.543
   -14.746
   -13.401
    -8.713
   -12.422
   -13.636
   -10.334
    -9.770
    -3.745
     0.402
    -0.860
     0.688
     2.491
     2.061
    -0.097
    -2.759
    -0.414
     2.279
     1.637
     1.019
     1.328
    -0.735
    -1.628
    -2.634
    -3.821
    -3.654
    -4.738
    -3.050
    -6.754
    -4.832
    -6.606
    -7.240
    -6.436
    -6.666
    -5.467
    -5.247
    -6.485
    -4.345
    -5.210
    -2.543
     0.571
    -0.582
    -1.169
     3.672
     2.610
     4.623
     7.408
     5.374
     4.359
     2.604
     5.146
     7.005
     4.708
     5.417
     6.059
     6.500
     5.651
     7.063
     6.308
     3.275
     5.085
     2.544
     5.189
     3.260
     4.759
    11.176
    14.319
    13.697
     8.975
     6.718
     6.403
     8.051
     8.978
     3.555
     1.466
    11.465
    17.848
     8.170
     5.168
    -1.831
    -0.527
     7.232
     5.846
    -2.493
    -6.762
    -3.932
    -5.813
    -7.456
    -6.236
    -3.330
    -1.298
    -2.542
     0.445
     0.515
    -0.118
    -1.240
    -1.669
     1.220
    -2.182
    -3.995
    -3.149
    -3.822
    -4.885
    -7.410
    -7.710
    -8.636
   -11.105
   -10.721
    -9.788
   -11.412
   -12.596
    -8.072
    -5.103
    -7.206
   -10.711
   -12.216
   -12.761
    -9.591
    -7.785
    -6.547
    -6.662
    -3.064
   -10.095
    -1.854
    -4.679
    -5.075
    -3.491
    -1.343
     1.375
     2.525
     5.827
     5.288
     6.530
     9.737
    10.242
     9.207
     8.544
     3.527
     7.571
    12.214
    12.750
     8.624
     4.160
    -1.029
     1.912
     0.841
     4.087
     5.918
     3.066
     1.829
    -0.578
     2.510
     4.947
     4.744
     3.476
     2.672
     6.158
    12.491
    10.871
     6.776
     6.008
     4.005
     1.491
     0.842
    -2.041
    -3.362
     0.618
     1.301
    -0.737
    -3.307
    -1.274
     1.335
     6.196
     3.612
    -5.815
    -4.482
     4.575
    12.427
    -1.228
    -3.532
     2.399
     0.641
    -5.510
    -0.554
    -2.222
    -5.569
    -2.964
    -1.718
    -1.769
    -0.118
     0.726
     2.134
    -1.315
    -0.496
     2.728
     0.299
    -0.952
    -3.890
    -4.743
    -5.024
    -4.929
    -3.751
    -5.803
    -6.673
    -5.895
    -2.921
    -1.772
    -0.704
    -0.382
    -0.225
    -2.920
    -3.929
     0.006
    -0.994
    -1.118
    -2.976
    -1.203
    -4.003
    -2.349
    -5.169
    -4.655
     0.125
     2.497
     2.359
    -3.558
     3.713
    -1.014
    -3.190
    -2.679
    -1.193
     0.409
     3.725
     3.254
     0.697
    -0.489
     0.865
     1.272
    -1.069
     0.798
     0.460
     1.162
     0.420
     2.586
     2.691
    -0.503
     0.143
     1.628
     0.554
     1.655
     0.657
    -2.069
     1.216
     2.923
     4.248
     1.035
     0.905
    -4.301
    -4.968
     4.475
     2.406
     0.412
    -4.564
    -4.960
    -0.561
    -0.327
    -0.309
     0.481
    -0.516
    -1.455
    -0.583
    -1.392
    -0.809
    -0.164
    -0.079
    -0.210
     1.076
     3.489
     1.897
    -0.662
    -0.640
    -0.469
     1.440
    -0.707
    -1.821
     1.292
     2.502
     3.535
     2.422
     3.667
     5.522
     2.967
     3.621
     4.774
     2.666
     4.347
     2.257
     4.005
     3.859
     3.808
     2.505
     4.141
     1.444
     1.082
     2.218
     2.264
     4.662
     4.467
     3.046
     3.225
     2.992
     3.160
     2.616
     0.456
     0.115
     0.159
    -0.943
    -1.987
    -4.405
    -3.191
    -2.663
    -4.763
    -5.696
    -8.285
    -5.987
    -5.856
    -6.434
    -6.556
    -7.772
    -5.594
    -5.012
    -5.869
    -7.365
    -7.192
    -4.175
    -6.058
    -6.430
    -6.006
    -6.020
    -7.112
    -6.134
    -4.369
    -6.522
    -6.346
    -5.606
    -4.508
    -2.494
    -4.525
    -4.420
    -4.456
    -2.253
    -2.963
    -1.967
    -1.853
     2.367
     3.288
     3.186
     3.578
     5.061
     9.142
     9.299
     9.285
     7.555
     5.451
     4.599
     3.794
     4.068
     1.679
     0.794
    -0.274
     0.566
    -1.651
     1.831
     1.927
     1.818
     1.843
     6.160
     6.521
     5.052
     8.499
     7.632
     9.179
     8.005
     7.432
     7.524
     6.496
     8.084
     8.219
     7.583
    10.735
    12.698
    14.219
    15.683
    13.087
    13.315
    11.655
     2.772
    -1.521
    -2.736
    -7.022
    -5.023
    -6.379
    -9.569
    -7.520
    -7.664
    -7.668
    -5.853
    -7.692
    -7.759
    -4.723
    -4.783
    -4.677
    -3.798
    -1.462
    -2.673
    -0.273
     1.461
     3.970
     6.065
     5.037
     3.538
     4.683
     5.207
     5.307
     5.266
     4.998
     3.063
    -0.277
     0.707
     1.376
    -0.755
    -0.868
    -1.319
    -2.414
    -4.000
    -5.342
    -6.527
    -4.547
    -4.734
    -4.795
    -5.368
    -3.332
    -0.784
    -0.676
    -1.216
    -3.741
    -4.955
    -6.632
    -6.840
    -8.123
    -9.531
   -12.161
   -13.650
   -15.239
   -17.562
   -18.860
   -18.116
   -15.015
   -15.597
   -13.898
   -14.255
   -14.515
   -13.898
   -14.085
   -13.593
   -11.323
   -11.651
   -14.172
   -11.732
   -11.951
   -13.459
   -11.645
    -9.048
    -7.273
    -7.505
    -3.787
    -0.948
     3.338
     2.892
     4.958
     5.120
     5.656
     4.048
     2.883
     2.143
     1.738
     6.912
    11.914
    15.949
    15.659
    15.409
    19.325
    24.747
    24.232
    26.145
    25.720
    27.294
    24.549
    24.391
    21.670
    18.114
    15.406
    12.604
     9.956
     8.584
     9.452
     7.046
     4.643
     9.615
    12.545
    13.554
    14.505
    10.980
     8.752
     7.480
     8.966
     6.372
     7.661
     8.225
     9.351
    12.234
    11.397
    11.064
     8.576
     7.416
     6.260
     4.472
     4.564
     2.225
     2.279
     3.827
     3.833
     2.420
     0.541
    -2.123
    -0.899
    -1.917
    -3.053
    -3.066
    -4.238
    -3.581
    -3.194
    -5.677
    -4.618
    -4.627
    -7.973
   -11.306
   -13.541
   -13.612
   -16.586
   -20.046
   -19.767
   -20.112
   -19.775
   -22.123
   -24.130
   -25.324
   -22.898
   -21.168
   -18.410
   -19.451
   -19.422
   -20.510
   -19.152
   -13.843
   -13.419
   -12.193
   -12.798
   -10.719
    -9.337
   -10.260
    -8.223
    -8.946
    -8.911
    -9.520
   -12.453
   -11.636
    -6.965
    -6.830
    -0.058
    -2.534
     4.189
     4.699
     4.999
     1.807
     1.273
    -4.009
    -0.921
     1.563
     4.504
     6.897
    12.794
    14.344
    13.235
    11.362
    11.671
     9.962
     9.135
    10.448
    13.752
    12.958
    15.447
    14.867
    13.048
    15.765
    17.490
    14.475
     8.758
     8.611
     8.008
    11.625
     9.184
     8.161
     8.434
     6.902
     8.445
     5.699
     1.681
    -4.275
    -4.118
   -10.671
   -11.286
    -7.916
    -5.141
    -5.962
    -2.664
    -3.456
    -7.187
    -2.838
    -4.237
    -3.984
    -4.797
    -6.907
    -4.150
    -0.564
    -3.950
    -1.755
    -2.607
     3.408
     3.755
     4.998
     2.155
     4.000
    -0.029
     1.912
     2.852
     2.796
     4.097
     9.440
     6.649
     7.057
     9.512
    10.804
    10.538
    13.155
    13.355
     9.354
     9.804
    11.051
     6.867
     2.598
     2.544
     0.778
     0.887
     1.028
     0.951
    -1.289
    -0.128
     1.802
    -0.157
    -1.373
    -3.463
    -1.377
    -3.243
    -0.882
    -0.121
     2.140
     2.544
     0.896
     2.558
    -0.469
    -2.804
    -2.791
    -6.585
    -9.998
   -14.391
   -21.616
   -18.700
    -4.855
    -6.991
    -4.994
    -2.595
    -1.520
    -3.407
    -4.591
    -4.534
    -5.881
    -5.745
    -1.743
     2.765
     6.901
    14.063
    13.131
    10.240
     4.763
    -6.509
    -9.837
   -10.943
   -12.434
   -11.503
    -4.024
     2.815
     1.568
     1.476
     0.431
    -2.232
    -3.492
    -3.390
    -2.127
    -3.535
    -4.854
    -4.988
    -4.219
    -4.186
    -4.095
    -5.230
    -6.263
    -6.243
    -6.683
    -6.372
    -4.444
    -4.192
    -4.548
    -3.475
    -3.753
    -4.500
    -4.696
    -4.713
    -4.818
    -8.168
    -6.949
    -6.964
     4.589
     4.430
     7.288
     9.348
     9.351
    10.674
    10.709
     6.380
     7.263
     5.303
     3.800
     0.557
     1.506
     0.669
     1.345
     1.356
     2.319
     1.064
     3.176
     3.549
     3.161
     2.407
     5.403
     5.764
     5.678
     5.335
     4.137
     4.077
    -1.938
    -1.288
    -1.718
    -1.270
    -1.302
    -0.470
    -0.518
    -1.742
     0.062
    -1.503
    -1.970
    -1.787
     0.311
    -0.141
    -2.239
    -2.865
    -0.659
     0.328
     0.291
     1.205
     1.010
    -0.044
     3.141
     3.080
     3.056
     0.041
     2.919
     2.975
     2.934
     2.941
     2.844
     3.530
     4.351
     3.248
     3.388
     3.495
     1.042
     0.205
    -0.926
     0.254
    -0.734
     0.095
    -0.157
    -2.136
    -2.213
    -0.071
    -0.357
    -0.383
     0.633
    -0.076
     3.031
     4.235
     5.266
     7.541
     8.577
     7.623
     6.435
     7.312
     5.285
     5.485
     5.161
     7.358
     5.642
     5.264
     5.086
     4.997
     5.484
     3.237
     2.216
     1.091
    -0.364
    -5.397
    -5.519
    -8.619
    -9.529
    -8.631
    -7.868
    -4.822
    -6.208
    -6.696
    -5.839
    -5.908
    -6.041
    -7.125
    -7.235
    -6.086
    -5.288
    -6.669
    -5.478
    -5.582
    -3.574
    -1.619
    -1.424
    -2.605
    -0.517
    -0.618
    -0.669
    -1.380
    -1.687
    -0.730
    -1.734
    -0.673
    -1.904
    -1.712
    -1.120
    -1.989
    -2.998
    -2.088
    -1.157
    -0.979
    -0.856
    -1.091
    -2.276
    -1.103
    -3.177
    -3.426
    -2.354
    -3.403
    -4.434
    -4.659
    -2.890
    -1.646
    -0.477
    -0.559
    -0.589
    -1.872
    -2.780
    -0.836
    -1.933
    -1.862
    -2.067
    -1.082
    -2.126
    -1.001
    -2.409
    -0.546
    -0.817
     1.512
     1.525
     3.798
     3.702
     2.841
     3.648
     3.688
     4.451
     4.673
     2.426
     4.581
     5.249
     2.197
     5.290
     3.940
     4.109
     5.331
     5.208
     5.223
     2.935
     3.002
     1.703
     2.793
     1.730
     1.758
     0.380
     1.498
     0.665
     1.290
     1.366
     2.246
     0.111
     0.365
     1.185
     0.403
    -0.819
    -1.699
    -1.886
    -1.027
     0.145
     0.142
    -1.043
    -0.779
     1.277
    -0.966
    -1.175
     0.035
    -0.159
     0.939
    -0.182
    -1.422
     0.754
     3.007
     3.054
     2.952
     3.023
     1.071
     1.002
     0.826
     2.882
     0.740
     1.808
     3.048
     0.696
    -0.324
    -1.419
    -1.371
    -1.467
    -1.560
    -1.360
    -1.171
    -1.679
    -0.316
     1.988
     0.908
    -0.486
    -0.481
     0.833
     0.933
     0.837
     0.710
     1.133
     0.378
    -0.938
    -0.982
     1.200
     1.066
     2.213
     1.086
     2.024
     0.852
     1.980
     2.808
     1.738
    -0.452
     0.510
     1.692
     0.466
    -0.495
     0.336
    -0.568
    -0.610
    -0.752
     0.229
    -0.519
     0.476
     0.560
    -0.787
    -2.073
    -0.990
    -0.998
    -2.185
    -1.918
    -2.221
    -2.289
    -1.490
    -1.126
    -1.333
    -1.326
    -2.758
    -2.773
    -1.619
    -0.863
    -0.604
    -0.711
    -2.030
    -1.855
    -0.994
    -0.989
    -1.914
    -0.871
    -2.378
    -2.438
    -1.598
    -1.338
    -1.558
    -1.593
    -0.703
    -0.811
    -1.032
    -0.800
    -0.838
    -1.053
    -1.249
    -0.160
     0.477
    -1.497
    -1.541
    -1.764
    -1.733
    -1.831
    -0.624
     0.338
     0.320
    -0.961
    -1.278
    -2.393
    -2.550
    -1.729
    -3.012
    -2.980
    -2.196
    -2.218
    -3.427
    -2.479
    -4.982
    -3.707
    -3.092
    -2.040
    -2.435
    -3.561
    -2.761
    -3.643
    -3.945
    -4.102
    -5.151
    -5.263
    -5.604
    -5.653
    -4.851
    -3.586
    -1.200
    -1.834
    -2.043
     0.723
     1.560
     1.695
     4.723
     4.838
     6.838
    10.147
     9.939
     9.731
    11.882
    12.448
     9.471
    10.195
     7.740
     7.011
     5.345
     5.063
     4.921
     4.459
     4.369
     6.355
     5.923
     6.030
     4.971
     4.940
     4.410
     5.540
     4.260
     5.091
     5.224
     3.766
     4.732
     4.568
     4.292
     1.045
     1.799
     0.593
     1.607
     1.459
     1.173
     0.210
    -1.093
    -2.225
    -1.435
    -2.628
    -3.688
    -2.037
    -1.878
    -0.863
    -2.218
    -2.179
    -2.305
    -2.261
    -1.312
    -1.162
    -0.295
    -0.196
    -1.619
    -0.466
    -1.758
    -3.570
    -3.114
    -5.424
    -3.141
    -0.038
     2.063
    -0.958
    -4.468
    -7.295
    -7.501
    -5.004
    -3.097
    -2.674
    -0.775
    -1.922
    -2.933
    -1.746
    -4.101
    -2.950
    -4.966
    -4.078
    -2.848
    -2.687
    -2.679
    -2.599
    -2.926
    -2.750
    -1.798
    -4.724
    -2.849
    -1.417
     0.712
     3.022
    -0.060
     0.143
     1.203
     0.125
     0.175
    -1.815
    -0.874
     0.604
    -1.461
     0.522
    -0.625
    -1.256
     0.866
     0.072
    -0.122
     0.033
    -0.552
    -1.553
    -1.942
    -2.205
    -0.362
    -1.127
    -1.366
    -0.939
    -0.042
    -3.693
    -1.782
    -1.722
    -1.508
     0.729
     0.772
     1.297
     1.114
     1.225
     1.284
     0.366
    -0.613
     1.765
     1.984
     1.271
    -0.097
     0.290
     0.418
    -0.340
     1.762
     0.995
     3.002
     3.288
     1.077
     2.192
     3.269
     4.653
     2.640
     0.749
    -1.744
    -2.182
    -3.420
    -1.523
     0.620
     1.793
     4.044
     2.157
     2.081
     2.110
     2.950
     4.196
     2.206
     0.379
     1.851
     2.130
     1.113
     0.229
     1.265
     1.321
     2.331
     0.572
     1.628
     1.591
     1.865
     2.832
     2.945
     2.966
     2.919
    -1.092
    -0.158
     2.798
     1.992
     0.989
    -0.224
     0.868
     0.645
     1.928
     1.689
    -0.275
    -1.708
    -0.370
     0.444
     0.673
     2.369
     0.432
    -1.666
     0.315
    -0.816
     0.419
     0.010
     0.079
    -2.176
    -2.122
    -0.198
    -1.068
    -1.160
    -1.379
    -0.307
     0.102
    -2.237
    -2.396
    -3.649
    -1.638
    -3.921
    -1.881
    -2.922
    -1.942
    -0.130
     2.140
    -0.364
     0.893
    -1.329
    -0.659
     0.409
     2.430
     1.105
     0.228
    -0.104
     0.994
     0.762
    -1.331
    -0.485
     1.468
     0.129
     1.231
     1.033
     0.809
     0.438
     0.324
     0.406
    -0.898
    -1.245
    -0.018
    -2.185
    -0.245
    -1.364
    -2.803
    -1.794
    -0.912
    -0.920
    -1.188
    -1.359
    -1.521
    -2.637
    -2.653
    -3.122
    -1.971
    -1.256
    -0.966
     0.095
    -1.198
    -1.415
    -0.911
    -0.727
    -0.521
    -0.944
    -1.206
    -1.052
    -0.491
    -0.583
    -1.651
    -1.639
    -2.705
    -2.189
    -1.892
    -3.061
    -3.177
    -2.389
    -1.267
    -2.516
    -0.467
     0.302
    -0.751
    -0.928
     0.232
    -3.352
    -1.328
    -3.487
    -3.493
    -0.501
     0.515
     0.122
    -0.700
     2.234
    -0.048
     0.040
     0.088
    -0.029
    -0.974
    -1.375
     3.526
     0.333
     1.243
     2.265
     4.401
     4.243
     4.218
     3.799
     4.753
     2.446
     2.978
     2.627
     3.100
     2.839
     1.865
     2.973
     5.103
     4.632
     4.815
     3.686
     3.528
     3.615
     4.450
     4.512
     3.538
     5.175
     4.071
     4.937
     3.997
     4.999
     4.002
     5.743
     4.690
     3.810
     2.808
     3.713
     3.992
     3.267
     1.958
     1.203
    -1.138
    -0.245
    -1.019
     0.866
    -0.680
    -0.748
     0.103
     1.257
    -1.509
    -0.643
     0.427
    -1.061
     1.061
     0.995
    -0.904
    -2.334
    -1.976
    -1.735
    -2.837
    -2.904
    -3.196
    -4.163
    -4.921
    -6.181
    -5.874
    -6.831
    -9.122
    -3.582
    -4.371
    -4.954
    -4.760
    -4.685
    -4.334
    -4.626
    -3.815
    -3.770
    -3.937
    -2.254
    -3.346
    -4.554
    -3.878
    -5.110
    -6.065
    -6.144
    -6.991
    -8.161
    -7.212
    -7.280
    -6.898
    -5.420
    -8.342
    -6.875
    -5.660
    -6.019
    -3.252
    -3.257
    -4.121
    -5.040
    -4.132
    -0.753
    -4.389
    -3.240
    -2.747
    -5.191
    -3.769
    -1.805
    -0.779
     1.482
     1.658
     1.438
     3.477
     2.392
     4.745
     6.604
     6.425
     4.727
     5.116
     7.664
     7.979
     9.136
    11.065
    10.232
    11.832
     9.539
    10.021
     9.892
    11.534
    17.678
    15.756
    10.189
     6.920
     8.632
    20.599
    11.212
    10.509
     8.451
    12.077
     8.165
    11.039
     4.301
     5.382
     4.093
     2.844
    -0.310
    -1.053
     1.178
     2.054
     0.724
    -0.381
    -1.497
    -1.071
    -0.194
     0.364
    -0.704
    -0.475
    -1.569
    -0.278
    -1.727
    -1.879
    -1.376
    -0.892
    -1.115
    -0.690
    -2.185
    -2.744
    -2.992
    -1.549
    -3.093
    -3.702
    -5.470
    -5.312
    -6.081
    -5.250
    -6.822
    -3.625
    -5.417
    -6.108
    -7.585
    -7.668
    -7.495
    -8.020
    -7.305
    -6.733
    -7.531
    -7.292
    -7.942
    -7.062
    -6.756
    -6.804
    -6.950
    -7.208
    -6.956
    -6.934
    -7.038
    -6.609
    -5.723
    -5.466
    -5.486
    -5.112
    -5.278
    -4.901
    -4.711
    -4.064
    -4.019
    -3.964
    -3.808
    -3.524
    -3.599
    -3.519
    -3.167
    -2.678
    -2.195
    -2.150
    -2.019
    -1.408
    -1.072
    -0.757
    -0.531
    -0.201
     0.075
     0.477
     0.697
     1.074
     1.283
     1.688
     1.897
     2.263
     2.468
     2.846
     3.060
     3.427
     3.637
