     6.197
     5.948
     5.921
     5.645
     5.591
     5.290
     5.218
     4.908
     4.811
     4.480
     4.386
     4.013
     3.793
     3.385
     3.255
     2.770
     2.578
     2.081
     1.726
     1.202
     0.866
     0.337
    -0.024
    -0.515
    -0.493
    -1.474
    -1.498
    -1.897
    -2.556
    -3.181
    -3.219
    -3.701
    -4.392
    -5.215
    -5.602
    -6.674
    -7.135
    -7.594
    -8.177
    -8.425
    -8.895
    -9.026
    -9.393
   -10.451
   -10.501
   -11.299
   -11.463
   -11.525
   -11.853
   -12.834
   -13.308
   -14.280
   -13.927
   -14.903
   -15.327
   -13.963
   -14.424
   -13.784
   -16.124
   -15.966
   -15.473
   -15.636
   -16.261
   -16.445
   -14.227
   -13.995
   -13.003
   -12.100
    -9.957
    -7.886
    -6.969
    -4.878
    -4.330
    -1.994
     0.529
     1.179
     1.368
     2.917
     4.717
     4.795
     6.122
     6.254
     5.378
     7.871
    10.845
     8.936
    10.373
    10.565
    11.142
    10.814
    11.838
    10.404
    12.023
    13.091
    13.491
    12.924
    12.648
    13.856
    11.843
    11.227
    10.675
    10.814
    10.224
     8.575
     7.965
     7.255
     7.113
     7.183
     7.227
     6.688
     6.514
     7.594
     6.948
     8.906
     5.786
     7.306
     5.166
     4.250
     6.553
     3.701
     5.661
     4.658
     4.617
     3.481
     0.715
     1.442
     0.552
    -0.050
     0.335
     2.357
     2.161
     0.990
    -1.283
    -1.281
    -2.455
    -4.775
    -2.810
    -2.264
    -3.213
    -4.541
    -3.415
    -3.734
    -6.030
    -3.139
    -3.638
    -2.609
    -2.692
    -5.042
    -3.275
    -4.845
    -6.204
    -2.370
    -3.316
    -4.798
    -3.058
    -3.884
    -4.767
    -4.314
    -2.162
    -5.962
    -7.104
    -7.490
    -3.762
    -2.400
    -3.050
    -2.813
    -1.840
    -2.109
    -1.651
    -0.054
    -0.456
     1.176
    -0.002
     1.181
    -0.214
     2.427
     2.131
     0.181
     1.598
     2.247
     2.657
     4.199
     1.934
     1.353
     0.574
     1.165
     4.635
     1.923
     3.493
     1.377
     4.884
     1.644
    -0.568
    -5.582
    -0.778
    -0.527
     0.928
     2.583
     3.709
     3.008
     1.977
    -0.478
    -1.290
    -2.901
    -4.340
    -7.011
    -4.789
     0.396
     0.132
    -1.681
    -1.136
    -0.522
    -1.554
    -7.208
    -8.023
    -6.853
    -8.611
    -7.055
    -6.271
    -9.259
    -9.625
    -7.804
    -8.320
   -10.167
    -9.141
    -9.050
    -8.140
    -7.329
    -4.953
    -3.703
    -2.348
    -1.965
     0.068
     3.860
     5.003
     5.215
     7.354
     8.862
    10.896
     8.089
     9.255
     9.067
     7.666
     8.331
     7.131
     1.533
     4.418
     2.984
     2.871
     2.614
     7.450
     3.963
     8.555
     6.384
     0.586
     2.216
     2.929
     3.800
     4.965
     3.392
     2.492
     0.386
     1.831
     0.271
    -0.015
     0.774
     0.534
     0.193
     0.051
     0.898
     0.575
     0.532
     1.356
     0.997
     0.250
    -0.225
    -2.097
    -2.311
    -1.221
    -2.194
    -1.474
    -1.448
    -0.294
    -2.977
    -4.774
    -4.168
    -2.798
    -1.995
    -3.259
    -1.704
    -3.797
    -3.050
    -3.041
    -3.147
    -2.889
    -1.635
    -2.737
    -4.738
    -0.168
    -2.519
    -4.843
    -3.762
    -2.133
    -1.592
     0.863
     0.893
     0.816
    -2.310
     1.401
    -0.000
    -0.517
     0.197
     3.023
     2.252
     1.714
     2.549
     1.280
     1.339
     1.556
     3.705
     1.765
     5.640
     3.296
     4.278
     4.317
     4.491
     3.386
     5.617
     3.501
     5.043
     3.069
     4.275
     3.307
     3.366
     1.705
     4.107
     0.556
     0.784
     1.989
     0.851
     2.112
     3.440
     4.748
     5.134
     4.246
     3.089
     3.394
    -0.995
     3.688
    -0.357
    -1.217
    -2.927
    -4.845
    -4.970
    -4.796
    -5.746
    -5.507
    -3.996
    -2.944
    -4.064
    -5.044
    -3.892
    -3.240
    -3.879
    -3.534
    -3.467
    -4.421
    -0.513
     0.664
    -0.647
    -1.380
     0.772
     0.911
    -0.224
     1.183
     2.163
     1.528
     0.232
     1.797
     1.706
    -0.052
     2.011
    -0.067
     1.189
     2.375
     1.554
     0.849
     2.164
    -0.023
     1.434
     1.801
    -0.423
    -2.578
    -1.389
    -2.023
    -3.267
    -2.962
    -2.944
    -2.856
    -3.015
    -4.529
    -3.559
    -3.084
    -3.266
    -2.894
    -4.904
    -4.619
    -4.492
    -6.402
    -6.449
    -9.157
    -9.079
    -6.766
    -6.799
    -3.333
    -5.466
    -3.943
    -5.147
    -5.867
    -1.531
    -2.105
    -1.872
    -2.900
    -0.914
     2.517
     5.418
     7.859
     9.148
     4.930
     1.939
     1.074
     2.162
     4.540
     5.044
     6.325
     5.839
     2.971
     1.789
     0.811
     0.298
     3.805
     1.761
     1.969
     1.213
     1.820
     5.078
     4.145
     4.345
     3.553
     1.563
     1.687
     1.761
     1.086
    -0.351
     0.719
     0.776
     2.306
     2.181
     1.624
    -0.988
    -0.286
    -1.274
     3.586
     2.374
     4.092
     1.753
     3.203
     2.300
    -0.521
     0.924
    -0.690
    -0.639
     0.069
    -1.251
     2.138
     0.281
     1.649
     1.819
     1.261
     0.178
    -0.509
     1.554
     2.125
     0.109
     1.530
     1.673
     0.289
     0.448
     1.358
     0.623
     3.411
    -0.843
     1.546
     0.794
    -0.704
     0.055
     1.261
     1.141
    -0.292
     1.706
    -1.370
    -1.231
    -1.650
    -0.603
    -2.508
    -3.340
    -3.868
    -2.734
    -1.247
    -3.456
    -1.976
    -1.909
    -1.930
    -1.652
    -2.757
    -0.670
    -3.584
    -1.830
    -0.280
     0.611
     0.814
    -0.363
     2.234
     4.901
     3.688
     3.706
     3.828
     4.270
     3.235
     0.859
     2.493
     3.338
     5.551
     3.452
     2.937
     1.782
     1.890
     0.740
     2.247
     1.781
     0.113
     1.259
     0.424
    -0.733
    -1.592
    -0.563
    -0.201
    -0.113
    -0.033
    -1.231
    -0.094
     0.871
     0.237
     3.698
     2.910
     1.969
     0.183
     2.237
    -0.666
    -0.615
    -1.240
    -3.201
    -3.163
    -3.332
    -5.220
    -3.952
    -4.603
    -6.831
    -6.474
    -6.543
    -6.336
    -6.295
    -6.146
    -5.108
    -5.639
    -5.826
    -5.239
    -5.364
    -4.001
    -4.940
    -4.807
    -4.986
    -4.807
    -4.760
    -3.482
    -3.334
    -3.144
    -2.174
    -2.938
    -3.208
    -3.816
    -2.672
    -0.219
     0.071
    -1.914
     0.208
    -0.867
    -2.716
     0.971
    -0.964
    -2.018
    -2.812
    -3.895
    -2.949
    -2.763
    -4.567
    -2.390
    -2.522
    -2.591
    -4.527
    -1.213
    -0.865
     0.018
    -0.184
    -1.038
     1.175
     3.426
     2.182
     1.786
     2.016
     2.272
    -1.481
     1.357
     1.690
     2.845
     2.890
     2.419
     2.237
     3.451
     4.717
     5.086
     4.898
     4.047
     2.930
     5.974
     5.796
     4.885
     4.751
     5.069
     3.079
     5.628
     5.565
     5.896
     5.831
     6.155
     5.845
     8.349
     5.226
     7.503
     6.262
     6.856
     6.549
     5.777
     5.834
     8.034
     9.185
     7.487
     7.338
     5.364
     8.493
     5.817
     8.600
     7.812
     7.842
     9.350
     9.196
     8.316
     9.533
     8.357
     7.383
     8.313
     7.433
     6.486
     4.512
    -0.455
    -1.293
     0.106
    -4.533
    -7.206
    -5.257
    -6.867
    -7.688
    -7.558
    -7.924
    -7.989
    -6.848
    -5.607
    -6.420
    -7.753
    -5.505
    -7.563
    -5.459
    -5.109
    -2.324
    -1.895
    -0.818
    -2.440
    -1.772
    -0.225
    -1.217
    -2.308
    -0.301
    -1.948
    -3.223
    -2.707
    -2.506
    -1.486
    -3.561
    -3.066
    -2.651
    -2.763
    -4.985
    -3.287
    -2.999
    -2.997
    -6.118
    -5.624
    -6.624
    -7.167
    -3.105
    -4.986
    -6.360
    -6.113
    -3.459
    -5.384
    -5.492
    -3.829
    -1.639
    -1.298
    -4.481
    -2.122
    -3.197
    -3.051
    -4.655
    -4.471
    -7.504
    -8.294
    -8.227
    -7.849
    -7.989
    -6.159
    -7.286
    -8.120
    -7.748
    -9.395
    -8.476
    -9.276
    -6.864
    -7.442
    -8.604
    -7.759
    -7.793
   -10.722
    -7.525
    -6.444
    -6.324
    -4.915
    -1.293
    -2.633
    -2.170
    -3.051
    -3.141
    -1.566
    -1.329
    -1.806
    -1.791
     0.754
     2.043
     1.342
     0.262
     0.797
    -0.357
     2.200
     2.381
     3.865
     2.508
     6.013
     6.179
     7.449
     7.761
     8.733
     6.535
     6.793
     8.773
     6.848
     9.820
     8.892
    11.243
     9.456
     8.692
    12.048
    13.040
    13.659
    12.656
    13.868
    15.225
    12.187
    10.473
    12.785
    11.892
    12.140
    11.153
    12.559
    10.325
    10.561
    10.553
    11.790
    12.293
    11.113
    12.468
    10.307
    11.149
    13.534
    11.333
    12.789
    12.578
    12.423
    12.492
    11.531
    12.150
    12.619
    12.329
    12.389
    12.186
    14.813
    13.304
    13.472
    12.053
    12.294
    11.752
    13.095
    11.908
     9.991
    10.791
    11.590
    12.879
     9.347
     8.697
     3.999
    -0.253
    -5.517
    -7.617
   -10.611
   -13.811
   -21.287
   -22.197
   -25.717
   -26.446
   -29.596
   -30.981
   -30.938
   -33.540
   -35.430
   -35.759
   -37.193
   -36.466
   -33.602
   -31.597
   -31.953
   -30.280
   -29.289
   -27.018
   -25.742
   -25.066
   -21.458
   -19.089
   -17.232
   -12.178
   -11.713
    -9.025
    -8.118
    -3.486
    -3.818
    -1.950
    -1.358
    -1.286
     1.576
     1.370
     1.184
     2.062
     1.642
     1.527
     2.454
     1.424
     1.143
    -0.627
     0.494
    -1.839
    -1.008
    -1.436
     0.802
    -1.175
     0.451
     1.213
     0.326
     1.035
     1.958
     1.675
     2.653
     0.908
     0.900
     1.667
     1.648
     1.140
     0.986
     1.878
     2.817
     1.539
     2.311
     1.875
     5.110
     4.802
     3.918
     6.965
     4.245
     4.173
     2.918
     1.531
     2.743
     5.182
     7.944
    11.286
    19.398
    21.323
    20.757
    20.741
    19.827
    21.659
    18.742
    21.937
    21.148
    19.812
    22.462
    17.396
    14.333
    11.363
    10.054
     9.574
     5.527
     3.574
     4.435
     2.279
     1.745
    -1.740
    -1.657
     1.384
     0.412
    -0.913
    -1.187
    -1.356
     1.637
     0.237
     0.563
     0.704
    -1.617
     0.627
     0.690
     2.302
     2.467
     1.434
     1.871
     1.460
     3.511
     2.967
     3.385
     3.322
     4.039
     7.069
     6.477
     4.929
     6.102
     4.519
     5.108
     4.041
     2.817
     4.853
     3.837
     5.620
     4.796
     3.542
     4.926
     2.217
     4.096
     2.579
     0.976
     0.079
    -3.004
    -3.687
    -3.391
    -6.244
    -6.403
    -9.871
   -10.441
   -12.722
   -11.511
   -10.877
   -10.875
    -8.937
    -7.058
    -9.207
   -11.588
    -9.152
    -8.488
    -7.730
    -5.464
    -6.041
    -5.011
    -6.323
    -6.692
    -5.847
    -4.077
    -4.123
    -3.233
    -5.106
    -1.813
    -3.230
    -2.256
    -2.928
    -2.935
    -2.580
    -0.433
     0.148
     1.349
    -0.237
    -0.564
     2.179
     0.080
     2.800
     2.119
     0.227
    -0.638
    -0.914
    -4.318
    -5.628
    -6.963
    -6.319
    -5.802
    -4.873
    -8.420
    -8.337
   -10.770
    -9.167
   -10.563
    -8.633
    -9.472
   -11.259
   -11.210
   -11.531
   -15.206
   -15.358
   -16.685
   -18.098
   -19.653
   -18.146
   -17.646
   -17.638
   -18.290
   -20.727
   -23.811
   -24.381
   -26.898
   -28.000
   -34.625
   -30.732
   -31.276
   -31.711
   -29.117
   -30.931
   -30.732
   -32.121
   -12.987
    22.115
    18.357
    11.988
     9.487
    11.342
    12.537
    11.512
    15.021
    17.975
    18.676
    20.213
    18.062
    17.948
    18.071
    17.265
    20.578
    20.610
    21.598
    26.407
    29.070
    26.969
    20.556
    27.571
    37.161
    43.550
    43.368
    46.840
    47.592
    47.055
    49.552
    52.050
    51.246
    50.397
    52.851
    50.682
    46.888
    42.310
    39.705
    39.234
    38.448
    36.196
    38.362
    38.972
    32.908
    32.901
    32.477
    30.315
    25.717
    24.148
    20.917
    17.514
    14.085
     9.648
     5.187
    -1.450
    -6.847
    -8.355
   -21.444
   -29.849
   -28.067
   -34.246
   -37.727
   -39.002
   -38.285
   -39.949
   -41.116
   -36.744
   -33.829
   -35.074
   -38.389
   -36.716
   -39.461
   -41.133
   -45.081
   -43.191
   -40.027
   -34.715
   -36.333
   -31.697
   -30.008
   -32.447
   -31.127
   -28.290
   -27.823
   -30.679
   -30.652
   -28.342
   -30.732
   -30.370
   -26.767
   -27.887
   -26.560
   -27.130
   -28.700
   -32.788
   -34.367
   -33.389
   -34.744
   -35.392
   -28.412
   -24.676
   -24.722
   -22.113
   -23.213
   -18.077
   -16.456
   -16.456
   -15.142
   -12.937
   -11.778
   -11.317
   -13.140
    -9.343
    -3.025
     2.188
     6.119
     9.976
    12.313
    20.345
    25.313
    25.300
    26.731
    38.145
    49.604
    52.528
    50.025
    62.972
    57.967
    50.416
    60.843
    76.745
    60.241
    42.652
    32.408
    54.421
    48.421
    30.291
    13.448
    16.349
    14.442
     2.586
    -2.651
     2.882
    -3.463
    -9.184
    -2.391
    -0.796
    -1.035
     4.387
    -1.804
   -10.273
    -6.822
     3.196
     3.089
    -0.266
    -1.147
     7.082
     6.931
     7.897
     7.449
    10.694
    10.454
    14.430
     5.267
    13.558
    12.203
    14.267
    12.782
     8.534
    -4.763
    -9.183
    -8.088
    10.339
    13.955
     2.316
    -3.366
     1.738
     7.068
   -12.619
    -6.056
    -3.221
   -16.189
   -23.501
   -24.955
   -34.224
   -31.092
   -30.065
   -22.104
   -17.016
   -18.993
    -8.702
   -10.422
   -13.525
   -20.458
   -19.167
   -18.505
   -12.544
    -7.900
    -3.867
    -2.287
    -2.364
     0.942
     2.622
     3.092
     2.752
     1.857
    11.059
    15.305
    18.045
    18.869
    14.912
    12.039
    10.405
    10.414
    12.848
     9.298
     3.611
     7.012
     2.823
     1.742
    -1.458
    -2.539
    -1.197
     5.056
     1.209
     0.146
     2.307
     1.077
    -1.675
     3.120
     0.581
     1.331
    -0.605
    -0.593
    -3.686
    -0.363
    -1.223
    -6.980
    -7.944
   -13.137
    -8.370
    -7.553
    -4.336
    -4.233
    -4.069
    -4.462
    -8.356
    -6.725
   -11.477
    -9.862
    -9.363
   -10.642
   -16.514
   -17.068
   -10.018
   -10.659
   -10.216
    -7.367
    -9.161
    -1.695
    -2.332
    -4.904
    -2.234
    -2.690
     4.001
    15.049
     7.370
     0.648
    -1.084
    -5.556
     0.014
     3.924
    -1.893
   -13.763
    -8.949
   -11.066
    -9.571
   -12.892
   -14.215
   -13.208
   -11.557
    -8.609
    -8.516
    -4.842
    -7.328
    -4.437
    -2.693
    -2.929
    -4.119
    -4.779
     0.727
    -1.397
    -4.434
    -2.982
    -2.679
    -2.335
    -2.421
     1.824
     3.096
     1.143
     1.597
    12.396
    10.406
    12.170
     8.506
     5.016
     8.282
    10.153
     8.109
    11.429
    13.786
    13.202
     5.625
     9.290
     4.349
     4.900
    10.993
    11.140
    14.939
    13.231
    18.050
    17.994
    17.822
    20.998
    20.679
    22.319
    21.594
    16.266
    26.615
    23.890
    22.076
    16.186
    12.703
    14.996
    13.409
    13.311
    14.925
    16.660
    13.879
    10.728
     4.895
     7.137
     8.823
     3.870
     2.421
     4.082
     3.711
    10.212
     0.976
    -3.199
    -0.746
    -1.391
    -6.565
    -4.846
   -11.007
   -11.996
    -6.808
    -6.726
   -11.099
   -13.232
   -16.442
    -7.677
    -3.969
   -21.387
   -20.610
   -14.644
    -5.148
    -2.831
   -16.600
   -15.323
    -3.593
   -14.985
   -16.490
   -15.462
   -25.587
   -26.345
   -20.498
   -27.571
   -21.804
   -15.919
   -18.122
   -12.550
    -9.936
    -6.659
    -6.634
    -6.652
    -7.541
   -12.432
    -5.436
    -5.681
    -7.094
    -7.305
    -9.748
    -7.184
    -3.054
    -1.988
    -3.459
    -4.469
     1.265
    -1.648
    -2.554
    -0.063
     3.972
     4.145
     1.904
     5.468
     1.397
     1.977
     3.514
    -1.590
     4.057
     8.762
    10.429
     3.824
     0.614
     8.090
     6.306
     2.559
     7.496
     7.979
    12.647
    10.270
     5.814
     7.113
     5.176
     9.132
     6.193
     4.938
     7.143
     5.343
     2.872
     1.271
     3.680
     3.766
    -0.446
    -0.594
     3.258
     4.309
     4.925
     0.257
     1.596
     5.137
     7.705
     4.412
     3.494
    -2.390
    -2.775
    -1.169
     9.615
     2.482
    -8.851
   -12.311
    -8.061
    -7.325
    -7.630
    -9.537
    -8.735
    -9.202
    -8.786
    -7.787
    -7.835
    -5.187
    -6.790
    -4.110
    -2.452
     0.828
     2.912
    -1.992
    -0.516
    -2.193
     1.740
    -0.485
    -3.267
    -0.764
     0.833
    -0.768
    -0.665
     2.263
     0.492
     3.712
     3.796
     4.391
     5.048
     6.014
     5.435
     5.267
     4.573
     7.324
     5.415
     8.075
     8.274
     8.684
     8.855
     9.607
    10.994
    12.622
    10.280
    14.375
    15.571
    17.649
    14.721
    15.374
    13.808
    14.248
    13.968
    12.277
    14.075
    12.429
    11.748
    10.548
     7.999
     7.286
     7.898
     9.079
     7.949
     5.538
     6.293
     3.673
     2.922
     5.862
     3.203
     0.721
    -1.189
    -0.516
    -1.399
    -2.639
    -4.100
    -3.815
    -4.291
    -5.748
    -7.431
   -10.677
    -9.584
   -13.238
   -10.837
   -12.089
   -15.751
   -17.900
   -18.512
   -17.860
   -18.371
   -18.759
   -17.827
   -19.086
   -17.697
   -20.437
   -22.090
   -21.702
   -19.480
   -18.712
   -17.416
   -17.714
   -15.469
   -13.218
   -10.384
   -12.323
   -14.041
   -12.931
    -9.618
    -8.652
    -5.876
    -6.417
    -5.850
   -10.069
    -5.674
    -6.799
    -6.666
    -8.426
    -4.613
    -5.276
    -5.071
    -0.794
    -0.701
     1.098
     0.980
     1.677
     2.214
     1.420
     2.936
     7.880
     8.213
     6.744
     8.846
    11.093
     9.392
     5.154
     8.942
    11.863
     8.659
     9.614
     8.147
    10.931
     8.506
     8.413
     8.112
     8.802
     9.461
     8.091
     7.590
     9.376
    10.954
     9.530
     9.291
     8.940
     9.148
    11.716
    12.375
    10.960
    11.116
    12.087
    11.767
    11.062
    10.897
    13.952
    11.585
     9.656
     9.456
    10.123
     8.060
     9.155
     6.559
     5.336
     7.375
     3.097
     4.228
     6.516
     4.654
     6.440
     7.146
     4.719
     3.883
     4.759
     4.408
     0.956
    -0.403
    -1.294
    -2.706
    -3.140
    -7.321
    -7.681
    -5.791
    -7.784
    -9.244
    -8.061
    -7.678
    -6.011
    -7.169
    -8.203
    -6.813
    -5.965
    -6.215
    -7.890
    -6.328
    -6.558
    -5.869
    -4.310
    -6.726
    -8.235
    -5.621
    -5.860
    -7.601
    -7.653
   -10.686
    -9.047
    -8.796
    -9.395
   -10.244
    -8.488
    -8.263
    -7.755
    -6.425
    -6.918
    -7.111
    -8.895
    -4.995
    -4.438
    -2.954
    -1.177
    -2.865
    -1.069
    -0.072
     2.771
     4.121
     2.642
     2.353
     3.104
     1.187
     1.070
    -1.375
    -1.321
    -2.620
    -2.543
    -2.902
    -2.101
    -3.630
    -3.275
    -3.919
    -2.245
     1.021
     0.002
     2.418
     3.400
    -0.104
     0.672
     3.468
     3.269
     1.888
     3.171
     4.619
     5.796
     5.077
     3.716
     2.863
     4.766
     2.926
     2.497
     5.864
     4.962
     4.563
     6.474
     7.809
     7.581
     6.600
     6.590
     7.192
     7.126
     7.060
     8.394
     7.241
     8.715
     6.500
     8.576
     9.718
     5.272
     5.425
     4.150
     2.854
     2.247
     1.687
    -0.132
     2.385
     0.415
    -0.451
    -1.082
    -1.616
    -0.407
    -3.560
    -3.196
    -6.013
    -6.824
    -6.628
    -4.118
    -4.070
    -3.328
    -1.377
    -2.373
    -0.906
    -1.509
    -3.573
    -4.921
    -4.842
    -6.575
    -5.478
    -5.626
    -6.508
    -4.556
    -6.563
    -3.209
    -3.110
    -1.343
    -0.678
     0.145
    -2.658
     0.222
    -2.594
    -3.734
    -3.134
    -2.806
    -0.463
    -1.991
    -1.083
    -2.539
    -0.665
    -1.092
     0.119
    -3.413
    -8.920
    -9.252
    -7.387
    -6.556
    -7.000
    -7.690
    -9.398
    -4.487
    -6.452
    -8.099
    -8.172
    -6.314
    -4.647
    -4.078
    -2.351
    -2.573
    -0.089
     1.653
     2.703
     2.928
     3.579
     2.353
     0.044
     3.744
     2.706
     5.947
     6.627
     6.995
     7.215
     6.764
     9.664
     9.807
    11.315
     9.856
    11.393
    12.944
    13.657
    14.472
    13.286
    13.962
    13.225
    11.135
    11.330
    12.937
    10.449
     5.820
     6.785
     2.571
     0.571
     0.195
    -3.643
    -2.582
    -8.289
    -7.457
    -7.904
    -4.825
    -3.588
    -4.076
    -2.530
    -2.782
     0.780
     2.260
     0.407
     1.365
     2.631
     3.374
     3.772
     1.224
     1.714
     1.026
     5.932
     3.247
     1.077
    -1.394
    -0.893
    -0.726
    -1.443
    -1.024
    -1.118
    -0.890
     0.466
     0.695
    -0.112
    -1.692
    -2.320
    -1.774
    -6.287
    -6.702
    -8.407
    -8.716
    -0.345
    -5.336
    -8.961
   -10.218
    -8.528
    -8.177
    -4.873
    -3.699
    -5.673
    -7.772
    -7.700
    -3.916
    -4.872
    -2.812
    -2.189
    -2.625
    -1.626
    -3.521
     0.073
     3.359
     1.361
     1.015
     1.217
     4.310
    -3.238
    -5.296
    -5.536
    -4.250
    -3.108
     0.117
     0.987
    -1.064
    -2.085
    -4.284
    -5.403
    -2.101
    -3.357
    -4.389
    -3.528
    -2.394
    -2.575
    -3.936
    -2.986
    -1.726
    -0.943
    -1.210
    -2.606
    -1.743
    -3.188
    -1.030
    -1.232
    -2.235
    -1.608
    -0.392
     4.110
     3.534
    -3.369
    -1.382
     3.007
     4.428
     6.032
     5.815
     5.466
     6.622
     6.650
     7.727
     7.423
     6.441
     5.027
     5.169
     5.049
     2.505
     3.364
     4.923
     2.759
     3.751
     4.558
     6.267
     6.923
     5.972
     4.624
     5.544
     3.590
     5.915
     4.549
     5.087
     6.010
     4.695
     4.717
     3.756
     3.722
     1.125
     2.020
     1.626
     4.009
     0.709
     1.481
     1.138
     3.235
     1.843
     0.774
     1.832
     1.831
     0.873
     1.831
    -0.674
    -0.722
    -2.511
    -2.577
    -2.786
    -4.125
    -2.909
    -3.949
    -3.338
    -4.389
    -3.653
    -3.558
    -5.909
    -3.797
    -3.828
    -3.769
    -2.729
    -1.846
    -4.246
    -4.869
    -5.120
    -3.891
    -4.786
    -4.918
    -5.740
    -4.661
    -3.634
    -6.000
    -2.865
    -1.837
    -0.124
    -0.212
    -1.990
    -2.720
    -3.056
    -0.087
    -1.043
     0.296
     1.356
     2.960
     3.447
    -0.187
    -0.796
     0.417
     3.052
     3.953
     3.379
     0.134
    -1.368
     0.015
    -0.026
     3.724
     4.569
     3.395
     1.837
     1.434
     1.691
     0.676
     2.140
    -1.145
     0.600
    -1.575
    -1.089
    -0.851
     0.590
    -1.738
    -2.534
    -1.171
    -0.996
    -3.945
    -3.789
    -2.774
    -0.233
    -0.035
    -1.941
    -3.946
    -1.578
    -1.487
    -0.254
    -0.949
     0.577
    -0.448
    -1.297
    -0.132
    -0.850
     1.656
     3.232
     1.948
    -0.095
     1.242
     2.693
     3.785
     2.252
     2.329
     4.040
     1.863
     0.130
     0.131
     1.886
     1.717
     2.215
     1.109
     1.503
     1.456
     1.712
     1.630
     3.047
     2.162
     2.290
     2.687
     0.718
    -0.297
    -1.031
    -3.843
    -1.641
    -2.642
    -2.480
    -3.577
    -2.458
    -2.414
    -1.898
    -0.956
    -3.023
    -1.863
    -1.381
    -1.765
    -1.767
    -0.657
    -1.372
    -2.487
    -0.060
    -0.456
    -1.012
    -1.176
    -1.701
    -0.882
    -2.622
    -3.156
    -0.594
    -1.578
    -0.446
    -1.414
     0.987
    -0.315
    -0.233
    -1.417
     0.821
    -1.599
     0.537
     0.529
     0.583
    -0.441
    -0.441
     0.498
    -0.673
     0.481
     0.279
     1.314
     2.426
     1.543
     1.317
     1.297
     1.130
     1.077
     0.273
     0.114
     1.378
    -0.022
     1.271
    -0.341
     2.030
    -0.068
     1.988
     0.953
     2.032
     0.419
     0.486
     0.371
     2.909
     0.443
     1.443
    -0.726
    -0.674
     2.325
     2.189
    -1.152
    -0.923
    -0.514
    -0.599
    -2.007
    -1.662
     1.229
     1.189
    -0.134
     0.675
     2.464
     2.604
     2.341
     5.462
     4.989
     6.065
     7.181
     7.357
     5.941
     6.005
     6.097
     6.425
     5.143
     2.982
     2.929
     3.308
     0.840
    -0.171
    -0.152
     0.920
     0.711
    -0.095
     1.823
     1.978
     0.854
     0.939
     0.991
     1.080
     0.899
    -1.492
    -1.414
     0.896
    -0.117
    -0.898
    -3.299
    -0.911
    -1.130
    -2.838
    -2.892
    -2.724
    -3.944
    -4.596
    -4.758
    -3.647
    -3.638
    -3.778
    -2.767
    -3.561
    -3.544
    -3.363
    -4.423
    -4.513
    -5.334
    -5.304
    -4.389
    -4.967
    -5.020
    -5.101
    -5.047
    -5.844
    -6.087
    -7.052
    -7.158
    -6.674
    -7.014
    -7.081
    -4.534
    -5.117
    -4.533
    -3.076
     0.287
    -0.720
     0.325
    -0.697
    -1.781
    -1.699
    -0.815
    -0.656
    -0.558
    -1.563
     0.623
    -0.344
    -0.520
     1.025
    -0.268
    -0.078
    -0.098
     0.129
    -0.133
    -0.867
    -2.050
     0.214
    -0.193
     2.438
     1.208
    -0.070
     2.323
     3.550
     1.339
     0.172
     2.155
     3.248
     3.568
     1.608
     1.401
     2.835
     1.361
     4.536
     4.578
     6.929
     4.347
     6.405
     7.224
     9.581
     7.167
     5.881
     7.071
     6.734
     4.510
     3.681
     3.466
     2.564
     1.479
     1.612
     1.355
     1.491
     2.255
     3.378
     2.382
     2.446
     2.267
     0.894
     1.823
     3.065
     1.463
     3.919
     4.711
     2.828
     2.511
     0.422
     0.181
     2.602
     2.824
     1.405
    -1.110
     0.012
     0.165
    -0.875
     0.147
    -0.466
     0.240
    -1.096
    -1.268
    -2.603
    -2.416
    -1.366
    -0.652
    -0.802
     1.936
     1.037
     0.875
     0.040
    -0.521
    -0.234
    -0.549
    -2.467
    -2.423
    -0.538
    -0.505
    -0.701
     0.215
    -1.558
    -2.808
    -2.942
    -2.893
    -2.946
    -0.835
    -1.644
    -4.408
    -1.821
     0.035
    -0.972
    -3.278
    -1.892
    -3.500
    -1.867
    -2.229
    -2.109
    -2.030
    -1.138
    -3.472
    -3.543
    -1.328
    -2.171
    -3.053
    -1.972
    -3.318
    -2.918
    -0.795
    -1.720
    -0.965
    -0.647
    -1.862
    -2.941
    -3.967
    -3.746
    -2.820
    -1.507
    -2.710
    -1.739
    -1.493
    -3.487
    -2.703
    -1.456
    -1.100
    -0.047
    -1.323
    -1.223
    -0.982
    -1.174
    -0.856
    -1.814
    -0.684
    -1.505
    -0.395
    -2.465
     0.411
     1.949
     0.803
     0.832
    -0.371
    -0.355
    -0.691
    -0.438
     0.375
     1.917
    -1.623
    -1.350
    -0.431
    -0.328
     0.972
     2.074
     2.283
     3.598
     2.294
     1.474
     1.525
     1.345
     2.438
     3.404
     4.577
     7.940
     6.796
     6.156
     4.801
     3.134
     6.137
     4.256
     3.839
     2.139
     1.355
     1.457
     3.553
     1.485
     0.570
    -0.427
    -0.655
    -1.509
    -1.497
    -1.471
    -2.798
    -0.419
    -0.791
    -0.683
     0.024
     0.206
     2.249
     2.443
     2.164
     0.038
     0.071
     0.083
     0.731
    -0.352
    -0.288
     0.911
    -0.005
    -1.412
     0.726
    -1.293
    -2.622
    -1.116
    -2.489
    -2.418
    -1.642
    -2.686
    -4.047
    -4.035
    -3.012
    -4.001
    -3.086
    -2.903
    -2.354
    -1.301
     2.128
    -0.134
     0.562
     0.759
     1.538
     1.484
     2.381
     3.668
     3.215
     1.317
     1.084
     2.200
     0.806
     0.841
     1.727
     1.857
     2.594
     2.574
     2.366
     0.427
    -0.952
     1.349
     1.947
     3.214
     1.661
     1.678
     0.268
     1.445
     0.416
     1.775
    -0.756
    -0.779
     1.397
     1.456
     1.497
     0.472
     0.502
     0.516
    -0.384
    -0.602
     1.924
    -2.518
    -0.394
    -1.112
    -0.244
    -0.958
    -0.005
    -0.699
    -0.796
    -0.362
     0.315
     0.238
    -2.762
    -0.352
    -0.407
     0.953
    -0.120
     2.329
    -1.855
    -1.630
    -0.487
    -1.429
    -1.171
    -0.958
    -0.001
    -0.532
    -0.509
    -3.179
    -3.026
    -1.892
    -0.748
    -0.335
    -2.479
    -1.943
     1.313
    -0.466
    -1.430
    -0.869
     0.647
    -0.365
    -1.189
    -1.791
    -1.623
    -1.191
    -1.007
    -1.891
    -0.836
    -2.431
    -1.142
    -0.954
     0.406
    -2.545
    -0.339
     1.193
     0.462
    -0.450
     0.909
     0.447
     0.559
    -0.026
    -0.588
    -1.517
    -1.150
    -0.497
    -2.230
    -4.880
    -4.709
    -2.515
    -5.438
    -3.805
     0.309
     0.811
     1.748
     3.529
     0.341
     1.585
    -0.361
     2.202
     0.075
     0.339
     1.551
    -0.090
     0.109
     0.778
     0.163
     0.423
    -0.733
    -0.602
     1.934
     0.177
    -0.045
    -1.257
     0.973
     1.025
     2.026
    -1.185
    -3.246
    -2.796
    -2.736
    -1.442
    -1.241
    -3.047
    -1.575
    -4.340
    -1.354
    -2.285
    -2.496
    -1.342
     0.315
    -1.839
    -4.310
    -2.116
    -1.445
    -0.532
    -0.376
     0.078
    -0.681
    -5.926
    -1.841
    -3.818
    -1.103
    -0.946
    -0.426
     1.805
     7.212
     7.646
     2.654
     3.074
     8.540
    13.404
    12.205
    11.442
    10.646
     9.546
     9.541
     8.853
     7.960
     3.477
     1.560
     1.024
    -1.772
    -3.650
    -1.631
    -1.139
    -2.629
    -0.136
    -0.915
     1.946
     5.620
     7.497
     9.436
     5.328
     6.474
     4.664
     4.171
     6.239
     0.631
     0.900
    -7.848
    -4.247
    -6.530
    -7.465
    -3.994
    -3.208
     0.575
     2.426
     0.414
     2.529
     3.031
     3.562
     4.178
     2.627
     4.619
     5.502
     1.287
     4.120
     6.617
     9.851
    12.420
    11.728
    11.357
    12.721
     9.823
    11.296
    10.257
     9.180
    -0.587
    -5.910
    -2.926
    -3.372
     5.580
   -10.827
    -8.473
    -2.231
    -0.186
    -5.202
    -6.588
   -12.531
   -12.944
   -17.556
   -23.938
   -26.412
   -25.150
   -19.904
   -17.625
   -16.673
   -19.854
   -16.861
   -14.962
   -13.786
   -15.842
   -14.626
   -12.275
    -7.452
    -6.668
    -6.014
    -8.121
    -6.898
    -6.257
    -5.892
    -7.412
    -8.059
    -5.478
    -5.481
    -3.713
    -4.024
    -4.093
    -3.196
     0.439
     0.637
     3.989
     5.158
     6.858
     4.265
     4.677
     5.849
     6.974
     6.298
     5.892
     7.174
     7.163
     6.996
     6.489
     5.720
     6.772
     4.914
     4.221
     3.013
     2.022
     1.724
     1.737
     1.723
     3.179
     3.662
     3.304
     4.421
     3.967
     4.254
     4.865
     5.118
     5.095
     5.653
     5.484
     5.984
     6.176
     6.342
     6.656
     7.094
     7.471
     7.563
     6.493
     7.069
     6.996
     7.199
     6.887
     6.942
     6.967
     7.056
     6.846
     6.940
     6.837
     6.895
     6.732
     6.772
     6.590
     6.628
     6.423
     6.436
     6.203
