      -33.57783       -38.28331
      -33.31002       -38.31328
      -32.92974       -38.12232
      -32.53988       -37.99703
      -32.03823       -37.65160
      -31.52768       -37.37252
      -30.90661       -36.87484
      -30.27770       -36.44463
      -29.54010       -35.79809
      -28.79608       -35.22058
      -27.94580       -34.42972
      -27.09093       -33.70982
      -26.13263       -32.78027
      -25.17189       -31.92400
      -24.11101       -30.86244
      -23.04996       -29.87685
      -21.89258       -28.69113
      -20.73748       -27.58448
      -19.49049       -26.28328
      -18.24945       -25.06438
      -16.92138       -23.65817
      -15.60302       -22.33774
      -14.20420       -20.83556
      -12.81908       -19.42262
      -11.35661       -17.83712
       -9.91098       -16.34605
       -8.39526       -14.68994
       -6.89623       -13.13132
       -5.33201       -11.41753
       -3.79340        -9.80527
       -2.19849        -8.04077
       -0.62767        -6.38012
        0.99606        -4.58115
        2.58236        -2.90303
        4.20814        -1.08882
        5.79741         0.60945
        7.41349         2.43037
        8.98656         4.13122
       10.58842         5.94104
       12.14925         7.62028
       13.73277         9.41654
       15.25283        11.08175
       16.78271        12.84770
       18.25582        14.49276
       19.73057        16.24083
       21.14496        17.84300
       22.56476        19.51066
       23.93363        21.03856
       25.32341        22.63202
       26.65326        24.10284
       27.97789        25.63534
       29.23499        27.00269
       30.49937        28.42588
       31.68439        29.70343
       32.77162        31.01967
       33.77316        32.20538
       34.76618        33.43494
       35.62839        34.51645
       36.42917        35.62759
       37.18278        36.60918
       37.95378        37.60451
       38.68121        38.43250
       39.48355        39.26445
       40.29657        39.91699
       40.99660        40.49835
       41.49403        40.99254
       42.00807        41.52737
       42.48079        41.90769
       42.94831        42.26457
       43.31510        42.46113
       43.51631        42.71387
       43.45412        42.86993
       43.38304        43.14466
       43.34242        43.19345
       43.15673        43.13141
       42.89664        43.02561
       42.67466        42.94707
       42.36522        42.63504
       42.01640        42.40638
       41.64165        42.01559
       41.24108        41.55693
       40.79422        40.92381
       40.28337        40.32474
       39.76939        39.56059
       39.14713        38.98119
       38.45533        38.11036
       37.61815        37.12641
       36.81670        36.34191
       35.90607        35.59201
       35.02031        34.50008
       34.12539        33.23745
       33.05952        31.98407
       31.97399        30.92453
       30.87560        29.69251
       29.71727        28.32721
       28.59720        27.10388
       27.58581        25.96758
       26.70792        24.54684
       25.67472        23.14275
       24.52848        21.72552
       23.28729        20.12790
       21.93242        18.52136
       20.51486        17.00849
       19.12467        15.39756
       17.81682        13.75485
       16.40532        12.01637
       14.88155        10.30114
       13.22703         8.72387
       11.60629         7.10892
       10.09851         5.34662
        8.69038         3.95784
        7.27472         2.08778
        5.58021         0.51044
        4.23852        -0.99961
        2.80123        -2.40199
        1.19360        -4.26157
       -0.16845        -4.82597
       -0.99438        -6.37678
       -1.98537        -8.36333
       -3.27449        -9.23467
       -4.28980       -10.79490
       -6.11970       -13.97217
       -8.00830       -14.23522
       -9.17007       -15.00085
       -9.89193       -17.69138
      -11.50680       -18.67351
      -12.44841       -18.10186
      -13.01286       -19.55648
      -14.21840       -21.50033
      -15.30897       -21.55946
      -15.77753       -22.59887
      -16.12723       -23.76763
      -16.89961       -23.56622
      -16.96214       -23.91641
      -17.18509       -24.78696
      -17.71557       -24.69426
      -18.00839       -25.22139
      -18.29519       -25.49516
      -18.47926       -25.49379
      -18.62657       -25.81997
      -18.64974       -26.29824
      -19.19407       -25.96890
      -19.62461       -25.41003
      -19.51774       -25.20896
      -19.52515       -24.15912
      -19.62153       -23.74281
      -19.46027       -23.71969
      -19.46870       -23.14724
      -19.21947       -22.95809
      -19.21988       -22.54974
      -18.99256       -21.84485
      -18.49482       -21.42088
      -18.15931       -21.03049
      -18.05333       -20.84116
      -18.11952       -20.40554
      -17.84518       -19.74110
      -17.60297       -19.25052
      -17.52017       -18.86123
      -17.28943       -18.32591
      -16.79805       -17.93204
      -16.46869       -17.50225
      -15.89862       -16.62401
      -15.57051       -16.25999
      -15.28165       -15.87764
      -15.25468       -15.41961
      -15.46690       -15.11339
      -15.62096       -15.10160
      -15.44416       -14.68171
      -15.41914       -14.23639
      -15.14319       -13.71308
      -15.11897       -13.27443
      -14.65377       -12.59790
      -14.32023       -12.20614
      -14.33568       -12.08661
      -14.02272       -11.33195
      -13.24869       -10.85961
      -12.28620       -11.25224
      -11.57258       -11.75730
      -11.03045       -11.90741
      -10.54713       -11.73004
      -10.50525       -11.75783
      -10.93214       -11.30821
      -11.40040       -11.19383
      -12.10738       -11.24215
      -12.58569       -10.77578
      -12.84265        -9.69218
      -13.11091        -9.38397
      -13.24777        -8.67862
      -13.05587        -7.66873
      -12.60252        -6.74175
      -12.08038        -6.36032
      -11.80673        -5.98187
      -11.48424        -5.55901
      -10.99021        -5.44921
      -10.65729        -5.40506
       -9.99279        -4.81401
       -9.03935        -5.18869
       -8.33429        -5.54650
       -7.78027        -5.84009
       -6.95458        -6.63687
       -6.78988        -7.37946
       -7.07348        -7.96529
       -7.42804        -8.03698
       -7.93087        -8.22192
       -8.72463        -7.37276
       -8.88662        -6.00690
       -9.08950        -4.93695
       -9.23059        -4.16032
       -9.72255        -3.31964
       -9.90270        -1.66230
       -9.61367        -0.32091
       -9.16282         0.82710
       -8.77278         1.94917
       -8.11089         2.77786
       -7.58978         3.32057
       -7.10681         3.59992
       -6.87461         3.85330
       -6.51053         4.64329
       -5.95720         4.42733
       -5.82199         3.66801
       -5.64752         2.99272
       -5.74115         2.69409
       -5.50553         2.91952
       -5.22799         3.42162
       -4.90120         3.79781
       -4.52249         4.29069
       -4.09453         4.86767
       -3.68465         4.57139
       -3.70552         3.89926
       -3.59447         3.68388
       -3.35419         3.97269
       -3.05199         3.95831
       -3.00057         3.85815
       -2.88725         3.51484
       -3.02470         3.29582
       -3.01028         3.04371
       -3.42665         2.11592
       -3.71116         1.79511
       -3.91648         0.91869
       -3.83154         0.75408
       -4.36428         0.91437
       -4.36678         1.05655
       -4.10015         0.87325
       -4.08172         0.42714
       -4.13419         0.48565
       -3.83490         0.84139
       -3.38654         0.86185
       -3.37645         0.87964
       -3.31731         0.66221
       -3.01651         0.89223
       -2.97669         1.19712
       -2.79524         1.88952
       -2.85482         2.28692
       -2.79281         3.40194
       -3.06188         4.04203
       -3.17941         4.60986
       -2.64806         5.23288
       -1.86522         5.66373
       -1.04356         6.49990
       -0.22045         6.29401
        0.44141         6.00354
        0.77468         5.61114
        1.40663         6.00429
        1.93993         5.50562
        2.10186         5.29263
        2.28506         5.78795
        3.01685         6.32906
        3.41984         6.44864
        3.00134         5.88414
        2.56400         6.80821
        2.82509         9.17836
        3.29726        12.26723
        3.76780        14.27230
        4.04935        14.79624
        4.20919        14.54653
        4.39998        14.85582
        4.52898        15.45160
        5.48885        16.42655
        6.52686        16.68813
        6.95566        16.24903
        6.84253        15.29672
        6.86010        14.73386
        7.40567        14.86796
        7.91186        14.69167
        8.41597        13.38249
        8.56060        12.07307
        8.64308        11.17092
        8.50601         9.47871
        8.58670         8.57391
        8.91775         7.74921
        9.01647         6.31210
        8.64548         5.50524
        7.89208         5.03613
        7.86886         5.41745
        8.18316         5.83667
        8.38756         5.42648
        8.42939         5.19437
        8.71124         5.26301
        9.08042         4.41990
        9.27954         3.83771
        8.46590         2.41392
        7.24212         2.42123
        5.85549         2.81712
        4.90864         5.64425
        5.34885         9.83014
        6.17875        13.36745
        7.78563        15.96366
        8.92212        16.65147
        9.06550        16.05835
        9.60841        14.06699
        9.75812        10.93487
        9.32728         8.26468
        8.71316         6.42389
        8.73841         4.78519
        8.41030         3.17606
        8.12147         1.73918
        6.98920        -0.06796
        5.69614        -1.38269
        4.67957        -1.11754
        4.58212        -0.25980
        4.74108         0.48799
        5.54909         1.32851
        5.86345         0.64924
        5.63676        -2.56714
        3.67636        -6.41316
        0.37485        -8.21614
       -1.99045        -7.30859
       -2.08692        -4.26786
       -1.64725        -1.10646
       -1.39882         0.57829
       -1.76431         1.31383
       -2.19111         2.44288
       -1.53188         2.38288
       -1.00402         1.97650
       -1.27020         2.51123
       -1.09778         3.35973
       -2.14948         1.06946
       -3.21263         0.12308
       -4.66994         0.14808
       -5.70875         0.79711
       -6.35177         0.49763
       -6.81635         1.65232
       -6.08517         4.15863
       -4.25558         5.46922
       -3.53028         5.56156
        6.82339        20.37830
        8.82274         7.00689
       -1.19958        -2.91999
       -6.97625       -12.78490
       -4.18462       -10.94520
        0.58264        -7.38341
        1.38817        -8.31689
        2.79931        -8.49819
        3.63871       -12.81466
        3.75368       -10.91885
        4.24691        -9.35812
        5.91570        -8.87501
        6.11272       -10.22689
        5.94531       -11.29632
        8.14613        -7.85065
        9.00251        -4.79243
       10.80711        -1.81905
       12.80728         0.18695
       14.16566         1.75820
       15.88963         2.75213
       19.56183         3.96139
       22.14962         3.57339
       23.66565         1.04076
       23.68729        -2.79905
       24.27720        -2.18342
       26.07274         1.49505
       27.32657         0.34902
       28.70605        -0.44411
       30.52386        -5.75172
       28.53735       -12.24637
       24.87921       -11.03545
       23.54679        -7.15156
       25.70278        -1.50207
       24.21453        -5.82956
       19.71473       -11.21144
       17.95075       -11.68028
       17.86528       -10.18347
       14.46566        -9.80363
       13.29462       -11.31812
       11.14950       -12.25954
        7.40301       -12.01532
        6.51251        -9.70801
        4.44071        -8.80505
        0.39497       -10.16902
       -1.57201        -9.62734
       -5.00284       -11.44259
       -9.41483       -10.03220
       -8.91060        -7.74877
      -11.32744        -6.35971
      -11.06798        -5.50762
      -11.13950        -5.38993
      -12.72462        -6.02924
      -10.22063        -2.67296
       -6.57014         0.35627
       -6.79046        -0.57895
       -5.16417        -1.76124
       -6.46858        -3.35803
       -3.84628        -2.11194
       -1.34458        -1.42038
       -2.70605        -5.25600
       -1.48801        -5.14620
        0.20698        -3.33362
        0.67159        -2.07570
        0.23326         0.34495
        1.42470         0.94089
        2.80329         3.07947
        2.61179         0.77328
       -0.51243        -2.10033
       -1.33663        -1.08880
        0.96659         2.47525
        0.16998         2.75437
        1.26091         1.93591
        1.02214         0.60244
       -1.70895         0.15132
       -2.02960         3.16508
       -1.35242         5.04111
       -1.48466         6.06195
       -0.16893         6.96493
        0.84752         4.22264
       -0.52791         2.42240
       -0.75246         3.02677
        1.42125         5.09310
        3.13598         7.00394
        3.79914         6.78662
        4.63346         6.17371
        1.26637         4.04254
       -2.56940         2.50565
       -5.94644         3.03039
      -14.67199         1.12930
      -18.51864         1.15973
      -21.62367         1.30419
      -22.83963         2.83006
      -25.78381         1.71986
      -27.30876         1.06091
      -32.83177        -0.63422
      -32.54539         3.19180
      -29.25691         6.26148
      -30.20887         6.33219
      -29.52857         4.69645
      -30.46855         4.72158
      -26.27611         7.68014
      -21.77379         9.20946
      -19.49887        10.13205
      -13.20394        11.84527
       -9.00623        10.21164
       -5.32835        10.00848
        0.38247        10.34835
        5.89363         7.04857
        9.45788         3.85165
       10.87263         0.65495
       12.60063        -1.77900
       12.94928        -3.59290
       14.68135        -5.96418
       15.48423        -6.31553
       14.96067       -12.23444
        9.97809       -18.02353
        7.67922       -16.89031
       11.14147       -11.20744
       10.41759        -9.53238
       10.11498       -12.10780
       10.03640       -13.80119
        3.93923       -16.18519
       -0.44378       -15.45729
        4.81478       -11.49016
        5.95765       -10.91125
        4.57221       -10.98324
        2.68123       -12.06361
        1.66210       -11.05500
        5.65753        -9.08490
        5.93495        -7.75597
        5.72707        -8.02568
        4.65131       -10.30668
        3.42038        -9.76647
        3.20169        -8.25767
        3.17795        -7.82778
        3.43658        -7.98946
        3.83027        -7.70016
        3.48644        -7.73254
        4.12779        -8.44409
        2.63174        -9.31744
        1.91098        -8.34007
        1.24289        -7.53463
       -0.00978        -7.84860
       -0.01968        -8.18461
       -1.59407        -7.94013
       -2.56559        -6.51783
       -2.24152        -6.08515
       -3.60448        -4.46475
       -6.66177        -1.84409
       -8.50602        -0.77582
       -8.67451         0.00261
      -11.21988         1.29854
      -11.98943         2.42453
      -12.67580         2.62793
      -12.59627         2.56127
      -13.89350         3.37193
       -9.92477         3.84245
       -6.93275         5.09017
       -7.84473         5.34767
       -7.50336         3.25230
       -6.52595         1.51661
       -9.50515         2.25796
      -11.39827         2.51892
       -8.56797         1.09683
       -8.51156         0.43427
      -11.90170         2.09860
      -13.07573         4.55238
      -13.51629         2.84298
      -13.15072         2.44297
      -13.89166         3.24970
      -16.88647         4.45577
      -17.50779         5.00853
      -17.32299         4.59054
      -18.89470         4.34921
      -21.66030         5.24709
      -22.74243         7.72155
      -18.92846         9.61519
      -19.56106         8.82538
      -26.53757        10.21468
      -26.30069        12.74050
      -23.42776        13.47541
      -25.78146        13.81678
      -21.35916        16.04723
      -16.99355        13.48412
      -12.93199        10.08004
      -10.60717         8.91239
      -10.47645         8.94376
      -11.70254         6.56152
      -11.00281         5.17830
       -7.16995         4.06148
       -6.46134         2.46364
       -8.83969         1.93220
      -10.82237         0.26975
      -11.11211         0.30370
       -8.73626        -0.13337
      -10.11756        -2.53404
      -12.66338        -2.37570
      -11.62645        -2.72097
      -12.27415        -4.55721
      -13.13921        -4.51703
      -14.44901        -2.29782
      -16.24630        -1.29216
      -14.87845        -0.72743
      -13.84820        -0.34625
      -11.19297        -1.69597
      -10.79545        -0.33918
      -10.20310         0.18672
      -10.58860        -1.25083
      -13.53940        -2.13922
      -10.54822         2.15897
       -1.81248         4.54638
       -0.71491         1.52042
       -5.34295         0.12370
       -8.30932         1.21368
       -7.04145         5.30297
       -2.48210         6.05899
        0.94132         3.92439
        2.84606         1.18659
        5.44469         2.45822
        5.34446         4.54672
        5.93793         3.67473
        9.69235         2.20966
       12.51030         0.73418
       10.80900         0.63571
        9.03102         1.45688
        7.32361         1.77515
        8.02932         3.28315
       10.72539         3.56832
       11.32438         2.57331
       10.31352         0.74555
        7.51538        -0.18231
        8.07718         1.22719
       11.39148         2.40667
       10.28550         3.00359
        8.31181         4.01061
        9.66763         5.72515
        9.98551         4.48988
        9.89268         2.42224
       11.36169         2.45489
       11.23977         3.46526
       10.27944         4.45603
        9.57797         5.01463
        7.75786         4.74371
        6.85638         5.13075
        7.62604         5.34838
        6.71408         6.10406
        6.28303         6.21044
        6.90013         6.18498
        6.32791         7.23034
        7.23360         7.69396
       10.44974         6.61851
       10.10355         5.60145
       12.05758         5.90541
       16.15904         6.22788
       16.83048         6.22150
       15.11911         6.78372
       13.74749         7.53721
       15.15283         7.58943
       16.85768         6.45301
       18.70925         5.25545
       20.58010         4.86938
       19.89744         4.52225
       19.96382         4.01674
       21.78646         3.29030
       23.20791         1.56557
       22.14538         0.41003
       23.40144        -0.10367
       21.92329        -1.10809
       19.28349        -1.73055
       17.44926        -1.53360
       15.93317        -0.40459
       14.80242        -0.49606
       13.20958        -0.11536
       11.37187        -0.18503
        9.47185         0.24758
        7.60673         0.65993
        5.87910         1.51466
        6.12617         1.58925
        6.44050         1.31632
        5.69933         0.77334
        5.50521         0.38296
        4.34539         0.19264
        2.19242         0.88500
        1.97356         2.16752
        1.93135         2.31284
        0.55306         2.11840
        0.83124         1.91685
        1.02314         2.15565
        2.58133         2.16742
        4.00307         1.50963
        6.25092         1.33491
        7.87214         0.38071
        8.52931        -0.28034
       10.13968        -1.07078
       11.58584        -1.63799
       12.63504        -1.34452
       13.94988        -1.43772
       15.48760        -1.11017
       14.79082        -1.06924
       13.49678        -0.37747
       12.58809        -0.34224
       11.96201        -1.57613
       12.50116        -3.11648
       14.91279        -3.11587
       15.55951        -2.74169
       13.58861        -3.22648
       11.86269        -3.89763
       10.13903        -3.51773
        9.45025        -3.03412
        9.09364        -2.16939
        9.33180        -2.38094
        8.71204        -2.69132
        7.52698        -2.99792
        6.99391        -3.30333
        5.79546        -3.34491
        5.85895        -3.93527
        7.72697        -3.63179
        3.15687        -3.66705
        3.38125        -5.00844
        2.99746        -5.12855
        1.53811        -4.63477
        1.70055        -3.93970
        3.09739        -2.64073
        5.80599        -3.20044
        5.97896        -4.11625
        4.89367        -5.41076
        4.72276        -5.59134
        4.16356        -5.16061
        3.23873        -4.46599
        2.75562        -3.82005
        2.81689        -3.08021
        3.51988        -2.37909
        3.47728        -1.90408
        3.49643        -1.96780
        2.97001        -2.18766
        3.39536        -2.70626
        2.15520        -3.21103
        0.43685        -2.96459
        0.75303        -2.35433
       -0.79892        -1.72289
       -2.28628        -1.58770
       -2.51169        -1.75135
       -2.90245        -1.94128
       -3.23119        -2.36012
       -3.23519        -2.48529
       -2.65708        -3.38942
       -2.56415        -3.60992
       -3.85900        -3.15946
       -4.71892        -2.56542
       -4.02653        -1.92047
       -4.39910        -1.14204
       -2.58923        -1.56275
       -1.42418        -1.83004
       -1.19657        -2.89656
       -1.23368        -3.72974
        0.57194        -4.35222
        2.80298        -4.52145
        4.41689        -5.89006
        4.64638        -6.28550
        4.62890        -7.13043
        3.83716        -7.40227
        4.48861        -7.53369
        4.87598        -7.49213
        4.91671        -7.70024
        4.70355        -7.99547
        4.32393        -7.94049
        2.29061        -7.99273
        1.09102        -7.80485
        1.10793        -6.71432
        1.58878        -6.25377
        3.05633        -6.53069
        3.64802        -6.64772
        3.08664        -6.57233
        2.47961        -6.72716
        0.92973        -7.27970
        0.09444        -7.12259
       -0.59348        -6.62331
       -0.35659        -5.90452
       -1.77209        -5.17367
       -4.29253        -5.66344
       -3.87511        -5.86131
       -3.22240        -5.74991
       -2.62159        -5.78674
       -2.46523        -6.01447
       -2.96051        -6.19054
       -3.12998        -5.89765
       -3.65084        -5.60326
       -4.04451        -5.27071
       -5.24153        -5.36545
       -6.11110        -5.42219
       -6.92153        -5.55770
       -6.89534        -5.46468
       -7.22974        -5.27060
       -6.77724        -5.85811
       -5.88507        -6.29471
       -4.63571        -7.06307
       -3.33640        -7.76067
       -2.89963        -8.19016
       -0.70261        -9.00903
       -0.09785        -8.78997
        0.07743        -9.06043
       -0.59925        -9.21310
       -1.73511        -9.10546
       -4.17268        -7.95018
       -3.34912        -6.87472
       -3.95698        -6.34179
       -4.41344        -5.57883
       -3.62101        -5.20854
       -3.25689        -5.10839
       -4.55361        -4.87105
       -6.71834        -4.12399
      -11.74362        -3.02991
      -16.20663        -2.43625
      -18.56989        -0.28571
      -19.46060         1.13424
      -18.04128         1.35095
      -15.22912         0.32691
      -14.29664        -0.01053
      -15.80104        -0.41884
      -19.39485        -0.08071
      -22.34525         0.71640
      -24.19478         2.75983
      -25.36062         4.15210
      -25.75420         4.43985
      -24.90606         5.85766
      -27.10538         6.76083
      -26.41047         6.78255
      -26.16387         6.82018
      -30.57280         7.01625
      -31.74976         7.62807
      -31.98199         8.60821
      -29.32199         8.84399
      -25.36701         7.64793
      -22.42956         5.97740
      -18.25687         4.68493
      -18.35147         3.83784
      -20.43058         4.03870
      -19.87675         4.90484
      -20.97720         5.72880
      -19.02447         6.68793
      -15.10579         7.58478
      -13.54372         8.52668
      -14.02548         9.51619
      -20.82363         9.54067
      -21.21539        11.10265
      -18.16335        12.93950
      -12.38472        13.03376
       -7.38208        11.12279
       -4.82266         9.33914
       -4.74904         8.39018
       -3.01846         7.62846
       -2.87350         7.57133
       -4.56141         7.62137
       -6.39478         7.48594
       -9.00084         7.91758
      -11.75220         8.63369
      -13.93612         8.96682
      -16.27518         9.47433
      -18.05665        10.28881
      -18.87313        10.68762
      -19.75189        11.53332
      -22.14554        11.44332
      -23.65135        10.92016
      -23.13194        10.93124
      -22.88457        11.84913
      -22.25187        11.80122
      -21.53115        11.25008
      -22.33499        10.02311
      -23.02073         9.88288
      -20.85096         9.71678
      -22.02301         9.59741
      -26.53948         9.32216
      -28.44772        10.17360
      -26.46034        10.23916
      -26.32468        10.63141
      -28.31335        10.53775
      -30.68371        11.19079
      -29.26840        11.22793
      -30.79473        11.37175
      -30.26539        11.19969
      -28.45770        10.93433
      -27.81433        10.91309
      -25.10261        10.82858
      -19.82523        10.39820
      -18.38953         9.78457
      -14.35820         8.44511
      -12.51857         7.99243
      -11.41336         7.59393
       -9.98991         8.02227
       -9.49092         8.11485
       -6.98376         6.76427
       -2.00113         4.95800
        3.22960         3.54863
       10.29571         2.66361
       12.78983         2.35554
       13.01923         2.57189
       13.97654         0.86527
       15.89903        -0.81689
       20.62930        -1.32194
       23.24463        -2.73245
       27.37761        -3.11579
       26.34551        -2.91450
       27.22093        -3.90595
       28.61112        -3.94270
       32.34866        -3.71210
       34.53081        -3.25669
       34.59014        -3.33386
       34.81391        -3.69612
       36.67467        -3.61083
       34.39969        -3.60056
       32.98151        -3.81263
       34.82738        -4.17960
       37.02985        -4.51882
       37.75616        -4.04281
       38.45885        -4.17893
       42.13514        -4.81972
       43.47760        -5.68250
       45.18342        -6.71983
       46.06516        -5.85904
       50.85002        -6.14266
       52.53055        -5.04803
       54.29395        -4.55768
       53.67274        -3.17895
       51.40414        -1.67435
       49.00066        -0.63125
       47.48950        -0.38213
       47.77319        -1.37435
       47.50891        -2.35044
       46.64919        -1.90771
       46.27120        -2.41869
       43.42746        -2.37072
       45.85516        -2.67630
       42.37679        -1.59277
       43.61954        -2.37265
       44.20592        -2.83326
       42.85309        -3.50711
       39.53356        -3.70155
       35.22449        -2.99907
       29.22839        -1.06700
       20.96243         1.12212
       11.05908         3.10101
        3.24553         4.03713
       -5.51576         5.10315
      -12.79759         5.19658
      -12.51751         5.13008
      -15.49833         5.44115
      -20.24759         6.17245
      -23.60811         5.99150
      -24.21744         5.83095
      -22.96838         5.29829
      -26.19850         5.50622
      -32.71060         6.63222
      -36.87222         7.53895
      -42.88622         8.68393
      -49.67011        10.06982
      -52.58675        11.16411
      -55.94365        11.83948
      -59.61366        11.53343
      -59.43432        11.29861
      -58.39846        10.96254
      -55.71362        10.49788
      -53.71264        10.84212
      -50.64306        10.71794
      -48.08771         9.49283
      -41.86413         8.00945
      -34.62516         7.12531
      -26.92833         6.12307
      -23.19650         5.16021
      -20.40716         3.85942
      -13.22320         1.65817
       -6.61210        -0.29086
       -2.39674        -1.29019
        4.89537        -2.83714
        8.08139        -3.12425
       12.82380        -3.86883
       21.05976        -5.76341
       27.92174        -7.17532
       31.48692        -7.38708
       35.80776        -8.03603
       41.38146        -9.03469
       46.97046        -8.94039
       51.33197        -9.86567
       56.45844       -11.26786
       56.77709       -11.49949
       59.75036       -11.81789
       60.95547       -12.00561
       58.95488       -10.85998
       55.28579        -9.42353
       55.15069       -10.33362
       54.32678       -10.58276
       52.23655       -10.59832
       51.52719       -11.64285
       52.17120       -12.66366
       48.69579       -12.43332
       45.38346       -12.53919
       43.96141       -14.12378
       43.69217       -15.96447
       42.76292       -17.48381
       43.04621       -18.44916
       39.16923       -19.42305
       33.31452       -19.92285
       30.12929       -21.24113
       29.05608       -21.82523
       25.30211       -21.50773
       23.19992       -21.74599
       24.33673       -21.99255
       25.60510       -21.77481
       24.29226       -21.15533
       21.70076       -19.91146
       21.07785       -19.51579
       22.08609       -21.47570
       22.19271       -22.31374
       22.11031       -22.44731
       20.13612       -21.76899
       17.50273       -21.09614
       16.41740       -20.70135
       17.88271       -20.28202
       17.36593       -19.80071
       15.48965       -18.87483
       14.05116       -18.36696
       14.16305       -17.83449
       14.21261       -17.42002
       12.40244       -16.89095
       10.91985       -16.21986
       11.50743       -16.28415
       12.01252       -15.73645
       12.82771       -14.35412
       10.76032       -12.82980
        9.35300       -11.53089
        7.22305       -11.16997
        9.18312        -9.62448
        6.53053        -9.54704
        6.88795        -8.58503
        8.10269        -8.08109
        8.82744        -9.38264
        8.24952        -9.47228
        4.46161        -8.54745
        1.38105        -6.93077
        1.39055        -6.32966
        3.54744        -6.03675
        3.64442        -5.84947
        3.10887        -3.80044
        2.90347        -3.98711
        4.34561        -4.55211
        4.44800        -5.36286
        4.80802        -4.27201
       11.65839        -4.54702
        8.96650        -5.20049
        9.45510        -4.38989
        4.79156        -6.65786
       -1.72136        -3.94185
       -4.79625        -3.49450
       -4.61037        -3.69326
       -4.93629        -5.30080
      -10.41127        -4.64454
      -13.65786        -6.25716
      -14.60332        -6.53612
      -16.85018        -6.14405
      -20.28570        -4.92843
      -26.00240        -5.72192
      -34.78752        -6.30198
      -35.90359        -7.65126
      -39.29785       -11.02726
      -47.22278        -9.99261
      -53.16563        -7.42479
      -57.54890        -5.40648
      -57.83980        -4.42513
      -60.45083         0.35657
      -61.02919         5.67115
      -60.97738         8.39595
      -59.82258        12.35348
      -56.59729        15.63106
      -53.34868        19.31123
      -51.22924        22.12130
      -48.24613        24.52379
      -43.78185        25.85602
      -40.46354        27.00052
      -37.50368        28.27458
      -36.01941        29.73074
      -33.94322        30.06632
      -31.19223        29.87380
      -29.14892        30.64054
      -27.52040        30.55902
      -27.13916        30.09656
      -28.11229        29.85569
      -28.14227        29.27370
      -29.31620        28.60309
      -30.64653        28.07121
      -29.89038        26.48054
      -30.69017        24.79838
      -31.07304        23.68727
      -32.10139        22.53450
      -33.65235        20.73257
      -35.73832        18.20881
      -37.95642        15.32572
      -40.47905        13.58059
      -42.35332        11.77593
      -45.10164        10.48907
      -48.55111        10.58250
      -52.05411        10.69352
      -54.49776        10.39465
      -56.99445        10.13319
      -59.05126        10.27164
      -62.70060        11.27732
      -64.32955        12.96274
      -66.11050        14.93518
      -68.98052        17.78718
      -70.38203        20.08603
      -71.78208        21.14423
      -71.93307        22.00910
      -69.58207        22.04316
      -65.18148        21.87369
      -60.41834        21.57323
      -56.51507        21.47907
      -51.12872        20.51372
      -47.87168        19.22450
      -43.70101        18.84393
      -40.74911        17.58930
      -37.95303        16.82314
      -34.09516        15.59276
      -30.59255        14.80066
      -29.56761        14.51419
      -30.31738        15.18584
      -30.30426        15.49293
      -28.93530        15.76799
      -30.41290        15.95833
      -31.21411        15.59646
      -32.26131        15.42973
      -30.93159        14.78065
      -29.72731        13.57653
      -30.31556        13.57992
      -30.11870        12.80813
      -29.51383        13.33368
      -29.97330        14.16393
      -32.48422        15.57138
      -35.28895        17.89337
      -36.81459        19.96245
      -37.67351        21.56594
      -38.25281        22.81636
      -36.53486        23.12109
      -35.25675        23.32263
      -35.10090        23.02834
      -34.98436        22.75076
      -34.38956        22.08724
      -33.55358        21.67030
      -31.56882        21.74732
      -29.74238        22.10084
      -29.22668        21.78820
      -30.14880        21.54195
      -32.43117        21.68947
      -35.05088        21.74330
      -38.20036        21.53079
      -41.18672        21.54452
      -44.84240        21.94184
      -49.24448        22.95531
      -53.58543        23.63231
      -57.35234        24.23540
      -60.23768        24.20194
      -61.86855        24.67453
      -64.86742        25.74052
      -68.09141        26.55248
      -69.75298        27.24782
      -71.16926        28.54910
      -70.07273        28.64369
      -69.40052        28.47420
      -68.56510        28.28801
      -68.06365        28.15769
      -65.97863        27.48066
      -48.05720        20.43949
       60.82815        -7.97842
      147.18023        -1.06046
      180.87658       -15.66924
      149.99999        -6.55217
      132.99797       -13.47182
      131.61332       -18.82560
      135.75354       -31.01610
      149.60143       -41.88071
      156.96445       -45.88200
      156.44542       -51.33739
      153.62178       -52.33944
      145.36633       -55.93552
      152.11652       -60.56824
      153.79513       -58.51494
      149.67959       -57.80822
      148.30269       -56.07545
      154.50185       -51.79918
      155.82983       -52.02679
      167.08405       -56.81086
      167.01726       -56.18872
      160.52687       -50.39295
      155.24562       -43.10093
      144.77090       -39.67517
      138.40545       -40.05305
      134.91666       -37.99714
      136.28723       -38.47475
      144.21456       -38.25846
      146.80134       -32.59560
      140.63494       -21.26872
      144.62805       -22.85516
      159.98804       -29.51745
      171.49759       -27.99296
      168.18403       -32.14419
      151.09005       -32.54849
      143.72299       -34.39839
      137.00547       -32.98122
      134.93486       -33.60951
      138.24378       -37.19059
      133.14957       -36.39697
      116.17482       -39.87598
      108.60689       -44.21015
      101.70836       -45.66678
       95.35655       -44.07841
       88.62404       -43.66234
       76.79815       -41.91109
       67.73146       -45.23196
       59.75124       -46.49749
       54.98009       -48.48496
       54.99525       -51.22688
       59.51932       -51.98058
       61.53953       -51.23854
       59.93847       -50.39807
       58.64335       -50.96168
       52.75676       -47.24666
       50.02589       -45.63551
       57.40331       -42.50553
       63.51622       -36.01922
       62.74718       -38.91386
       72.96336       -34.15198
       68.01732       -39.50083
       53.97623       -43.23291
       43.36262       -48.79555
       37.47366       -50.35119
       28.33186       -54.30714
       15.82440       -54.78589
        5.95377       -57.06472
        2.19713       -55.14612
       -6.23303       -55.03738
       -9.02956       -51.23097
      -31.06997       -50.20418
      -46.90713       -52.77951
      -63.06858       -53.02422
      -76.49716       -52.60079
      -79.57045       -51.45653
      -96.36128       -51.22388
     -120.27724       -45.96015
     -146.39119       -31.63780
     -153.16070       -24.43414
     -162.82865       -15.58161
     -158.16262        -6.08752
     -150.03550        10.70566
     -142.14488        34.22067
     -136.07365        56.70501
     -124.33940        73.89140
     -110.21505        85.99739
      -88.41818        93.37567
      -57.77173        92.56377
      -40.17328        87.30442
      -20.97577        83.19515
        0.21321        82.96865
        9.98070        82.10247
      -10.67089        84.44932
      -19.62451        92.71671
      -43.50776       104.64738
      -37.32362        88.99885
      -69.30968        61.63381
      -67.41891        49.88981
      -53.36894        45.09956
      -62.65271        50.97056
      -49.51787        40.05555
      -70.79738        48.38203
      -73.13886        41.35272
      -94.32530        31.70514
     -111.69432        34.50200
     -112.68890        27.96080
     -121.82669        28.38428
     -113.71065        28.93993
     -112.21843        26.81045
     -102.38301        31.94337
      -93.96206        31.70139
      -90.86852        33.12201
      -83.24007        35.12795
      -76.56968        37.54670
      -75.45502        39.92095
      -66.41904        45.30824
      -58.51943        45.92124
      -46.82915        45.94745
      -44.91588        44.02957
      -46.58257        38.08511
      -49.12692        30.42674
      -45.90188        29.30197
      -44.10513        27.82348
      -45.95965        24.05876
      -45.27309        20.43051
      -45.24844        21.61620
      -48.53335        26.71851
      -53.66081        31.28494
      -56.61848        33.22817
      -61.01934        36.94566
      -60.51103        41.95009
      -57.67655        42.76895
      -53.30353        44.05491
      -50.52497        45.94542
      -47.82851        48.74316
      -40.26713        48.68561
      -34.48847        47.15541
      -29.01550        42.41005
      -25.76587        38.87217
      -22.73255        32.38923
      -18.90318        24.54390
      -14.95071        19.49362
       -9.39279        15.38103
       -6.67239        10.71361
       -6.85711         4.67399
      -10.41994        -0.93040
       -9.38005        -1.24211
      -15.42568        -9.36804
      -19.98919       -14.13125
      -18.77192       -12.62904
      -18.03151       -13.23879
      -23.11088       -14.57309
      -28.67766       -13.09929
      -32.08476       -14.24997
      -27.77980       -14.52251
      -20.93569       -14.91948
      -22.04005       -15.55827
      -24.35577       -12.46146
      -21.43046       -11.85644
      -17.65701       -11.50579
      -14.02302        -9.11692
       -7.51138        -7.63240
       -3.32968        -9.48963
       -3.07080       -14.48123
       -4.69231       -16.83458
       -7.42710       -18.07228
       -8.53271       -18.85177
       -6.18205       -15.32561
       -4.38263       -12.01124
       -3.72735       -11.49128
       -1.98373        -9.74312
       -0.94464        -9.51940
       -1.12760       -10.37754
       -1.81547       -10.31014
       -2.20576       -11.37465
       -2.01132       -13.90370
        3.14035       -19.05470
        5.48641       -18.57029
        9.54938       -20.10792
        7.27641       -22.29021
        4.54004       -22.07460
        6.00744       -21.02374
        9.18114       -21.55509
       10.75833       -19.27127
        7.45157       -16.30973
        7.58805       -11.15315
       12.04031        -7.79895
       12.07558        -8.18981
        8.17641        -4.80318
        4.30006         1.36829
        0.10905         1.68712
       -1.43934        -0.53935
        6.28745         5.85142
       19.38669        13.61676
       25.87095        13.09918
       28.13753         6.66604
       31.93900         7.51984
       38.95264         6.32790
       41.76108         1.22276
       39.92160        -4.35826
       38.88682        -6.91267
       40.67405       -11.58313
       37.80594       -14.24714
       32.25977       -16.61738
       29.53822       -18.68134
       24.76859       -21.22172
       20.66356       -19.68601
       21.44045       -19.22690
       22.15195       -18.86189
       24.22540       -16.70369
       29.51348       -13.85978
       35.94356       -11.46287
       41.78833       -10.81048
       44.21515       -11.52528
       42.90675       -13.22480
       39.89050       -13.68175
       36.13912       -12.55362
       38.03001       -11.47313
       36.38590       -13.90780
       33.25419       -18.00032
       31.02764       -21.65822
       26.64364       -22.94422
       21.74496       -20.67582
       22.35904       -15.18573
       19.73862       -15.36150
        6.18116       -14.19581
        6.63941        -7.52620
       10.63086        -5.53539
       14.36826        -3.69089
       13.62910        -6.53543
       10.92615        -9.54654
       10.30692        -8.79692
        8.34417        -8.49411
        6.02542       -11.08083
        8.30348        -9.85461
       10.36583        -7.71816
       12.76531        -5.31901
       16.93942        -3.98990
       17.96100        -5.50834
       18.29755        -6.32706
       17.38194        -7.50359
       12.61167        -9.17064
       10.34961        -7.49576
        6.93328        -6.14166
        6.06556        -4.77587
        6.29398        -5.07112
        6.68142        -5.60494
        5.97543        -5.72004
        5.42888        -6.03396
        4.94934        -4.76942
        5.98970        -3.15394
       10.44751        -3.33026
       13.32570        -5.34589
       11.21180        -6.68356
        9.80875        -7.45079
        8.59412        -7.12032
        9.52082        -4.13964
       12.69644        -3.68150
       12.93390        -3.96341
       13.91079        -4.12809
       13.64003        -4.63306
       11.17924        -1.98105
       10.84133        -1.12955
       11.99392        -1.65130
       15.07993        -4.15382
       12.84701        -5.45980
       12.79805        -5.17678
       15.11071        -5.24747
       18.34791        -4.99936
       20.38730        -3.86517
       22.60179        -3.18243
       24.15905        -2.71382
       24.80201        -3.21686
       25.94830        -2.55426
       27.12088        -1.71352
       29.26739        -1.43733
       34.02079        -2.47321
       48.64872        -4.29385
       59.81413        -8.09675
       57.73467       -12.73460
       49.98332       -14.28491
       46.11769       -14.49036
       46.39078       -14.29844
       35.97021       -13.34186
       29.72897        -5.62809
       26.43469        -2.59982
       23.11035        -2.88454
       17.16358        -3.73492
       10.82738        -1.28845
        7.55936         3.30218
        8.02253         5.90952
       10.07451         7.54087
       13.23829        10.23877
       18.37149        12.42054
       20.60711        13.32872
       23.53278        13.39064
       27.30147        13.66883
       29.96083        12.76064
       30.53382        10.66859
       30.62810         9.05003
       27.35660         7.74752
       25.18701         5.55837
       25.23225         4.21516
       24.49999         3.44524
       23.09316         3.52113
       21.06943         3.01022
       23.57173         3.17505
       26.45772         2.42298
       24.05032         0.57657
       19.39719         0.94320
       16.58126         2.03541
       14.89015         3.72059
       12.98683         2.24130
       10.69890         1.83491
        6.05931         1.65401
        0.58567         3.32597
       -0.39908         4.56336
       -0.89621         4.62291
       -1.43661         6.73989
       -6.44795         6.78763
       -7.62978         6.24144
       -4.11405         4.90802
       -1.21785        -1.89003
       -0.96359        -8.87531
       -1.70834       -14.34522
       -4.28454       -20.34238
       -5.17926       -26.57415
       -6.62494       -27.67064
       -8.00866       -28.75176
       -9.43288       -29.86006
      -10.79469       -30.95296
       -8.72653       -33.78553
       -9.21551       -33.64266
      -12.75410       -33.26692
      -16.14939       -32.45569
      -19.67385       -29.08156
      -24.22463       -23.83188
      -24.22416       -15.46922
      -23.17961        -6.84098
      -29.02343        -2.27970
      -39.43279        10.46726
      -37.63015        24.25732
      -32.21268        32.09313
      -25.45287        30.98214
      -23.83789        27.59698
      -22.67022        26.70511
      -17.87706        24.50916
      -18.85092        22.87660
      -17.64898        23.37008
      -19.09375        21.86705
      -23.52244        23.80016
      -23.72758        26.57688
      -20.48637        27.65987
      -16.20135        26.85659
      -10.50974        25.27970
       -8.97409        23.76669
      -10.32163        23.73018
      -10.27491        25.15769
      -11.81118        25.37187
      -18.32301        26.46019
      -17.07764        27.78534
      -12.79766        27.67478
      -10.05033        27.47119
       -8.88824        26.21207
       -8.68865        25.52008
       -7.84419        25.30270
       -8.43211        25.03264
       -8.94505        22.20737
      -12.29028        19.11957
      -14.91045        17.20674
      -16.74284        17.24158
      -15.08011        18.88155
      -11.12955        19.94937
       -9.71381        18.82253
      -14.27025        18.56371
      -11.62148        22.08043
       -7.44488        21.76537
       -8.80308        19.18603
      -10.72346        19.45511
      -12.01867        20.99012
      -10.89611        23.44375
       -8.94842        24.52350
       -8.30302        25.10209
      -23.73257        25.96701
      -33.86447        33.42095
      -32.77144        39.68145
      -23.60085        41.04119
      -19.44545        35.17768
      -19.63262        31.62364
      -14.31510        24.90657
      -12.93031        17.86916
       -9.54099         9.99895
       -9.13456        -1.46137
      -12.88378        -7.99429
      -12.81607       -10.80710
      -10.18421       -18.45228
      -13.51564       -25.63714
      -18.62314       -29.20414
      -23.51415       -29.21060
      -24.52146       -29.49900
      -25.94254       -32.84662
      -29.20018       -36.18596
      -31.98185       -39.85431
      -34.97036       -41.86415
      -35.58319       -41.33278
      -36.18316       -42.19270
      -38.62774       -43.00117
      -45.36978       -39.72071
      -50.38676       -35.35860
      -49.47151       -32.46732
      -47.62156       -31.58418
      -43.88974       -33.74167
      -42.91357       -35.10707
      -43.56588       -34.54288
      -46.59422       -30.36641
      -50.16143       -24.02013
      -52.47506       -17.23135
      -49.89795       -11.16256
      -48.01767        -6.05106
      -45.86707        -1.35934
      -43.39371         1.88528
      -42.02046         6.64033
      -39.79489        11.51849
      -36.08988        18.12726
      -33.28298        23.97934
      -34.00710        29.44224
      -34.05980        39.12863
      -33.13398        45.88603
      -30.53722        50.37712
      -26.38242        54.74938
      -22.20716        58.04553
      -16.11436        59.72305
       -8.64159        59.05461
       -6.06178        57.03771
       -4.38252        58.54505
       -3.58673        58.61409
       -2.01199        56.10752
        3.29874        51.90283
        7.35790        45.81270
        7.09252        43.47459
        7.55503        41.88120
        7.28247        42.19000
       13.01725        41.78364
       16.81641        36.20963
       17.33237        29.45062
       16.06216        25.66407
       16.92818        22.67267
        5.73749        19.20387
       -2.25754        26.61032
        1.69016        27.60952
        6.51294        21.27410
       14.28789         8.09153
       20.48736       -14.27554
        8.42842       -32.55965
        3.63342       -43.69815
       14.09945       -57.51359
       20.35884       -70.37332
       26.66868       -72.68989
       35.66131       -78.38066
       33.46381       -83.33818
       28.43853       -83.73983
       22.40252       -90.52814
       20.19816      -107.31049
       19.04249      -119.27945
       20.99790      -124.40237
       22.00142      -118.40182
       18.85544      -109.78520
       16.36700       -93.41505
       11.08848       -81.81876
       -0.32308       -73.64892
      -11.16528       -65.86288
      -20.18109       -60.34323
      -25.77811       -56.56737
      -27.15932       -54.47787
      -30.96230       -53.25211
      -34.13002       -46.75271
      -30.22008       -40.79704
      -27.00543       -36.39768
      -23.41368       -35.27206
      -16.42777       -27.81275
      -10.40531       -15.58717
       -0.95924       -10.05790
        7.61284        -6.32237
       10.61799        -7.21316
        4.66863        -6.08769
       -7.27819        -1.65858
      -15.14007         4.22678
      -19.46991        12.45576
      -18.38533        19.42093
      -15.85923        21.53971
      -12.45922        21.04465
       -7.66819        21.39314
       -0.98375        23.20775
        4.86122        26.55586
        9.32912        28.28003
        9.28706        28.69765
       10.04746        27.74127
       10.81741        25.30826
       10.15936        22.04120
        9.65041        16.40744
        6.52301         9.77952
        6.11426         5.73484
        2.24661         1.78594
       -1.45282         1.60016
       -0.05157         2.67008
        3.54747         4.55304
        9.10678         6.06157
       17.21348         5.20306
       24.20004         5.58003
       28.96360         9.68982
       35.12664        12.41500
       42.01629        12.94289
       47.01506        14.30604
       48.33007        16.08179
       50.39385        17.48267
       53.01352        16.21602
       54.26161        17.59438
       60.25528        20.95509
       68.30703        23.90065
       74.83404        28.19844
       81.58884        30.53095
       85.94859        28.93551
       90.32583        23.19468
       91.82775        19.78576
       87.64687        16.90126
       82.77042        16.76854
       78.06090        18.50011
       77.27557        27.14327
       78.04693        28.71058
       76.35223        30.19933
       72.68401        27.25203
       68.77952        21.42603
       63.10130        15.66383
       54.91661         6.09274
       49.04801        -0.66472
       48.09275        -4.49123
       48.98342        -6.22427
       54.41726        -3.40656
       62.27687         1.91445
       68.46952         7.45606
       73.86781        15.68076
       80.47900        22.26590
       83.82572        26.40396
       82.18524        30.89225
       82.11018        32.40329
       86.93784        32.27440
       82.61083        29.75806
       69.97647        27.76160
       66.75739        24.19752
       63.36089        18.60312
       47.93963        13.99093
       38.50092        15.40824
       30.28742        12.37755
       20.48645        12.09619
       12.62068         7.04665
        0.46745         4.88624
       -8.45058        12.22748
      -14.63605        14.56766
      -20.08629        14.91929
      -28.08393        14.61969
      -34.42631        18.60136
      -37.46603        20.93160
      -41.56044        18.72293
      -39.78211        22.25266
      -37.16839        25.89329
      -43.87185        21.35214
      -43.71982         7.30171
      -43.90487        -7.94070
      -46.05432       -16.06255
      -47.27073       -17.16655
      -46.72140       -14.25019
      -48.52891       -13.80613
      -49.83053        -7.93189
      -45.96884        -2.65015
      -40.00110        -3.73837
      -44.61989        -0.06926
      -47.86245         5.29969
      -54.57136        10.38583
      -64.41385         7.83165
      -64.48248        11.37446
      -55.44450         8.95682
      -50.45245        12.97602
      -40.89356        11.66457
      -27.43038         8.82983
      -15.89013        -1.94570
       -9.71535       -15.53469
       -8.20324       -22.23463
       -5.75636       -31.43816
       -0.22190       -41.86278
        1.15761       -42.62116
        1.06497       -45.73076
       -8.43235       -55.57424
      -15.32152       -62.29909
      -20.40509       -60.59796
      -26.24022       -56.27831
      -26.59943       -48.16283
      -30.14991       -49.47895
      -29.89414       -52.38934
      -30.72934       -54.44148
      -28.95796       -50.75800
      -16.57721       -51.18637
      -11.49956       -50.82925
      -15.39220       -45.15408
       -5.74759       -34.28351
       -5.30292       -32.79501
        0.95935       -35.43121
       -7.39797       -34.66957
       -8.12733       -38.28273
       -3.00590       -39.49813
        0.25386       -38.38842
        5.18478       -37.94104
        7.18439       -38.41863
        8.36556       -32.29861
        5.06580       -30.94365
       -2.21201       -36.40116
      -14.56037       -44.23377
      -31.11638       -53.66893
      -45.67253       -56.95926
      -54.07595       -60.36218
      -42.99910       -49.26033
      -38.43911       -34.40112
      -40.59844       -30.62717
      -43.68423       -22.89593
      -43.55893        -7.04999
      -41.77966        -1.21678
      -33.16890        11.91109
      -36.60375        28.88620
      -29.96668        36.11595
      -20.59480        45.85290
      -15.76058        54.94448
       -7.89114        63.99327
       -0.01893        71.91664
        7.92894        79.03722
       12.96999        80.47239
       22.96713        82.05475
       27.17790        86.34171
       28.79516        80.42587
       29.49649        78.17464
       30.88473        74.92060
       29.26747        74.87119
       22.64756        73.44902
       21.82257        71.27147
       18.97536        70.55119
       19.88350        74.01558
       25.19984        71.81724
       20.51195        68.50362
       16.19271        64.58732
       12.38965        63.45576
        9.87565        63.83158
        3.55826        58.48220
       -1.32963        51.43022
       -8.41051        51.98310
      -15.27147        61.85346
      -11.94500        68.85873
      -12.20820        59.06154
      -11.74356        47.59933
      -18.66818        43.11471
      -23.25454        39.13516
      -23.89976        44.49330
      -22.61631        38.98655
      -23.25133        30.51758
      -30.33728        21.80382
      -35.10130        15.93790
      -40.09587        12.08729
      -48.24810        10.53463
      -57.09050         7.61736
      -62.24018        11.00813
      -65.65965        16.91441
      -67.30602        22.54881
      -69.52179        23.98883
      -67.91411        16.91710
      -76.02546         4.26106
      -85.91299        -3.19660
     -102.39918        -2.52843
     -109.08121        -2.89180
     -104.37155        -8.44922
      -94.28738       -12.18804
      -81.90116       -17.23081
      -63.30010       -28.34484
      -50.51666       -38.27269
      -38.78803       -42.89170
      -35.26671       -51.42437
      -28.66988       -57.78807
      -20.20002       -62.04531
      -14.20434       -60.55345
       -4.95534       -58.96499
       -0.25021       -60.30728
       -1.07145       -56.74285
       -3.91626       -51.60901
       -0.74717       -44.98831
        9.09864       -39.08808
       15.30864       -40.82082
       21.51564       -43.75389
       23.70710       -47.39980
       23.70581       -49.85587
       18.72924       -49.19464
       16.72019       -48.62343
       15.21611       -46.93476
       10.63978       -49.36596
        5.40866       -46.77956
        2.38554       -42.77286
        2.14785       -36.93840
        4.37837       -33.88352
        2.00455       -29.61071
       -0.00084       -25.41730
       -0.34038       -21.58584
       -0.56129       -16.73362
        1.38385       -12.18317
        4.29782       -10.10184
        6.72802        -9.58211
       10.79721        -8.61132
       13.78283       -11.39201
       13.27759       -13.03148
       15.06894       -15.66225
       14.50959       -15.51166
       14.04698       -14.06222
       13.44381       -12.66126
       15.59752       -11.26131
       15.91081        -9.70967
       15.57111        -8.09888
       13.61110        -4.58627
       15.83822        -4.07434
       17.57515        -2.30044
       20.51929        -1.65709
       23.63336        -1.51160
       24.26473        -0.11650
       24.14611        -1.16914
       25.47488        -4.17202
       23.77373        -7.45247
       21.86003        -9.22303
       18.53650        -6.81102
       20.59047        -4.77897
       21.95465        -6.49422
       16.26639        -3.25928
       16.14838        -2.61150
       14.99797         0.35661
       12.23785         2.41769
       14.17534         3.55923
       15.87315         4.71389
       17.49859         4.47912
       20.34434         0.30761
       21.45774        -1.74318
       21.15146        -1.94061
       21.95281        -1.04719
       21.84447         4.04972
       24.25375         7.50759
       22.73332         6.25909
       20.03049         3.37166
       16.24790         1.50796
       13.26288         1.14547
        9.64806         2.56682
       10.89078         4.44946
       16.04364         5.03607
       18.84398         8.20409
       22.55440         7.89616
       25.30223         5.62976
       26.49009         3.89751
       25.93528         4.33687
       24.46041         4.50049
       20.61279         9.66581
       27.45504         5.33547
       24.53444         1.30694
       18.84361        -2.29716
       17.30982        -3.40939
       17.63571         2.55291
       20.50854        11.02716
       29.81093        13.37600
       37.19014        10.65688
       34.19878        10.51242
       29.34413        15.66007
       25.71880        19.09245
       23.45003        22.50701
       15.75043        21.16635
        9.83727        14.55794
       10.89315        12.45438
       14.11530        10.05309
       16.79635         7.65673
       23.98353         4.38271
       27.97945         4.31363
       25.04133         4.02694
       18.71179         0.14526
       10.38807         4.22600
       13.66274         3.03178
       11.28306         4.22003
       13.41161         2.13334
       13.40563         2.21915
       12.07769         1.52006
       10.03506         0.20350
        6.82027         4.34205
       12.13061         2.34315
       20.26860         0.96940
       23.41153         0.83820
       25.49193        -1.16783
       26.82706        -3.38129
       26.02946        -5.70960
       27.73641        -6.89531
       30.38043        -9.85585
       31.52877        -9.47382
       32.29400       -10.19660
       28.33334       -11.92681
       30.21936       -15.33185
       28.75928       -16.62431
       27.38567       -13.73161
       24.45575       -13.12636
       20.24208       -13.87595
       17.31190       -10.68299
       17.86775        -8.16491
       19.17686        -5.52429
       20.00180        -4.14856
       19.88977        -3.24034
       21.27335        -3.20702
       24.05975        -6.66123
       26.48154       -11.95039
       25.91592       -14.11710
       20.39546        -8.92878
       21.57738        -0.18807
       22.96423         0.33764
       24.48324        -3.35428
       26.05696        -6.92126
       25.35260        -5.37591
       22.34274        -4.69565
       19.15457        -7.79312
       14.27067        -5.29573
        8.66826         5.70389
        6.33986        11.63831
        7.82274        14.08491
       13.12941        12.60627
       13.56713        13.90974
       14.39842        12.03792
       13.52054        11.38816
       11.63600        14.36303
        8.78206        13.15991
        8.05124        12.86136
        8.30081        14.23475
        6.72329        17.28266
        3.58591        18.08245
        1.41123        18.94666
       -0.66352        18.48270
        2.51421        13.79311
       -0.67836        13.76526
       -4.23866        16.53171
       -8.54947        16.97983
       -8.80822        17.57219
      -11.16769        17.01613
      -14.14532        18.07423
      -19.27389        21.08386
      -21.27082        20.45756
      -23.74889        20.32272
      -26.27553        22.30187
      -29.65352        22.29239
      -32.43029        23.21685
      -32.61860        21.20259
      -33.81589        20.31217
      -34.92493        20.88298
      -37.39314        19.41755
      -42.76329        19.01324
      -42.04281        17.80264
      -43.11446        19.80308
      -47.12567        21.48712
      -49.46919        20.59214
      -55.84248        21.23069
      -59.79826        18.18011
      -60.97398        16.68300
      -61.92237        15.86669
      -60.38089        11.56373
      -60.48225         7.38152
      -58.93392         5.28258
      -56.79860         2.19429
      -50.16375         0.57920
      -43.81210        -2.95531
      -41.33108        -3.53672
      -36.89341        -4.57762
      -29.29653        -5.51549
      -20.57318        -8.42295
      -13.37077        -9.64744
       -9.46205        -7.70161
       -6.57442        -4.26289
       -5.31063        -3.69392
       -5.60807        -2.91213
       -5.33950        -2.91018
       -5.39231        -3.37548
       -7.26924        -2.15069
      -10.19770        -1.10324
      -13.11042         0.61424
      -15.09479         0.59431
      -15.71356         0.09433
      -13.85410        -3.38315
      -12.92918        -4.92073
      -14.85615        -6.66587
      -16.30777        -9.14121
      -17.79142        -9.64416
      -16.87982       -13.59736
      -17.38037       -13.80827
      -19.63579       -11.83949
      -20.57345       -11.32846
      -21.16609        -8.39783
      -21.49109        -6.01501
      -20.48116        -3.38264
      -19.90369        -1.37815
      -19.01139        -0.79417
      -17.09165         0.10188
      -14.53715        -1.03265
      -10.90531        -2.67517
       -6.46881        -3.67831
       -2.07504        -4.76951
        0.67332        -6.00137
        1.07885        -5.37134
        1.43890        -4.91205
        1.53606        -6.44090
        2.88765       -10.68053
        2.16630       -16.92837
        0.17930       -18.29702
       -2.28070       -19.04392
       -5.40642       -14.72170
       -8.09519       -12.58776
       -8.45972       -14.72474
       -7.70737       -13.86005
       -8.65084       -11.87631
       -9.64746       -12.34094
       -9.82995       -12.05656
       -6.96565       -14.20059
       -5.34724       -14.15564
       -4.72209        -8.39914
       -5.32287        -3.24368
       -3.06693        -3.30670
       -1.95696        -3.49082
        1.17970        -3.04343
        3.50037        -3.80716
        2.81770        -3.36942
        3.53901        -1.83282
        5.51697        -0.69477
        4.16889        -0.13790
        1.13744         0.89041
        1.67994         1.36752
        1.96906         1.96603
        0.57213         0.67335
       -0.31821        -1.88795
       -1.17459        -1.88048
       -3.12438        -0.81165
       -3.30021        -0.67404
       -4.75945         0.32492
       -4.34473        -1.88739
       -3.88341        -3.91834
       -4.16812        -3.89055
       -3.03623        -5.68145
       -4.29035        -6.58360
       -6.23784        -6.55443
       -8.23135        -6.75656
      -10.85821        -7.54735
      -15.89106        -4.82943
      -19.85724        -2.36021
      -20.93939        -3.42227
      -19.43484        -5.24302
      -16.66624        -5.19507
      -15.74090        -5.40581
      -15.38148        -5.35784
      -16.46529        -3.18857
      -16.25499        -2.24059
      -15.59788        -1.31130
      -14.92662        -1.82331
      -15.26852        -1.14401
      -16.67622        -0.32599
      -13.75704        -1.13667
      -12.20361        -1.87862
      -11.97326        -0.69926
      -10.61862        -1.76119
      -10.32700        -2.53179
      -10.86104        -1.51366
       -9.69805        -1.61422
       -7.38067        -2.15603
       -5.45620        -1.53652
       -3.90729        -0.53827
       -2.17123        -0.39867
       -0.43066         0.44967
        1.11710         0.25935
        3.11944        -0.51221
        4.94903        -0.58241
        6.73327        -1.14386
        7.71482        -0.41393
        9.06108        -0.09524
       11.01473        -1.26518
       11.91316        -2.50634
       12.51904        -2.62611
       13.54977        -2.37711
       14.28804        -3.38672
       13.16121        -4.43753
       13.53199        -4.25695
       13.43776        -3.63756
       14.10122        -3.48677
       15.00973        -0.76717
       13.65601        -0.28617
       14.13743         0.51366
       13.57669        -1.28510
       12.35117        -0.70505
       14.46357         0.39644
       15.55127         0.69675
       18.44698        -0.43153
       23.15807        -3.29096
       25.34726        -4.39896
       25.86190        -5.16814
       24.89473        -5.19587
       24.99310        -5.66477
       24.99973        -5.18224
       26.17200        -5.18087
       28.76262        -6.58806
       32.01896        -6.30643
       34.66375        -9.60335
       34.77434       -10.71143
       35.90346       -13.54809
       28.79849       -17.35591
       22.81212       -17.74231
       16.39175       -18.46988
       10.19008       -18.59602
        4.64451       -16.34334
        3.81771       -15.82926
        2.19711       -16.84635
        4.06538       -16.48204
        5.61993       -11.78893
        9.21345        -6.93441
        7.18334        -3.17111
        4.16229         1.82357
        5.01770         3.59704
        3.81228         3.10187
        3.95339         2.58546
        7.11377         5.21041
       10.07078         9.38411
       11.74714        13.84912
       14.49024        18.12288
       19.55278        20.62794
       25.47213        20.66170
       30.90103        19.11676
       37.83685        16.04050
       34.64229        12.49549
       31.37474        11.72914
       29.79692        12.27403
       31.99619        10.04753
       30.94528         7.54225
       28.99156         6.30557
       27.42775         6.63005
       22.75122         8.29309
       24.56469         8.91728
       27.51553         9.98000
       28.81646        13.43380
       31.04486        15.00611
       30.77344        12.84948
       27.09957        11.86128
       27.60597        12.74412
       25.32002        11.80536
       22.31442        10.33757
       21.73656        11.78816
       21.97913        11.59967
       17.91954        10.00949
       13.37046         9.48020
       18.78931         6.16918
       23.73875         5.90898
       27.24621        12.64701
       21.08435        14.72582
       19.70059        16.25277
       13.46759        15.11047
       11.70277        13.61626
        7.50882        14.09272
        2.73310        12.56723
        0.60834        11.49236
       -0.89810        10.90546
        1.03649         8.40912
        1.45948         7.16070
        3.93359         6.00277
        6.22617         5.50270
       12.03995         3.32305
       17.76228        -0.19881
       20.27588         0.11970
       18.99811         1.21593
       16.08168         4.69244
       16.24395         7.36662
       15.05765         7.58102
       15.85011         7.17299
       18.13407         5.74512
       15.54687         4.61477
       13.85124         2.69448
        9.36452        -1.03836
        5.17942        -3.37119
        2.94331        -5.63668
       -1.10111        -6.39222
       -2.11648        -6.67048
       -6.81009        -6.28890
      -14.29457        -5.03010
      -14.48726        -4.58152
      -15.63074        -4.02581
      -14.25237        -5.20042
      -16.42474        -4.16797
      -17.00518        -3.89590
      -16.57631        -5.23686
      -18.15547        -5.05829
      -23.46524        -2.94281
      -26.98299        -1.79790
      -31.42130        -1.28616
      -32.58752        -1.25505
      -32.99428        -1.58722
      -34.77888        -1.32009
      -34.59396        -1.26630
      -31.88684        -3.09332
      -29.03015        -4.83376
      -25.99121        -4.70507
      -23.14266        -3.80990
      -24.07181        -4.52568
      -25.05131        -2.84505
      -22.99846        -0.50546
      -22.61591        -0.55954
      -24.78098        -0.18474
      -27.93631         0.82630
      -29.19922         1.02616
      -29.30235         1.04218
      -28.96302         1.04691
      -26.35388         0.89774
      -21.77224         0.21722
      -17.30076        -1.59731
      -16.73674        -2.07325
      -15.05285        -1.53327
      -15.35639        -2.52480
      -13.65003        -2.82047
      -13.67108        -3.22773
      -15.77219        -3.10921
      -17.98069        -1.56234
      -14.94922         0.39024
      -15.97513         0.04107
      -14.70103         0.85756
      -12.74429         1.03224
      -10.44753         1.68247
      -11.62811         2.68085
      -10.69864         2.20473
      -12.22649         2.12666
      -11.44429         0.49403
      -12.86939         0.40940
      -15.63441         0.04013
      -16.02672        -0.84119
      -11.40896        -3.18721
       -9.85846        -2.64535
      -11.57788        -1.65825
      -14.66456         0.01668
      -16.38115         1.14680
      -15.69498         0.80468
      -16.16873         1.02770
      -19.47971         3.20843
      -20.49061         4.29424
      -19.94874         5.51773
      -21.91677         5.45625
      -20.49204         4.59238
      -14.89722         3.35352
       -9.83963         1.63222
       -3.13195         0.10587
        5.55848        -2.17293
        8.94900        -3.52682
       10.26228        -3.94323
        5.44564        -2.45475
       -4.63826        -0.42880
       -1.86209        -3.65801
       -9.66318        -1.27979
       -9.48421        -2.14674
       -1.87252        -4.65630
        0.70923        -5.39105
        0.82368        -5.50841
       -1.19183        -3.79101
       -5.13465        -2.60624
       -8.24745        -0.98671
       -8.85758        -0.36983
       -6.80769        -0.08821
       -8.70516         0.16076
      -10.45264         0.18445
       -8.29749        -0.57451
       -5.62237        -0.91875
       -4.79465        -1.21567
       -3.47698        -2.50784
       -2.04672        -2.63269
       -2.59656        -2.27281
       -3.99382        -1.87560
       -5.03121        -1.54364
       -6.22605        -1.09434
       -5.44104        -1.49029
       -4.99352        -2.04888
       -3.35617        -3.52271
       -0.25635        -5.34916
        3.07327        -6.77082
        9.23535       -10.07510
       16.04718       -13.16455
       16.31143       -14.05659
       17.83540       -15.09380
       21.23176       -16.72354
       22.31781       -16.88842
       18.90621       -15.62582
       12.81427       -13.84831
        5.95464       -11.56327
       -1.15538        -9.10328
       -6.19312        -7.33574
       -6.10128        -7.35319
       -6.88721        -6.74303
       -8.69360        -4.40784
       -9.16779        -4.06498
       -9.81247        -3.22702
      -11.44502        -1.30136
      -12.71808         0.40947
      -10.69906         1.04807
       -7.68060         0.54188
       -4.12008         0.07353
       -2.50018        -0.43953
       -1.56826        -0.27470
       -2.58700         0.20548
       -1.94377         0.30365
       -1.15123         0.47722
       -1.61678         0.67885
       -1.22306         0.83598
       -0.37746         0.87123
        0.10734         1.18206
       -1.86601         1.89111
       -2.19021         2.42580
       -4.29260         3.53880
       -5.01589         4.10755
       -4.74742         3.89467
       -2.44989         3.93764
       -1.50064         4.05909
        0.00761         3.70645
        1.76754         3.64240
        3.69643         3.03438
        5.07695         2.25501
        6.60638         1.68179
        7.67739         1.20733
        8.88728         0.92910
        9.24869         0.84975
       10.06894         0.28674
       10.93067         0.11270
        9.94118        -0.10489
       10.09313        -0.05338
        9.79382        -0.13533
        9.84590        -0.19806
        9.66668        -0.54413
        6.40880        -0.26088
        3.26959         0.47916
        0.60165         1.03863
       -0.21765         1.45499
       -0.57572         1.73092
       -0.06521         1.66387
        0.06651         2.01648
        0.95676         2.27625
        1.12817         1.88581
        0.33807         1.44263
       -0.61091         1.53937
       -1.52143         1.87351
       -2.39088         2.33769
       -2.72192         2.90937
       -1.87191         3.02124
       -0.97355         3.06075
        1.28583         2.80054
        3.69353         2.62812
        4.74220         2.58613
        5.63916         2.56202
        7.60706         2.23848
        9.92320         1.64296
       10.38025         1.35812
        9.46551         1.52145
        9.10164         1.84559
        8.58595         2.07801
        9.35110         1.70139
        8.13439         1.91318
        4.22849         2.87604
        2.31070         3.10745
        1.66370         2.83008
        1.84477         3.15136
        2.56660         3.50400
        3.45649         3.64543
        3.77709         4.03833
        4.16574         4.15017
        4.59507         4.39360
        4.48242         4.38608
        4.92043         4.26029
        5.70645         4.28370
        6.34309         4.32894
        5.51772         4.39350
        5.04296         4.71004
        3.92616         4.60601
        2.64996         4.94409
        3.33170         4.92173
        4.46402         4.88157
        4.75427         4.74112
        8.60508         4.12300
       13.62381         3.33467
       17.48310         2.66882
       21.11027         1.44289
       23.67800         0.62952
       24.88361        -0.05380
       24.53976        -0.88443
       21.18379        -0.32490
       15.37835         0.42741
       13.26078         0.20000
       10.48374         0.17550
        8.53456         0.64136
        5.12591         1.28025
        8.67512        -0.71038
       16.40486        -3.20789
       20.70246        -3.75482
       20.59059        -3.01852
       15.09657        -1.73155
        9.27309        -0.75125
        5.41748        -0.30017
        5.04240        -0.67568
        2.68520        -0.26031
        2.80854        -0.25143
        4.76975        -0.39160
        5.58153        -0.12816
        6.14119        -0.11367
        6.04141         0.11450
        5.40955        -0.07619
        5.01825        -0.07312
        3.35488         0.29115
        3.17208         0.20928
        5.24724        -0.33130
        9.28299        -0.76798
        8.11670        -0.27329
        6.31103        -0.09461
        3.25334         0.32548
        0.13629         0.65964
       -1.40275         0.57529
       -2.30114         0.63504
       -3.56149         0.72636
       -3.87273         0.44663
       -4.13323        -2.89585
        9.86634        -3.16975
        7.20351        -2.75678
        1.95144        -1.68954
       -1.18253        -1.98058
       -2.26571        -2.52731
       -1.88077        -3.36230
        0.07499        -4.57291
        2.46892        -5.79175
        3.38370        -6.19620
        3.33667        -6.28882
        2.33053        -6.07701
        1.99263        -6.54336
        0.58565        -6.45525
       -0.26305        -6.72527
       -0.16080        -6.72082
       -1.46023        -5.67447
       -2.60865        -4.56363
       -3.90873        -3.51088
       -4.54776        -2.58363
       -5.84839        -1.52445
       -6.36793        -1.11075
       -7.43904        -0.78514
       -9.45901        -0.41500
      -11.84049         0.12706
      -13.15080         0.15364
      -12.18257        -0.21785
      -10.56313        -0.90482
       -8.47510        -1.74989
       -6.66580        -2.05043
       -5.52786        -1.97908
       -4.82862        -2.00324
       -4.08068        -2.09550
       -2.97139        -2.26329
       -3.13335        -2.11922
       -3.95390        -1.72069
       -4.72566        -1.28032
       -5.25595        -0.65553
       -5.41741        -0.50891
       -5.43734        -0.11790
       -5.09838         0.16487
       -4.70784         0.32202
       -3.83837         0.00091
       -1.42726        -0.39589
       -1.07715        -0.26098
       -2.19535         0.15821
       -3.66451         0.53904
       -5.17192         0.63411
       -5.92023         0.74079
       -6.51674         0.71163
       -6.96409         0.57403
       -6.04958         0.30056
       -5.29586         0.31857
       -4.50023         0.57065
       -4.35532         0.99416
       -4.66845         1.36167
       -5.61226         1.48055
       -6.51404         1.62337
       -7.66644         1.73748
       -9.67676         2.21546
      -10.22764         2.56468
       -8.60639         2.29767
       -6.93564         2.17183
       -5.41271         1.99970
       -4.46022         2.32864
       -6.66550         2.80123
       -9.12116         3.19481
       -6.68454         2.71194
       -1.85824         1.45998
        2.30039         0.57150
        6.39875        -0.02615
        6.69951         0.56956
        6.58004         0.33602
       11.04302        -0.53422
        9.48582         0.23617
        3.74114         1.74977
        2.04632         1.24392
        7.03407        -0.22884
        9.01173        -0.04113
        8.39202         1.10959
        8.45226         1.69065
        6.95518         2.49464
        2.18811         3.56888
       -1.07624         3.76592
       -4.00054         3.81313
       -5.83206         3.23304
       -1.78348         1.81299
        2.50791         0.85555
        3.00945         0.72807
        3.56385         0.46307
        4.08845        -0.04208
        4.56594        -0.67484
        4.70368        -1.60788
        3.76436        -1.92862
        2.18532        -2.29974
        2.35925        -2.67870
        2.78352        -3.17812
        1.02080        -2.52549
        0.10844        -2.17345
       -1.55085        -1.46946
       -9.54975         0.91384
      -16.97556         3.12896
      -19.70093         4.25329
      -16.41318         3.84934
      -10.28495         3.80446
       -6.51359         3.84121
       -4.00170         4.27693
       -2.93664         4.63414
       -1.29103         4.19022
        0.21778         3.70769
       -0.13284         3.23390
       -2.55022         3.23140
       -5.30702         3.13754
       -7.11054         2.94484
       -8.27346         3.02068
       -8.29308         3.26758
       -8.16207         3.56288
       -7.35775         3.52915
       -5.21277         3.42373
       -2.50446         3.51914
       -0.25548         3.57276
        1.35686         3.35712
        2.23988         2.66956
        2.16627         2.27264
        3.54336         1.97370
        3.96383         1.81530
        2.03501         1.69476
        0.64959         1.72466
        0.02490         1.44234
       -1.34640         1.25033
       -3.47696         1.22600
       -6.27411         1.67189
       -7.90052         1.92535
       -8.39351         2.34894
       -8.41576         2.30001
       -7.76459         1.98109
       -6.26267         1.66957
       -4.90734         1.21797
       -4.71125         1.00365
       -5.06176         0.89918
       -6.48150         1.10189
       -7.74784         1.27435
       -8.55343         1.44392
       -8.92561         2.02314
       -9.14705         2.41937
       -8.61509         2.97518
       -8.13238         3.66792
       -7.49630         4.17013
       -8.00948         4.49920
       -8.34927         4.69768
       -5.80836         4.03291
       -2.40407         3.21747
       -1.46908         2.79872
       -2.10073         2.70921
       -2.16170         2.25633
       -1.74932         1.35262
       -1.09628         0.65543
       -2.40990         0.47736
       -5.32288         1.21577
      -10.73254         3.30319
      -16.39158         5.60703
      -19.27732         7.14984
      -18.88246         8.17898
      -14.46433         7.58703
       -8.95561         5.96137
       -5.41365         4.84454
       -4.21113         3.35394
       -6.88538         2.51213
      -11.96910         3.13649
      -13.03962         2.35958
       -6.46964        -0.46121
        3.37351        -3.50332
       11.85714        -6.72936
       17.71391       -10.20676
       19.55114       -12.17814
       20.20147       -13.22093
       20.28223       -13.88773
       19.29605       -13.73598
       18.83028       -13.04829
       19.99753       -11.97209
       19.89516       -10.21997
       16.33579        -8.21939
       11.43676        -6.72292
        5.90069        -5.28800
        3.52493        -4.28726
        6.43209        -3.83807
       11.21953        -3.91308
       14.86987        -4.50969
       15.37043        -5.03050
       15.21386        -5.19294
       15.32748        -6.11961
       15.99393        -6.83791
       16.79053        -7.31046
       12.99994        -6.63467
       10.41945        -4.97314
       11.65172        -4.72327
       12.05407        -5.11767
        9.68915        -5.08375
        5.84426        -4.17410
        1.52206        -2.68614
       -1.48014        -0.43246
       -2.05969         0.13955
       -0.31928        -0.90274
        2.59374        -2.36671
        5.44669        -3.63495
        7.95221        -4.95488
        7.38762        -5.89908
        4.45557        -6.12495
        0.74336        -5.98510
       -2.84634        -4.97690
       -6.29623        -3.50296
       -6.90366        -2.07068
       -5.43131        -1.14263
       -8.50654        -0.28622
      -13.54202         3.11595
      -14.53512         4.26652
      -15.54851         5.01288
      -15.91955         5.65763
      -15.18091         5.04821
      -13.66997         4.01721
      -12.52937         3.32205
      -11.02650         2.64534
       -9.87402         1.57450
       -8.47930         1.05214
       -6.93499         0.35567
       -5.12847        -0.42228
       -3.46242        -1.53430
       -2.27417        -1.97778
       -1.54642        -2.07529
       -1.05651        -2.54422
       -1.51712        -3.02716
       -2.22560        -3.34147
       -3.09464        -3.51974
       -2.82157        -3.52936
       -2.18908        -3.76288
       -1.60452        -3.82770
       -1.75056        -4.56641
       -2.75456        -5.01636
       -3.63918        -4.90014
       -5.05178        -4.94513
       -7.13503        -4.87389
       -8.97628        -4.31381
       -9.66821        -3.92747
      -10.48815        -3.85223
      -11.23880        -4.22066
      -10.85748        -4.26016
      -10.01687        -4.51327
       -9.43433        -4.44738
       -9.29251        -4.57507
       -8.59877        -4.87370
       -8.35578        -5.20583
       -8.26088        -5.37886
       -8.01674        -5.61534
       -8.01071        -6.06264
       -7.94544        -6.68335
       -8.06831        -6.60481
       -8.45194        -6.13960
       -7.78372        -5.55511
       -7.84627        -5.66388
       -8.78698        -4.99328
       -7.99847        -3.63590
       -6.60811        -3.55909
       -5.58856        -3.25542
       -4.88715        -3.48226
       -4.42656        -3.89217
       -3.90411        -4.70252
       -3.23248        -5.32589
       -1.79900        -6.31962
       -0.52634        -7.01628
        0.67818        -7.33327
        1.14188        -7.81310
        1.92743        -7.46318
        3.24217        -6.95605
        4.10877        -6.22909
        4.60456        -4.85485
        4.64222        -3.65069
        4.62907        -2.23921
        4.78780        -1.29773
        4.16573         0.40117
        3.08555         2.25012
        1.93458         4.49657
        0.48550         5.63314
       -0.39435         6.25728
        0.20771         6.26163
        1.35900         6.32362
        3.01222         7.43588
        4.64470         7.83587
        6.78910         7.00621
        8.83279         7.21433
        9.99841         7.98290
       11.31334         8.99934
       11.76023        10.42627
       12.03644        12.09116
       12.77462        13.78663
       12.71216        14.06012
       12.99169        14.73427
       16.13059        15.29653
       20.44151        13.01951
       22.97183        11.28069
       25.48420         9.03267
       26.09825         7.65268
       25.64991         7.08755
       25.44667         6.49533
       25.32128         5.71961
       25.34047         5.17747
       23.54256         4.36421
       22.06699         4.42793
       21.68384         3.75600
       22.00662         1.74789
       22.20849        -0.49292
       21.71474        -3.69851
       20.84818        -5.64679
       20.01706        -6.68057
       18.96670        -7.64683
       17.43488        -9.18706
       16.34896       -10.37764
       15.15688       -11.72376
       13.33765       -11.64168
       11.44881       -12.16055
        8.09783       -12.47988
        3.96787       -10.64294
        1.13059        -8.40849
       -0.60045        -6.65369
       -1.59535        -5.45627
       -1.87885        -5.04414
       -1.90708        -4.84371
       -2.57190        -3.98366
       -3.26666        -2.60726
       -3.14931        -1.07747
       -2.12348        -0.78359
       -1.14256        -0.66823
       -0.37748        -0.35703
       -0.29691         0.51949
        0.20390         1.62635
        0.89498         2.57839
        1.46607         3.64942
        2.27261         4.69906
        2.88480         5.83174
        3.73223         6.87012
        4.85861         7.79165
        6.04019         8.93243
        7.28742         9.70863
        8.32127        10.51480
        8.78957        11.24348
        9.08049        12.22509
        9.92212        12.91449
       10.65877        13.11742
       10.94089        12.99629
       10.75928        13.62072
       10.69827        14.61519
       10.54990        15.69830
       10.51120        16.84776
       10.61292        17.40692
       10.62833        17.77948
       11.02546        18.10694
       11.32678        17.88584
       11.62014        17.75268
       11.99820        17.89234
       12.22545        18.15209
       12.18925        18.28394
       12.06527        18.63506
       11.88704        18.90995
       11.57073        19.18468
       11.18263        19.32251
       10.74696        19.26040
       10.24125        19.15933
        9.59340        19.31010
        8.83008        19.47366
        8.23911        19.80761
        7.65179        19.90928
        6.95164        20.10404
        6.37512        20.36382
        5.83304        20.77264
        5.46709        20.93835
        5.16955        20.90090
        4.90331        20.56874
        4.55750        20.23521
        4.26524        19.81667
        3.99127        19.27941
        3.48985        18.59916
        2.86207        18.11321
        2.24454        17.66569
        1.69749        17.33615
        1.17374        16.89251
        0.65366        16.38165
        0.17126        15.60268
       -0.36273        14.73372
       -1.03182        13.72063
       -1.77664        12.74558
       -2.54366        11.67800
       -3.34232        10.70491
       -4.24000         9.64386
       -5.11071         8.67377
       -6.02176         7.60376
       -6.90301         6.59142
       -7.82906         5.44043
       -8.72242         4.34272
       -9.67557         3.14298
      -10.57366         2.05680
      -11.47926         0.80468
      -12.39498        -0.36194
      -13.34438        -1.63634
      -14.23145        -2.80706
      -15.12756        -4.12860
      -16.00120        -5.36648
      -16.92068        -6.72330
      -17.80056        -7.95811
      -18.69780        -9.31013
      -19.56191       -10.53750
      -20.44037       -11.88005
      -21.27266       -13.09244
      -22.13310       -14.41869
      -22.94476       -15.60969
      -23.77916       -16.91647
      -24.56270       -18.07799
      -25.36388       -19.34134
      -26.09767       -20.45530
      -26.85019       -21.67642
      -27.52719       -22.74472
      -28.22427       -23.92161
      -28.85190       -24.93820
      -29.49172       -26.05518
      -30.05861       -27.00797
      -30.64491       -28.05803
      -31.14990       -28.93610
      -31.66731       -29.91404
      -32.10377       -30.71560
      -32.55243       -31.61416
      -32.91681       -32.33212
      -33.29278       -33.14474
      -33.58096       -33.77234
      -33.87840       -34.49358
      -34.08558       -35.02715
      -34.30169       -35.65331
      -34.42633       -36.08858
      -34.55931       -36.61481
      -34.59915       -36.94763
      -34.64691       -37.37057
      -34.60055       -37.59813
      -34.56176       -37.91504
      -34.42810       -38.03519
      -34.30181       -38.24421
      -34.08023       -38.25565
      -33.86595       -38.35573
