     4.630
     4.543
     4.460
     4.351
     4.251
     4.122
     4.010
     3.885
     3.742
     3.588
     3.449
     3.279
     3.041
     2.859
     2.641
     2.376
     2.097
     1.794
     1.408
     1.188
     0.874
     0.420
     0.216
     0.034
    -0.032
    -0.521
    -0.705
    -0.933
    -1.461
    -1.787
    -2.002
    -2.411
    -2.886
    -3.461
    -3.989
    -4.623
    -4.974
    -5.125
    -5.337
    -5.462
    -5.986
    -5.756
    -6.361
    -6.942
    -7.152
    -7.578
    -7.936
    -7.822
    -7.868
    -9.168
    -9.019
    -9.773
    -9.562
    -9.880
   -10.121
   -11.888
   -11.442
   -11.501
   -12.863
   -12.376
   -12.422
   -12.137
   -12.560
   -12.007
   -10.859
   -10.275
   -10.346
    -8.880
    -7.289
    -7.798
    -5.720
    -4.958
    -4.045
    -2.253
    -0.177
    -0.969
    -1.611
    -0.253
     1.141
     5.826
     5.860
     5.671
     6.559
     7.530
     7.585
     7.827
     9.215
     9.347
     9.374
     9.421
     9.555
    10.896
    11.440
    11.539
    10.308
    10.600
    10.400
     8.704
     8.176
     8.556
     7.031
     6.699
     5.335
     6.107
     4.372
     4.238
     3.808
     4.114
     3.199
     2.140
     3.755
     3.639
     3.504
     3.622
     3.372
     1.792
     1.575
     0.359
     0.400
     0.357
     0.264
    -0.641
    -0.156
     0.299
    -0.106
    -1.419
    -0.271
    -0.221
    -0.364
     0.781
    -0.946
    -0.115
    -1.335
    -1.628
    -1.720
    -2.032
    -1.285
    -2.378
    -1.846
    -2.790
    -2.852
    -3.507
    -2.658
    -2.781
    -2.155
    -2.053
    -1.678
    -1.107
    -2.018
    -1.822
    -1.770
    -1.172
    -1.600
    -1.756
    -0.191
    -0.178
    -2.325
    -1.485
    -2.585
    -3.174
    -4.623
    -3.197
    -1.311
    -0.841
     0.769
     1.682
     1.499
     1.853
     3.327
     2.066
     3.578
     3.971
     3.443
     2.844
     3.721
     2.665
     2.654
     3.165
     3.193
     3.271
     3.745
     3.883
     1.356
     1.849
     2.700
     1.048
     1.441
     1.564
     1.671
     3.163
     2.100
     0.235
    -0.904
    -3.538
    -1.477
    -1.260
     1.023
     1.119
    -0.285
    -0.909
     0.743
    -1.424
    -1.851
    -3.874
    -5.293
    -6.259
    -4.128
    -1.390
    -2.944
    -2.192
    -3.107
    -5.554
    -5.595
    -7.759
    -8.143
    -8.869
    -9.156
    -7.018
    -8.023
    -9.867
    -8.975
    -6.578
    -7.384
    -7.852
    -6.852
    -4.849
    -4.747
    -3.164
    -1.559
    -1.266
     0.603
     1.308
     3.386
     4.385
     6.449
     7.379
    10.917
     9.907
     9.353
     9.212
     8.897
     8.063
     8.336
     6.894
     5.688
     3.359
     3.186
     2.974
     3.886
     4.299
     4.291
     2.744
     5.370
     1.775
    -1.960
     1.866
     1.331
     1.031
     0.672
     1.623
     0.292
    -0.897
    -1.400
    -2.805
    -0.834
    -0.709
    -0.894
    -1.107
    -1.188
    -1.882
    -1.155
    -1.093
    -1.223
    -0.243
    -0.871
    -1.195
    -1.761
    -1.566
    -2.703
    -2.011
    -2.241
    -2.146
    -2.830
    -4.881
    -3.506
    -2.912
    -3.573
    -3.908
    -3.578
    -4.035
    -2.152
    -3.842
    -2.424
    -2.404
    -3.040
    -2.644
    -3.433
    -1.734
    -1.839
    -2.991
    -2.492
    -1.684
    -1.208
     0.426
     0.770
     1.340
     0.642
     0.565
     0.096
    -0.742
    -0.194
     1.742
     2.329
     3.116
     1.566
     3.538
     2.364
     2.385
     3.676
     3.501
     5.271
     4.631
     3.105
     5.457
     4.819
     4.381
     4.713
     4.827
     4.127
     4.598
     3.783
     4.579
     2.637
     3.355
     3.427
     1.726
     1.796
     1.895
     1.987
     3.706
     1.721
     3.657
     3.030
     3.553
     1.875
     1.902
     2.060
     1.426
     1.183
     0.605
    -0.129
    -1.101
     0.801
     0.744
     0.210
    -0.400
    -0.995
    -2.005
    -1.894
    -3.166
    -4.277
    -4.145
    -3.475
    -2.463
    -3.606
    -4.081
    -3.500
    -2.490
    -1.820
    -0.422
     0.462
    -1.131
     0.211
     0.935
     0.187
     1.001
     1.360
     0.434
     0.932
     1.098
     0.500
     1.763
     0.592
     1.386
     1.155
     0.379
    -0.814
    -1.301
    -1.997
    -1.275
    -2.012
    -1.796
    -1.731
    -2.111
    -2.135
    -2.906
    -2.968
    -2.876
    -1.772
    -2.553
    -1.484
    -2.223
    -3.413
    -3.399
    -3.110
    -3.027
    -3.710
    -4.521
    -5.860
    -5.674
    -7.731
    -7.449
    -6.319
    -4.891
    -4.690
    -4.009
    -4.826
    -5.601
    -3.707
    -2.784
    -3.214
    -2.521
    -2.741
    -1.607
    -0.772
     3.683
     4.133
     4.288
     2.065
     2.116
     1.919
     1.178
     2.949
     3.926
     4.276
     3.207
     3.981
     1.469
     1.684
     2.201
     2.347
     1.025
     0.952
     1.139
     1.506
     1.321
     2.141
     2.305
     2.806
     2.455
     1.623
     0.097
     1.203
    -0.727
     0.748
     1.379
     0.052
     0.275
     0.529
     1.190
     0.895
     1.305
     2.243
     1.898
     2.717
     3.002
     3.516
     2.053
     1.241
     0.238
     0.496
    -2.309
    -0.114
     0.639
     1.562
     0.424
     0.602
     2.134
     2.164
     1.363
     0.728
     2.272
     0.629
     1.292
     1.766
     0.805
     1.887
     1.932
     0.969
     2.390
     2.602
     1.517
     1.683
     0.844
     0.017
     0.029
     1.160
     1.796
     2.043
     1.615
     1.400
    -0.214
    -0.039
    -1.215
    -0.422
    -1.192
    -0.523
    -1.125
    -1.919
    -0.684
    -1.527
    -1.279
    -1.187
    -0.642
     0.179
     0.576
     0.762
     0.816
     2.454
     2.766
     2.924
     2.056
     2.359
     2.990
     2.473
     2.765
     3.135
     1.853
     2.756
     2.149
     1.980
     3.579
     2.795
     4.056
     0.980
     0.219
     0.001
     1.834
     1.872
     1.694
    -0.537
    -0.092
    -0.641
    -1.708
    -1.030
    -0.344
    -0.274
    -1.800
     0.070
    -0.872
     0.244
     0.693
     1.596
     1.379
    -1.361
    -2.295
    -0.674
    -1.199
    -2.049
    -2.645
    -3.928
    -5.703
    -3.939
    -5.463
    -4.707
    -4.449
    -5.692
    -7.976
    -8.150
    -7.983
    -7.572
    -5.967
    -6.324
    -5.993
    -6.685
    -7.116
    -7.069
    -5.812
    -6.076
    -6.074
    -4.742
    -5.211
    -4.455
    -3.948
    -4.125
    -3.111
    -2.477
    -3.611
    -3.279
    -2.219
    -2.311
    -1.323
    -1.108
    -2.822
    -1.070
    -0.739
    -0.839
    -0.695
    -0.603
    -2.609
    -3.488
    -2.900
    -1.689
    -2.363
    -0.774
    -2.243
    -0.630
    -0.568
     0.863
     0.972
     2.215
     2.244
     2.404
     2.708
     4.579
     4.721
     4.432
     4.841
     4.693
     2.592
     2.412
     3.071
     3.823
     2.950
     3.806
     4.104
     3.405
     4.158
     4.468
     5.396
     5.271
     6.511
     4.684
     6.087
     4.320
     4.555
     5.187
     3.395
     4.602
     4.253
     4.125
     4.647
     3.699
     3.945
     5.710
     5.106
     6.048
     5.868
     5.601
     4.323
     4.791
     4.921
     5.612
     6.229
     6.587
     6.601
     4.700
     5.147
     5.695
     4.251
     3.625
     5.337
     5.037
     4.421
     3.723
     4.148
     4.205
     5.841
     5.731
     5.398
     5.531
     5.168
     4.265
     0.089
    -0.410
    -1.077
    -2.272
    -4.390
    -6.067
    -5.468
    -6.993
    -7.333
    -5.771
    -6.282
    -4.967
    -5.644
    -5.544
    -5.860
    -5.312
    -3.019
    -3.966
    -2.827
    -2.011
    -1.837
    -0.965
    -0.467
    -1.551
    -1.616
    -0.148
    -1.319
    -0.223
     0.448
    -1.701
    -1.010
    -0.918
    -1.199
    -0.684
    -0.514
    -0.807
    -2.875
    -2.107
    -4.795
    -4.799
    -4.843
    -6.470
    -6.427
    -6.896
    -8.022
    -7.767
    -6.796
    -6.566
    -6.747
    -6.481
    -5.837
    -5.960
    -4.786
    -4.723
    -2.913
    -3.903
    -3.494
    -3.178
    -3.502
    -2.513
    -4.992
    -4.181
    -3.615
    -5.065
    -4.776
    -4.474
    -4.438
    -5.288
    -6.088
    -4.426
    -4.862
    -6.747
    -6.682
    -4.825
    -6.190
    -5.375
    -5.961
    -5.547
    -6.183
    -5.887
    -5.255
    -3.104
    -1.338
    -1.543
    -3.048
    -2.442
    -1.794
    -1.183
    -0.554
    -0.328
    -0.070
    -0.147
    -0.187
     1.216
    -0.098
     0.572
     2.350
     1.309
     2.250
     1.448
     1.568
     2.676
     3.165
     5.005
     5.731
     7.135
     6.421
     6.475
     6.211
     6.294
     7.943
     6.602
     8.641
    10.397
    10.643
     9.799
     9.757
    10.536
    11.486
    10.394
    10.548
     9.865
     9.807
     9.795
    10.531
    10.428
    10.732
    10.451
     9.139
     8.023
     7.671
     8.077
     9.267
     9.187
     9.451
     9.372
     9.429
     9.166
     9.195
    10.208
     9.455
     8.776
     8.581
     9.313
     9.368
     9.465
     9.613
     9.514
     9.335
     9.246
     9.532
     9.619
     9.480
     8.712
     8.352
     8.260
     8.400
     8.277
     6.625
     6.649
     6.853
     7.096
     6.989
     4.740
     1.377
    -0.655
    -5.321
    -7.098
    -8.080
   -11.267
   -15.506
   -16.754
   -19.977
   -21.570
   -23.229
   -25.686
   -25.382
   -26.556
   -27.104
   -30.545
   -29.849
   -29.248
   -26.823
   -25.951
   -25.322
   -23.926
   -23.797
   -23.602
   -21.038
   -20.214
   -17.965
   -16.184
   -13.529
   -10.822
    -8.681
    -7.086
    -4.680
    -3.298
    -0.710
     2.088
     1.633
     2.367
     2.735
     2.430
     2.836
     1.984
     2.773
     1.368
     1.396
     1.861
     0.815
     1.169
     0.157
     2.121
     1.052
     0.771
    -0.249
     0.910
     1.481
     2.213
     2.302
     3.084
     3.121
     1.333
     1.876
     2.951
     3.350
     3.571
     3.303
     3.915
     3.727
     4.284
     5.035
     5.454
     6.197
     6.320
     6.969
     7.228
     6.721
     5.244
     3.537
     2.179
    -0.805
    -0.620
     0.880
     0.207
     3.866
     7.090
    11.166
    14.584
    14.883
    15.493
    14.609
    14.831
    15.932
    14.617
    14.752
    13.287
    12.654
    11.426
     8.064
     6.357
     4.238
     2.588
     3.416
     2.255
     0.877
     0.135
    -1.074
    -2.137
    -3.444
    -3.522
    -3.315
    -4.340
    -4.745
    -3.623
    -1.450
    -2.054
     0.252
    -0.795
    -2.247
    -2.298
    -1.799
    -0.721
     0.535
     0.250
    -0.196
    -0.313
    -0.546
     1.576
     4.106
     1.909
     3.620
     5.029
     6.114
     4.012
     3.992
     5.009
     5.263
     5.166
     5.133
     4.099
     4.338
     4.469
     5.687
     5.840
     5.829
     6.998
     5.825
     3.637
     2.309
     1.819
    -0.464
    -2.123
    -1.594
    -1.661
    -4.547
    -5.719
    -6.660
    -5.532
    -5.746
    -6.004
    -5.725
    -4.765
    -3.965
    -5.013
    -5.022
    -6.512
    -4.819
    -2.729
    -3.285
    -3.264
    -3.149
    -3.555
    -2.307
    -2.494
    -2.127
    -0.989
    -0.737
     0.035
     0.055
     1.690
     0.063
    -0.789
    -0.122
    -0.626
    -0.609
    -1.985
     0.436
     0.741
    -1.036
    -0.722
     0.665
    -1.498
     0.122
     0.115
    -0.522
    -1.275
    -4.091
    -4.636
    -7.312
    -7.919
    -6.747
    -6.208
    -7.929
    -9.673
   -11.195
   -10.897
    -9.376
    -7.811
    -8.905
   -11.603
   -10.342
   -10.964
   -14.546
   -15.145
   -15.330
   -16.970
   -17.337
   -16.882
   -13.967
   -13.597
   -14.873
   -16.562
   -17.586
   -20.390
   -21.510
   -22.450
   -26.110
   -28.459
   -27.476
   -27.022
   -25.022
   -27.935
   -26.284
   -26.536
   -39.040
    10.151
    24.908
    17.941
    12.346
    15.648
    13.896
    15.153
    15.239
    15.977
    17.034
    19.389
    17.444
    16.238
    17.286
    18.375
    19.203
    21.452
    22.646
    23.752
    29.973
    30.801
    23.661
    24.097
    24.742
    30.325
    34.491
    34.950
    34.226
    34.356
    35.576
    37.220
    36.324
    39.385
    37.402
    38.204
    37.788
    34.887
    29.756
    26.491
    27.213
    24.587
    24.673
    24.353
    23.684
    19.169
    20.236
    20.371
    18.920
    17.796
    15.830
    13.313
    13.061
    10.935
     6.758
     1.046
    -6.021
    -9.865
   -16.435
   -24.839
   -28.043
   -26.735
   -31.468
   -32.709
   -32.526
   -34.847
   -34.503
   -33.950
   -32.484
   -27.987
   -30.977
   -30.045
   -29.652
   -31.931
   -31.911
   -33.767
   -31.151
   -28.462
   -30.185
   -29.348
   -27.136
   -26.065
   -26.390
   -25.006
   -22.022
   -22.920
   -23.968
   -23.340
   -21.825
   -23.654
   -23.238
   -20.573
   -22.045
   -20.851
   -20.738
   -23.054
   -23.398
   -23.818
   -22.360
   -23.160
   -22.723
   -18.906
   -16.526
   -13.506
   -10.834
    -8.285
    -2.185
    -2.229
    -0.367
     1.251
     2.096
     4.523
     8.114
     6.366
    11.174
    18.349
    20.833
    23.546
    26.563
    32.262
    34.022
    35.800
    33.985
    32.048
    37.829
    46.239
    42.805
    38.292
    43.301
    39.666
    33.930
    46.217
    45.895
    28.638
    14.018
    10.394
    27.828
    18.500
     4.723
    -4.454
    -1.188
    -5.000
   -10.517
   -14.616
   -11.201
   -18.593
   -16.849
    -9.916
    -8.819
    -5.766
    -6.416
   -10.999
   -14.375
    -7.848
    -3.922
    -3.376
    -4.725
     0.418
     3.339
     3.626
     1.135
     1.471
     4.344
     4.896
     8.157
     1.452
     3.276
     6.096
     5.020
     2.163
    -0.227
    -9.748
   -16.844
    -8.489
     5.012
     1.819
    -5.482
    -8.102
    -5.332
    -6.806
    -2.995
     7.790
     4.390
    -9.642
   -16.097
   -16.701
   -24.590
   -26.338
   -18.509
   -12.066
    -8.718
    -5.294
    -0.288
    -1.656
   -12.379
   -11.867
   -15.183
   -11.121
    -4.983
     1.187
     1.348
     1.043
     5.615
     2.747
    10.322
     8.817
     8.982
    10.006
    17.183
    21.090
    26.422
    23.040
    19.886
    19.982
    14.220
    17.527
    17.667
    11.828
    10.081
    10.053
     6.753
     5.239
    -0.066
     0.939
    -0.060
     5.014
     0.996
     1.379
     2.886
    -1.002
    -0.529
     0.177
    -0.971
     2.352
     3.090
     1.308
     1.406
     0.054
     0.961
    -4.767
    -4.778
    -8.718
    -7.462
    -5.198
    -2.729
    -2.103
    -0.002
    -5.095
    -4.010
    -4.710
    -8.352
    -8.594
    -7.479
   -12.887
   -15.311
   -10.210
    -7.228
    -8.139
   -12.110
   -10.468
   -10.749
    -4.455
    -6.268
    -7.724
    -5.774
    -4.207
     6.397
    12.441
     0.991
    -3.582
    -9.355
    -6.506
    -5.230
    -2.012
    -9.621
   -17.181
   -14.040
   -16.098
   -19.777
   -20.793
   -20.038
   -17.558
   -14.494
   -11.271
    -8.647
    -9.976
   -10.606
    -5.795
    -4.227
    -7.963
    -8.190
    -6.083
    -2.000
    -2.208
    -4.539
    -3.420
    -6.827
    -2.725
    -5.057
    -0.869
    -1.351
    -0.029
     2.000
    10.596
     8.705
     9.314
     5.726
     2.984
     7.582
     5.804
     8.838
    10.619
    14.165
    11.043
     5.736
     5.883
     5.488
     5.928
     8.132
    11.612
    13.272
    17.659
    21.094
    19.717
    18.604
    20.391
    19.288
    20.183
    23.007
    19.674
    29.535
    21.412
    22.616
    14.246
     9.095
    12.917
    14.637
    12.352
    15.102
    14.764
    15.828
    11.374
     7.299
     8.775
     8.092
     4.053
     6.359
     4.215
     7.280
     9.569
     1.170
     1.635
     3.214
     0.675
    -4.445
    -5.311
    -7.341
    -6.868
    -5.041
    -5.684
    -5.997
   -10.592
   -13.513
    -2.652
    -5.693
   -18.900
   -18.317
    -6.193
    -3.256
    -0.502
   -11.731
    -7.338
    -4.611
   -11.504
   -11.433
   -18.721
   -25.993
   -21.594
   -16.720
   -21.437
   -16.452
    -9.599
   -12.210
    -7.602
    -2.662
    -1.138
    -3.094
    -4.612
    -5.160
    -8.226
    -9.354
   -10.377
   -11.162
   -10.945
    -8.803
    -9.661
    -4.620
    -4.513
    -4.063
    -4.749
    -0.072
    -1.571
    -2.861
    -0.959
     0.394
     2.987
     1.641
     0.180
    -2.198
     0.186
    -2.041
    -3.852
     0.733
     3.712
     4.135
    -0.181
     0.169
     4.667
     4.223
     2.801
     4.317
     5.476
     7.803
     5.299
     3.658
     3.980
     2.347
     6.384
     2.804
     5.905
     4.393
     0.506
     1.876
    -0.422
    -0.394
    -0.498
    -2.998
    -1.833
     2.808
     1.757
     3.954
    -0.852
     0.826
     3.270
     3.176
     4.337
     1.278
    -3.368
     0.527
     3.373
     6.038
    -3.495
   -13.149
   -10.357
    -4.659
    -5.267
    -7.508
    -9.894
    -8.441
    -7.178
    -5.697
    -5.109
    -7.575
    -3.662
    -3.157
    -0.981
     2.639
     5.247
     1.719
    -1.917
    -0.340
     0.445
     3.405
     0.761
     2.369
     1.232
     2.104
     2.752
     3.801
     7.429
     6.393
     7.708
     6.146
     8.064
    10.307
     9.201
     8.437
     7.802
     7.479
     9.186
    10.047
     9.950
     8.202
     9.085
     9.752
     8.999
    11.735
    12.275
    12.540
    13.474
    15.010
    14.417
    14.154
    13.313
    13.557
    13.243
    11.707
    12.966
    10.029
    12.661
     9.400
     7.151
     7.988
     6.583
     5.625
     4.588
     4.404
     2.777
     1.611
     1.325
    -0.087
    -0.814
    -2.955
    -3.952
    -2.576
    -4.119
    -5.907
    -7.318
    -7.172
    -5.950
    -6.387
    -9.154
    -9.340
    -9.767
   -11.746
   -12.413
   -13.257
   -13.958
   -15.998
   -16.224
   -18.261
   -15.422
   -16.495
   -15.527
   -17.037
   -18.515
   -18.779
   -17.664
   -17.797
   -18.202
   -15.326
   -15.724
   -14.408
   -14.594
   -11.597
   -10.679
    -7.792
   -10.671
    -9.441
   -10.201
    -7.762
    -7.396
    -6.025
    -6.369
    -5.854
    -7.137
    -5.732
    -6.083
    -6.320
    -5.703
    -6.527
    -6.272
    -3.063
    -0.771
    -0.124
     0.227
     0.807
     0.953
     2.601
     2.353
     3.496
     7.328
     7.889
     7.561
     7.255
    11.304
     7.664
     8.460
     8.692
    11.351
    10.330
     7.171
     8.825
    10.282
     8.381
     7.916
     7.211
     8.090
     7.425
     8.096
     7.998
     8.774
    10.804
    10.187
     8.556
     8.389
     7.778
    10.426
    11.462
    12.031
    11.890
    11.653
    10.986
    11.790
    12.908
    10.630
     9.870
     9.500
     8.154
     7.107
     8.470
     7.189
     6.057
     5.901
     5.444
     4.774
     6.537
     6.863
     7.962
     8.239
     7.363
     4.439
     5.057
     5.771
     1.957
     2.371
     1.188
    -2.443
    -3.131
    -2.514
    -5.360
    -5.204
    -5.547
    -7.561
    -7.708
    -8.196
    -7.388
    -8.199
    -6.685
    -7.206
    -7.692
    -8.599
    -7.810
    -8.333
    -8.817
    -8.798
    -8.435
    -7.449
    -9.470
    -7.911
    -9.498
    -8.264
   -10.067
   -11.435
   -10.827
   -11.137
   -10.802
   -10.645
    -9.473
    -8.048
    -7.486
    -8.365
    -7.818
    -7.154
    -8.036
    -7.662
    -5.712
    -4.306
    -3.152
    -1.134
    -2.169
     1.220
     2.084
     4.237
     4.918
     4.504
     3.088
     3.687
     1.778
     2.688
     1.248
    -0.321
    -1.086
    -3.260
    -1.750
    -1.590
    -1.572
    -2.110
    -2.453
    -1.560
     0.676
     1.926
     2.439
     1.506
     2.188
     2.844
     2.501
     3.504
     2.782
     2.295
     3.842
     5.246
     6.387
     4.096
     2.955
     5.519
     3.228
     4.100
     6.631
     6.922
     6.797
     6.061
     6.419
     6.570
     5.642
     6.305
     7.787
     6.939
     8.536
     8.718
     7.211
     4.860
     7.582
     9.247
     8.787
     6.757
     5.766
     4.337
     3.631
     2.835
     1.786
     1.662
     1.553
     0.338
    -1.125
    -3.019
    -2.713
    -1.962
    -4.046
    -4.159
    -4.568
    -4.837
    -5.156
    -4.309
    -3.747
    -3.953
    -3.505
    -3.940
    -3.533
    -4.103
    -4.726
    -5.236
    -4.215
    -4.720
    -3.376
    -6.911
    -6.300
    -6.517
    -6.494
    -4.800
    -2.662
    -0.132
     1.047
    -0.845
    -1.364
    -0.971
    -2.870
    -5.202
    -5.103
    -3.918
    -1.706
    -1.748
     0.854
    -1.823
    -1.589
    -1.915
    -2.668
    -6.494
    -7.884
    -8.735
    -6.166
    -5.993
    -6.382
    -6.073
    -3.990
    -3.384
    -3.411
    -6.022
    -4.351
    -4.101
    -4.193
    -5.288
    -2.904
    -1.668
     0.626
     0.533
     2.966
     2.416
     1.427
     2.115
     0.249
     0.308
     2.030
     3.507
     3.007
     4.964
     4.656
     7.894
     7.314
    10.985
    11.621
    10.659
    11.079
    11.757
    10.378
    13.079
    13.993
    12.202
    11.843
    10.765
    10.658
    10.636
     8.648
     7.410
     5.825
     4.667
     3.046
     1.735
     0.024
     1.298
    -1.538
    -1.563
    -0.845
    -0.534
     0.435
    -0.815
    -1.325
     0.093
     1.308
     1.412
     1.917
     0.580
     1.400
     3.499
     1.008
    -0.085
     1.403
     0.164
     1.105
    -2.180
    -2.885
    -2.917
    -4.602
    -4.386
    -4.716
    -4.916
    -3.535
    -2.364
    -2.729
    -3.088
    -2.136
    -4.155
    -4.654
    -5.767
    -7.863
    -9.036
   -10.143
    -9.820
    -4.558
   -10.198
    -9.722
    -9.914
    -7.758
    -6.710
    -3.659
    -4.995
    -4.964
    -4.982
    -5.879
    -1.825
    -1.612
    -1.869
     0.091
    -0.027
     1.677
     0.112
     1.228
     1.490
     1.431
     0.164
     0.200
     1.677
    -2.296
    -3.169
    -3.695
    -0.948
     0.320
     0.656
     0.690
     0.396
     1.004
    -0.999
    -2.423
    -0.688
    -0.569
    -1.522
    -1.129
    -0.293
    -0.406
    -0.995
    -0.182
     0.198
    -0.377
    -0.610
    -0.591
     0.611
     1.118
    -0.702
     0.272
     1.503
     2.552
     2.335
     3.899
     1.715
    -0.143
    -0.853
     0.953
     2.619
     3.386
     5.633
     4.090
     4.817
     3.660
     2.876
     2.136
     2.983
     1.127
     2.644
     1.288
    -0.269
     0.540
     2.287
     1.374
     1.347
     3.274
     3.734
     4.341
     3.993
     4.520
     4.292
     5.460
     6.348
     4.943
     6.270
     6.205
     6.743
     5.687
     5.294
     2.929
     3.191
     4.370
     5.520
     3.806
     1.813
     2.373
     3.779
     3.657
     3.765
     2.852
     1.426
     1.040
     0.048
    -0.294
    -1.683
    -3.356
    -4.167
    -5.099
    -4.239
    -4.423
    -4.867
    -7.926
    -5.356
    -4.454
    -3.060
    -4.436
    -3.232
    -4.778
    -3.907
    -2.875
    -2.883
    -2.678
    -3.610
    -3.752
    -4.032
    -4.153
    -3.568
    -4.501
    -5.495
    -5.883
    -5.755
    -4.236
    -2.984
    -1.314
    -1.502
    -0.487
    -2.577
    -2.157
    -2.717
     0.036
    -0.474
    -0.342
    -0.007
     2.545
     1.496
     0.423
    -0.176
     2.592
     0.813
     2.230
     1.632
    -1.935
    -1.269
    -0.846
     0.693
     2.795
     2.331
     0.743
    -0.354
     0.803
     1.134
     1.334
     1.258
     1.564
     1.209
     0.718
     0.260
    -0.718
    -0.663
    -1.825
    -1.054
    -0.896
    -1.684
    -1.620
    -1.061
    -1.423
    -0.471
    -0.390
    -0.578
    -0.589
    -1.271
    -0.181
    -0.549
    -0.009
     0.405
    -0.383
     0.529
     1.557
     2.392
     0.946
     1.144
     1.830
     1.698
     3.577
     2.516
     3.208
     1.537
     2.008
     0.888
     2.125
     1.519
     0.091
     0.419
     1.745
     1.519
     1.612
     0.594
     1.001
     1.036
     2.298
     3.379
     3.309
     2.574
     3.667
     3.214
     1.815
     0.689
    -0.556
    -0.156
    -1.203
    -1.529
     0.033
    -0.650
     0.266
     0.170
    -1.276
    -2.226
    -1.643
    -1.423
    -2.794
    -0.596
    -1.174
    -0.756
    -1.162
    -2.374
    -0.709
    -0.824
    -1.190
    -1.277
    -1.573
    -1.118
    -1.071
    -0.924
    -0.285
    -1.933
    -0.759
    -3.644
    -1.738
    -1.757
    -1.115
    -0.992
    -0.801
     0.266
     0.993
     0.002
     0.616
    -1.372
    -0.026
     0.047
     0.604
     0.874
     1.230
     0.774
     0.812
     0.207
    -0.582
    -0.452
    -0.130
     0.105
    -0.583
    -1.329
    -1.259
    -1.501
    -0.535
     0.162
     0.134
     0.054
    -1.375
    -0.835
     0.606
    -0.856
    -0.440
     0.244
     0.026
    -0.673
    -1.603
    -1.988
    -1.532
    -1.514
    -2.108
    -1.874
    -1.352
    -0.798
    -0.653
    -2.091
    -0.799
     0.205
     1.219
     1.547
     1.378
     5.042
     5.135
     6.255
     6.325
     6.923
     6.873
     7.407
     6.536
     4.982
     4.306
     2.073
     2.760
     1.691
     1.389
    -0.052
     0.708
     0.994
    -0.060
     0.090
     0.641
     0.531
     1.387
     2.082
     0.334
     1.533
     0.657
    -0.060
     1.009
     0.250
     0.051
     0.243
    -0.828
    -1.103
    -1.867
    -1.231
    -1.423
    -1.605
    -1.186
    -2.300
    -2.847
    -3.923
    -3.393
    -3.291
    -2.903
    -1.480
    -1.350
    -1.396
    -1.068
    -1.026
    -2.195
    -2.369
    -3.024
    -2.937
    -3.006
    -2.960
    -3.618
    -3.784
    -3.708
    -3.393
    -3.158
    -3.217
    -3.291
    -3.107
    -2.943
    -1.944
    -2.546
    -1.334
    -1.857
    -0.889
    -1.771
    -0.716
    -0.940
     0.137
     0.182
    -0.644
     0.399
     0.398
     0.574
     1.516
     0.636
    -0.656
     0.080
    -0.832
    -0.171
     0.376
     1.184
    -0.466
     0.222
     0.920
    -0.376
     1.478
     1.239
     1.018
     2.126
     2.441
     2.241
     2.098
     1.114
     1.763
     0.927
     2.806
     1.718
    -1.274
    -1.786
    -0.312
     0.061
     0.036
     0.204
     0.653
     0.849
     2.688
     3.199
     2.759
     4.752
     3.227
     2.610
     4.944
     2.286
     2.255
     2.110
     1.072
     0.698
     0.603
     0.049
     0.315
     1.381
    -0.295
    -0.714
     0.640
    -0.304
     0.174
     0.711
     1.187
     2.859
     3.291
     1.402
     0.871
     0.735
     0.437
     0.113
     0.498
     0.078
     0.211
     0.198
     0.873
    -0.277
    -2.353
    -1.366
    -1.743
    -1.353
    -1.242
    -0.864
    -0.664
    -0.647
    -0.369
    -1.021
     1.040
     1.011
     1.489
     1.227
     1.101
     0.784
     0.991
     0.859
    -0.671
    -0.448
    -0.502
    -1.288
     0.486
    -0.791
    -0.483
    -0.432
    -0.303
    -0.969
     1.007
     0.270
    -1.323
    -0.338
    -0.984
    -1.374
    -0.979
    -0.091
    -0.221
    -1.105
    -1.212
     0.539
     0.357
    -0.744
    -1.615
    -1.660
     0.052
    -1.565
    -1.442
    -1.282
    -3.118
    -1.680
    -1.644
    -1.492
    -1.542
    -1.372
    -0.944
    -2.495
    -1.447
    -1.534
    -1.860
    -2.834
    -2.059
    -1.610
     0.071
    -1.776
    -2.507
    -1.333
    -0.376
    -0.740
     0.677
    -1.113
     0.642
    -0.528
    -0.157
    -2.063
    -0.594
    -1.496
    -1.760
    -1.421
    -1.353
    -1.542
    -0.055
    -1.221
    -1.098
    -1.328
    -0.183
     0.855
     1.250
     1.765
     0.862
     1.748
     1.481
     1.501
     3.631
     2.166
     3.746
     3.350
     5.008
     3.907
     3.851
     2.393
     3.336
     4.893
     5.147
     4.870
     4.747
     6.574
     3.806
     2.838
     2.916
     2.804
     3.574
     2.776
     0.724
    -0.736
    -1.326
    -0.780
    -0.588
    -3.007
    -2.782
    -2.732
    -1.963
    -2.958
    -2.572
    -2.489
    -2.861
    -1.748
    -0.784
    -0.427
     0.313
    -1.250
    -1.330
    -2.074
    -0.736
    -0.810
    -0.860
    -0.311
     0.283
     1.292
    -1.199
    -0.868
    -1.504
    -1.485
    -0.830
    -2.242
    -1.214
    -1.840
    -1.976
    -2.626
    -2.914
    -3.133
    -2.813
    -3.755
    -1.727
    -3.170
    -1.817
    -1.532
    -2.211
    -2.194
    -1.284
    -0.928
    -1.667
    -0.994
    -0.432
    -0.549
    -0.589
    -0.051
    -0.508
    -0.196
    -0.709
    -0.818
     0.128
    -0.822
     0.464
     1.330
     1.130
     0.969
     0.465
    -0.417
    -0.423
    -0.500
     0.642
     2.709
     2.878
     3.370
     3.928
     3.510
     3.062
     2.529
     2.877
     3.950
     3.810
     1.983
     2.733
     2.094
     1.037
     0.812
     0.480
     1.020
     0.914
     1.072
     1.515
     1.097
     0.066
     1.135
     1.751
     0.906
     0.876
     1.071
     0.464
     0.887
     1.179
     0.250
     0.130
     1.334
     2.060
     2.242
     0.892
     1.230
     1.657
     1.542
     1.236
     1.681
    -1.201
     0.722
     0.757
     0.807
     0.889
     0.970
     1.317
     0.469
     0.646
     1.665
     1.618
     1.255
     0.364
     0.425
     0.677
     0.726
    -0.238
     0.769
    -1.762
     0.557
     1.005
    -0.246
    -0.214
    -0.304
     0.096
    -2.017
    -1.102
    -1.019
    -0.680
    -0.490
     0.591
     0.587
    -1.593
    -1.441
    -2.395
    -3.317
    -3.146
    -2.152
    -2.915
    -4.970
    -5.089
    -6.028
    -6.067
    -6.769
    -4.431
    -3.119
    -1.709
    -1.222
    -1.448
    -1.792
    -1.235
    -1.192
    -2.359
    -1.064
    -0.530
    -0.530
    -1.269
    -1.586
    -2.823
    -3.409
    -3.868
    -2.652
    -2.851
    -2.338
    -2.615
    -2.043
    -1.576
    -0.285
     1.523
    -1.252
    -1.764
    -1.731
    -3.402
    -2.355
    -1.049
    -2.255
    -2.589
    -2.369
    -4.421
    -4.798
    -2.579
    -1.185
    -0.761
    -1.061
    -2.407
    -1.981
    -2.943
    -1.062
     0.599
    -0.998
    -1.989
    -2.356
    -2.865
    -2.380
    -2.159
    -1.230
    -0.673
     1.363
     4.111
     9.023
     7.662
     4.257
     5.652
    11.480
    14.152
    14.549
    11.106
     9.242
    10.576
     7.705
     7.296
     4.424
     2.542
     0.642
    -2.548
    -1.809
    -2.055
    -1.990
    -3.046
    -1.760
    -1.258
     0.922
     4.333
     7.835
     8.528
     8.677
     7.334
     6.415
     5.612
     8.737
     3.934
     1.980
    -0.341
    -6.576
    -6.371
    -4.635
    -2.572
     0.326
     0.739
     0.572
     3.266
     3.204
     3.079
     4.832
     5.797
     5.870
     6.082
     7.883
     6.959
     7.234
     7.392
    10.584
    12.711
    13.637
    13.452
    13.925
    12.975
    13.157
    12.303
    11.460
     4.245
    -6.220
    -5.395
    -0.478
    -0.099
    -0.852
   -12.191
    -8.832
    -1.290
    -4.421
    -9.989
   -11.819
   -13.455
   -16.966
   -22.002
   -26.378
   -27.174
   -22.930
   -20.522
   -17.213
   -18.549
   -17.649
   -16.360
   -13.947
   -14.291
   -15.156
   -13.741
    -9.901
    -6.268
    -5.618
    -5.683
    -7.677
    -7.361
    -7.505
    -7.598
    -8.948
    -8.749
    -7.543
    -3.918
    -4.620
    -4.155
    -3.059
    -2.182
     1.490
     4.927
     4.347
     5.581
     6.550
     4.245
     6.065
     6.676
     7.789
     5.684
     6.962
     7.502
     7.851
     6.718
     6.780
     5.274
     6.171
     3.550
     3.081
     2.141
     0.799
     1.084
     1.502
     1.617
     2.717
     2.888
     2.957
     3.649
     3.586
     3.593
     4.075
     4.117
     4.452
     4.691
     4.702
     4.895
     5.044
     5.186
     5.731
     5.895
     6.080
     5.693
     5.217
     5.412
     5.513
     5.467
     5.265
     5.323
     5.335
     5.254
     5.195
     5.192
     5.141
     5.149
     5.064
     5.009
     4.957
     4.919
     4.849
     4.784
     4.701
