     3.964
     4.240
     4.594
     4.857
     5.198
     5.449
     5.776
     6.021
     6.327
     6.552
     6.871
     7.060
     7.291
     7.509
     7.707
     7.813
     7.987
     8.070
     8.114
     8.163
     8.334
     8.181
     8.148
     8.107
     8.356
     8.104
     8.185
     8.171
     7.789
     7.950
     7.764
     7.544
     7.248
     6.689
     6.683
     6.141
     5.636
     5.667
     4.802
     4.711
     4.307
     4.012
     3.531
     2.895
     2.092
     1.482
     1.076
     0.456
    -0.141
    -0.708
    -1.599
    -1.667
    -3.107
    -3.394
    -4.456
    -4.986
    -6.202
    -7.118
    -7.553
    -6.892
    -9.014
    -9.660
    -8.518
    -8.354
    -7.752
    -7.912
    -7.360
    -6.372
    -5.877
    -5.014
    -3.926
    -3.107
    -1.951
    -2.422
    -0.856
    -0.076
     0.321
    -0.157
     0.766
     0.088
     0.523
    -0.081
    -0.020
     1.541
     4.174
     5.290
     5.845
     4.503
     2.953
     1.693
    -0.105
    -1.129
    -3.359
    -3.963
    -6.849
    -8.160
    -9.730
    -9.349
    -7.341
    -6.380
    -5.040
    -2.916
    -1.517
    -1.893
    -1.777
    -4.657
    -3.810
    -3.769
    -2.355
    -0.192
    -1.811
    -0.606
    -2.978
    -3.819
    -2.617
    -0.961
    -3.954
    -3.657
    -4.102
    -2.205
    -1.490
    -1.782
    -4.300
    -4.920
    -3.352
    -5.155
    -2.455
    -1.815
    -2.328
    -1.323
    -0.926
    -1.200
    -1.710
    -0.234
    -1.919
    -1.870
    -2.197
    -0.710
    -0.802
    -0.088
     0.079
     0.099
     2.057
     2.014
     1.555
     2.053
     1.603
     0.767
     0.696
    -1.087
    -0.015
     0.935
     2.841
     3.467
     0.918
     1.603
     1.206
     0.172
     4.554
     2.201
     0.017
     1.417
     3.114
     3.403
     4.764
     5.301
     5.936
     5.192
     6.809
     6.756
     5.032
     5.679
     4.284
     4.064
     4.449
     5.065
     3.120
     2.558
     2.070
     2.273
     1.850
     0.789
    -2.017
     0.957
     0.650
     3.181
     0.315
     0.653
     2.151
     4.063
     3.163
     1.779
    -0.906
    -1.680
    -4.194
    -1.539
    -1.779
     4.288
     4.576
     6.048
     5.683
     6.902
     4.254
     0.914
    -2.095
     1.420
     4.513
     8.089
     7.113
     7.341
     9.116
    13.011
    12.232
    12.512
    11.797
    15.757
    13.245
    11.965
    15.375
    13.790
    13.150
    11.960
     9.371
     5.352
     4.756
     3.818
     2.504
     0.288
    -0.535
    -1.641
    -2.633
    -1.400
    -3.944
    -0.904
    -4.484
    -4.766
    -3.208
    -5.837
    -9.358
   -11.326
   -12.317
   -12.687
   -14.894
   -15.122
   -14.951
   -16.554
   -14.346
   -17.625
   -16.988
   -18.462
   -13.022
   -16.669
   -11.314
   -10.475
   -17.161
   -19.079
   -17.796
   -17.419
   -14.402
   -16.442
   -16.422
   -15.074
   -12.521
   -12.279
   -12.696
   -11.987
   -11.870
   -10.428
    -8.198
    -5.944
    -2.814
    -6.066
    -6.817
    -4.936
    -3.637
    -2.236
    -2.257
    -2.223
    -0.815
     0.731
    -0.033
     2.119
     2.662
    -0.348
    -1.107
     0.136
     1.369
     3.456
     3.746
     6.892
     8.170
     8.442
     8.046
     7.754
     6.448
     6.822
     7.268
     7.768
     6.582
     6.039
     7.325
    10.164
    10.494
     9.829
    12.084
     9.936
    11.342
    10.275
    10.194
    11.512
     8.280
     7.834
     7.525
     7.454
     8.446
    11.453
     8.886
     9.021
     9.115
     9.460
    12.378
     8.515
     7.298
     6.542
     5.761
     5.298
     7.937
     8.516
     7.170
     7.269
     6.476
     5.935
     5.134
     4.279
     2.956
     2.504
     1.485
     5.442
     4.681
     1.970
     0.657
     0.766
     1.775
     2.406
     5.611
     5.970
     7.483
     3.986
    -0.024
     3.751
     4.954
     6.289
     8.684
     6.788
     4.310
     4.670
     7.026
     7.043
     0.348
    -1.050
    -2.386
    -1.169
    -1.592
    -6.587
     0.372
    -2.554
    -3.687
    -4.200
    -7.683
    -8.617
    -8.494
    -7.847
    -9.307
    -8.690
    -8.885
    -9.439
    -7.635
   -11.272
   -12.096
   -13.948
   -14.822
   -13.070
   -13.559
   -12.684
   -12.947
   -12.255
   -14.022
   -14.488
   -13.654
   -13.211
   -10.979
   -10.849
   -10.662
    -9.306
    -8.620
    -8.272
    -8.466
    -7.116
    -6.490
    -5.463
    -4.541
    -4.457
    -3.407
    -4.033
    -5.185
    -5.026
    -4.995
    -1.101
    -1.450
     1.147
    -0.036
    -0.551
    -0.396
     0.259
     1.719
    -2.350
     1.180
     2.295
    -0.794
    -0.662
    -3.353
    -2.238
    -0.733
    -4.247
    -3.332
    -1.939
     2.075
     5.571
     8.218
     6.037
     5.275
     0.896
     0.561
     0.817
     2.909
     4.867
     4.609
     2.974
     0.053
     1.245
    -1.073
     1.280
    -2.527
    -2.335
    -3.877
    -2.582
    -2.415
     2.373
     2.093
     6.056
     7.032
     8.064
     6.518
     5.380
     4.993
     7.148
    13.361
    16.933
    18.750
    17.663
    17.951
    15.460
    22.415
    20.252
    18.998
    19.022
    19.344
    16.255
    14.068
    16.163
    15.163
    13.765
    14.058
    11.543
    10.882
    11.164
    11.689
     8.226
     5.248
     3.510
     3.894
     2.927
    -0.090
    -2.011
    -2.314
    -1.682
    -5.102
    -6.059
    -7.121
   -10.087
    -9.876
   -10.506
   -11.207
    -8.880
    -5.661
    -5.768
    -8.612
    -8.031
    -9.637
    -9.210
    -9.357
    -9.350
    -7.603
    -6.557
    -7.923
    -9.088
    -9.348
    -8.255
    -8.803
   -11.153
   -10.332
    -8.661
   -12.692
   -14.290
   -11.899
    -8.030
    -7.528
    -8.792
    -7.572
    -6.887
    -6.312
    -7.061
    -6.946
    -5.569
    -6.800
    -7.509
    -6.246
    -5.321
    -5.675
    -6.722
    -5.793
    -6.810
    -4.717
    -3.396
    -2.263
    -1.390
    -3.108
    -4.447
    -6.639
    -6.789
    -3.954
    -2.553
    -2.447
    -2.930
    -3.325
    -0.634
    -1.332
    -1.325
     0.231
    -1.344
     0.678
     1.886
     3.464
     5.286
     6.065
     5.185
     3.375
     3.864
     3.674
     4.608
     8.679
    10.139
     8.690
     8.492
     9.237
     8.961
    11.247
    11.034
    12.191
    12.010
    10.377
    10.167
     9.646
     9.646
    10.637
     8.358
     7.769
     7.799
     8.512
     6.951
     9.281
     8.602
     9.224
     9.231
     8.533
     6.603
     5.091
     3.577
     2.622
     1.365
     0.074
    -2.353
    -3.323
    -1.194
    -1.324
    -2.593
    -3.480
    -3.032
    -0.956
     0.943
     1.285
     2.632
     2.252
     0.706
     1.209
     1.412
     2.698
     0.779
    -0.375
    -0.375
    -0.259
    -0.166
    -1.274
    -1.902
    -2.190
    -2.177
    -3.362
    -3.906
    -3.690
    -2.830
    -4.500
    -3.101
    -6.660
    -7.742
    -7.711
    -8.129
    -8.493
    -8.426
    -9.442
    -8.070
    -8.347
   -10.614
    -9.416
    -8.717
   -10.110
    -9.048
    -8.690
    -9.486
    -8.549
    -6.605
    -6.443
    -8.209
    -6.505
    -6.127
    -7.214
    -5.124
    -3.910
    -3.549
    -5.367
    -3.140
    -2.861
    -3.479
    -1.072
    -1.856
    -0.279
    -1.725
     0.794
     0.469
    -1.243
    -0.466
     1.290
     0.446
     1.976
     0.860
     0.653
     2.061
     1.731
     0.776
     0.983
     2.331
     0.108
     1.325
    -0.084
     2.555
     4.979
     4.425
     6.231
     5.731
     7.075
     9.107
     9.900
     9.805
     9.623
     8.232
     7.824
     8.098
     7.483
     8.740
     8.848
     8.022
     7.042
     7.096
     7.049
     4.509
     2.545
     3.761
     5.058
     5.200
     5.944
     3.792
     4.360
     4.973
     5.641
     5.773
     6.793
     6.174
     5.076
     5.199
     5.333
     7.050
     7.215
     6.895
     8.386
     8.422
     8.508
     6.664
     6.107
     5.156
     5.293
     4.565
     3.956
     3.077
     1.056
     2.229
    -0.245
    -1.110
    -2.686
    -4.573
    -5.370
    -5.490
    -6.432
    -5.827
    -6.901
    -8.201
   -10.186
    -9.560
    -9.738
   -10.664
   -10.304
    -9.609
    -7.851
   -10.503
   -11.186
   -10.396
   -10.337
   -10.304
    -8.770
   -10.017
    -6.037
    -7.687
    -6.087
    -5.522
    -4.687
    -4.050
    -5.371
    -5.562
    -4.523
    -2.156
    -5.489
    -5.608
    -6.044
    -6.998
    -7.857
    -9.574
    -8.847
   -10.026
    -8.055
    -6.599
    -6.670
    -7.062
    -5.612
    -7.118
    -4.391
    -4.576
    -3.343
    -2.138
     0.888
    -1.267
    -0.070
     1.061
     2.297
     2.804
     5.401
     2.974
     4.651
     3.675
     3.349
     5.381
     2.864
     2.851
     3.660
     5.445
     6.898
     7.155
     7.402
     7.125
     8.057
     6.585
     5.412
     4.109
     3.897
     5.259
     3.871
     4.891
     4.903
     4.470
     0.376
     0.254
    -0.285
    -0.513
    -0.380
    -1.924
    -3.037
    -1.673
    -0.870
     2.344
     2.414
     1.663
     1.782
     1.672
     2.128
     1.569
     0.708
     1.283
     1.825
     3.170
     1.975
     2.277
     3.562
     2.392
     3.236
     4.300
     5.709
     3.843
     3.220
     7.483
     6.659
     4.222
     4.444
     5.501
     7.193
     5.678
     4.629
     5.450
     7.272
     6.763
     6.938
     4.390
     5.247
     7.697
     7.212
     5.781
     5.429
     5.093
     5.128
     3.043
     3.377
     3.088
     4.019
     3.406
     3.422
     3.159
     4.117
     3.307
     3.297
     1.534
     3.173
     3.662
     4.065
     1.190
     1.188
     1.685
    -1.453
    -1.489
    -1.959
    -0.307
    -0.438
    -1.606
    -1.576
    -0.860
    -3.308
    -3.552
    -4.750
    -4.403
    -5.995
    -5.725
    -5.612
    -6.205
    -6.050
    -5.845
    -5.102
    -4.828
    -6.409
    -6.725
    -7.563
    -6.728
    -6.327
    -6.221
    -6.558
    -9.789
    -9.761
   -10.493
   -10.629
   -10.357
   -12.222
   -10.925
   -12.102
   -11.041
   -10.886
   -10.277
   -11.257
   -10.610
   -11.031
    -9.767
    -8.293
    -5.764
    -6.921
    -8.218
    -8.192
    -9.306
    -9.097
   -10.341
   -12.320
   -12.637
   -14.579
   -15.404
   -15.002
   -15.268
   -16.410
   -14.743
   -14.590
   -14.182
   -12.631
    -9.660
    -6.663
    -3.254
    -1.626
    -0.785
     2.293
     4.484
     5.850
     8.204
     9.617
     9.638
    10.769
    12.654
    17.078
    17.909
    19.928
    19.744
    20.243
    18.898
    19.316
    19.685
    20.267
    18.160
    17.527
    16.349
    14.460
    13.294
    16.562
    15.993
    16.441
    13.579
    11.752
    11.957
    14.465
    15.695
    15.594
    14.806
    14.905
    14.061
    11.842
    10.966
     9.104
     6.740
     5.778
     4.615
     2.966
     1.960
     2.438
    -0.101
     0.706
    -0.066
     0.126
    -1.129
    -3.522
    -2.069
    -3.780
    -0.470
    -0.296
     3.443
     3.266
     0.832
     0.856
    -0.288
     0.538
    -1.943
    -2.844
    -0.858
     1.135
     0.345
    -1.566
    -0.420
     0.858
     0.591
    -1.173
     0.377
    -1.611
     0.916
    -2.332
    -5.222
    -5.385
    -6.390
    -7.917
    -5.946
    -6.877
    -5.518
    -7.357
    -5.336
    -5.479
    -5.037
    -4.876
    -5.126
    -5.207
    -5.403
    -5.968
    -7.457
   -10.600
   -12.149
   -11.015
   -10.485
   -10.425
    -8.431
    -5.940
    -6.069
    -7.794
    -5.947
    -8.657
    -8.073
    -9.261
   -13.258
   -15.257
   -15.379
   -15.872
   -15.976
   -13.077
   -13.221
   -10.875
   -12.058
    -9.446
    -7.348
    -8.295
    -9.050
   -13.903
   -13.844
   -13.633
   -13.245
   -14.424
   -17.614
   -18.791
   -20.297
   -20.776
   -19.666
   -19.724
   -20.745
   -19.294
   -19.406
   -16.903
   -14.606
    36.089
    51.597
    37.055
    33.853
    34.297
    34.559
    33.245
    30.055
    34.901
    36.140
    32.964
    29.552
    28.633
    22.895
    22.371
    19.045
    20.521
    23.752
    18.830
    14.442
     8.101
     3.599
     8.657
     9.795
    14.694
    12.117
     5.684
     1.796
     2.609
    -0.173
    -2.382
    -7.819
   -12.114
   -13.201
   -12.198
   -14.176
   -16.859
   -18.763
   -23.240
   -18.822
   -21.587
   -15.805
   -11.155
    -7.152
    -7.759
    -6.701
    -9.042
    -8.867
    -5.660
    -0.998
    -4.860
    -6.084
    -7.490
    -6.838
    -2.877
     1.749
     5.934
    11.552
    11.973
    11.263
     6.494
     5.947
     7.397
     7.345
     5.939
     3.490
     5.505
    12.133
     9.172
     6.092
     5.136
     2.228
    -0.359
    -0.339
     0.314
     2.447
     0.786
     2.321
     5.193
     6.324
     6.375
     6.878
    10.827
     8.591
     8.148
     8.247
     9.768
     7.806
     3.690
     5.634
     7.170
     6.865
     6.296
     7.317
     7.728
     4.796
     2.673
     0.799
    -0.341
    -2.889
     2.672
     3.708
    -1.224
    -4.489
    -5.201
   -10.640
   -15.552
   -17.334
   -21.067
   -21.033
   -24.060
   -25.069
   -26.216
   -28.843
   -28.780
   -30.779
   -35.169
   -34.587
   -32.386
   -31.437
   -31.589
   -30.581
   -26.650
   -14.575
   -14.091
   -16.395
   -13.634
    -2.172
     1.786
     5.986
     8.983
    12.228
    16.684
    24.151
    34.565
    39.769
    25.988
    18.731
    17.395
    22.103
    22.823
    13.844
    11.918
    13.866
    14.564
    11.408
    12.074
    10.944
    11.550
    12.137
    10.383
     6.615
     8.605
     8.093
     9.238
     6.850
     7.894
     0.718
    -1.572
     0.537
     0.743
     2.545
     3.812
     3.796
     4.659
     7.370
     7.818
    16.856
    23.045
    -1.190
   -14.878
    -0.156
    -1.968
    -2.558
     0.586
    -4.601
    -0.348
    -5.145
    -6.171
     1.159
     3.616
   -18.589
   -20.777
    -7.469
    -9.353
   -15.265
   -13.611
   -10.691
   -11.099
   -10.313
    -8.964
    -8.320
   -10.764
    -4.513
    -7.963
    -6.100
    -8.359
    -4.771
    -7.802
     4.818
     2.151
    -1.913
     3.413
     2.866
     1.697
    -1.115
    -0.870
     4.745
     5.874
     1.974
     2.941
     4.187
    -0.625
     3.877
    -1.281
    -1.099
     0.506
    -1.516
     0.387
    -0.801
    -3.037
    -5.582
    -2.929
    -7.958
    -3.353
    -1.434
    -2.681
    -1.246
    -3.286
    -3.855
     0.973
     1.560
    -0.168
     3.053
     4.271
     0.859
     5.989
     5.171
     3.415
     3.802
     2.995
     5.758
     6.047
     5.532
     6.280
     5.491
    10.731
     9.676
     8.638
     5.584
     3.907
     3.329
     8.480
     6.230
     2.832
     6.982
    13.698
     9.848
     9.849
     2.196
     3.524
     6.038
     3.578
     3.322
     2.162
     1.093
    15.448
    15.545
     5.379
     0.609
    -6.791
     0.075
     9.400
     1.728
    -8.631
    -8.676
    -5.784
    -7.228
   -10.477
    -8.766
    -6.438
    -3.475
    -0.812
     1.810
    -0.365
    -1.708
    -2.902
     3.146
     2.180
    -1.357
    -3.137
    -2.742
    -2.865
    -6.865
    -7.025
    -7.658
   -10.160
   -13.565
    -7.113
    -9.429
   -12.579
   -12.318
    -3.226
    -4.622
    -9.301
   -14.617
   -13.340
    -8.563
    -9.409
    -5.255
    -6.765
    -2.567
    -8.326
   -12.528
    -9.258
    -7.739
    -8.219
    -6.733
    -3.345
    -4.129
     2.323
     0.549
     6.203
     6.989
     9.095
     7.891
     7.183
     8.721
     3.717
     9.734
     8.284
     7.655
     4.815
    -3.318
    -0.423
    -2.034
     2.368
     5.324
     4.455
    -0.910
    -5.222
     0.634
     5.940
     6.118
     4.303
     2.961
     1.427
     9.460
    11.992
     7.645
     6.731
     5.006
     5.511
     2.627
     0.309
    -2.098
    -0.512
     0.594
     1.484
    -6.176
    -4.212
    -1.609
     1.728
     5.962
    -0.360
    -5.598
     4.663
    13.519
     6.705
     1.277
    -0.103
     4.370
    -0.124
     1.190
     0.496
    -2.058
    -3.136
    -0.929
     1.043
    -2.406
     3.091
    -0.361
     0.044
    -0.759
     3.492
     3.532
     0.711
    -1.573
    -3.244
    -0.511
    -3.335
    -2.824
    -5.359
    -7.123
    -8.718
    -2.084
    -2.879
    -2.635
    -2.567
     0.542
    -0.662
    -4.629
    -3.308
    -1.311
     1.243
    -1.733
     3.334
     0.755
    -2.140
     0.141
    -3.213
     2.543
     4.838
     5.564
     5.107
     2.810
     4.566
     3.292
     3.523
     4.871
     2.914
     3.867
     7.042
     4.937
     3.144
     2.317
     2.447
     1.140
     3.459
     2.783
     0.780
     2.266
     3.665
     3.600
     0.672
    -2.096
     3.246
     4.331
     1.718
     1.788
    -1.754
    -1.044
     2.748
    -1.065
    -0.591
    -1.755
    -1.603
    -6.452
     2.567
     3.692
    -0.161
    -1.244
    -5.698
    -3.607
    -0.964
    -0.073
    -1.140
    -2.960
    -3.327
    -3.391
    -4.505
    -3.605
    -4.578
    -4.397
    -4.847
    -4.342
    -2.612
     1.529
    -3.121
    -1.665
    -4.037
    -3.606
    -1.859
    -4.143
    -3.000
    -3.838
    -1.345
    -3.291
     0.248
     0.826
    -0.574
     0.150
     0.921
    -0.199
    -0.171
    -1.261
    -1.150
    -0.020
    -2.457
    -0.775
    -2.159
    -2.673
    -2.297
     0.185
     0.914
     1.248
     3.267
     1.563
     1.854
     1.257
     3.478
     1.879
     0.779
     0.119
     0.459
    -0.714
    -2.211
    -2.626
    -1.552
    -2.000
    -2.660
    -4.005
    -4.761
    -4.274
    -5.496
    -5.676
    -6.736
    -7.823
    -5.949
    -6.025
    -7.128
    -6.696
    -6.890
    -4.255
    -5.665
    -5.543
    -6.255
    -4.268
    -4.601
    -4.020
    -3.729
    -6.297
    -3.894
    -5.162
    -2.500
     0.485
    -1.071
    -0.796
    -0.224
     2.185
     2.825
     4.632
     4.320
     5.391
     6.806
     8.298
     8.478
     8.715
    10.459
    13.240
    12.104
    11.583
     9.765
     9.432
     9.160
     7.518
     3.038
     2.805
     3.943
     4.055
     1.140
     1.945
     0.252
     3.804
     2.101
     5.819
     6.303
     8.742
     7.733
    10.263
    11.052
     9.716
     9.343
    10.023
     7.551
     7.109
     8.278
     7.335
     7.352
    11.688
    15.800
    17.983
    15.678
    13.338
    15.175
     4.763
     3.097
    -0.517
    -5.119
    -6.742
    -4.958
    -9.477
   -10.823
    -9.146
    -8.787
    -9.379
    -9.699
   -10.331
    -8.439
    -7.149
    -6.699
    -5.398
    -3.938
    -4.176
    -2.320
     0.314
     2.877
     7.304
     7.860
     4.997
     4.337
     5.887
     5.974
     5.846
     3.737
     4.571
     1.188
    -2.317
     0.472
    -1.937
    -2.630
    -1.963
    -4.910
    -3.216
    -6.716
    -7.251
    -7.231
    -7.084
    -7.531
    -6.782
    -7.457
    -5.451
    -4.228
    -2.705
    -6.051
    -7.669
    -9.397
    -9.765
    -9.259
   -11.269
   -14.552
   -17.026
   -17.787
   -21.166
   -20.399
   -20.939
   -20.262
   -19.190
   -18.980
   -20.761
   -19.492
   -19.470
   -19.640
   -19.107
   -18.058
   -17.196
   -17.182
   -15.539
   -15.400
   -16.820
   -14.491
   -15.545
   -12.184
   -10.233
    -7.391
    -4.797
    -2.184
    -0.565
     1.790
     3.669
     4.890
     5.596
     2.925
     4.721
     4.100
     6.626
    12.531
    16.628
    18.163
    18.326
    18.130
    25.729
    28.605
    29.216
    28.606
    31.705
    31.211
    30.006
    29.596
    26.820
    22.940
    18.788
    15.641
    13.485
    12.627
    11.026
    10.322
     8.575
    13.642
    14.373
    16.222
    16.957
    13.094
    10.242
    11.068
     8.826
     8.880
     8.698
    11.093
    10.096
    13.123
    14.234
    14.442
    10.636
    10.050
    10.663
     6.752
     6.664
     5.937
     7.444
     9.002
     7.613
     5.499
     3.577
     2.969
     1.999
     1.957
     2.144
     1.763
    -0.332
    -1.470
    -0.985
    -1.109
    -0.468
    -3.809
    -7.312
   -10.109
   -11.894
   -13.826
   -17.046
   -20.390
   -21.037
   -19.102
   -19.943
   -22.953
   -24.317
   -24.878
   -25.536
   -22.668
   -20.406
   -20.901
   -21.368
   -21.558
   -18.225
   -14.863
   -11.356
   -11.660
   -14.023
   -11.787
   -12.255
   -11.654
   -11.306
   -11.056
   -13.545
   -13.815
   -18.748
   -13.831
   -12.967
    -8.028
    -9.179
    -4.661
     0.539
     1.264
    -0.151
    -1.880
    -4.997
    -6.377
    -5.662
     0.243
     2.280
     6.834
     9.469
     9.245
    10.754
    10.983
     8.217
     5.110
     8.343
    10.993
     9.480
    10.242
    12.217
     9.123
    10.860
    18.958
    14.320
     9.698
     4.718
     5.067
     8.339
     7.793
     4.373
     5.584
     5.335
     7.500
     7.354
     5.114
    -3.008
    -2.572
    -6.901
   -12.199
   -10.107
    -9.268
   -10.122
    -6.772
    -3.886
    -6.472
    -3.774
    -5.150
    -5.252
    -4.018
    -7.584
    -7.392
    -1.402
    -6.941
    -2.503
    -3.711
    -1.554
     4.403
     1.616
    -1.511
     2.320
    -1.286
    -1.141
     0.318
    -1.838
     1.468
     5.063
     7.355
     7.706
    11.873
    14.193
    15.506
    19.190
    20.698
    20.629
    17.589
    19.463
    18.081
    10.912
     8.931
     7.768
     4.855
     5.266
     2.730
     4.039
     4.293
     6.265
     5.502
     3.218
     1.805
     1.858
     0.562
    -0.174
     3.302
     5.182
     7.071
     7.975
     5.782
     5.745
     4.137
     1.519
     1.978
    -3.031
    -5.196
    -9.287
   -17.047
    -5.021
     2.106
     0.810
     2.428
     2.438
    -2.957
    -2.018
    -4.116
    -5.179
    -7.834
    -7.073
    -3.119
     0.697
     5.711
    11.850
     8.625
     7.811
    -2.868
   -11.743
   -12.735
   -15.480
   -16.479
   -12.305
    -1.408
     0.597
     3.121
    -0.392
    -1.018
    -4.798
    -4.492
    -6.426
    -6.965
    -8.531
   -10.370
    -9.189
    -7.550
    -7.930
    -6.438
    -7.702
    -8.086
    -7.494
    -9.375
    -8.046
    -6.596
    -6.344
    -6.310
    -5.780
    -5.868
    -7.477
    -7.831
    -7.693
    -8.939
    -9.822
    -9.478
    -6.382
     1.767
     2.565
     5.025
     8.563
     7.169
     6.794
     5.887
     4.595
     3.485
     1.810
     0.342
    -0.578
    -0.997
    -0.637
    -0.648
    -0.169
    -0.918
    -0.646
    -0.411
     0.787
    -0.918
    -0.260
     0.382
     0.877
     0.750
     0.556
    -1.926
    -1.757
    -0.605
     0.033
    -1.183
    -1.306
    -1.664
     0.064
     0.244
     1.480
    -0.323
    -1.204
    -2.913
     1.495
     1.502
     0.678
    -0.886
     0.152
     1.315
     2.330
     1.448
     2.600
     3.835
     4.680
     5.429
     4.389
     4.638
     4.407
     3.612
     6.016
     5.382
     6.139
     5.870
     6.324
     6.960
     6.642
     5.092
     3.442
     2.618
     2.560
     2.322
     2.915
     2.277
     2.126
     2.373
     1.811
     1.882
     1.733
     3.574
     3.406
     4.756
     5.240
     7.178
     8.255
     9.643
    11.217
     9.414
     9.987
     7.369
     6.560
     6.857
     5.103
     6.820
     6.148
     4.902
     6.305
     7.563
     6.175
     4.695
     4.657
     3.996
     1.517
    -2.749
    -5.010
    -5.855
    -7.736
    -6.872
    -6.406
    -7.513
    -6.667
    -5.007
    -5.368
    -6.322
    -7.725
    -7.062
    -8.116
    -7.858
    -6.325
    -6.222
    -6.469
    -6.757
    -3.752
    -5.029
    -3.070
    -2.379
    -2.553
    -2.632
    -1.827
    -1.512
    -2.763
    -2.612
    -3.705
    -4.280
    -2.995
    -3.712
    -2.708
    -2.926
    -2.937
    -2.747
    -2.363
    -2.439
    -1.995
    -1.750
    -3.684
    -2.279
    -4.167
    -3.568
    -3.048
    -3.925
    -3.839
    -3.871
    -4.505
    -2.816
    -2.950
    -3.080
    -2.853
    -2.779
    -2.941
    -3.216
    -2.985
    -3.646
    -3.447
    -4.179
    -2.547
    -1.952
    -1.188
    -1.232
    -0.732
    -0.647
    -0.046
     0.612
     1.876
     2.243
     1.762
     1.342
     1.828
     1.400
     2.488
     3.283
     3.277
     1.511
     2.726
     3.317
     3.033
     3.821
     3.527
     2.407
     2.419
     3.071
     3.199
     3.326
     1.717
     1.162
     0.578
    -0.161
     0.697
     0.886
     0.463
     1.511
     0.703
     0.024
     0.545
     1.105
     1.743
     1.723
     1.712
     1.187
     2.498
     1.087
     1.866
     1.257
    -0.091
     0.231
    -0.358
    -0.696
    -0.687
    -0.540
     0.465
     1.099
     1.223
     1.744
     3.002
     2.753
     3.313
     4.148
     4.633
     3.123
     2.245
     2.494
     1.635
     1.404
     0.874
     1.260
    -0.216
     0.142
    -0.213
    -0.690
    -1.988
    -0.605
    -2.267
    -0.204
     1.199
     0.509
    -0.271
     0.008
    -0.163
     1.882
     1.221
    -0.506
     0.487
    -0.038
     0.946
     0.020
     1.662
     1.906
     2.022
     2.771
     2.034
     1.473
     0.085
     2.330
     3.571
     2.707
     1.888
     1.678
     2.609
     3.008
     2.768
     2.475
     2.080
     2.555
     1.667
     1.991
     2.155
     1.148
     1.177
     1.397
     1.453
    -1.226
    -1.060
    -0.505
    -0.333
    -1.523
    -1.519
    -1.016
    -1.609
    -0.895
    -1.128
    -1.254
    -0.875
    -0.250
    -0.362
    -1.341
    -0.843
    -1.912
    -2.091
    -0.891
    -0.347
    -1.110
    -1.181
    -1.872
    -2.334
    -1.564
    -3.076
    -1.919
    -1.964
    -2.082
    -2.134
    -2.059
    -4.567
    -3.525
    -4.503
    -1.991
    -2.526
    -2.958
    -2.342
    -2.065
    -2.242
    -2.405
    -0.193
    -1.638
    -1.956
    -1.789
    -1.577
    -1.691
    -2.641
    -3.028
    -3.853
    -4.725
    -5.658
    -4.342
    -5.248
    -4.202
    -5.083
    -5.355
    -5.111
    -5.221
    -5.205
    -4.694
    -5.483
    -5.092
    -6.619
    -5.024
    -6.216
    -6.269
    -6.255
    -5.387
    -6.169
    -5.112
    -5.459
    -4.824
    -3.837
    -2.608
     1.165
     1.405
     3.820
     2.778
     6.027
    10.749
    10.799
    10.295
    10.532
    10.990
     9.753
     7.475
     7.140
     5.606
     5.068
     3.854
     3.759
     3.150
     3.185
     2.760
     3.810
     5.619
     6.207
     4.359
     4.987
     6.029
     6.158
     3.472
     3.422
     4.305
     5.742
     5.083
     3.314
     2.075
     2.456
     2.123
     2.789
     1.921
     3.666
     2.317
     1.483
     1.451
     0.471
     0.340
     1.507
     2.084
     2.241
     1.877
     2.780
     1.489
     2.430
     1.623
     1.973
     2.409
     2.842
     1.823
     1.189
     1.763
     1.287
     1.427
    -0.204
    -2.545
    -1.360
     0.329
     1.801
     1.848
     0.378
    -3.909
    -4.526
    -5.163
    -3.469
    -2.417
    -1.378
    -1.185
    -3.012
    -2.791
    -3.741
    -4.396
    -4.896
    -4.662
    -4.260
    -2.881
    -1.953
    -4.078
    -3.316
    -3.209
    -3.488
    -4.212
    -3.859
    -3.439
    -2.018
    -0.764
    -1.405
    -0.722
     0.759
     1.053
     1.032
    -0.634
    -0.488
    -0.140
    -0.605
    -0.703
    -0.747
    -0.218
    -0.116
    -0.493
    -0.095
     0.755
     0.268
    -2.395
    -2.626
    -2.629
    -2.018
    -3.008
    -1.682
    -2.397
    -2.119
    -2.126
    -1.463
    -2.178
    -0.197
    -0.352
    -0.518
     0.455
     0.763
     0.530
    -1.346
    -2.171
    -2.816
    -2.523
    -2.428
    -2.112
    -2.522
    -3.603
    -3.019
    -2.613
    -1.536
    -1.247
    -0.512
     0.179
     0.272
    -0.772
    -0.616
    -0.354
    -0.179
    -0.798
    -2.086
    -2.570
    -1.505
     0.725
     1.373
     3.432
     2.980
     3.525
     3.997
     2.316
     1.965
     1.804
     2.929
     1.775
     1.236
     1.832
     1.712
     1.213
     0.937
     1.352
     1.317
     0.839
     1.127
     2.320
     1.670
     2.082
     3.448
     3.546
     2.848
     1.180
     1.378
     2.369
     3.045
     1.841
     2.742
     2.329
     1.239
     2.115
     1.404
     0.793
     0.712
     1.405
     1.301
     1.047
     1.703
     0.754
     0.120
    -0.665
     0.121
    -0.868
    -0.056
    -0.081
    -0.399
    -0.116
     1.678
     1.039
     0.893
     0.834
     0.082
     0.255
     1.006
    -0.156
    -0.314
    -0.102
    -0.756
     0.151
    -0.107
    -0.582
     1.027
     1.936
     2.308
     2.142
     1.167
    -0.175
    -0.080
     0.783
     1.513
     1.190
     1.366
     0.844
     0.390
     0.011
    -0.201
     1.127
    -0.538
     0.666
     1.136
    -0.052
    -0.176
    -0.119
    -0.896
    -1.338
    -1.297
    -1.343
     0.639
    -0.533
    -0.089
    -0.600
    -0.912
     0.154
    -1.555
    -1.890
    -0.244
    -0.561
    -2.509
    -3.157
    -4.150
    -2.407
    -2.054
    -1.983
    -1.890
    -1.787
    -1.747
    -2.143
    -1.514
    -2.377
    -1.661
    -1.328
    -2.854
    -2.385
    -2.059
    -1.124
    -1.604
    -1.637
    -2.855
    -3.725
    -3.293
    -2.676
    -2.213
    -1.833
    -2.061
    -1.587
    -0.132
    -1.588
    -2.954
    -1.881
    -3.148
    -2.244
    -1.182
    -2.794
    -1.465
    -2.031
     0.490
    -1.092
    -0.260
     0.608
    -0.527
    -0.952
    -0.043
    -0.876
    -0.252
     0.793
     0.730
     1.356
     0.479
     1.060
     2.495
     1.427
     1.810
     1.823
     2.570
     0.724
     0.970
     1.599
     1.846
     2.089
     2.144
     4.096
     1.847
     3.565
     2.437
     4.220
     3.521
     3.810
     3.436
     4.936
     4.204
     6.508
     6.502
     5.078
     5.514
     4.231
     5.621
     5.831
     5.246
     4.170
     2.585
     3.706
     3.856
     3.513
     1.856
     1.690
     1.236
     1.200
     1.492
     1.544
     0.675
     0.662
     1.826
     2.013
     2.427
     1.962
     3.308
     1.109
     0.123
    -1.788
    -1.010
    -2.144
    -3.047
    -5.205
    -3.458
    -3.397
    -6.501
    -6.027
    -6.675
    -8.118
    -7.852
   -10.116
    -7.283
    -3.320
    -6.472
    -5.534
    -4.942
    -2.507
    -3.764
    -1.674
    -2.444
    -1.043
     0.550
     0.108
    -0.213
    -1.530
    -0.055
    -2.396
    -1.017
    -4.145
    -3.516
    -4.266
    -5.883
    -5.290
    -4.082
    -5.884
    -7.546
    -4.355
    -3.774
    -4.471
    -5.296
    -3.816
    -3.502
    -5.821
    -3.499
    -4.964
    -7.735
    -5.305
    -8.022
    -8.725
    -8.375
    -7.031
    -4.372
    -2.693
    -2.698
    -1.418
    -0.534
     0.986
     3.145
     4.610
     3.244
     4.846
     6.142
     6.063
     8.928
    10.076
     9.906
    12.342
    11.447
    11.081
    11.953
    10.984
    16.962
    17.792
    14.887
     8.287
     7.511
     9.163
    15.103
     8.242
     4.408
    12.228
    14.792
    13.837
    13.755
    12.654
    10.097
     8.874
     4.739
     3.718
     2.803
     6.193
     4.118
     0.293
     0.021
    -0.198
    -1.232
    -0.139
    -0.843
    -1.830
    -2.103
    -1.379
    -1.583
    -1.490
    -1.202
    -1.185
    -2.055
    -1.332
    -2.023
    -2.731
    -4.206
    -5.123
    -3.809
    -4.158
    -6.250
    -6.717
    -6.220
    -5.949
    -7.518
    -5.677
    -5.511
    -5.648
    -7.231
    -9.130
    -7.905
    -8.727
    -8.452
    -6.649
    -7.157
    -7.298
    -8.013
    -7.578
    -6.381
    -7.383
    -7.285
    -7.624
    -7.898
    -8.017
    -7.854
    -7.852
    -7.447
    -6.899
    -6.999
    -6.314
    -6.187
    -5.992
    -5.606
    -5.320
    -5.182
    -4.732
    -4.750
    -4.251
    -4.211
    -4.245
    -3.822
    -3.635
    -2.946
    -2.532
    -2.596
    -2.045
    -1.834
    -1.433
    -1.102
    -0.799
    -0.422
    -0.047
     0.234
     0.638
     0.947
     1.320
     1.625
     2.003
     2.293
     2.668
     2.952
     3.321
     3.602
