     3.113
     3.451
     3.792
     4.115
     4.441
     4.746
     5.060
     5.354
     5.630
     5.919
     6.188
     6.423
     6.658
     6.907
     7.084
     7.251
     7.389
     7.518
     7.611
     7.814
     7.814
     7.798
     7.854
     7.896
     7.997
     8.040
     7.900
     7.880
     7.711
     7.869
     7.827
     7.400
     7.065
     6.877
     6.698
     6.281
     6.070
     5.979
     5.399
     5.279
     4.389
     4.286
     3.836
     3.056
     2.611
     2.504
     1.991
     1.407
     0.318
    -0.044
    -0.382
    -1.050
    -1.498
    -2.075
    -2.889
    -3.568
    -4.571
    -5.085
    -4.948
    -5.482
    -5.726
    -6.014
    -6.160
    -5.154
    -5.619
    -5.236
    -4.623
    -2.324
    -3.055
    -2.894
    -1.735
    -2.071
    -1.760
    -2.300
    -2.503
    -1.514
    -1.180
    -0.971
    -0.617
    -0.205
    -1.094
    -1.107
    -0.354
     1.368
     3.420
     4.170
     3.491
     1.633
    -0.256
    -1.559
    -3.724
    -4.534
    -6.961
    -8.424
   -10.004
   -12.322
   -13.103
   -11.031
    -9.254
    -6.742
    -6.386
    -4.052
    -3.522
    -2.015
    -3.759
    -4.151
    -3.689
    -4.049
    -3.184
    -2.283
    -2.632
    -3.365
    -4.635
    -4.921
    -3.460
    -3.405
    -4.853
    -5.288
    -5.331
    -4.089
    -2.746
    -3.357
    -3.178
    -3.380
    -3.393
    -3.259
    -0.134
    -0.876
     0.270
     0.332
     1.307
     0.221
     0.414
    -0.757
    -0.549
     1.110
     2.402
     2.974
     2.664
     2.353
     2.152
     3.970
     3.643
     4.615
     4.510
     3.470
     2.515
     2.488
     1.975
     1.087
     1.478
     2.489
     4.059
     3.689
     3.466
     2.172
     3.674
     5.291
     7.036
     4.829
     3.588
     4.970
     6.518
     5.688
     6.898
     6.822
     6.631
     6.812
     7.224
     5.902
     3.849
     3.598
     2.903
     2.589
     1.240
     0.679
     0.825
     0.087
    -0.717
     0.508
    -0.308
    -1.649
    -0.976
    -1.965
     0.036
     0.581
    -0.006
     0.229
     2.307
     3.147
     0.349
    -1.466
    -1.854
    -3.198
    -4.124
    -3.971
    -0.687
     3.887
     4.561
     4.746
     4.807
     4.242
     2.605
    -0.087
    -1.282
     1.387
     5.382
     6.500
     5.568
     7.739
     9.306
    12.217
    11.820
    11.817
    14.732
    15.114
    12.961
    12.565
    13.615
    12.252
    13.870
    11.849
     8.592
     4.205
     5.849
     3.362
     1.475
    -1.201
    -3.555
    -4.057
    -5.244
    -6.200
    -6.515
    -3.900
    -7.016
    -6.661
    -5.089
    -9.662
   -13.637
   -14.718
   -14.677
   -16.343
   -16.421
   -16.423
   -15.829
   -15.798
   -14.252
   -15.030
   -15.697
   -15.459
   -11.314
   -12.607
    -9.125
   -10.303
   -18.231
   -19.361
   -18.102
   -16.076
   -15.235
   -15.432
   -15.976
   -13.937
   -13.201
   -12.285
   -10.022
    -9.031
    -8.595
    -6.860
    -5.377
    -3.844
    -3.286
    -4.147
    -4.858
    -3.636
    -0.326
     0.040
    -0.501
     0.379
     0.266
     1.257
     2.203
     2.734
     3.632
     3.235
     3.646
     3.501
     3.891
     6.785
     6.794
     7.162
     9.697
     8.496
     9.525
     7.265
     7.144
     8.628
     9.092
     8.742
     7.582
     7.815
     9.851
    11.153
    11.455
    12.161
    11.446
    12.936
    11.157
    10.458
    10.242
     9.408
     7.088
     8.703
     7.768
     6.580
     7.755
    10.491
     7.817
     7.574
     7.243
     7.391
     9.165
     7.502
     6.279
     6.340
     5.218
     6.172
     8.964
     8.270
     8.916
     6.977
     5.426
     5.341
     4.830
     3.905
     2.113
     3.190
     4.328
     5.196
     4.584
     3.670
     3.777
     4.002
     3.808
     4.490
     5.629
     6.297
     6.742
     2.278
    -0.309
     1.879
     3.544
     4.092
     2.638
     2.232
    -0.191
     0.521
     2.293
     0.487
    -2.587
    -3.595
    -4.626
    -4.490
    -6.556
    -3.776
    -3.884
    -6.054
    -8.291
   -10.381
   -11.509
   -10.648
   -10.773
   -11.707
   -12.679
   -10.333
   -10.791
   -11.957
   -12.272
   -13.938
   -14.519
   -14.923
   -14.639
   -13.380
   -13.038
   -12.309
   -11.663
   -12.522
   -13.214
   -13.326
   -12.925
   -11.670
   -10.193
    -9.237
    -8.588
    -7.053
    -6.897
    -5.709
    -5.212
    -4.565
    -4.173
    -3.499
    -2.374
    -2.768
    -1.319
    -2.969
    -3.410
    -2.180
    -1.154
    -0.244
     0.444
     0.291
    -0.394
    -0.924
     1.416
     3.374
     2.070
     0.176
     2.362
     0.779
     0.518
    -1.613
    -2.521
    -1.666
    -0.505
    -0.885
     0.646
     3.192
     6.769
     8.713
     9.248
     7.103
     4.075
     3.225
     2.611
     3.440
     4.370
     4.232
     6.436
     3.512
     0.611
     0.791
     0.317
     0.787
    -1.719
    -1.873
    -1.468
    -0.709
     1.474
     5.752
     6.344
     8.670
    11.516
     8.338
     6.293
     5.493
     6.450
    10.886
    15.333
    18.750
    19.421
    18.159
    16.699
    17.926
    21.682
    19.822
    18.413
    18.371
    17.293
    15.143
    11.760
    12.162
    11.312
     9.880
     8.960
     8.640
     6.838
     7.743
     6.593
     3.674
     3.397
     1.071
    -0.172
    -0.370
    -3.290
    -4.975
    -3.310
    -4.641
    -8.554
    -7.571
    -9.650
   -11.671
   -11.257
   -11.563
   -10.725
    -9.758
    -7.672
    -7.153
    -8.511
    -9.201
    -9.286
    -8.744
    -9.288
    -9.530
    -7.168
    -7.839
    -8.089
    -9.624
   -10.317
   -10.666
   -10.406
   -10.616
   -10.071
   -10.633
   -13.532
   -13.332
    -8.318
    -6.828
    -6.637
    -6.786
    -7.735
    -5.484
    -6.015
    -5.067
    -6.434
    -6.745
    -6.807
    -6.339
    -4.970
    -5.280
    -5.327
    -6.081
    -5.839
    -5.224
    -4.169
    -1.460
    -1.394
    -2.205
    -4.115
    -4.149
    -5.042
    -5.216
    -2.616
    -1.706
    -1.152
    -1.141
    -0.324
     1.967
    -0.438
     1.501
     1.331
     1.551
     2.551
     3.598
     6.123
     5.846
     6.480
     4.694
     4.437
     5.534
     5.260
     6.258
     7.961
    10.053
     8.270
     8.033
     8.722
     9.976
    10.448
    11.191
    11.490
    11.869
    10.613
    10.550
     8.220
     7.716
     7.905
     7.932
     6.756
     6.195
     6.188
     6.461
     7.501
     7.755
     7.775
     7.136
     6.866
     5.395
     2.393
     1.043
    -0.892
    -1.109
    -2.870
    -3.550
    -3.688
    -3.115
    -2.597
    -2.784
    -4.775
    -2.223
    -1.523
    -0.557
     1.262
     1.693
     0.864
     1.149
    -0.271
     0.631
     2.517
     1.514
     1.162
     1.987
     0.190
     0.974
     0.825
     0.760
    -0.162
    -0.698
    -2.067
    -3.457
    -2.381
    -2.888
    -4.004
    -4.606
    -7.166
    -6.964
    -6.791
    -5.729
    -7.043
    -6.265
    -7.190
    -6.595
    -8.421
    -7.905
    -8.101
    -6.974
    -9.525
    -7.790
    -7.947
    -6.481
    -5.523
    -5.262
    -4.987
    -5.624
    -5.814
    -6.156
    -5.671
    -4.155
    -3.028
    -2.898
    -3.870
    -4.024
    -2.492
    -1.994
    -0.280
    -0.734
    -0.659
    -0.718
    -0.666
    -1.036
    -1.220
     0.582
     0.239
     0.599
     1.030
     0.576
     0.517
    -1.361
    -0.238
    -0.594
     0.412
     0.095
     0.300
     1.772
     1.347
     4.733
     4.638
     5.721
     6.641
     7.907
     9.316
     8.592
     9.768
     9.144
     8.559
     7.736
     7.867
     8.395
     7.408
     8.013
     8.515
     7.408
     6.270
     6.538
     4.635
     2.039
     1.769
     2.934
     3.006
     4.087
     1.856
     2.759
     3.222
     3.829
     4.384
     5.617
     7.509
     6.517
     6.290
     5.857
     5.003
     6.592
     8.338
     7.346
     6.117
     5.769
     5.532
     4.719
     3.798
     2.156
     2.172
     1.602
     1.780
     1.010
    -0.917
    -1.473
    -2.142
    -3.335
    -5.023
    -8.494
    -9.019
    -8.302
    -8.701
    -6.650
    -8.250
    -9.626
   -10.313
    -9.847
   -10.196
   -10.348
   -11.611
   -10.373
   -10.338
   -10.696
   -10.849
   -11.127
   -10.325
   -10.278
    -9.555
    -8.911
    -6.231
    -6.823
    -5.324
    -3.020
    -3.303
    -4.362
    -4.788
    -5.327
    -3.510
    -1.648
    -2.839
    -3.346
    -2.970
    -4.142
    -6.147
    -8.707
    -8.045
    -6.307
    -5.210
    -4.602
    -4.737
    -3.743
    -3.698
    -2.943
    -1.647
    -0.291
     1.318
     2.657
     3.812
     2.308
     3.569
     4.151
     5.413
     4.758
     7.149
     6.663
     8.553
     8.257
     7.593
     6.876
     4.568
     6.080
     6.510
     7.930
     9.366
    10.009
     8.928
     8.496
     7.671
     7.400
     5.971
     5.433
     4.822
     4.254
     4.014
     6.460
     5.574
     3.322
    -0.532
    -1.885
    -2.272
    -2.102
    -1.436
    -3.225
    -4.187
    -1.675
    -0.342
     1.728
     2.724
     0.848
     1.638
     0.297
     0.562
     0.772
     0.232
     0.375
     0.258
     0.886
     0.540
     1.472
     1.822
     0.675
     0.260
     1.297
     1.154
     1.315
    -0.223
    -0.010
    -1.306
    -0.679
    -0.043
     2.228
     3.201
     3.727
     2.654
     3.905
     5.208
     5.551
     5.855
     6.432
     7.739
     9.071
     8.188
     6.135
     6.101
     4.758
     4.288
     4.388
     3.351
     2.973
     2.870
     3.863
     3.337
     3.520
     4.009
     3.198
     2.643
     1.972
     2.785
     3.834
     1.855
     0.129
     0.074
    -1.196
    -3.125
    -4.008
    -3.295
    -2.013
    -2.391
    -4.204
    -3.175
    -4.328
    -4.765
    -6.408
    -6.390
    -7.016
    -6.686
    -7.213
    -8.694
    -8.161
    -6.525
    -5.574
    -7.169
    -4.980
    -7.430
    -8.409
    -8.655
    -7.692
    -8.607
    -7.836
    -8.797
    -9.646
   -11.473
   -10.164
   -11.624
   -11.530
   -10.540
   -11.485
   -11.476
   -10.008
    -9.317
   -11.145
   -11.931
   -12.145
   -10.287
    -7.959
    -4.058
    -3.306
    -3.825
    -4.233
    -4.592
    -4.611
    -3.272
    -4.776
    -8.044
    -8.056
    -9.082
   -10.132
    -9.638
   -10.294
    -9.671
    -9.172
    -7.817
    -8.377
    -5.847
    -3.764
    -0.669
     2.669
     4.698
     3.882
     6.955
     8.448
     9.079
     9.360
    10.455
    10.710
    11.905
    14.392
    16.770
    18.361
    18.669
    19.882
    18.957
    18.022
    16.618
    17.703
    17.716
    16.359
    15.922
    15.097
    13.141
    13.981
    17.456
    16.613
    16.931
    13.505
    12.829
    14.117
    16.898
    16.276
    16.102
    16.347
    16.152
    14.364
    11.116
     9.985
     7.009
     4.406
     3.860
     1.939
     2.071
     2.640
     0.568
    -1.215
    -0.850
    -0.944
    -1.302
    -3.133
    -3.118
    -4.827
    -6.630
    -2.795
    -0.991
     1.320
     0.970
     0.119
    -1.842
    -3.880
    -4.441
    -5.388
    -6.510
    -2.429
    -1.933
    -1.251
    -2.752
    -3.122
    -3.577
    -3.021
    -3.657
    -3.356
    -4.927
    -5.359
    -6.636
    -9.081
    -9.401
   -11.121
   -11.551
    -9.148
    -8.945
    -7.655
    -8.759
    -7.449
    -7.318
    -7.873
    -8.398
    -7.002
    -6.975
    -7.694
    -9.261
   -11.040
   -14.839
   -17.734
   -16.426
   -13.392
   -12.003
    -9.421
    -7.901
    -9.015
    -7.912
    -9.013
    -9.746
   -11.242
   -11.280
   -14.310
   -17.690
   -17.138
   -17.657
   -16.352
   -15.334
   -13.955
   -12.523
   -12.171
    -9.938
    -7.138
    -9.599
   -12.259
   -15.068
   -15.468
   -14.683
   -14.682
   -16.615
   -18.780
   -21.044
   -21.296
   -18.845
   -16.317
   -18.696
   -18.973
   -17.667
   -16.231
   -13.085
    -0.505
    84.895
    73.020
    49.785
    45.776
    46.434
    44.701
    44.025
    41.725
    46.567
    47.068
    43.839
    38.555
    37.377
    32.662
    30.376
    29.211
    32.495
    32.514
    27.280
    21.351
     9.158
     4.257
    13.438
    12.530
    13.149
     7.929
     4.247
    -1.266
    -1.083
    -1.073
    -6.161
    -9.603
   -14.810
   -14.962
   -13.262
   -18.534
   -24.601
   -26.800
   -28.802
   -26.720
   -27.758
   -19.947
   -17.137
   -13.009
   -11.481
   -11.050
   -13.206
   -12.327
    -5.777
    -4.407
    -6.488
    -9.338
   -11.210
   -11.187
    -6.741
     0.975
     2.845
    12.147
    11.777
    12.423
     6.170
     3.823
     6.779
     5.516
     5.649
     5.394
     8.567
    13.489
     7.998
     5.079
     4.146
     0.197
    -0.954
    -0.873
     0.932
     3.436
    -4.125
    -7.373
    -2.591
    -0.402
    -1.057
     2.368
     3.822
     2.068
     0.800
     2.320
     3.694
    -1.772
    -4.776
    -2.060
    -3.002
    -4.484
    -2.718
    -4.706
    -4.942
    -7.001
    -9.621
   -13.223
   -18.622
   -12.892
    -6.725
     0.282
    -2.959
    -2.343
    -5.832
   -11.796
   -15.448
   -17.247
   -20.526
   -21.183
   -22.786
   -24.195
   -25.712
   -22.908
   -22.061
   -23.754
   -25.713
   -23.016
   -21.312
   -20.505
   -19.504
   -17.238
    -9.122
    -1.043
    -5.182
    -7.564
     2.023
     9.582
     9.783
    18.526
    23.141
    15.679
    23.646
    35.358
    51.215
    41.307
    21.906
    19.900
    24.682
    28.093
    23.137
    15.894
    18.079
    17.280
    13.870
    14.142
    14.909
    11.190
    11.154
     6.936
     6.734
     9.215
    10.103
     8.259
     6.492
     9.614
    11.140
     0.753
    -2.148
    -0.102
     1.352
     2.368
     4.856
     0.201
     8.328
     9.559
    17.428
    26.743
    20.012
    -6.587
   -10.816
     1.823
     5.807
     1.751
    -4.655
    -4.090
     0.717
     0.345
    -4.717
    -5.201
    -8.623
   -28.068
   -26.276
   -11.743
   -12.178
   -14.934
   -12.164
   -10.339
   -12.319
   -12.243
   -12.303
   -19.172
   -17.849
   -11.415
    -9.275
   -11.717
    -8.118
    -7.501
    -4.734
    -1.561
    -2.153
    -2.034
    -0.770
     1.056
    -3.232
    -4.646
    -0.653
     1.401
    -1.233
    -4.065
    -4.288
    -4.838
    -3.608
    -4.610
    -3.178
    -2.637
    -4.839
    -2.757
    -3.791
    -4.326
    -5.174
    -6.776
    -3.668
    -6.338
    -4.971
    -2.250
    -4.861
    -2.735
    -3.473
    -2.016
     1.641
     1.747
     2.339
     2.423
     0.446
     4.131
     5.979
     5.356
     3.488
     2.651
     6.219
     7.155
     4.957
     5.695
     2.663
     6.028
     6.147
     9.097
     5.643
     3.644
     4.096
     3.237
     5.284
     3.110
     6.163
    11.627
    12.824
    20.007
    14.691
     9.728
    10.471
    11.109
    11.092
     6.914
     5.253
    11.275
    17.467
     9.741
     6.356
    -0.358
    -0.120
     5.888
     8.603
     0.925
    -3.448
    -1.148
    -1.127
    -4.745
    -1.763
    -0.094
     2.645
     3.022
     4.512
     5.311
     2.540
    -0.298
     0.824
     1.539
     0.214
    -2.189
    -3.625
    -3.498
    -5.110
    -7.963
    -7.662
    -9.885
    -9.556
   -12.095
    -9.993
   -13.813
   -14.660
    -9.104
    -5.744
   -10.787
   -13.710
   -14.731
   -15.506
   -12.895
   -12.002
    -6.938
    -8.292
    -7.645
   -14.945
    -7.238
    -9.813
    -6.833
    -7.069
    -8.065
    -2.576
    -4.350
     2.034
     0.158
     0.270
     2.925
     5.652
     3.317
     2.841
    -0.518
     0.860
     5.066
     4.381
     3.542
    -1.644
    -7.061
    -3.327
    -3.815
     0.583
     4.963
     0.337
    -1.057
    -2.240
     1.977
     4.950
     5.121
     4.181
     4.146
     5.221
    14.557
    11.372
     8.886
     8.914
     6.134
     3.973
     2.620
     1.663
     0.461
     6.096
     3.985
     2.612
    -0.701
    -0.691
     5.595
     9.847
     6.024
     1.009
    -0.829
    11.482
    12.956
     3.473
     0.551
     4.895
     3.632
    -1.440
     2.586
    -0.014
    -1.642
     1.516
     3.016
     2.588
     6.060
     5.517
     3.120
     1.751
     2.483
     3.489
     2.815
     0.209
    -2.582
    -3.544
    -2.796
    -2.966
    -2.558
    -3.333
    -4.604
    -5.796
    -0.747
    -1.940
    -3.355
    -1.307
    -0.410
    -4.497
    -4.772
    -2.568
    -2.636
    -1.720
    -3.687
    -1.413
    -3.744
    -4.319
    -4.637
    -4.477
    -0.457
     1.225
     2.083
    -2.333
     2.687
    -0.234
    -3.168
    -2.120
     0.472
    -1.710
     1.070
     1.819
     0.917
    -0.656
     0.408
    -0.529
    -2.574
     0.868
    -1.806
    -1.021
     1.291
     2.801
     3.142
     0.211
     0.104
     3.081
     2.373
     1.671
     1.620
    -1.253
     0.842
     2.665
     1.554
     1.372
    -0.498
    -2.854
    -4.273
     4.059
     1.057
    -1.074
    -3.510
    -2.924
     1.047
     1.818
     1.486
     1.221
     0.173
    -0.939
     0.324
    -0.343
    -0.300
    -1.595
    -1.684
    -0.846
    -0.838
     0.908
    -1.911
    -2.077
    -2.495
    -4.426
    -1.344
    -4.181
    -1.774
    -0.174
     0.703
     1.177
     1.228
     3.481
     3.637
     1.568
     1.765
     1.488
     1.038
    -0.980
    -0.787
    -0.587
     0.544
     0.505
     0.446
     0.150
    -1.897
    -1.355
     1.241
     0.664
     2.111
     2.207
     1.487
     0.177
     0.850
    -0.463
    -0.613
    -1.125
    -2.037
    -3.067
    -3.663
    -4.071
    -5.042
    -2.692
    -4.594
    -5.419
    -6.216
    -6.293
    -5.313
    -7.251
    -7.053
    -7.078
    -7.619
    -6.974
    -6.653
    -6.805
    -6.467
    -5.915
    -2.455
    -4.508
    -3.542
    -4.124
    -4.880
    -4.130
    -3.956
    -3.399
    -4.085
    -3.276
    -2.158
    -1.094
     2.236
     1.908
     1.941
     3.373
     4.717
     5.655
     5.538
     7.173
     7.125
    10.621
    10.615
    12.140
    11.871
    13.059
    15.068
    14.142
    12.013
    11.018
     8.491
     6.541
     5.189
     2.178
     2.034
     2.287
     0.737
    -1.496
    -0.570
     0.044
     3.571
     3.573
     6.668
     6.758
     8.567
     9.594
     8.909
    10.364
     9.474
     7.192
     5.537
     3.529
     5.249
     8.059
     5.495
     7.624
    12.781
    13.621
    14.767
    12.994
    11.529
    10.308
    -2.095
    -5.402
    -8.043
   -10.053
   -11.897
   -12.327
   -13.472
   -13.006
   -12.951
   -12.464
   -10.371
   -10.991
   -10.901
    -9.594
    -9.145
    -7.680
    -4.692
    -3.218
    -3.899
    -2.522
    -0.076
     2.932
     5.138
     4.305
     3.537
     2.696
     3.187
     5.382
     2.986
     1.987
     0.601
    -1.361
    -1.120
    -1.431
    -1.381
    -2.179
    -3.398
    -5.720
    -6.217
    -6.814
    -7.222
    -7.601
    -5.679
    -5.627
    -5.704
    -5.162
    -1.556
    -1.849
    -2.584
    -3.673
    -4.546
    -6.681
    -7.453
    -6.875
    -9.589
   -10.903
   -12.819
   -14.200
   -16.215
   -15.553
   -16.635
   -15.668
   -14.743
   -13.543
   -13.753
   -13.441
   -13.849
   -14.129
   -12.369
   -11.508
   -10.632
   -10.963
   -10.524
   -10.703
   -11.019
    -9.841
    -8.662
    -5.968
    -4.156
    -0.876
     0.816
     3.293
     5.272
     6.829
     5.975
     8.063
     7.086
     4.694
     5.038
     6.128
     7.358
    13.946
    19.302
    18.179
    17.035
    20.080
    25.289
    26.362
    26.432
    26.792
    28.099
    27.736
    24.484
    22.653
    18.694
    16.304
    12.906
     8.667
     8.339
     8.015
     6.719
     4.672
     7.759
    10.824
    12.234
    12.912
    13.081
     8.854
     6.340
     7.533
     5.664
     7.501
     8.141
     8.524
    10.815
    12.491
    12.298
    10.425
     7.340
     5.612
     4.318
     3.053
     3.550
     2.849
     4.838
     5.915
     3.228
     1.282
    -0.147
    -1.377
    -1.647
    -2.263
    -2.783
    -2.127
    -4.004
    -6.685
    -6.031
    -4.023
    -4.350
    -7.409
   -10.806
   -13.650
   -14.729
   -18.470
   -19.952
   -21.466
   -21.621
   -20.365
   -22.122
   -23.923
   -24.447
   -23.444
   -20.592
   -20.460
   -19.194
   -17.123
   -18.090
   -18.766
   -15.402
   -13.070
   -10.514
   -11.718
   -11.066
    -9.946
   -10.804
   -10.143
   -10.123
    -9.704
    -8.395
   -11.534
    -9.572
    -7.844
    -5.688
    -1.642
    -2.094
     1.509
     3.503
     4.277
     3.762
     0.741
    -0.735
    -1.313
     0.033
     3.774
     6.778
     9.977
    12.304
    11.393
    11.416
    11.805
     7.348
     7.060
     8.749
    13.756
    13.771
    13.388
    13.200
    11.039
    13.892
    15.649
    12.783
     5.417
     5.090
     5.564
     8.283
     6.000
     2.680
     5.766
     5.333
     7.808
     6.254
     0.917
    -5.426
    -5.119
    -9.594
   -13.003
    -9.677
    -9.097
    -9.091
    -5.536
    -4.430
    -7.061
    -4.921
    -5.604
    -4.187
    -5.706
    -8.568
    -6.993
    -1.816
    -6.387
    -0.830
    -1.842
     2.922
     5.091
     3.492
     1.764
     3.524
     1.928
     2.482
     4.999
     5.155
     7.440
    12.196
    13.269
    11.391
    15.388
    16.977
    16.984
    19.499
    18.099
    16.432
    13.657
    13.920
    10.226
     5.512
     2.810
     1.657
     1.436
    -0.661
    -0.465
     0.858
     2.135
     5.061
     1.511
     0.404
    -0.428
     0.487
    -1.021
     0.246
     3.415
     5.107
     6.469
     4.703
     3.946
     3.275
     0.434
    -0.545
    -6.060
    -8.825
   -11.966
   -19.297
   -18.876
    -5.868
    -3.241
    -0.613
    -0.069
    -1.492
    -4.503
    -5.756
    -8.304
    -8.397
    -8.593
    -5.830
     1.247
     4.261
    11.245
    14.324
    10.152
     4.726
    -8.950
   -15.651
   -17.930
   -17.823
   -17.240
    -9.969
     1.167
     3.542
     4.437
     1.577
    -0.994
    -2.974
    -3.883
    -5.871
    -7.192
    -7.893
    -6.960
    -6.615
    -6.284
    -6.335
    -5.905
    -5.968
    -7.773
    -7.605
    -8.157
    -5.549
    -6.216
    -4.998
    -4.926
    -4.801
    -4.048
    -6.105
    -6.527
    -7.557
    -6.841
    -7.719
    -7.480
     0.202
     4.626
     5.986
     9.271
     8.473
     8.751
     9.117
     7.439
     4.226
     3.719
     0.935
     1.133
    -0.332
    -0.088
     0.288
    -0.014
     1.825
     1.248
     4.020
     2.882
     3.820
     1.655
     3.558
     4.476
     4.154
     4.251
     3.199
     2.715
     0.122
    -0.072
    -0.181
     0.160
    -1.891
    -0.057
    -1.091
     0.917
    -0.263
    -1.121
    -2.002
    -0.886
     0.027
     1.234
     0.166
    -1.211
     0.808
     1.521
     1.399
     1.522
     1.311
     2.494
     4.202
     5.332
     3.191
     1.111
     2.013
     3.907
     4.802
     4.807
     5.301
     4.195
     4.928
     5.370
     3.884
     3.154
     2.165
     0.988
    -0.062
     0.465
     0.665
     1.915
     1.031
     0.262
     0.262
     0.290
     1.613
     2.905
     3.417
     4.523
     5.157
     5.798
     8.118
    10.915
    10.987
     9.227
     9.023
     7.969
     7.605
     6.591
     6.316
     8.350
     6.704
     6.054
     5.253
     6.976
     6.498
     4.689
     3.021
     1.194
    -0.207
    -5.409
    -7.488
    -8.855
    -8.924
    -9.521
    -8.932
    -8.414
    -7.983
    -6.624
    -8.202
    -8.559
    -8.970
    -8.893
    -9.550
    -8.936
    -7.837
    -7.962
    -7.011
    -6.129
    -4.129
    -4.511
    -2.641
    -1.696
    -2.902
    -1.973
    -1.709
    -1.497
    -2.647
    -2.538
    -3.196
    -3.484
    -2.942
    -3.487
    -2.541
    -2.174
    -2.414
    -1.897
    -2.342
    -0.719
    -2.466
    -2.395
    -2.471
    -4.426
    -4.484
    -6.129
    -5.056
    -4.652
    -4.813
    -4.416
    -4.096
    -2.418
    -2.309
    -1.998
    -1.512
    -1.613
    -2.303
    -1.439
    -2.527
    -2.844
    -1.895
    -3.289
    -2.910
    -1.910
    -0.581
     0.857
     0.931
     1.268
     1.787
     2.031
     3.400
     3.206
     4.111
     4.195
     4.002
     3.536
     3.774
     3.939
     3.540
     3.922
     3.671
     5.622
     4.510
     3.457
     4.501
     3.707
     5.224
     4.906
     5.254
     4.451
     3.285
     3.157
     1.883
     1.676
     1.857
     1.210
     1.491
     1.185
     2.309
     2.269
     0.786
     2.348
     2.173
     1.046
     2.016
     1.695
     2.128
    -0.366
     0.884
     1.342
    -0.163
    -0.250
    -0.349
    -0.830
    -0.380
    -0.983
     0.505
     1.625
     1.609
     2.834
     3.443
     4.180
     4.041
     3.176
     3.324
     1.556
     1.391
     0.961
     0.739
     0.709
     0.900
    -0.532
    -1.082
    -1.736
    -1.529
    -2.281
    -3.196
    -2.985
    -1.875
    -1.108
     1.273
    -0.544
    -0.501
     0.351
     0.639
     0.883
     0.865
     0.413
     0.767
     0.074
    -0.797
    -1.872
    -0.474
     0.828
    -0.300
     1.107
     0.344
     0.175
     0.370
     1.102
     1.305
     1.317
     0.835
     0.420
     1.430
    -0.304
     0.906
     0.382
     0.524
     0.089
     1.118
     0.141
     0.036
    -0.702
    -0.202
    -0.888
    -0.773
    -1.626
    -1.945
    -1.902
    -2.151
    -1.504
    -1.156
    -1.394
    -1.953
    -0.987
    -1.025
    -0.701
    -0.740
     0.087
    -1.208
    -1.305
    -1.294
    -1.040
    -1.489
    -0.258
    -1.394
    -1.498
    -1.780
    -1.469
    -1.148
    -0.600
    -1.151
    -0.598
    -0.898
    -1.044
    -0.693
    -1.031
    -1.598
    -2.268
    -1.985
    -0.091
    -0.123
    -0.423
    -1.303
    -1.178
    -1.476
    -0.558
    -1.872
    -1.525
    -1.082
    -1.336
    -0.948
    -1.223
    -2.560
    -3.191
    -3.350
    -3.239
    -3.618
    -4.142
    -3.568
    -5.259
    -4.214
    -5.370
    -4.759
    -5.727
    -4.508
    -4.649
    -3.721
    -4.881
    -4.985
    -5.332
    -6.258
    -5.988
    -6.668
    -6.954
    -5.379
    -4.231
    -3.034
    -3.059
    -2.248
    -0.793
     1.029
     3.586
     3.957
     5.254
     8.153
     8.577
    10.770
    10.066
    10.566
    11.563
    10.434
     8.745
     7.129
     6.666
     5.926
     4.998
     4.910
     5.303
     4.764
     4.517
     6.583
     7.142
     5.356
     4.753
     3.841
     4.730
     5.821
     4.457
     3.960
     4.062
     6.053
     3.673
     3.357
     2.923
     2.080
     2.083
     2.552
     2.598
     2.722
     0.954
     1.915
     1.344
     0.326
    -1.708
    -0.743
    -0.260
    -0.980
     0.141
     0.934
     1.880
     0.691
     0.458
     1.555
     1.922
     1.491
     1.432
     0.611
     0.224
    -0.060
    -1.202
    -2.494
    -2.613
    -1.927
     0.688
     2.815
     1.496
    -3.026
    -6.900
    -6.649
    -5.673
    -3.636
    -2.245
    -2.095
    -1.834
    -2.065
    -4.460
    -4.819
    -6.141
    -4.849
    -5.137
    -4.224
    -3.625
    -1.895
    -2.226
    -3.651
    -4.111
    -3.569
    -4.070
    -3.884
    -3.758
    -1.707
    -1.545
    -0.478
    -0.846
    -0.794
    -0.994
    -0.857
    -1.299
    -1.241
    -0.525
    -2.064
    -0.957
    -1.324
    -0.501
    -0.478
    -0.414
    -0.479
    -0.556
    -0.103
    -3.529
    -3.384
    -3.162
    -2.104
    -2.181
    -1.082
    -1.911
    -1.914
    -1.425
    -1.628
    -1.849
    -1.194
    -0.683
     0.299
    -0.746
    -0.946
    -0.262
    -0.810
    -0.560
    -1.527
    -0.225
    -0.614
    -1.871
    -1.985
    -1.762
    -2.026
    -1.450
     0.439
    -0.665
    -0.578
     0.972
     1.392
     1.334
     1.057
     1.157
     0.871
    -0.051
    -2.154
    -3.909
    -1.345
     0.272
     3.407
     3.554
     3.852
     5.178
     4.445
     3.593
     4.895
     5.035
     5.302
     2.345
     2.722
     2.764
     0.956
     3.035
     3.261
     1.388
     2.913
     2.906
     2.220
     2.831
     2.696
     4.552
     4.519
     3.951
     2.550
     1.860
     2.152
     4.135
     3.297
     3.330
     2.181
     2.432
     2.656
     2.577
     2.690
     1.366
     1.060
     1.606
     0.797
     1.902
     2.648
     2.561
     1.921
     0.166
     0.591
     0.064
    -0.015
    -0.601
     0.449
    -0.173
     0.261
     0.061
    -0.213
     0.681
    -0.710
    -0.896
    -1.469
    -2.387
    -2.942
    -2.919
    -2.684
    -2.679
    -2.285
    -0.774
     0.267
     1.061
     1.291
     0.139
    -0.913
    -0.914
    -0.191
     1.789
     1.586
    -0.471
    -1.259
    -1.144
    -1.019
    -1.199
    -2.076
    -1.032
    -0.438
    -0.761
    -0.070
    -1.006
    -0.985
    -1.693
    -1.749
    -3.030
    -2.723
    -3.509
    -2.185
    -1.256
    -2.501
    -2.651
    -3.411
    -1.815
    -1.831
    -2.788
    -1.934
    -1.923
    -3.721
    -4.744
    -4.717
    -3.142
    -2.512
    -2.306
    -1.976
    -3.025
    -3.426
    -2.073
    -2.056
    -2.184
    -2.260
    -2.254
    -2.956
    -2.679
    -3.033
    -1.651
    -1.423
    -2.360
    -1.917
    -1.966
    -2.170
    -1.822
    -2.079
    -2.029
    -2.024
    -1.004
    -0.911
    -2.390
    -0.914
    -1.657
    -1.690
    -1.320
    -0.027
    -0.963
    -0.123
     0.855
     1.751
     1.850
     1.605
     1.495
     1.601
     1.282
     1.383
     1.530
     1.834
     1.665
     1.106
     2.459
     2.367
     3.877
     4.716
     5.161
     5.517
     5.892
     5.485
     4.629
     3.619
     3.132
     3.895
     3.180
     3.303
     3.851
     4.934
     4.898
     5.092
     5.745
     5.117
     4.081
     4.677
     5.617
     4.823
     6.642
     5.919
     5.481
     5.334
     4.721
     6.587
     6.340
     5.069
     5.194
     3.440
     2.849
     2.456
     3.529
     1.588
     0.904
     0.849
    -0.189
     0.415
    -0.695
    -0.469
     0.704
     0.917
    -0.096
     0.200
     0.226
     0.910
     0.273
    -0.485
    -1.729
    -2.277
    -2.395
    -3.905
    -5.821
    -5.256
    -3.030
    -6.132
    -5.746
    -6.794
    -7.425
    -7.511
   -12.496
    -8.328
    -6.062
    -7.839
    -5.304
    -5.481
    -5.350
    -5.287
    -6.394
    -5.366
    -3.698
    -2.763
    -2.948
    -4.330
    -2.339
    -2.745
    -3.324
    -3.275
    -3.989
    -5.427
    -6.222
    -5.907
    -6.357
    -3.942
    -7.595
    -8.590
    -6.715
    -7.107
    -5.919
    -5.771
    -6.641
    -4.186
    -7.565
    -1.505
    -5.854
    -3.029
    -2.327
    -5.447
    -4.070
    -4.780
    -2.367
    -0.646
    -0.127
    -0.434
     0.320
     1.947
     1.393
     4.276
     3.406
     3.110
     5.318
     7.676
     6.463
     8.056
     9.321
     8.370
     9.485
     8.686
     7.842
     7.814
     8.519
    17.079
    14.749
    12.237
    10.835
    10.223
    17.560
     9.817
    12.460
     8.998
    14.198
     9.230
    11.653
     8.295
    10.463
     7.744
     7.730
     5.401
     6.574
     5.523
     6.842
     4.936
     2.698
     1.443
     1.194
     1.443
     1.570
     1.326
     0.490
    -0.165
     0.036
    -1.347
    -1.136
    -1.196
    -0.319
    -0.788
     0.745
    -0.582
    -0.074
    -2.296
    -0.789
    -2.384
    -2.423
    -4.306
    -5.061
    -5.745
    -4.350
    -8.980
    -5.619
    -6.295
    -6.729
    -8.365
    -9.140
    -8.927
    -9.638
    -8.177
    -7.598
    -8.412
    -8.483
    -8.861
    -8.388
    -7.242
    -7.809
    -7.270
    -7.605
    -7.536
    -6.733
    -7.118
    -6.478
    -6.118
    -6.229
    -6.065
    -5.914
    -5.973
    -5.866
    -5.456
    -5.244
    -5.077
    -5.235
    -5.021
    -4.815
    -4.811
    -5.021
    -4.517
    -4.357
    -3.733
    -3.729
    -3.355
    -2.858
    -2.476
    -2.215
    -1.869
    -1.570
    -1.240
    -0.898
    -0.580
    -0.233
     0.058
     0.428
     0.729
     1.064
     1.388
     1.736
     2.071
     2.420
     2.761
