     4.444
     4.709
     5.076
     5.324
     5.673
     5.904
     6.236
     6.450
     6.761
     6.964
     7.241
     7.410
     7.665
     7.815
     8.049
     8.079
     8.250
     8.289
     8.422
     8.432
     8.518
     8.382
     8.371
     8.274
     8.363
     8.339
     8.240
     8.043
     7.990
     8.004
     7.950
     7.539
     7.255
     6.842
     6.668
     6.134
     5.747
     5.394
     5.092
     4.591
     4.123
     3.481
     3.205
     2.937
     1.917
     1.662
     1.375
     0.396
    -0.263
    -0.794
    -1.541
    -1.887
    -2.725
    -3.271
    -4.319
    -4.497
    -5.827
    -6.413
    -6.426
    -6.611
    -7.455
    -7.863
    -7.360
    -7.110
    -7.885
    -7.660
    -5.915
    -5.283
    -5.174
    -5.337
    -4.224
    -3.516
    -3.631
    -4.352
    -3.622
    -2.515
    -2.237
    -2.848
    -1.648
    -0.809
    -0.696
    -1.589
    -0.656
     0.901
     3.790
     4.108
     3.151
     1.827
     0.824
    -1.371
    -3.653
    -3.801
    -5.876
    -7.951
    -9.078
   -11.357
   -11.803
   -10.172
    -8.262
    -6.457
    -5.695
    -3.475
    -3.115
    -1.649
    -2.856
    -4.078
    -3.379
    -3.489
    -1.942
    -1.713
    -2.241
    -3.300
    -4.249
    -4.635
    -3.389
    -2.016
    -3.789
    -4.274
    -4.519
    -3.063
    -2.244
    -2.730
    -3.638
    -3.338
    -2.982
    -3.108
    -0.641
    -0.721
     1.529
     1.595
     0.426
    -0.002
     0.195
     0.189
    -0.482
     1.159
     2.317
     2.927
     2.858
     3.175
     2.933
     3.915
     4.476
     3.556
     4.921
     4.441
     3.693
     3.306
     2.495
     1.693
     2.631
     3.535
     5.272
     4.252
     3.431
     3.700
     3.056
     4.445
     7.399
     5.604
     3.119
     3.585
     6.580
     6.164
     6.660
     6.896
     6.491
     6.970
     6.672
     5.969
     5.057
     4.317
     2.744
     3.994
     1.387
     1.438
     1.216
     0.858
     1.526
     0.558
     0.906
    -0.465
    -1.068
    -1.938
     0.091
     1.989
     0.725
     0.992
     2.947
     4.092
     1.057
    -0.240
    -2.262
    -1.999
    -4.489
    -3.229
    -1.364
     3.863
     5.163
     6.123
     4.448
     5.302
     3.374
    -0.004
    -2.072
     1.288
     3.797
     5.458
     5.361
     7.277
     8.705
     9.972
    10.017
    10.534
    12.309
    13.811
    10.977
    11.040
    11.988
    11.180
    10.413
     8.726
     6.889
     2.718
     2.260
    -0.836
    -1.384
    -5.225
    -6.446
    -7.326
    -8.629
    -9.032
   -10.629
    -7.975
    -7.709
    -6.834
    -6.369
    -8.257
   -12.495
   -14.110
   -13.347
   -14.614
   -15.291
   -15.435
   -13.868
   -15.343
   -14.702
   -15.409
   -15.836
   -15.634
   -11.444
   -12.099
    -9.861
    -7.976
   -15.930
   -18.843
   -17.198
   -15.161
   -14.581
   -14.424
   -13.521
   -12.640
   -11.985
   -11.346
   -10.471
    -8.077
    -9.155
    -5.737
    -5.128
    -2.539
    -1.681
    -3.611
    -3.694
    -2.544
     0.425
     1.528
    -0.254
     0.646
     0.716
     3.495
     3.998
     4.300
     5.896
     4.644
     4.526
     4.826
     5.740
     7.685
     7.684
     8.819
     9.893
     9.552
    10.327
     8.999
     9.185
     8.931
     9.921
     9.733
     9.268
     9.753
    10.443
    12.651
    12.700
    14.194
    12.858
    13.614
    12.068
    11.335
    11.337
    10.412
     9.201
     9.045
     8.586
     5.162
     6.562
     8.491
     6.322
     4.888
     4.609
     5.781
     7.639
     6.423
     4.535
     4.461
     4.509
     4.143
     6.606
     7.528
     6.574
     5.259
     4.468
     3.801
     3.232
     1.792
     0.678
     1.626
     2.908
     5.213
     4.027
     2.356
     2.434
     2.643
     2.443
     3.072
     6.440
     6.676
     6.854
     2.927
     0.243
     0.621
     2.905
     4.988
     0.949
     1.494
    -0.374
    -0.355
     1.532
    -0.599
    -3.245
    -3.945
    -4.754
    -5.193
    -6.829
    -5.200
    -2.405
    -4.863
    -7.547
   -10.300
   -11.228
   -10.690
   -10.227
   -10.420
   -11.805
   -10.244
   -10.396
   -11.892
   -11.421
   -13.359
   -14.001
   -14.384
   -13.979
   -13.428
   -12.744
   -12.125
   -11.372
   -12.067
   -12.169
   -12.597
   -12.053
   -11.137
    -8.943
    -7.660
    -7.325
    -6.297
    -5.886
    -5.009
    -5.038
    -4.231
    -3.892
    -3.123
    -1.574
    -2.496
    -1.725
    -2.138
    -3.367
    -1.726
    -1.588
     0.212
     0.316
     0.468
    -0.189
    -0.715
     0.863
     2.960
     2.721
    -0.654
     0.992
     1.304
    -0.691
    -0.998
    -2.888
    -0.890
    -0.847
    -1.361
    -0.864
     1.793
     6.354
     8.487
     9.708
     8.425
     4.598
     2.554
     1.935
     3.159
     3.928
     4.273
     5.823
     3.432
     0.284
    -0.119
    -0.055
     1.000
    -0.882
    -2.194
    -3.042
    -1.257
     0.652
     4.654
     5.097
     8.227
    10.318
     8.097
     6.256
     4.697
     5.867
     9.717
    15.598
    18.048
    19.058
    18.211
    17.216
    18.106
    20.475
    20.218
    18.969
    17.760
    18.354
    16.124
    12.436
    12.708
    12.545
    11.426
     9.207
     9.259
     9.092
     9.253
     8.464
     5.149
     4.244
     1.844
     0.616
    -0.456
    -1.014
    -4.045
    -2.649
    -4.690
    -7.526
    -7.449
    -9.960
   -12.356
   -11.333
   -12.393
   -12.151
    -9.474
    -7.474
    -6.699
    -7.885
    -9.009
    -9.826
    -9.213
    -8.245
    -8.839
    -7.277
    -7.719
    -7.572
    -9.203
    -9.957
    -9.442
   -10.475
   -10.547
   -10.851
   -10.775
   -14.398
   -13.128
    -9.191
    -8.476
    -7.305
    -7.366
    -8.113
    -6.901
    -6.128
    -5.207
    -6.626
    -7.109
    -7.732
    -6.469
    -5.512
    -4.576
    -5.254
    -6.151
    -6.678
    -6.190
    -3.343
    -1.629
    -0.377
    -2.246
    -3.523
    -4.933
    -4.979
    -6.450
    -3.061
    -2.017
    -1.473
    -1.568
     0.187
     0.593
    -0.951
     0.208
     0.919
     0.338
     1.591
     2.349
     4.743
     5.979
     6.598
     4.625
     3.701
     4.010
     4.868
     7.189
     9.163
    10.244
     8.879
     8.333
    10.014
    10.634
    11.630
    12.217
    11.945
    11.710
    10.834
     9.685
     8.877
     8.593
     8.827
     7.676
     6.637
     6.821
     5.775
     6.005
     6.548
     7.687
     9.024
     7.789
     6.720
     4.086
     1.471
     1.185
    -0.451
    -1.202
    -2.257
    -4.406
    -3.961
    -3.628
    -2.694
    -3.088
    -4.844
    -2.950
    -1.708
     0.047
     1.329
     0.925
     0.290
     0.187
     0.406
     0.841
     2.060
     0.973
     1.217
     0.402
     0.657
     0.893
     0.450
     0.454
    -0.044
    -0.952
    -1.600
    -2.337
    -1.864
    -1.149
    -1.761
    -2.751
    -5.223
    -6.209
    -5.529
    -5.318
    -6.052
    -6.729
    -6.907
    -7.673
    -8.181
    -8.393
    -7.839
    -7.994
    -8.216
    -7.945
    -8.190
    -5.439
    -6.377
    -5.134
    -4.849
    -6.275
    -5.182
    -5.750
    -5.438
    -4.112
    -3.288
    -2.192
    -3.498
    -4.221
    -3.038
    -1.633
    -0.141
    -0.469
    -0.528
    -0.252
     0.942
    -0.343
    -0.693
     0.569
     0.623
    -0.522
     1.410
     0.446
     0.397
    -1.145
    -0.710
    -0.915
     0.489
    -0.138
     0.595
     1.814
     1.924
     4.794
     4.850
     5.126
     6.879
     7.870
     8.821
     8.958
     8.931
     8.317
     7.277
     6.511
     6.790
     7.698
     6.822
     8.445
     7.716
     6.007
     5.528
     5.357
     3.406
     2.418
     2.157
     2.361
     2.970
     3.225
     1.876
     2.823
     2.849
     3.406
     4.396
     6.211
     7.184
     7.168
     5.907
     5.594
     4.743
     7.356
     7.751
     7.613
     6.466
     7.238
     6.078
     5.771
     4.796
     3.374
     3.480
     2.365
     3.431
     1.440
    -0.933
    -1.290
    -1.637
    -3.180
    -4.633
    -8.248
    -7.899
    -7.912
    -7.491
    -6.786
    -8.233
    -9.510
   -10.996
   -10.943
   -11.080
   -11.618
   -12.047
   -11.092
   -11.115
   -11.440
   -11.749
   -11.526
   -10.778
   -11.645
   -11.475
    -9.625
    -7.196
    -6.386
    -5.742
    -3.427
    -3.817
    -4.992
    -5.229
    -5.412
    -4.466
    -1.341
    -2.999
    -3.983
    -2.930
    -4.758
    -5.898
    -8.569
    -8.486
    -7.883
    -6.640
    -5.036
    -4.769
    -3.828
    -2.963
    -3.051
    -1.381
    -0.588
     0.715
     2.378
     2.792
     3.108
     3.214
     4.452
     6.013
     5.585
     7.638
     5.884
     7.107
     7.672
     6.468
     7.141
     4.792
     5.168
     6.403
     7.931
     9.902
    10.073
     9.222
     9.301
     9.079
     6.892
     5.373
     5.339
     5.285
     5.925
     5.159
     6.369
     5.153
     3.423
     0.414
    -0.287
    -1.188
    -0.155
     0.236
    -2.387
    -4.265
    -0.466
     1.218
     3.032
     2.298
     2.483
     1.867
     1.774
     2.394
     1.220
     1.510
     1.713
     1.315
     2.173
     2.794
     2.939
     2.775
     2.432
     2.247
     2.834
     3.060
     0.632
     0.596
     0.322
     1.801
     1.922
     2.061
     5.006
     3.977
     3.224
     4.018
     5.823
     6.103
     5.878
     4.669
     5.232
     6.682
     7.592
     7.102
     4.957
     4.979
     3.637
     1.080
     1.495
     0.856
     0.774
    -0.055
     1.703
     2.039
     1.260
     0.761
     0.926
     0.033
    -0.538
     0.203
     2.122
     0.072
    -1.267
    -0.878
    -2.381
    -4.249
    -4.233
    -3.685
    -2.435
    -2.165
    -3.488
    -3.655
    -4.103
    -4.888
    -6.097
    -7.530
    -6.057
    -6.491
    -7.657
    -8.968
    -8.101
    -7.045
    -6.201
    -8.107
    -5.227
    -8.000
    -9.203
    -9.590
    -8.186
    -8.445
    -8.172
    -9.629
   -10.562
   -10.429
   -11.454
   -11.923
   -11.506
   -10.896
   -11.250
   -11.332
   -10.648
   -10.386
   -10.786
   -11.702
   -11.149
   -10.482
    -7.416
    -4.074
    -2.480
    -4.374
    -5.476
    -5.704
    -4.950
    -6.089
    -6.057
    -8.658
    -8.314
    -9.138
    -8.352
    -9.340
    -9.572
    -9.185
    -7.600
    -6.184
    -6.560
    -4.513
    -1.524
     0.095
     4.405
     6.538
     6.976
     8.572
     9.721
     9.479
    10.532
    10.950
    10.998
    11.727
    14.180
    17.307
    18.304
    19.336
    19.569
    19.442
    18.527
    17.983
    17.954
    18.824
    16.852
    17.428
    15.450
    14.176
    15.019
    18.323
    17.852
    17.089
    14.462
    13.416
    13.490
    16.671
    16.450
    17.928
    17.403
    16.512
    15.031
    12.097
    11.096
     8.960
     5.354
     4.054
     1.470
     2.499
     2.749
     1.638
    -0.429
    -0.729
    -0.271
    -1.574
    -2.502
    -2.328
    -4.240
    -4.976
    -1.767
    -0.382
     1.825
    -0.451
    -0.707
    -2.777
    -4.017
    -4.103
    -5.673
    -5.277
    -3.853
    -2.679
    -2.329
    -4.073
    -4.750
    -4.450
    -4.488
    -3.983
    -3.765
    -5.469
    -6.108
    -7.739
    -9.434
    -9.937
   -10.396
   -12.185
   -10.178
    -9.833
    -7.971
    -8.648
    -8.661
    -7.460
    -8.992
    -8.674
    -7.385
    -7.212
    -9.153
    -9.127
   -11.244
   -14.733
   -18.455
   -16.053
   -13.644
   -11.713
    -9.913
    -8.987
    -9.992
    -8.803
    -9.426
   -10.316
   -11.113
   -12.155
   -15.715
   -18.528
   -18.554
   -17.952
   -18.178
   -15.802
   -14.454
   -13.293
   -13.182
   -11.614
   -10.089
   -10.803
   -14.094
   -15.618
   -15.560
   -15.573
   -16.070
   -16.353
   -21.349
   -21.955
   -22.337
   -20.657
   -19.034
   -22.019
   -22.024
   -20.580
   -18.395
   -15.796
     3.039
    58.480
    67.347
    52.373
    47.772
    44.475
    45.808
    43.147
    42.738
    47.122
    48.775
    44.941
    43.105
    39.401
    33.395
    31.997
    29.328
    33.333
    34.849
    27.730
    21.003
    11.096
     9.183
    13.842
    14.262
    14.118
    10.557
     6.985
     4.087
     3.848
     3.881
    -1.709
    -5.034
   -10.756
    -9.968
    -9.586
   -13.545
   -18.287
   -22.814
   -24.101
   -23.731
   -23.053
   -18.100
   -13.097
    -9.840
    -8.207
    -8.173
   -10.143
    -7.876
    -3.919
    -1.503
    -3.702
    -7.675
    -8.915
    -8.653
    -2.880
     2.486
     7.120
    14.584
    15.419
    12.316
     6.397
     4.063
     4.754
     4.058
     3.943
     3.643
     6.672
    10.111
     5.156
     4.274
     1.153
    -0.650
    -2.541
    -3.550
    -0.738
    -0.937
    -7.237
    -9.818
    -6.470
    -4.228
    -2.816
    -0.895
     0.732
    -1.490
    -1.240
    -0.036
    -0.212
    -4.282
    -5.881
    -5.202
    -5.442
    -6.415
    -4.626
    -5.631
    -6.445
    -8.105
   -12.012
   -16.101
   -19.550
   -16.187
   -10.598
    -3.587
    -6.801
    -7.389
    -9.887
   -15.823
   -17.924
   -20.313
   -23.168
   -24.255
   -26.337
   -28.128
   -27.927
   -27.719
   -28.001
   -27.426
   -29.096
   -28.108
   -26.487
   -23.428
   -22.332
   -17.323
    -8.509
    -2.762
    -4.396
    -4.281
     5.466
    10.186
    14.618
    21.788
    21.987
    25.990
    35.075
    46.510
    53.547
    45.127
    32.495
    29.542
    29.810
    29.874
    27.338
    21.744
    20.250
    16.305
    17.267
    13.616
    12.275
    11.511
     8.737
     9.365
     7.577
     8.520
     8.131
     6.407
     5.185
     8.414
     7.622
     1.074
    -1.981
     0.361
     1.056
     0.822
     3.540
     1.411
     7.305
     9.955
    16.127
    28.584
    22.367
    -1.793
    -8.566
     2.281
     1.036
    -4.315
    -0.988
    -1.964
    -0.063
    -0.416
    -2.999
    -1.742
    -9.023
   -21.819
   -19.622
    -8.395
    -9.584
   -11.200
    -9.654
   -11.521
   -13.825
   -13.259
   -13.987
   -17.556
   -15.883
    -5.320
    -8.138
    -7.916
   -10.358
    -8.183
    -7.214
    -0.474
    -1.830
    -3.339
     1.729
    -0.798
    -1.987
    -2.441
    -2.372
    -1.906
    -2.483
    -6.499
    -4.414
    -2.970
    -3.979
    -1.043
    -4.618
    -3.175
    -3.962
    -3.083
    -3.891
    -4.445
    -5.135
    -4.585
    -6.354
    -6.946
    -6.056
    -4.029
    -5.662
    -5.637
    -3.649
    -4.121
    -0.061
     0.234
    -1.233
     0.796
     0.580
     2.466
     4.699
     5.350
     3.030
     3.323
     4.172
     5.382
     4.096
     1.953
     2.653
     2.922
     6.064
     7.160
     5.909
     3.156
     2.108
     1.442
     4.357
     3.167
     2.011
     6.547
    11.530
    19.283
    15.943
     9.676
     9.065
    10.608
    10.898
     5.943
     1.898
     4.828
    13.626
    14.866
     7.735
     2.875
    -1.696
     4.701
     8.676
     5.013
    -1.492
    -3.122
    -1.568
    -3.479
    -2.591
    -1.201
     1.247
     0.757
     2.857
     3.520
     2.561
    -0.332
    -0.547
     0.773
     1.953
    -3.164
    -4.480
    -4.729
    -4.798
    -6.094
    -8.391
    -8.164
   -11.979
   -10.959
   -10.498
   -11.161
   -15.938
   -10.687
    -6.842
    -8.967
   -12.811
   -12.927
   -14.356
   -13.874
   -10.288
    -8.456
    -8.514
    -7.527
    -9.430
    -5.246
    -5.472
    -4.693
    -4.749
    -4.266
    -3.060
    -1.449
     1.866
     1.794
     5.776
     7.255
     8.858
     7.752
     6.464
     3.047
     4.313
     6.818
    10.280
     7.234
     5.544
     1.141
    -1.008
    -2.435
     0.485
     2.588
     2.005
    -1.468
    -1.719
     1.612
     5.424
     5.749
     5.380
     3.099
     4.276
    10.891
    10.411
     9.250
     7.377
     5.622
     4.802
     3.011
     0.057
    -0.311
     3.181
     3.133
     1.484
    -1.493
     0.647
     3.673
     5.666
     7.376
     3.075
    -2.420
     4.736
    10.317
     3.612
    -0.228
     0.099
     1.548
    -1.724
     1.849
    -0.466
    -0.020
    -1.414
     0.466
     1.751
     2.427
     0.848
     0.771
     0.577
    -2.335
     1.061
     0.922
    -1.777
    -2.345
    -5.149
    -3.566
    -3.307
    -3.381
    -5.302
    -7.121
    -7.244
    -4.090
    -3.729
    -2.945
    -3.040
    -2.877
    -4.307
    -5.715
    -4.904
    -3.652
    -3.536
    -2.882
    -2.629
    -3.362
    -5.602
    -4.796
    -6.726
    -3.703
     0.339
     4.405
     1.693
     2.678
     1.711
    -1.321
     0.212
     0.513
     0.167
     1.320
     4.806
     2.421
     1.843
     1.921
     0.546
    -0.248
     1.734
     1.201
     2.477
     1.976
     3.516
     3.987
     0.331
     1.418
     3.569
     2.428
     1.223
     1.610
    -0.258
     0.500
     3.310
     1.982
     2.513
    -0.015
     0.004
    -5.345
     2.187
     4.872
     4.000
     1.167
    -2.449
    -0.187
     3.114
     1.673
     2.024
     0.050
    -1.335
    -0.255
    -0.483
     0.166
    -1.323
    -1.824
    -2.130
    -1.340
     0.101
    -0.195
    -1.490
    -2.741
    -3.952
    -1.650
    -2.679
    -2.708
    -1.313
    -0.509
     0.925
     0.409
     1.276
     3.665
     1.513
    -0.422
     1.211
    -1.183
     0.073
    -0.994
     0.330
     0.281
     0.592
     1.588
    -0.623
    -3.015
    -1.895
     0.599
     0.440
     0.609
     1.239
     1.334
    -0.556
     0.748
    -0.102
     0.974
    -0.650
    -1.377
    -1.802
    -3.513
    -3.688
    -4.682
    -3.627
    -2.684
    -3.766
    -5.440
    -5.538
    -4.840
    -6.063
    -5.077
    -6.272
    -7.215
    -6.159
    -5.497
    -5.615
    -5.082
    -5.239
    -3.035
    -3.891
    -3.767
    -4.065
    -4.196
    -4.315
    -3.637
    -2.474
    -4.033
    -3.545
    -2.603
    -0.240
     2.151
     2.079
     0.938
     2.320
     3.919
     3.779
     5.020
     5.054
     6.181
     8.800
    10.251
    10.552
    10.213
    11.024
    12.641
    13.111
    11.124
     9.580
     6.550
     6.361
     4.057
     1.746
    -0.029
     0.489
    -0.249
    -1.381
    -0.423
     0.772
     1.999
     4.037
     4.843
     6.704
     7.572
     8.634
     7.792
     8.010
     7.266
     5.825
     4.779
     4.924
     5.285
     7.179
     4.882
     7.448
    10.339
    13.831
    14.939
    13.322
    11.664
     9.239
     1.087
    -3.730
    -6.618
    -9.608
   -11.123
   -11.442
   -13.918
   -11.859
   -12.208
   -12.024
    -9.812
   -10.768
   -10.997
    -8.141
    -6.953
    -6.709
    -4.435
    -2.796
    -2.977
    -3.120
     1.367
     2.799
     5.362
     4.972
     3.826
     3.511
     4.178
     4.414
     4.099
     3.622
     3.359
     0.867
    -0.792
     0.620
    -0.486
    -1.197
    -1.799
    -3.506
    -4.414
    -6.043
    -6.595
    -6.287
    -6.187
    -5.569
    -5.561
    -4.983
    -1.998
    -1.425
    -0.344
    -2.440
    -4.007
    -5.763
    -6.833
    -7.139
    -9.109
   -11.181
   -12.248
   -14.371
   -17.502
   -16.729
   -17.617
   -16.740
   -14.411
   -13.245
   -14.453
   -14.602
   -13.960
   -14.613
   -13.420
   -13.256
   -12.330
   -13.467
   -10.538
   -10.732
   -11.761
   -11.237
    -9.073
    -6.369
    -4.996
    -1.960
     0.409
     2.940
     5.419
     6.459
     6.293
     7.425
     6.687
     3.762
     4.675
     5.013
     7.286
    13.242
    17.073
    18.231
    17.257
    19.399
    24.172
    25.904
    26.612
    26.604
    28.381
    27.966
    25.517
    23.774
    20.318
    17.240
    13.266
    11.237
     8.755
     8.050
     7.298
     5.510
     6.412
    10.726
    12.310
    13.033
    12.136
     8.424
     6.068
     8.004
     6.685
     6.326
     7.719
     8.183
     9.381
    10.982
    10.571
    10.744
     5.999
     5.879
     4.838
     2.837
     3.616
     1.634
     3.916
     4.544
     3.446
     1.119
    -0.475
    -1.562
    -1.722
    -1.436
    -2.345
    -2.289
    -3.141
    -5.245
    -4.181
    -3.864
    -3.817
    -5.570
    -9.271
   -12.411
   -14.738
   -17.668
   -18.515
   -21.232
   -20.841
   -20.240
   -21.281
   -23.901
   -24.964
   -24.602
   -21.647
   -20.483
   -19.316
   -18.227
   -19.306
   -19.280
   -15.738
   -12.951
   -11.267
   -11.952
   -11.744
    -9.756
    -9.770
    -9.041
    -9.694
    -9.222
    -9.854
   -11.703
   -11.228
    -8.362
    -6.536
    -2.685
    -3.294
     0.233
     4.362
     3.657
     3.571
     1.343
    -1.000
     0.286
     0.565
     2.953
     6.308
     9.527
    12.251
    12.793
    11.412
    10.948
     8.796
     7.851
     9.719
    13.817
    13.743
    14.749
    13.645
    12.199
    13.186
    16.729
    12.324
     6.798
     5.009
     6.478
     7.956
     5.556
     4.629
     5.651
     5.031
     7.066
     6.246
     2.643
    -4.887
    -4.906
    -9.031
   -13.306
   -11.126
    -8.842
    -9.103
    -5.287
    -4.393
    -6.973
    -4.768
    -5.068
    -5.427
    -6.237
    -7.741
    -7.643
    -1.066
    -4.770
    -1.779
    -1.612
     2.808
     4.819
     4.636
     2.694
     3.886
     1.283
     2.747
     4.763
     4.892
     6.385
    11.354
    11.916
    10.840
    13.182
    15.969
    16.103
    17.671
    17.656
    16.026
    12.969
    14.025
    10.550
     6.504
     4.318
     1.201
     1.337
     1.087
    -0.496
     1.943
     1.486
     4.164
     3.086
     1.775
     0.192
     0.559
    -0.114
    -0.591
     3.826
     6.240
     6.530
     4.190
     4.242
     3.748
     2.197
     0.028
    -3.465
    -7.349
   -10.637
   -17.408
   -20.014
    -6.409
    -1.258
    -1.324
    -0.996
    -1.850
    -6.539
    -6.914
    -8.190
    -8.401
    -9.437
    -7.088
    -1.467
     2.805
     9.394
    12.451
     9.431
     4.059
    -8.832
   -17.095
   -18.394
   -18.246
   -16.733
   -10.606
     1.669
     3.494
     3.903
     0.976
    -2.030
    -4.426
    -4.760
    -6.484
    -6.946
    -7.047
    -7.113
    -6.801
    -5.453
    -6.633
    -6.614
    -7.331
    -7.384
    -6.218
    -8.528
    -6.575
    -6.549
    -6.293
    -5.362
    -5.613
    -6.093
    -6.551
    -6.145
    -7.523
    -7.233
    -8.140
    -6.960
    -0.990
     5.489
     6.860
    10.574
     9.241
     9.716
     8.715
     8.292
     5.979
     3.614
     2.560
     1.569
     0.743
     0.081
     0.803
     1.290
     1.996
     2.789
     3.525
     3.490
     3.925
     2.258
     2.982
     3.757
     3.973
     5.334
     3.158
     3.606
     1.932
     0.596
     1.060
    -0.961
    -0.573
     0.634
    -0.040
     1.413
     2.841
    -0.422
    -1.356
    -1.353
     1.393
     2.746
     0.921
    -0.364
     0.897
     1.569
     2.180
     1.889
     2.232
     2.306
     4.263
     5.774
     4.236
     1.547
     2.692
     3.778
     5.216
     5.676
     4.428
     3.832
     4.068
     5.648
     3.734
     2.849
     2.495
     0.206
     0.212
     0.302
    -0.825
     0.433
     0.567
    -0.034
    -1.005
    -0.089
     0.979
     1.559
     2.473
     2.665
     3.816
     4.855
     6.815
     9.136
     9.759
     8.555
     7.525
     7.047
     6.077
     6.068
     5.706
     7.477
     5.524
     5.395
     6.180
     7.567
     5.573
     3.563
     2.767
     1.520
    -1.164
    -6.406
    -8.146
    -9.884
   -11.170
   -10.515
    -9.325
    -8.275
    -7.064
    -7.010
    -7.946
    -8.126
    -8.837
    -8.792
    -8.032
    -7.836
    -6.890
    -7.357
    -7.054
    -6.027
    -3.611
    -3.020
    -2.137
    -1.504
    -2.316
    -0.674
    -0.695
    -2.188
    -2.195
    -2.494
    -2.725
    -3.279
    -2.585
    -3.125
    -2.612
    -2.526
    -3.081
    -1.819
    -2.151
    -1.362
    -2.493
    -2.420
    -2.398
    -3.086
    -4.006
    -4.359
    -4.036
    -4.024
    -3.625
    -4.370
    -4.222
    -2.527
    -2.360
    -1.598
    -1.319
    -1.339
    -3.204
    -2.008
    -2.059
    -2.206
    -2.031
    -2.016
    -1.735
    -0.846
    -0.025
     1.173
     1.196
     1.662
     2.605
     2.676
     3.969
     3.509
     3.356
     4.132
     4.648
     3.804
     3.367
     3.846
     4.263
     3.217
     4.617
     4.783
     4.466
     4.024
     4.312
     3.333
     4.414
     3.966
     4.204
     3.966
     2.564
     1.888
     2.241
     1.500
     1.135
     0.779
     0.905
     1.822
     1.896
     1.510
     0.720
     1.602
     1.936
     0.421
     1.632
     2.177
     1.234
     0.424
     1.153
     1.354
     0.448
     0.125
    -0.600
    -0.314
    -0.272
     0.078
     0.837
     1.586
     1.891
     2.113
     2.357
     2.767
     3.186
     2.850
     2.343
     2.100
     1.281
     0.659
     0.818
     0.740
    -0.152
    -0.006
    -0.751
    -0.274
    -2.288
    -1.951
    -2.282
    -3.418
    -2.465
    -1.756
    -0.499
    -0.898
     0.125
     0.343
    -0.064
     0.509
     0.516
     1.026
    -0.261
    -0.442
    -1.547
    -1.163
    -0.972
     0.278
    -0.081
     1.049
     1.128
     0.842
     0.421
     1.800
     1.193
     0.790
     0.723
     0.472
     1.081
     1.616
     1.711
     1.156
     0.916
     0.875
     1.567
     1.012
     0.510
     0.117
     0.490
     0.613
    -0.671
    -0.627
    -1.186
    -1.498
    -1.810
    -1.263
    -0.538
    -1.853
    -0.971
    -1.377
    -1.039
    -1.171
    -1.259
    -0.114
    -0.617
    -0.622
    -1.617
    -1.294
    -1.355
    -0.513
    -1.303
    -0.808
    -1.291
    -1.023
    -1.153
    -1.532
    -1.954
    -1.618
    -1.681
    -1.778
    -1.190
    -1.726
    -2.216
    -1.607
    -1.285
    -0.422
    -0.450
    -0.524
    -1.823
    -1.198
    -1.595
    -1.484
    -2.498
    -1.805
    -2.414
    -1.917
    -2.153
    -2.898
    -3.298
    -3.041
    -3.545
    -3.230
    -3.467
    -4.132
    -4.182
    -5.341
    -4.658
    -5.129
    -4.978
    -5.582
    -3.866
    -4.331
    -4.034
    -4.222
    -4.839
    -4.922
    -6.554
    -6.156
    -6.568
    -6.566
    -6.280
    -5.408
    -3.548
    -3.907
    -2.842
    -0.454
     1.828
     2.904
     4.343
     5.076
     7.749
     9.251
    10.996
    11.216
    10.957
    12.657
    11.063
     9.812
     8.139
     6.323
     5.317
     5.932
     4.761
     5.461
     5.338
     4.943
     6.041
     7.305
     5.632
     4.767
     5.115
     5.888
     4.849
     5.033
     4.037
     4.755
     6.149
     5.832
     3.819
     3.044
     2.211
     2.912
     2.657
     3.059
     2.778
     1.322
     1.295
     1.440
     1.346
    -1.253
    -1.582
     0.883
     0.075
     0.139
     0.784
     2.268
     0.567
     0.455
     1.311
     1.260
     0.797
     0.507
     0.476
     0.904
     0.687
    -1.801
    -1.381
    -2.350
    -1.959
     1.413
     2.261
     1.274
    -1.958
    -6.366
    -6.712
    -5.745
    -4.485
    -5.106
    -2.464
    -2.744
    -3.426
    -4.381
    -4.897
    -6.362
    -6.307
    -5.468
    -5.039
    -3.976
    -3.359
    -3.351
    -3.838
    -4.594
    -3.410
    -4.594
    -3.301
    -4.024
    -1.917
    -1.363
    -1.404
    -1.544
    -1.507
    -1.379
    -2.030
    -1.849
    -1.808
    -1.293
    -2.297
    -1.248
    -1.326
    -1.332
    -0.309
    -0.414
    -0.585
    -0.838
    -1.766
    -2.838
    -2.178
    -3.902
    -2.434
    -1.676
    -1.920
    -1.815
    -1.464
    -2.508
    -1.631
    -1.388
    -1.294
    -0.486
    -0.305
     0.048
     0.432
     0.849
    -0.526
    -0.126
    -0.409
    -0.495
     0.044
    -1.303
    -1.004
    -1.295
    -1.146
    -0.695
     0.244
    -0.948
     0.597
     1.279
     1.255
     1.482
     2.161
     2.845
     1.125
     0.100
    -0.687
    -2.580
    -1.324
     1.290
     3.764
     5.049
     4.451
     4.972
     5.206
     4.268
     5.435
     6.019
     5.196
     2.241
     3.768
     3.569
     2.013
     3.074
     2.833
     1.913
     2.439
     2.547
     2.059
     3.277
     2.683
     3.877
     4.008
     3.849
     3.347
     1.031
     1.485
     3.322
     3.121
     2.382
     2.622
     1.743
     2.576
     2.498
     3.196
     1.832
     1.404
     1.439
     1.127
     0.743
     2.494
     1.620
     0.151
    -0.140
    -0.622
    -0.600
    -1.027
    -0.399
    -0.976
    -0.712
     0.070
    -0.431
    -0.160
    -0.560
    -0.500
    -1.920
    -3.039
    -2.437
    -3.093
    -3.550
    -3.089
    -2.619
    -3.107
    -2.236
    -0.528
    -0.025
     0.332
    -0.282
    -2.296
    -1.382
    -1.109
    -0.012
     0.156
    -1.010
    -1.831
    -0.865
    -0.992
    -1.500
    -1.283
    -0.882
    -0.015
    -0.452
     0.348
    -0.585
    -0.515
    -0.580
    -1.655
    -2.624
    -2.184
    -3.242
    -1.624
    -1.285
    -1.721
    -1.153
    -2.052
    -0.955
    -2.053
    -1.656
    -1.833
    -1.650
    -3.089
    -4.161
    -3.404
    -2.834
    -1.780
    -1.893
    -1.533
    -2.214
    -2.596
    -0.818
    -1.731
    -2.304
    -2.199
    -2.079
    -2.927
    -2.064
    -1.821
    -1.252
    -2.024
    -2.473
    -1.915
    -2.577
    -3.053
    -2.489
    -1.488
    -1.698
    -0.748
    -0.343
    -0.588
    -0.508
     0.085
    -0.483
    -0.987
    -0.192
    -1.025
    -0.374
     0.811
     1.511
     2.000
     1.552
     1.954
     3.020
     1.347
     1.965
     2.204
     2.260
     2.468
     4.043
     3.594
     3.536
     3.474
     4.666
     4.583
     4.323
     4.200
     5.299
     3.719
     2.677
     2.246
     1.454
     1.593
     2.299
     1.799
     2.593
     3.827
     4.187
     3.020
     5.141
     3.137
     4.833
     3.995
     4.000
     5.443
     5.441
     5.524
     4.968
     5.132
     4.737
     5.714
     5.455
     4.626
     3.036
     1.856
     1.963
     3.098
     3.461
     0.945
    -0.376
    -0.387
    -2.258
    -0.140
     0.897
    -0.053
     0.525
     0.914
    -0.934
    -0.552
    -0.314
     1.276
     0.430
    -0.461
    -1.838
    -2.688
    -4.050
    -3.227
    -4.393
    -4.309
    -4.595
    -6.035
    -7.165
    -7.619
    -7.579
    -8.658
   -12.923
   -10.848
    -6.295
    -6.118
    -5.414
    -8.342
    -6.293
    -6.153
    -4.810
    -5.167
    -3.740
    -2.099
    -2.334
    -3.096
    -1.683
    -1.548
    -1.621
    -1.113
    -2.618
    -3.876
    -4.428
    -4.382
    -5.335
    -4.713
    -7.278
    -8.312
    -6.194
    -5.673
    -4.082
    -3.265
    -4.944
    -5.796
    -4.259
     1.815
    -1.736
    -1.218
    -1.669
    -4.166
    -4.967
    -4.993
    -2.539
    -0.918
    -0.342
    -0.905
     0.790
     1.597
     1.776
     3.297
     4.177
     2.801
     4.668
     6.855
     6.716
     7.878
     8.889
     7.778
     9.403
     8.442
     8.823
     8.593
    10.448
    18.404
    19.590
    17.024
    10.991
     9.374
    16.931
    14.765
    14.733
     8.186
    10.987
    10.678
    13.015
     9.501
    10.139
     9.791
     8.899
     5.740
     4.323
     3.767
     4.265
     2.584
     1.520
     0.661
    -0.994
    -0.316
     0.832
     0.690
    -0.997
    -2.200
    -2.370
    -2.069
    -2.203
    -0.989
    -0.798
    -1.626
    -1.389
    -1.712
    -2.072
    -3.789
    -4.604
    -4.568
    -4.677
    -6.682
    -7.175
    -8.669
    -8.396
    -9.697
    -6.990
    -7.333
    -7.315
    -9.526
   -10.249
   -10.443
    -9.809
    -9.655
    -8.798
    -9.286
    -8.863
    -9.252
    -8.179
    -7.805
    -7.377
    -7.200
    -7.186
    -6.931
    -6.924
    -7.176
    -6.645
    -6.692
    -6.215
    -6.075
    -5.953
    -5.675
    -5.556
    -5.252
    -4.765
    -4.698
    -4.496
    -4.369
    -4.090
    -4.046
    -4.024
    -3.865
    -3.410
    -2.837
    -2.413
    -2.250
    -1.708
    -1.350
    -0.935
    -0.574
    -0.274
     0.036
     0.484
     0.752
     1.144
     1.404
     1.813
     2.098
     2.474
     2.741
     3.130
     3.406
     3.791
     4.063
