     5.789
     6.013
     6.311
     6.516
     6.796
     6.976
     7.233
     7.413
     7.657
     7.801
     8.033
     8.116
     8.292
     8.373
     8.533
     8.511
     8.557
     8.486
     8.512
     8.410
     8.343
     8.219
     8.148
     8.083
     8.165
     7.676
     7.779
     7.706
     7.272
     7.176
     7.050
     6.820
     6.259
     5.578
     5.260
     4.521
     4.139
     3.926
     3.507
     2.959
     2.532
     2.089
     1.521
     0.856
     0.044
    -0.630
    -0.870
    -1.123
    -1.926
    -3.384
    -4.020
    -4.488
    -4.868
    -5.773
    -6.639
    -8.258
    -8.640
    -8.882
   -10.065
   -10.372
   -10.037
   -10.278
   -10.630
   -10.203
    -9.977
    -9.071
    -7.468
    -6.645
    -4.283
    -2.695
    -0.798
     0.218
    -0.170
     1.126
     0.905
     0.764
     1.458
     2.094
     3.179
     0.580
     2.022
     1.914
     1.447
     2.791
     6.420
     5.885
     5.687
     4.024
     1.600
     0.266
    -0.616
    -1.444
    -2.544
    -3.343
    -4.968
    -6.830
    -8.304
    -7.697
    -6.593
    -6.033
    -4.560
    -3.401
    -2.593
    -1.971
    -3.224
    -3.968
    -3.842
    -3.632
    -2.220
    -3.034
    -2.234
    -3.225
    -4.323
    -4.434
    -2.915
    -3.940
    -5.622
    -5.734
    -4.927
    -5.342
    -4.227
    -4.221
    -5.170
    -4.953
    -5.881
    -5.848
    -4.062
    -3.255
    -2.063
    -3.398
    -2.099
    -2.247
    -3.084
    -2.742
    -2.740
    -1.730
    -1.191
     0.417
    -0.260
     0.045
     0.325
     0.655
     1.102
     1.443
     2.846
     1.653
     1.816
     0.744
    -0.803
    -0.288
    -0.100
     0.604
     2.614
     2.007
     2.183
     3.247
     2.791
     2.353
     6.332
     3.906
     3.329
     2.687
     6.386
     6.755
     8.514
     9.109
     9.215
     7.607
     8.552
     8.328
     6.224
     6.766
     4.564
     6.468
     4.707
     3.100
     4.659
     4.170
     3.155
     4.339
     4.064
     3.046
     1.451
     1.438
     2.159
     2.786
     2.540
     2.525
     4.936
     5.425
     3.318
     1.992
    -1.224
    -2.831
    -3.030
    -0.361
     3.057
     6.062
     8.134
     7.135
     7.351
     6.301
     3.902
     0.548
    -1.539
     0.912
     4.703
     8.124
     8.490
     7.279
     8.635
    10.193
    10.833
     5.950
     7.836
    11.309
    10.153
     9.198
    10.176
     8.678
     9.921
    10.735
     7.285
     3.288
     3.105
     2.239
     0.225
     0.526
    -1.818
    -3.126
    -3.328
    -2.705
    -4.391
    -1.195
    -2.481
    -4.390
    -3.359
    -5.684
    -9.155
   -10.230
   -12.041
   -12.440
   -12.914
   -14.252
   -15.400
   -17.555
   -16.521
   -18.224
   -16.737
   -18.967
   -13.582
   -15.392
    -9.073
   -10.701
   -19.796
   -20.660
   -19.314
   -16.872
   -16.483
   -17.679
   -17.983
   -14.443
   -15.455
   -16.051
   -13.458
   -12.843
   -12.159
    -9.979
    -8.684
    -7.982
    -5.562
    -6.687
    -6.230
    -6.488
    -3.604
    -2.571
    -3.405
    -2.346
    -2.636
    -1.989
    -0.546
     0.263
     0.517
     0.971
     0.277
     1.999
     3.310
     5.391
     5.650
     5.445
     5.745
     6.967
     6.776
     6.160
     6.875
     6.997
     6.563
     5.659
     6.984
     6.693
     8.050
    10.006
    10.211
    10.641
    12.589
    12.936
    13.016
    12.404
    13.299
    11.120
     9.871
     9.287
    10.884
     8.540
     8.883
    10.657
     9.592
     9.070
    10.320
    10.898
    10.412
    10.371
     9.543
     8.048
     9.096
     9.758
    11.456
    11.631
    10.031
     9.858
     8.935
     7.834
     8.043
     6.898
     5.241
     6.139
     7.882
     7.805
     7.146
     6.635
     5.051
     6.668
     6.034
     6.430
     7.522
     8.074
     8.974
     4.612
     2.844
     3.012
     4.815
     5.508
     4.283
     2.445
     1.220
     0.670
     3.163
     1.287
    -2.186
    -2.927
    -3.757
    -4.856
    -5.018
    -3.256
    -1.593
    -3.890
    -5.427
    -8.051
    -8.927
    -8.172
    -9.068
    -9.289
    -8.955
    -9.025
    -8.830
    -9.853
   -11.882
   -11.646
   -12.894
   -13.118
   -13.760
   -13.561
   -12.133
   -13.017
   -12.121
   -13.504
   -13.347
   -15.326
   -14.060
   -13.861
   -11.873
   -12.157
   -10.309
   -10.195
   -10.989
   -10.447
   -10.026
    -9.540
    -8.717
    -8.445
    -6.955
    -7.087
    -6.614
    -7.595
    -7.308
    -7.939
    -5.715
    -3.549
    -3.676
    -3.811
    -5.188
    -4.922
    -3.532
    -1.871
     0.387
    -3.300
    -0.907
    -0.774
    -2.386
    -2.614
    -3.620
    -2.976
    -3.244
    -1.936
     0.272
     4.079
     7.435
    10.753
    10.573
     6.309
     4.256
     2.108
     3.025
     2.300
     4.311
     4.510
     4.615
     2.916
    -0.942
    -0.252
     0.242
     1.775
    -1.609
    -2.677
    -3.148
    -0.682
     1.842
     3.741
     5.434
     8.397
     9.136
     9.735
     7.222
     4.417
     7.287
    10.431
    15.910
    17.601
    19.531
    19.148
    18.160
    18.294
    23.641
    21.884
    20.227
    19.795
    19.710
    18.406
    15.386
    14.658
    12.489
    11.753
     9.792
    10.208
    10.338
    10.760
     9.583
     6.928
     5.968
     4.912
     2.847
     2.383
    -0.117
    -0.264
    -1.562
    -1.234
    -4.219
    -6.273
    -8.436
    -8.738
    -7.879
   -10.329
    -9.715
    -8.795
    -6.377
    -6.446
    -6.970
    -7.324
    -8.685
    -7.964
    -7.559
    -7.421
    -7.393
    -7.185
    -7.582
    -8.570
    -9.480
    -9.278
    -9.144
    -9.337
    -8.713
   -10.841
   -11.784
   -13.211
    -8.426
    -6.404
    -6.175
    -5.808
    -7.493
    -6.015
    -5.219
    -4.606
    -5.071
    -6.378
    -7.816
    -5.547
    -3.639
    -4.803
    -5.747
    -7.147
    -7.347
    -6.111
    -2.524
    -2.522
    -0.834
    -3.656
    -3.845
    -5.837
    -7.302
    -5.931
    -3.258
    -2.095
    -1.795
    -2.075
    -2.322
    -1.552
    -1.702
    -0.102
    -0.115
     0.226
     1.726
     2.552
     4.130
     5.790
     6.323
     4.509
     2.089
     4.098
     3.106
     5.018
     5.496
     7.744
     6.260
     5.286
     5.620
     6.591
     7.681
     8.528
     8.323
     8.446
     8.180
     6.090
     6.679
     6.844
     6.590
     5.960
     4.581
     5.594
     5.461
     4.349
     5.017
     6.174
     7.419
     6.800
     5.474
     3.671
     2.269
     0.641
    -1.510
    -1.935
    -3.174
    -3.388
    -4.169
    -3.688
    -3.842
    -4.637
    -3.810
    -2.418
    -2.125
    -1.069
    -0.408
     0.079
    -0.160
     0.329
     0.951
    -0.100
     1.819
     1.812
     1.183
     0.607
     1.154
     1.205
     2.061
     1.095
     0.618
     0.447
    -0.102
    -0.446
    -1.926
    -0.743
    -1.705
    -4.915
    -5.000
    -4.110
    -4.226
    -4.592
    -5.075
    -5.247
    -5.773
    -5.188
    -5.821
    -5.650
    -6.360
    -7.257
    -6.938
    -6.940
    -6.605
    -5.588
    -3.728
    -5.181
    -4.992
    -5.112
    -4.909
    -4.644
    -4.494
    -1.925
    -1.548
    -1.715
    -1.721
    -1.186
    -0.868
     0.395
    -0.568
    -0.813
     0.854
     1.375
     2.054
     0.915
     1.150
     2.708
     2.373
     3.196
     2.214
     3.999
     1.779
     0.998
     1.040
     1.390
     2.723
     4.251
     3.857
     3.398
     4.050
     4.373
     3.699
     3.719
     4.274
     4.416
     5.635
     6.304
     6.299
     5.984
     5.768
     5.397
     6.760
     7.533
     6.209
     6.491
     6.927
     7.192
     7.113
     6.771
     5.620
     4.346
     4.061
     3.569
     5.077
     5.552
     4.325
     3.819
     5.014
     5.820
     4.574
     5.626
     5.376
     6.574
     6.119
     4.649
     3.557
     5.221
     7.126
     5.923
     4.529
     4.398
     4.999
     4.029
     3.136
     2.078
     1.343
     1.215
     0.406
     0.716
     0.124
    -1.875
    -3.347
    -3.388
    -5.070
    -6.541
    -8.215
    -8.741
    -9.135
    -8.398
    -8.489
    -9.846
   -11.202
   -13.205
   -12.229
   -13.595
   -12.910
   -12.722
   -13.444
   -13.823
   -14.072
   -14.678
   -14.982
   -13.838
   -14.296
   -12.362
   -10.383
   -10.606
    -9.086
    -8.195
    -7.464
    -7.600
    -7.416
    -6.741
    -5.513
    -3.111
    -5.709
    -5.479
    -6.638
    -5.491
    -6.325
    -7.940
    -9.619
    -7.410
    -6.090
    -5.656
    -5.275
    -5.122
    -4.931
    -5.079
    -3.665
    -1.793
    -0.123
     1.687
     2.600
     2.684
     2.622
     4.009
     5.259
     5.826
     8.336
     8.638
     9.426
     9.826
     9.818
    11.034
     8.074
     8.502
     9.806
    11.016
    12.042
    12.701
    12.739
    12.154
    11.831
    10.554
     9.487
     8.572
     8.257
     7.951
     7.198
     8.818
     9.326
     7.174
     5.501
     2.314
     1.795
     1.716
     1.660
     0.657
    -0.470
     2.434
     3.771
     5.209
     7.043
     6.424
     5.989
     6.262
     6.149
     6.189
     5.880
     6.045
     6.341
     6.339
     6.366
     5.854
     6.251
     6.042
     5.758
     6.305
     5.311
     4.911
     5.429
     5.010
     2.058
     2.094
     1.307
     1.248
     0.153
    -0.957
    -2.359
    -1.749
    -4.523
    -4.350
    -3.862
    -2.850
    -1.817
    -2.130
    -1.068
    -2.852
    -2.875
    -4.740
    -5.069
    -4.490
    -4.200
    -3.911
    -3.552
    -4.223
    -3.960
    -3.046
    -1.594
    -1.826
    -0.119
     0.140
     0.982
     2.975
     3.444
     0.546
     1.765
     1.033
     0.196
    -0.833
     0.548
    -0.415
     0.217
    -0.413
    -1.774
    -2.618
    -2.216
    -4.891
    -5.450
    -5.784
    -5.920
    -6.746
    -8.502
    -7.825
    -8.299
    -7.250
    -7.365
    -5.594
    -6.278
    -7.479
    -7.518
    -6.533
    -7.914
    -8.784
    -9.224
   -10.019
   -10.960
   -11.839
   -11.995
   -11.794
   -11.761
   -11.221
   -11.859
   -10.626
    -9.153
   -10.156
   -10.065
   -10.688
   -11.351
   -10.091
    -8.931
    -6.742
    -8.737
    -8.019
    -9.463
    -9.107
    -5.707
    -2.865
    -3.080
    -3.925
    -4.349
    -5.798
    -5.704
    -6.904
    -5.441
    -6.038
    -5.223
    -5.544
    -3.826
    -2.636
    -1.076
     0.205
     2.445
     4.420
     5.966
     7.369
     7.174
     7.848
     7.487
     8.227
     8.538
    10.948
    13.681
    14.826
    16.524
    17.227
    18.715
    18.902
    17.588
    18.230
    18.352
    17.733
    16.804
    16.395
    15.633
    15.207
    16.700
    18.790
    18.019
    16.368
    16.076
    16.420
    17.821
    20.475
    19.202
    19.598
    17.893
    17.868
    14.886
    12.519
    10.862
     8.328
     6.794
     5.550
     5.663
     4.786
     5.282
     3.806
     1.163
     1.161
    -0.217
    -2.480
    -3.065
    -2.981
    -6.095
    -3.674
    -1.980
    -1.624
    -0.574
    -2.300
    -2.108
    -3.908
    -5.354
    -4.494
    -3.769
    -4.259
    -3.125
    -1.442
    -1.167
    -0.849
    -2.227
    -1.002
    -0.649
    -1.266
    -1.939
    -2.511
    -5.240
    -6.929
    -7.478
    -8.187
    -7.989
    -8.475
    -8.129
    -6.796
    -7.563
    -7.595
    -7.140
    -7.589
    -6.742
    -6.614
    -6.446
    -5.599
    -7.755
    -9.744
   -12.561
   -15.962
   -16.114
   -15.371
   -14.684
   -12.741
   -11.337
   -11.856
   -11.724
   -11.700
   -12.681
   -14.400
   -15.920
   -16.974
   -19.276
   -20.541
   -20.749
   -20.403
   -20.122
   -19.426
   -18.428
   -18.160
   -16.425
   -16.086
   -16.490
   -17.063
   -20.132
   -19.239
   -20.175
   -22.360
   -24.296
   -25.623
   -29.444
   -30.360
   -29.520
   -27.548
   -27.162
   -28.282
   -27.475
   -25.888
   -24.949
    -6.763
    51.745
    78.687
    57.797
    47.960
    45.812
    45.143
    43.198
    40.632
    47.320
    48.198
    47.268
    41.262
    39.838
    33.874
    30.900
    30.279
    31.742
    32.850
    29.641
    26.993
    16.569
    10.458
    12.957
    16.529
    24.265
    23.033
    19.602
    15.068
    15.160
    16.038
    12.175
     7.374
     1.409
     0.217
     1.534
    -2.303
    -8.808
   -12.029
   -17.196
   -16.996
   -17.262
   -11.428
    -7.673
    -5.533
    -4.046
    -3.304
    -6.787
    -6.078
    -3.622
     0.695
    -1.522
    -5.317
   -10.450
    -9.588
    -8.546
    -3.966
    -4.583
     3.789
     0.077
    -1.767
    -4.969
    -8.419
    -6.895
    -6.472
    -6.457
    -6.741
    -2.484
     4.776
     3.372
    -1.034
    -2.303
    -5.079
    -8.521
    -8.160
    -6.786
    -4.651
    -8.073
   -13.352
    -9.009
    -3.243
    -2.727
    -4.385
    -1.747
    -0.916
    -1.018
    -1.655
    -0.276
    -2.630
    -6.312
    -4.035
    -3.843
    -3.828
    -2.268
    -4.260
    -4.363
    -7.683
   -11.905
   -15.149
   -18.715
   -15.712
    -8.033
    -4.726
    -8.000
    -7.274
    -7.493
   -13.686
   -16.780
   -18.457
   -21.842
   -22.644
   -23.016
   -24.569
   -25.904
   -24.308
   -21.633
   -21.979
   -20.286
   -20.017
   -18.240
   -14.228
    -8.842
    -8.184
    -0.231
    11.513
    13.568
    11.685
    18.871
    30.776
    26.480
    27.639
    37.962
    42.807
    37.874
    37.281
    45.712
    53.860
    34.162
    21.929
    17.642
    22.912
    17.596
     7.454
     7.042
     9.112
     3.637
     1.984
     4.491
     5.672
     3.853
     3.111
    -0.571
    -3.902
    -0.276
     5.830
     1.481
     0.845
     2.673
    -1.111
    -3.797
    -2.572
    -3.429
    -2.460
    -1.567
    -2.659
    -2.728
     3.889
     5.963
    18.304
    14.769
   -10.305
   -21.937
   -15.414
   -11.748
    -5.072
   -10.142
   -14.349
   -11.640
   -11.533
    -6.874
    -2.187
    -0.689
   -13.910
   -18.817
   -12.511
   -10.550
   -16.916
   -11.089
    -9.991
    -7.873
    -7.110
    -7.758
    -5.615
    -8.958
    -5.007
    -7.983
    -6.460
    -4.418
    -0.506
     1.677
     6.764
     5.323
     6.322
     6.604
     7.792
     7.081
     1.489
     0.799
     7.471
     7.687
     6.293
     7.331
     2.318
     0.666
    -0.818
    -1.711
     0.763
    -1.237
    -3.119
    -2.309
    -6.719
    -5.081
    -7.973
    -7.187
    -6.086
     0.389
    -1.215
    -2.834
    -3.313
    -3.057
    -2.948
     3.351
     1.642
     0.400
     3.292
     7.342
     5.872
     8.593
     9.398
     5.118
     4.978
     4.557
     9.339
     6.575
     8.821
     9.076
     8.925
     9.228
     9.818
     9.820
     5.907
     7.227
     7.826
    10.660
     6.961
     6.742
    13.762
    13.161
     5.876
     4.245
     0.818
     4.300
     3.934
     1.872
     0.761
    -1.581
     4.760
    17.209
    10.110
    -0.952
    -6.859
    -8.916
    -1.348
     4.134
    -4.467
   -15.044
   -10.945
   -11.454
   -13.822
   -14.998
   -11.996
    -9.497
    -6.202
    -2.421
    -2.032
    -1.897
    -2.734
    -2.770
     0.806
    -2.089
    -5.098
    -6.346
    -2.767
    -5.918
   -10.521
   -10.635
   -11.186
   -12.150
   -12.576
    -6.714
   -11.764
   -13.115
   -10.801
    -2.904
    -5.579
    -7.236
   -12.735
   -14.479
   -11.045
    -9.923
    -8.531
    -4.884
    -0.202
    -6.789
    -6.701
    -4.205
    -6.327
    -5.007
    -2.197
     0.653
     2.832
     3.660
     6.877
     9.527
    10.985
    13.709
    12.969
    13.121
     9.923
     7.088
    15.197
    13.112
    12.838
     5.011
    -0.183
     1.901
     0.516
     4.323
     5.725
     7.436
     4.609
     1.207
     2.104
     6.756
     7.409
     3.625
     1.897
     3.879
    11.164
    13.564
     6.822
     3.672
     5.171
     2.436
    -2.730
    -2.386
    -5.696
    -3.255
    -0.906
     0.062
    -5.421
    -3.434
     0.120
     4.678
     6.214
    -6.266
    -5.411
     5.268
    11.178
     8.333
    -4.071
    -1.200
     5.424
    -5.325
    -2.085
    -0.784
    -8.826
    -7.365
    -2.822
    -4.082
     0.580
     2.829
    -0.370
     1.943
     3.933
     7.478
     3.867
     1.886
    -2.040
    -3.687
    -3.315
    -2.987
    -2.356
    -4.388
    -5.347
    -3.443
     0.093
     0.364
    -0.879
     0.515
     4.236
    -1.258
    -3.917
     0.699
     2.606
     2.683
    -1.100
     1.480
    -1.632
    -1.604
    -2.613
    -3.633
     0.900
     6.241
     5.941
    -0.720
    -1.281
     2.431
    -0.751
    -2.143
     1.948
     2.921
     5.427
     4.340
     1.724
    -0.294
     1.508
     4.122
     0.641
    -0.018
    -1.177
    -2.138
    -0.853
     1.743
     2.842
    -1.526
    -2.124
     0.363
     0.296
     0.730
     1.822
    -4.198
    -3.411
     3.706
     3.647
     2.555
     0.954
    -5.512
    -9.178
    -3.118
     4.788
    -1.344
    -8.329
   -10.293
    -4.899
    -1.401
    -2.143
    -3.446
    -4.634
    -4.993
    -4.223
    -2.709
    -3.907
    -3.884
    -3.271
    -3.086
    -2.236
     2.087
     0.339
    -5.526
    -4.761
    -4.029
    -3.022
    -3.088
    -3.713
    -2.251
    -1.304
    -0.592
    -0.640
     1.151
     0.617
     4.039
     1.465
     1.290
     2.216
     1.823
     0.440
    -0.147
     0.677
    -0.016
     1.196
     1.175
     2.455
     2.210
     4.685
     5.424
     7.171
     6.072
     5.801
     6.015
     6.442
     6.668
     5.674
     4.629
     2.286
     1.658
     1.082
     0.740
    -1.616
     1.298
     0.734
    -2.212
    -3.090
    -3.284
    -1.559
    -1.031
    -3.279
    -6.404
    -7.048
    -6.557
    -4.880
    -5.521
    -5.763
    -7.254
    -5.148
    -4.906
    -3.901
    -5.069
    -5.100
    -5.629
    -4.806
    -4.548
    -6.431
    -8.144
    -5.852
    -4.820
    -2.198
    -2.453
    -4.099
    -2.125
    -0.987
     0.142
     1.032
     1.190
     2.261
     3.880
     4.867
     5.768
     5.907
     6.018
    10.074
     8.650
     9.139
     6.803
     6.425
     4.437
     4.709
     1.451
     1.484
     0.836
     1.871
    -0.303
     2.941
     1.513
     3.543
     2.212
     6.470
     6.954
     8.005
     8.067
     7.819
     9.465
     9.350
     8.524
     8.274
     9.528
     7.142
     9.397
     8.239
     8.021
    12.976
    16.536
    18.687
    14.783
    14.340
    15.273
     3.941
     0.537
    -1.506
    -3.189
    -5.878
    -6.693
   -10.103
    -9.825
    -9.313
    -8.643
    -8.710
    -8.696
    -7.519
    -6.597
    -6.978
    -6.501
    -2.715
    -2.399
    -2.970
    -1.373
     1.465
     2.585
     7.182
     4.681
     3.467
     3.114
     3.088
     4.467
     4.423
     2.993
     1.567
    -1.406
    -3.240
    -1.076
    -2.588
    -2.301
    -2.699
    -5.613
    -6.763
    -8.648
    -7.696
    -8.018
    -7.853
    -7.302
    -5.799
    -6.548
    -4.036
    -4.571
    -2.575
    -5.735
    -7.436
    -9.296
    -9.871
   -10.729
   -12.646
   -15.375
   -16.489
   -20.160
   -20.113
   -19.641
   -20.290
   -19.967
   -18.408
   -17.559
   -16.506
   -16.807
   -16.718
   -14.665
   -14.947
   -13.571
   -13.596
   -12.368
   -11.685
   -13.224
   -11.253
   -12.177
   -11.714
    -9.338
    -7.880
    -4.656
    -2.639
     1.481
     3.291
     5.166
     5.947
     8.156
     6.632
     6.547
     4.457
     4.702
     6.545
    12.652
    19.362
    19.873
    18.874
    20.569
    26.473
    28.429
    29.555
    29.580
    30.071
    29.648
    28.399
    27.312
    22.665
    18.895
    14.954
    13.143
    10.767
    10.354
     9.219
     7.211
     8.500
    10.843
    13.767
    14.079
    15.742
    12.994
     9.739
    10.457
    10.195
     9.790
    10.592
    11.287
    13.629
    15.502
    15.903
    14.005
    10.503
    10.224
     6.406
     4.204
     4.970
     4.062
     4.623
     7.430
     4.579
     3.719
     1.570
     0.304
     0.517
     0.338
    -0.280
    -2.121
    -3.015
    -3.551
    -5.259
    -4.440
    -2.626
    -5.213
    -9.104
   -12.694
   -13.960
   -16.465
   -19.024
   -22.395
   -21.967
   -21.067
   -21.067
   -25.710
   -28.238
   -25.850
   -24.642
   -21.221
   -21.788
   -22.419
   -22.729
   -21.614
   -19.070
   -17.372
   -15.061
   -12.319
   -13.371
   -12.430
   -11.084
   -11.227
   -11.154
   -12.288
   -11.369
   -13.490
   -15.482
   -10.985
    -9.968
    -4.925
    -4.458
    -0.986
     4.813
     3.142
     0.828
    -0.375
    -0.984
    -4.936
    -3.536
    -0.099
     3.897
     8.070
    12.402
    10.381
     9.713
     9.666
     8.709
     6.031
     7.791
    11.191
    10.352
    11.865
    12.161
    10.228
    12.075
    17.323
    12.573
     8.486
     3.403
     4.859
     9.255
     7.302
     4.168
     5.102
     6.121
     8.672
     9.582
     4.032
    -1.930
    -3.301
    -8.248
   -10.126
    -9.382
    -6.305
    -6.215
    -3.226
    -0.931
    -3.722
    -1.730
    -1.405
    -1.952
    -1.849
    -4.705
    -3.929
     1.760
    -2.715
     1.329
     1.120
     3.200
     6.179
     5.106
     5.392
     3.090
     0.333
     1.454
     1.827
     0.938
     3.547
     6.418
     8.556
     5.414
     8.131
    10.416
    13.003
    14.460
    15.842
    14.167
    11.059
    13.864
    13.532
     7.806
     6.816
     5.002
     3.256
     2.975
     0.517
     1.909
     2.060
     5.080
     2.807
     0.540
    -0.692
     0.035
    -0.392
     0.068
     2.764
     4.761
     7.075
     5.586
     4.215
     4.224
     3.781
     0.197
    -0.453
    -6.808
    -8.830
   -15.930
   -19.015
    -3.879
    -2.109
    -0.636
     0.174
    -0.141
    -3.584
    -3.979
    -5.277
    -8.061
    -8.479
    -5.906
    -0.088
     3.736
     9.073
    12.934
    11.057
     6.811
    -5.066
   -11.778
   -12.544
   -15.002
   -15.778
   -10.004
    -0.252
     1.182
     1.730
    -0.314
    -0.857
    -3.655
    -2.787
    -3.828
    -4.982
    -7.297
    -8.007
    -7.740
    -6.375
    -6.540
    -6.546
    -6.025
    -6.439
    -7.255
    -8.505
    -7.562
    -7.096
    -6.058
    -5.403
    -5.811
    -5.881
    -7.394
    -6.788
    -8.173
    -8.796
    -8.941
    -8.624
    -1.741
     3.412
     2.983
     6.746
     5.640
     7.534
     7.892
     6.833
     5.454
     2.955
     0.548
    -0.358
    -1.684
    -1.510
    -1.469
    -3.322
    -2.315
    -1.714
    -0.894
     0.899
     0.164
     0.004
     1.080
     1.571
     2.678
     2.673
     0.042
     0.218
     1.060
     1.105
     1.968
     1.298
     1.467
     1.056
     1.896
     1.691
     2.193
    -0.800
    -1.849
    -0.352
     0.957
     1.036
     0.249
    -0.331
     1.293
     2.088
     2.333
     1.970
     1.399
     2.318
     3.464
     4.364
     3.482
     2.090
     1.601
     2.942
     5.300
     4.495
     4.497
     4.520
     4.874
     5.961
     4.667
     3.523
     3.557
     2.228
     1.673
     2.222
     1.390
     2.252
     1.687
     1.733
     0.910
     0.737
     1.997
     1.591
     1.113
     3.208
     3.711
     5.703
     8.062
    10.570
    10.974
    10.224
     7.891
     9.981
     9.084
     8.711
     7.539
    10.635
     9.742
     8.536
     6.167
     6.984
     6.690
     6.821
     5.789
     4.083
     0.646
    -4.404
    -5.316
    -5.360
    -4.682
    -5.341
    -5.967
    -6.712
    -7.426
    -5.486
    -6.597
    -7.171
    -8.137
    -7.332
    -7.255
    -8.420
    -7.753
    -8.483
    -7.213
    -7.074
    -6.959
    -5.594
    -4.650
    -3.349
    -3.643
    -3.060
    -2.590
    -3.400
    -3.746
    -3.546
    -3.369
    -3.782
    -4.445
    -5.034
    -3.000
    -3.000
    -3.145
    -2.293
    -2.473
    -2.450
    -1.876
    -3.033
    -2.920
    -3.556
    -3.729
    -4.179
    -4.152
    -4.174
    -4.355
    -5.016
    -4.074
    -3.216
    -3.469
    -2.336
    -1.808
    -1.998
    -2.576
    -2.720
    -2.378
    -2.890
    -2.543
    -2.503
    -2.590
    -2.007
    -1.983
    -1.040
    -1.775
    -0.969
    -0.388
     0.125
     0.533
     2.307
     2.547
     2.484
     3.085
     2.828
     3.412
     2.323
     2.165
     3.112
     2.869
     3.178
     4.058
     4.422
     4.122
     3.452
     4.107
     4.085
     3.661
     2.490
     1.495
     0.865
     0.291
     2.406
     0.076
     0.674
     1.094
     0.957
     1.360
     1.331
     0.182
     1.264
     1.287
     1.986
     1.578
     1.360
     0.794
     1.926
     1.428
     1.594
     1.070
     1.016
     0.241
    -0.279
     0.088
     0.036
     1.920
     1.400
     2.326
     2.026
     2.871
     4.048
     4.933
     4.229
     3.224
     2.162
     2.010
     2.085
     1.911
     2.263
     1.558
     0.014
    -0.541
    -1.092
    -2.442
    -1.872
    -2.968
    -2.680
    -2.104
    -2.089
     0.724
     0.868
     1.641
     1.601
     1.538
     2.277
     1.967
     1.934
     2.448
     2.236
     2.016
     1.111
     1.437
     2.438
     2.485
     2.912
     2.682
     3.271
     1.710
     3.740
     2.429
     2.315
     1.723
     0.788
     1.452
     0.597
     1.276
     0.861
     0.960
     1.849
     1.624
     0.650
     0.953
     0.848
     1.180
     0.952
    -0.389
    -0.496
    -0.652
    -1.449
    -1.858
    -1.710
    -1.486
    -0.977
    -0.897
    -2.350
    -2.647
    -1.776
    -2.103
    -2.304
    -2.922
    -1.939
    -2.218
    -1.412
    -2.158
    -3.042
    -2.689
    -1.637
    -2.252
    -1.756
    -3.502
    -1.886
    -2.508
    -2.592
    -2.758
    -2.246
    -2.893
    -2.148
    -2.733
    -2.406
    -1.996
    -1.839
    -2.080
    -1.803
    -2.064
    -2.390
    -2.071
    -1.865
    -2.535
    -2.961
    -2.805
    -3.074
    -2.941
    -3.066
    -3.185
    -3.815
    -4.205
    -3.170
    -3.848
    -4.954
    -4.648
    -5.194
    -3.905
    -5.015
    -5.782
    -4.975
    -5.481
    -5.586
    -6.087
    -5.480
    -5.112
    -5.408
    -5.975
    -6.186
    -6.239
    -6.511
    -5.472
    -5.897
    -4.490
    -2.800
    -2.701
    -0.627
     0.694
     0.905
     3.755
     5.384
     7.980
     9.830
    10.867
    11.626
    12.034
    13.842
    13.283
    11.262
    10.074
     8.764
     8.290
     6.542
     6.386
     5.785
     4.577
     4.487
     5.850
     6.194
     5.428
     6.392
     5.192
     5.051
     4.981
     4.719
     5.066
     4.776
     6.095
     4.572
     4.258
     3.442
     3.212
     3.194
     2.404
     2.342
     1.863
     2.524
     1.537
     0.523
     0.233
    -0.877
    -1.763
    -1.936
    -0.824
    -0.915
     0.298
     0.789
    -0.620
     0.025
     0.693
     0.619
     2.571
     1.172
     0.132
    -0.166
     0.346
    -0.091
    -2.316
    -2.833
    -2.029
    -0.949
     1.393
     1.823
    -1.491
    -5.237
    -6.146
    -4.774
    -4.426
    -3.118
    -1.636
    -0.845
    -1.981
    -2.919
    -2.470
    -4.198
    -4.642
    -4.659
    -3.622
    -2.810
    -3.162
    -3.379
    -3.891
    -3.358
    -3.761
    -3.751
    -3.869
    -3.669
    -2.237
    -1.153
    -1.013
    -1.096
    -0.797
    -1.011
    -1.516
    -0.573
    -1.165
    -1.212
    -1.261
    -2.720
    -1.504
    -0.592
    -0.261
     0.187
     0.164
    -0.226
    -0.185
    -2.077
    -2.541
    -2.479
    -2.426
    -1.428
    -0.879
    -1.074
    -1.547
    -1.386
    -1.886
    -1.013
    -1.179
    -0.334
     1.178
    -0.114
     0.885
     0.999
    -0.456
    -0.538
    -0.551
    -0.453
    -0.758
     0.221
    -0.687
    -0.453
    -0.239
     0.009
     0.329
     0.409
     0.611
     0.932
     2.543
     1.397
     1.961
     2.322
     2.819
     0.597
    -3.131
    -1.900
    -2.348
    -0.674
     1.015
     1.404
     1.696
     2.865
     2.216
     1.957
     2.093
     2.711
     3.779
     1.037
    -0.236
    -0.240
    -0.270
     0.722
     0.745
    -0.170
    -0.070
     0.597
     1.583
     2.114
     2.039
     3.148
     3.472
     3.935
     1.805
     1.527
     1.511
     1.553
     3.342
     3.384
     1.802
     2.110
     1.799
     1.538
     1.365
     1.144
     1.201
     0.526
     0.241
     0.663
     0.509
     1.219
     0.826
    -0.280
    -0.184
    -0.715
    -0.469
    -0.955
    -0.859
    -0.818
    -1.218
    -0.521
    -0.226
     0.353
    -0.599
    -0.926
    -0.852
    -1.453
    -1.083
    -2.371
    -2.204
    -2.284
    -1.320
    -0.246
     0.149
     0.818
     1.851
     0.722
     0.656
    -0.370
     0.117
     0.955
     1.974
     1.843
     0.861
     1.139
     0.466
    -0.062
     0.297
    -0.254
     0.571
     1.214
     2.360
     0.874
     1.358
     0.508
    -1.100
    -0.558
    -2.282
    -2.305
    -1.128
    -1.565
    -0.536
    -0.277
    -0.757
    -0.536
    -1.257
    -1.081
    -1.423
    -1.254
    -1.599
    -2.066
    -1.413
    -0.640
    -1.169
    -0.678
    -0.368
    -0.952
    -2.326
    -1.672
    -1.519
    -0.882
    -1.927
    -2.330
    -2.076
    -0.716
    -1.671
    -2.134
    -1.728
    -1.307
    -1.711
    -2.293
    -1.986
    -2.126
    -2.609
    -1.675
    -1.321
    -1.199
    -1.495
    -1.300
    -1.063
    -2.318
    -1.696
    -1.206
    -0.772
    -0.815
    -0.117
     0.491
     1.314
     1.508
     1.656
     0.763
     1.566
     3.116
     2.147
     2.856
     2.411
     1.837
     1.984
     2.947
     2.628
     2.775
     2.620
     1.805
     1.842
     0.982
     1.145
     1.460
     1.515
    -0.147
     1.259
     2.023
     2.655
     2.558
     2.058
     3.722
     2.696
     3.109
     3.251
     3.151
     2.866
     3.638
     3.062
     3.721
     3.283
     3.272
     3.569
     3.628
     3.501
     3.559
     3.311
     2.034
     2.798
     2.610
     1.959
     0.971
     0.145
    -0.998
    -1.000
    -1.524
    -0.517
    -2.560
    -3.626
    -3.056
    -2.562
    -1.694
    -3.789
    -2.095
    -1.561
    -1.901
    -1.803
    -1.622
    -3.481
    -3.834
    -4.892
    -6.676
    -6.873
    -6.820
    -7.642
    -7.216
    -6.047
    -7.349
    -6.010
    -8.704
    -5.249
    -3.373
    -7.105
    -4.808
    -2.889
    -0.798
    -0.923
    -0.907
    -1.931
    -0.989
    -1.081
    -2.122
    -2.732
    -2.563
    -3.402
    -3.728
    -1.341
    -2.718
    -1.166
    -3.098
    -2.461
    -2.670
    -0.107
    -2.089
    -1.918
     0.813
     1.083
     0.043
    -0.555
    -0.568
     0.509
     1.432
    -0.278
    -1.085
    -3.431
    -1.743
    -4.945
    -4.540
    -3.714
    -1.428
     2.181
     3.355
     1.941
     3.215
     3.832
     5.345
     8.886
     6.873
     8.306
     7.249
     7.971
     8.646
    10.967
    12.852
    13.449
    13.297
    12.683
    12.497
    11.467
    12.891
    15.978
    16.369
    11.109
     5.843
     6.923
     6.390
    18.337
     5.975
     5.039
    11.871
     9.489
     7.665
     6.356
     3.373
     1.526
     0.642
    -4.524
    -5.963
    -4.994
    -1.490
    -0.601
    -2.518
    -4.591
    -3.732
    -3.195
    -1.515
    -2.982
    -3.958
    -3.148
    -1.686
    -1.690
    -1.434
    -3.352
    -2.356
    -3.940
    -4.013
    -4.874
    -6.140
    -5.677
    -6.053
    -5.284
    -6.008
    -8.093
    -8.724
    -6.266
    -8.969
    -7.254
    -5.405
    -4.727
    -6.737
    -7.776
    -8.470
    -7.628
    -7.956
    -7.920
    -7.053
    -7.297
    -7.793
    -8.117
    -8.013
    -6.731
    -8.068
    -7.776
    -8.100
    -8.655
    -8.176
    -7.647
    -7.654
    -6.350
    -5.860
    -5.953
    -5.110
    -5.208
    -4.917
    -4.223
    -3.785
    -3.485
    -3.110
    -3.093
    -2.547
    -2.478
    -2.443
    -1.973
    -1.450
    -0.860
    -0.484
    -0.779
    -0.021
     0.391
     0.861
     1.004
     1.376
     1.782
     2.134
     2.416
     2.794
     3.087
     3.440
     3.710
     4.052
     4.318
     4.657
     4.908
     5.235
     5.473
