     3.701
     4.068
     4.451
     4.802
     5.171
     5.504
     5.860
     6.175
     6.511
     6.821
     7.135
     7.383
     7.656
     7.913
     8.165
     8.345
     8.503
     8.599
     8.764
     8.897
     9.010
     8.955
     9.001
     8.997
     9.122
     9.049
     9.150
     9.080
     8.834
     8.971
     8.839
     8.570
     8.379
     7.900
     7.816
     7.449
     7.026
     6.844
     6.333
     5.907
     5.698
     5.182
     4.450
     4.155
     3.315
     2.739
     2.461
     1.833
     1.033
     0.697
     0.012
    -0.622
    -1.396
    -2.034
    -2.948
    -3.748
    -4.472
    -5.438
    -5.460
    -5.592
    -6.675
    -7.221
    -6.741
    -6.174
    -6.579
    -6.876
    -5.972
    -4.534
    -4.011
    -4.146
    -2.884
    -2.123
    -2.424
    -2.445
    -2.062
    -1.474
    -1.357
    -1.059
    -0.670
    -0.598
    -1.048
    -1.226
    -0.594
    -0.285
     2.130
     3.851
     3.142
     2.099
     0.022
    -0.677
    -2.052
    -4.228
    -5.956
    -7.056
    -9.001
   -11.319
   -12.696
   -11.542
   -10.464
    -8.807
    -7.509
    -5.060
    -4.491
    -3.942
    -4.106
    -5.360
    -5.266
    -4.644
    -3.299
    -2.449
    -2.828
    -3.858
    -4.342
    -5.355
    -3.901
    -3.030
    -4.338
    -5.114
    -4.996
    -4.812
    -3.641
    -4.149
    -5.154
    -4.641
    -4.082
    -4.503
    -2.862
    -2.423
    -1.310
    -1.200
    -1.017
    -1.415
    -1.105
     0.005
    -0.928
    -0.792
     0.512
     2.095
     1.656
     1.449
     2.189
     2.521
     3.303
     3.412
     4.137
     4.174
     3.140
     3.081
     2.464
     1.815
     1.395
     2.422
     3.596
     3.939
     3.041
     3.802
     2.574
     4.434
     7.305
     6.283
     4.397
     4.995
     7.024
     6.853
     7.649
     7.861
     8.699
     7.305
     8.373
     7.212
     6.063
     6.639
     4.948
     5.353
     4.238
     2.112
     1.680
     1.791
     0.614
     0.276
     0.298
    -0.730
    -2.193
    -0.741
    -0.347
     1.200
    -0.629
     0.637
     0.804
     3.326
     1.020
     0.827
    -2.155
    -2.611
    -4.309
    -3.345
    -2.363
     1.419
     3.735
     4.427
     5.051
     4.979
     4.033
     0.874
    -0.266
     0.991
     4.706
     6.010
     6.403
     8.266
     8.242
    10.995
    11.629
    11.740
    12.756
    15.102
    13.821
    12.674
    14.233
    14.317
    13.825
    14.453
    10.798
     6.739
     7.588
     5.882
     3.141
     0.850
    -0.687
    -2.069
    -4.409
    -3.257
    -5.586
    -3.602
    -6.037
    -5.426
    -5.462
    -8.178
   -10.976
   -12.191
   -14.042
   -14.021
   -15.756
   -15.736
   -16.552
   -16.711
   -15.964
   -17.276
   -16.867
   -18.459
   -13.972
   -15.351
   -12.526
   -11.518
   -17.216
   -19.665
   -19.016
   -17.207
   -16.095
   -17.655
   -17.367
   -14.368
   -14.511
   -13.907
   -12.084
   -10.827
   -10.944
    -8.750
    -7.803
    -5.930
    -4.951
    -4.903
    -5.557
    -5.538
    -3.281
    -1.702
    -2.172
    -1.518
    -1.813
    -0.548
     0.915
     1.607
     1.664
     2.021
     2.453
     3.425
     3.742
     4.624
     6.248
     7.489
     7.633
     7.840
     8.107
     7.345
     7.259
     7.575
     7.739
     8.539
     7.453
     7.952
     8.134
    10.074
    10.292
    11.555
    12.346
    12.924
    12.470
    12.654
    11.352
    10.565
     9.209
     8.557
     8.756
     7.564
     8.078
    10.336
     8.399
     7.575
     7.715
     8.293
     9.058
     7.772
     6.423
     6.150
     5.706
     5.686
     7.918
     9.464
     7.969
     7.047
     6.867
     6.081
     6.157
     4.948
     3.573
     3.658
     4.767
     6.872
     5.934
     4.809
     4.143
     3.655
     3.700
     4.460
     6.748
     7.572
     8.664
     4.360
     2.351
     4.006
     5.348
     6.286
     4.014
     3.706
     3.265
     2.245
     4.390
     3.366
    -0.554
    -1.657
    -2.565
    -2.711
    -4.061
    -4.646
    -1.297
    -1.995
    -4.553
    -7.397
    -9.536
    -9.463
   -10.270
    -9.450
   -11.623
   -10.652
   -10.055
   -12.332
   -12.245
   -12.896
   -13.302
   -13.852
   -15.014
   -14.302
   -13.038
   -13.286
   -12.751
   -12.760
   -13.001
   -12.977
   -13.580
   -12.301
   -11.067
   -10.149
    -9.057
    -9.320
    -9.045
    -7.804
    -7.576
    -7.236
    -5.968
    -6.089
    -5.169
    -3.983
    -4.090
    -4.821
    -5.597
    -4.919
    -3.702
    -1.784
    -0.940
     0.204
    -1.318
    -2.109
    -1.914
     1.142
     1.777
    -0.513
    -0.350
     1.533
    -1.093
    -1.743
    -3.836
    -2.006
    -1.979
    -2.988
    -1.518
    -0.045
     2.778
     6.330
     7.996
     6.820
     5.092
     2.658
     1.412
     1.315
     2.526
     3.745
     5.532
     4.588
     1.290
     0.035
     0.775
     0.949
    -1.459
    -1.069
    -2.818
    -2.038
     0.437
     2.543
     4.257
     7.172
     8.489
     8.617
     7.864
     5.858
     7.084
     9.683
    13.007
    16.964
    19.246
    18.710
    17.233
    17.511
    21.997
    21.818
    19.991
    18.879
    19.053
    17.140
    13.513
    14.819
    14.397
    12.484
    11.819
    10.633
    10.366
    11.191
    10.150
     6.632
     6.448
     4.329
     2.198
     1.516
    -0.046
    -1.566
    -1.349
    -2.065
    -5.426
    -6.699
    -8.543
   -10.900
   -10.062
   -11.256
   -11.291
    -8.879
    -7.019
    -7.184
    -7.706
    -8.298
   -10.157
    -8.914
    -9.153
    -9.432
    -8.083
    -7.011
    -7.130
    -7.859
    -8.781
    -9.650
    -9.418
    -9.559
   -11.112
   -10.412
   -13.537
   -14.254
   -10.211
    -8.931
    -7.617
    -7.522
    -7.561
    -7.171
    -6.761
    -5.800
    -6.247
    -7.505
    -7.639
    -5.927
    -5.497
    -5.927
    -6.065
    -7.013
    -7.191
    -6.840
    -4.693
    -2.995
    -1.697
    -2.530
    -3.040
    -4.358
    -5.621
    -6.863
    -4.201
    -2.555
    -1.884
    -2.594
    -1.539
    -0.567
    -0.490
    -0.006
     0.024
     0.250
     1.730
     2.298
     4.012
     6.463
     5.668
     4.407
     3.389
     3.559
     3.958
     5.576
     8.015
     9.163
     8.457
     8.008
     9.044
     9.276
    10.490
    11.206
    11.474
    11.411
    10.561
    10.098
     8.744
     8.335
     8.626
     8.817
     6.728
     7.519
     6.620
     6.736
     7.006
     7.106
     8.391
     8.450
     7.504
     5.676
     3.533
     1.954
     0.678
    -0.313
    -0.466
    -2.687
    -3.062
    -2.826
    -2.845
    -2.956
    -3.320
    -3.802
    -2.076
    -0.625
     1.109
     1.241
     1.478
     0.212
     1.399
     0.757
     1.161
     1.101
     0.826
     0.481
     0.264
     0.715
     0.991
     0.920
    -0.508
     0.559
    -1.295
    -2.570
    -2.579
    -2.366
    -3.065
    -3.496
    -5.238
    -5.992
    -6.643
    -5.204
    -6.700
    -7.637
    -8.581
    -7.758
    -7.965
    -8.705
    -7.757
    -8.140
    -9.044
    -8.155
    -8.533
    -6.894
    -6.292
    -6.696
    -4.974
    -7.011
    -6.233
    -5.801
    -5.526
    -4.067
    -3.613
    -2.720
    -3.606
    -3.517
    -2.621
    -1.903
    -1.629
    -1.177
    -1.479
    -1.442
    -0.290
     0.201
    -0.918
     0.315
     0.421
     0.668
     0.421
     0.933
    -0.208
    -0.489
    -0.300
    -0.519
     0.434
     0.973
    -0.221
     1.911
     0.802
     3.133
     4.983
     4.159
     6.353
     7.328
     9.285
     8.675
     9.911
     8.819
     8.117
     8.195
     8.177
     8.942
     7.835
     8.488
     9.179
     8.795
     7.409
     7.230
     6.145
     4.366
     2.550
     3.364
     3.656
     4.637
     4.184
     3.563
     2.846
     4.415
     4.455
     4.696
     6.501
     6.547
     5.587
     6.195
     5.077
     6.298
     7.389
     7.662
     6.772
     7.035
     6.662
     5.310
     4.006
     3.142
     3.139
     3.177
     2.294
     2.043
     0.081
    -1.312
    -2.001
    -3.165
    -4.300
    -6.656
    -6.924
    -8.063
    -7.487
    -7.618
    -8.262
    -9.380
   -10.447
    -9.921
   -10.448
   -10.834
   -10.935
   -10.827
   -10.803
   -11.763
   -11.610
   -12.309
   -11.243
   -11.239
   -10.653
   -11.325
    -7.820
    -7.656
    -6.331
    -4.603
    -3.535
    -4.569
    -4.951
    -4.895
    -3.622
    -2.608
    -3.480
    -3.521
    -3.138
    -3.385
    -5.478
    -7.482
    -8.430
    -7.500
    -6.607
    -5.845
    -5.014
    -4.488
    -4.520
    -3.339
    -2.401
    -1.317
    -0.894
     1.264
     2.055
     2.381
     2.347
     3.491
     4.470
     4.292
     7.330
     5.748
     6.722
     6.571
     6.727
     7.145
     5.222
     4.658
     6.142
     7.643
     8.012
     8.530
     9.387
     8.261
     7.473
     7.625
     6.326
     5.126
     5.206
     5.004
     4.517
     5.187
     5.929
     4.067
     0.920
    -0.584
    -1.702
    -0.374
    -0.774
    -1.363
    -3.710
    -2.638
    -0.488
     1.737
     2.148
     2.163
     1.478
     1.833
     2.043
     1.278
     1.440
     1.879
     1.167
     0.916
     0.588
     0.566
     1.760
     0.706
     1.424
     1.544
     1.981
     1.116
     0.631
     0.242
    -0.529
    -2.253
     1.524
     2.570
     2.479
     2.778
     1.216
     3.377
     5.200
     5.108
     5.577
     5.322
     6.794
     8.344
     8.176
     6.724
     6.159
     7.338
     5.756
     4.714
     4.563
     3.145
     3.242
     4.263
     4.186
     3.508
     4.488
     4.703
     4.138
     4.153
     4.195
     4.687
     4.523
     1.306
     0.757
    -0.240
    -1.491
    -2.268
    -2.322
    -1.541
    -2.595
    -2.014
    -3.628
    -3.614
    -4.128
    -5.659
    -7.111
    -6.101
    -5.983
    -7.562
    -7.436
    -7.630
    -6.830
    -6.608
    -6.749
    -5.643
    -6.671
    -8.076
    -7.718
    -7.895
    -7.825
    -7.307
    -8.287
    -9.612
    -9.905
   -10.470
   -11.350
   -11.200
   -11.343
   -10.886
   -12.003
   -10.656
   -10.613
   -12.156
   -11.290
   -11.459
   -11.283
    -8.627
    -5.732
    -4.112
    -4.767
    -4.400
    -6.290
    -6.133
    -6.234
    -5.579
    -8.162
    -9.505
   -10.197
   -10.702
   -10.830
   -11.340
   -11.927
   -11.264
   -10.094
   -10.496
    -8.556
    -6.225
    -2.859
    -0.298
     2.186
     1.292
     3.656
     5.606
     5.786
     6.857
     7.600
     9.536
    10.446
    11.445
    14.299
    16.809
    18.316
    18.828
    18.928
    18.117
    18.106
    18.526
    19.004
    18.228
    16.649
    15.213
    14.209
    14.968
    16.500
    17.652
    17.070
    14.912
    13.063
    14.144
    15.449
    15.835
    15.729
    16.752
    15.665
    14.359
    12.559
    11.414
     9.045
     7.064
     5.699
     3.592
     2.915
     4.093
     2.039
     0.507
     0.148
    -0.593
    -1.074
    -1.832
    -3.667
    -2.613
    -5.082
    -2.728
    -1.221
     0.704
     1.067
     0.370
    -0.823
    -2.513
    -3.533
    -4.606
    -4.063
    -3.899
    -1.657
    -0.922
    -1.744
    -2.036
    -2.381
    -2.405
    -2.287
    -2.232
    -3.644
    -3.955
    -6.270
    -7.801
    -7.128
    -8.585
   -10.125
    -7.279
    -6.926
    -6.462
    -6.644
    -6.428
    -6.502
    -7.409
    -6.363
    -4.913
    -5.982
    -6.444
    -7.686
    -8.079
   -11.726
   -15.024
   -14.603
   -13.157
   -10.716
    -9.135
    -7.675
    -7.439
    -7.861
    -8.139
    -8.365
    -9.426
   -10.578
   -13.906
   -15.673
   -16.620
   -15.603
   -15.048
   -14.016
   -14.466
   -12.839
   -12.101
   -10.876
    -9.269
    -8.864
   -10.649
   -14.449
   -13.926
   -13.922
   -14.099
   -15.167
   -18.607
   -20.828
   -20.955
   -19.753
   -17.690
   -19.113
   -20.239
   -19.827
   -17.541
   -14.923
   -12.598
    50.869
    58.904
    44.246
    42.646
    42.932
    41.139
    42.129
    38.537
    42.577
    42.743
    41.036
    37.055
    36.630
    30.797
    28.631
    26.792
    27.350
    31.464
    25.489
    20.888
    10.316
     4.492
    10.205
    10.052
    13.379
    10.308
     5.263
     1.297
     1.474
     0.737
    -3.496
    -7.836
   -13.421
   -15.345
   -12.384
   -15.217
   -20.780
   -22.648
   -26.332
   -24.514
   -28.169
   -20.105
   -18.628
   -14.576
   -13.019
   -11.543
   -13.996
   -13.190
    -8.407
    -4.771
    -5.681
    -9.071
   -10.023
    -8.960
    -5.870
    -0.407
     3.056
     8.187
    11.808
    12.742
     7.450
     5.209
     7.096
     7.464
     6.099
     5.715
     8.281
    13.872
     9.864
     6.595
     6.319
     3.608
     2.840
     1.447
     2.541
     3.945
     1.128
    -3.079
     0.456
     3.484
     2.973
     4.003
     6.087
     5.291
     4.190
     5.579
     5.930
     2.833
    -0.428
     1.782
     1.278
    -0.086
     0.998
     1.292
     1.347
    -0.052
    -3.194
    -6.012
   -10.006
    -9.187
    -2.782
    -0.956
    -3.217
    -3.796
    -5.294
   -10.281
   -15.232
   -15.487
   -19.596
   -20.029
   -22.087
   -22.672
   -24.460
   -24.398
   -23.967
   -27.274
   -28.213
   -27.997
   -26.177
   -26.586
   -23.828
   -23.029
   -17.409
    -7.816
   -10.049
   -13.602
    -6.477
     0.471
     3.101
     7.911
    14.403
     9.873
    16.269
    26.434
    38.932
    38.112
    22.877
    19.241
    21.578
    24.554
    21.253
    16.208
    15.595
    16.950
    15.134
    14.620
    12.240
    11.342
    12.037
     9.101
     8.212
     9.276
    10.488
     8.874
     9.786
     9.321
    13.486
     4.203
     1.102
     1.529
     2.790
     4.622
     4.425
     2.548
     4.855
     8.642
    11.240
    21.247
    23.475
     0.575
    -8.786
     0.891
     3.170
    -0.139
    -3.106
    -3.262
     0.645
    -1.684
    -4.161
    -4.511
    -3.872
   -23.657
   -23.765
   -12.324
   -12.601
   -15.410
   -13.813
   -10.464
   -12.303
   -13.105
   -11.439
   -13.616
   -14.134
   -10.090
    -7.518
    -8.567
    -8.021
    -3.005
    -5.693
     1.117
     0.923
    -0.176
     1.092
     1.990
    -0.099
    -1.360
    -0.737
     2.617
     1.970
    -1.629
    -0.661
     0.316
    -0.482
    -1.055
    -2.253
    -2.006
    -1.913
    -3.557
    -2.686
    -3.889
    -4.162
    -6.570
    -4.161
    -6.278
    -4.164
    -3.018
    -4.681
    -3.948
    -3.607
    -3.397
    -0.646
    -1.483
    -0.565
    -0.749
     0.441
     2.261
     3.121
     5.254
     3.229
     2.766
     3.716
     5.703
     4.252
     3.884
     4.239
     5.380
     5.244
     8.386
     6.652
     3.839
     4.255
     2.302
     5.166
     5.788
     4.236
     7.990
    11.970
    15.844
    14.594
     8.115
     8.686
     9.192
     9.091
     7.361
     4.812
     7.944
    15.090
    14.679
     8.145
     2.939
    -0.018
     1.595
     8.158
     4.587
    -1.915
    -4.295
    -3.264
    -5.039
    -5.005
    -3.417
    -0.821
    -0.007
     1.656
     2.393
     1.747
     1.548
    -0.381
     2.402
     2.070
    -0.543
    -1.556
    -2.087
    -2.821
    -6.865
    -6.727
    -7.307
    -8.709
   -10.405
    -7.442
    -9.320
   -12.601
   -11.245
    -5.414
    -9.453
   -11.151
   -13.679
   -14.522
   -10.644
   -12.226
    -8.308
   -10.018
    -7.035
   -12.727
   -10.742
   -10.174
    -6.818
    -9.491
    -8.280
    -4.191
    -5.140
     0.784
    -2.400
     1.943
     3.973
     4.667
     5.582
     5.102
     3.031
     0.476
     5.896
     2.854
     4.950
     0.873
    -4.967
    -2.752
    -3.788
     2.068
     3.427
     1.636
     0.584
    -2.024
     1.551
     4.746
     4.538
     5.206
     4.226
     3.539
    10.045
    11.191
     8.977
     9.418
     7.399
     6.197
     2.983
     1.498
     0.660
     3.122
     2.261
     2.579
    -1.540
    -0.998
     2.715
     5.687
     3.919
     1.119
    -1.573
     8.056
     7.904
     6.347
     1.695
     4.357
     3.835
    -0.533
     1.800
     1.425
    -0.141
    -0.661
     1.122
     1.507
     2.938
     2.879
     0.879
     1.967
     1.249
     4.041
     3.337
     1.199
    -2.461
    -2.598
    -3.276
    -2.429
    -2.916
    -4.155
    -5.678
    -6.166
    -1.337
    -2.540
    -1.815
    -1.319
    -0.382
    -2.295
    -4.215
    -1.990
    -2.210
    -0.614
    -2.761
     0.383
    -2.694
    -3.312
    -2.319
    -4.030
    -0.232
     1.876
     2.354
     1.918
     0.546
     0.766
    -0.096
    -1.039
     0.687
     0.017
     1.278
     2.084
     0.512
    -0.421
     0.760
     1.770
    -1.555
     1.079
    -0.263
     0.186
     0.608
     1.768
     3.428
     0.404
    -0.422
     3.180
     2.565
     0.439
     2.210
    -1.713
    -1.363
     3.036
     0.957
     1.748
     0.665
     0.297
    -3.334
     0.474
     2.040
     1.976
    -0.205
    -1.812
    -0.496
     1.453
     1.677
     1.658
     0.271
    -0.141
    -0.289
     0.053
     0.092
     0.362
    -1.160
    -1.252
    -1.000
     0.884
     0.000
    -2.201
    -0.471
    -2.786
    -1.640
    -2.347
    -1.939
    -1.867
    -1.064
     1.097
    -0.449
     1.168
     0.867
     1.464
     1.125
     0.752
    -0.225
    -0.744
    -1.533
    -1.975
    -1.062
    -1.340
    -0.610
    -1.343
    -2.759
    -1.879
    -0.938
     0.197
     2.172
     1.484
     1.147
     0.531
     0.664
     0.241
    -0.702
    -0.513
    -1.357
    -2.660
    -3.858
    -3.776
    -5.062
    -3.334
    -4.415
    -4.995
    -4.911
    -5.763
    -4.550
    -5.558
    -6.259
    -8.409
    -9.049
    -7.688
    -7.846
    -7.980
    -8.116
    -7.940
    -5.180
    -6.101
    -5.841
    -5.794
    -4.800
    -6.098
    -4.484
    -3.812
    -5.616
    -4.962
    -5.509
    -2.988
    -0.885
    -0.774
     0.024
     1.475
     2.358
     3.730
     5.580
     6.031
     6.449
     8.170
     9.429
    11.248
    11.836
    13.255
    14.643
    13.963
    12.930
    11.435
    10.541
     9.495
     7.467
     4.962
     3.494
     4.648
     2.462
     0.320
     1.962
     2.236
     3.998
     3.629
     5.566
     6.771
     7.719
     9.352
     8.858
    10.033
     9.095
     8.674
     6.921
     7.926
     7.998
     8.851
     8.322
     8.619
    11.753
    13.449
    16.958
    14.086
    12.631
    14.102
     4.729
    -0.148
    -2.094
    -6.479
    -8.666
    -8.647
   -11.872
   -12.516
   -10.527
   -10.835
   -10.569
   -11.451
   -10.913
    -9.746
    -8.013
    -7.666
    -5.766
    -5.003
    -4.050
    -2.754
     0.617
     1.430
     5.345
     5.412
     4.223
     4.244
     4.621
     5.880
     5.487
     4.074
     3.653
     1.054
    -1.611
     0.111
     0.023
    -0.744
    -1.781
    -2.896
    -4.404
    -5.218
    -6.327
    -7.331
    -6.799
    -6.530
    -6.691
    -5.686
    -4.065
    -3.489
    -2.082
    -4.553
    -6.181
    -7.364
    -7.233
    -7.814
    -9.636
   -12.785
   -14.346
   -16.666
   -18.237
   -19.103
   -19.437
   -20.222
   -18.396
   -16.832
   -18.218
   -18.460
   -17.176
   -17.613
   -17.410
   -16.941
   -15.745
   -16.351
   -15.549
   -15.742
   -14.863
   -15.123
   -14.562
   -11.639
    -9.076
    -6.727
    -3.680
    -0.229
     1.918
     4.019
     5.365
     6.522
     6.403
     4.534
     4.110
     3.743
     5.151
    11.334
    15.799
    18.608
    17.458
    19.080
    24.984
    26.346
    27.369
    27.338
    29.465
    29.310
    28.736
    27.337
    24.555
    20.920
    17.536
    14.664
    12.148
    11.502
     9.556
     8.390
     7.928
    13.688
    13.242
    15.958
    15.905
    12.542
    10.632
    11.191
     9.389
     9.730
    10.487
    11.756
    12.077
    14.080
    14.675
    12.745
    10.441
     8.788
     7.676
     5.575
     5.201
     4.381
     6.712
     6.213
     6.427
     2.994
     1.417
     0.196
     0.061
     0.992
     0.932
    -0.804
    -1.581
    -2.571
    -4.175
    -3.292
    -2.768
    -3.968
    -8.538
   -11.330
   -13.055
   -15.758
   -16.810
   -19.907
   -21.679
   -20.633
   -19.995
   -23.260
   -25.221
   -26.103
   -24.330
   -20.672
   -19.747
   -19.590
   -20.776
   -21.323
   -18.281
   -16.980
   -14.615
   -13.611
   -13.714
   -12.389
   -11.663
   -11.213
   -10.784
   -11.248
   -11.050
   -11.872
   -15.330
   -11.370
    -9.242
    -6.014
    -5.504
    -2.374
     1.548
     0.888
     1.251
     0.766
    -1.124
    -2.979
    -2.339
     1.466
     2.848
     7.661
    10.295
    11.183
    10.365
    10.782
     9.401
     6.084
    10.341
    12.711
    13.781
    13.432
    14.686
    12.715
    12.852
    17.881
    14.450
    10.430
     6.706
     6.464
     9.589
     7.829
     3.907
     5.212
     4.812
     6.640
     6.652
     2.913
    -3.350
    -4.276
    -8.347
   -13.185
   -12.526
   -10.700
   -11.113
    -8.288
    -6.059
    -7.809
    -6.045
    -5.618
    -5.689
    -5.573
    -8.813
    -9.544
    -3.783
    -8.126
    -3.734
    -2.759
    -1.282
     3.982
     2.295
     0.314
     1.175
     1.526
     1.247
     2.325
     3.114
     5.522
     9.865
    12.010
    11.121
    14.506
    16.068
    17.236
    18.959
    21.094
    18.148
    15.285
    16.732
    14.561
     9.002
     6.861
     4.355
     3.394
     2.594
     1.058
     2.409
     1.958
     4.864
     3.066
     2.952
     1.025
     0.841
     0.158
     0.690
     2.602
     4.113
     6.226
     6.193
     4.517
     4.416
     3.431
     1.338
     1.485
    -3.669
    -6.558
   -12.808
   -18.235
    -7.889
    -1.533
     0.060
     0.566
     0.401
    -2.972
    -5.513
    -5.911
    -6.765
    -7.823
    -7.111
    -1.973
     1.955
     6.526
    12.121
    10.304
     7.054
    -3.412
   -11.872
   -14.394
   -15.671
   -15.935
   -11.365
    -2.664
     1.564
     3.103
     0.944
    -0.202
    -2.744
    -4.236
    -4.532
    -6.360
    -8.208
    -6.974
    -7.406
    -6.642
    -5.452
    -5.918
    -6.076
    -6.907
    -7.245
    -8.090
    -6.372
    -5.973
    -6.080
    -6.685
    -6.319
    -6.091
    -7.320
    -7.058
    -6.705
    -7.889
    -8.555
    -8.743
    -4.658
     2.133
     3.612
     7.153
     6.929
     6.976
     6.815
     5.733
     4.692
     3.084
     0.652
    -1.568
    -1.895
    -1.683
    -1.992
    -2.540
    -0.533
    -0.328
    -0.258
     0.463
     0.307
    -0.145
     0.748
     0.776
     1.950
     1.612
     0.331
     0.116
     0.694
     0.793
     0.577
     0.599
     0.868
     0.830
     1.847
     1.790
     3.277
     1.463
    -0.624
    -0.556
     1.181
     1.801
     1.467
     0.279
     0.298
     1.659
     2.645
     1.716
     1.592
     2.419
     4.464
     4.421
     5.265
     3.756
     3.598
     3.908
     5.672
     5.705
     6.523
     4.649
     5.914
     5.930
     5.843
     4.999
     3.533
     2.852
     1.842
     2.943
     1.528
     2.056
     2.535
     1.294
    -0.402
     1.109
     1.348
     2.499
     2.136
     3.226
     3.977
     6.245
     6.677
     8.699
     9.371
     9.862
     9.863
     8.337
     7.737
     7.332
     5.605
     6.755
     7.102
     5.870
     5.772
     6.534
     6.046
     5.735
     3.390
     2.470
     0.969
    -4.295
    -6.634
    -8.537
    -8.992
    -9.136
    -9.643
    -9.439
    -9.689
    -6.694
    -7.575
    -7.668
    -8.095
    -9.220
    -8.560
    -7.072
    -6.937
    -8.251
    -6.732
    -6.390
    -6.163
    -4.704
    -2.000
    -2.242
    -2.465
    -2.206
    -1.852
    -2.376
    -1.102
    -2.863
    -2.644
    -2.962
    -3.250
    -3.018
    -2.197
    -3.610
    -2.240
    -2.607
    -2.787
    -1.797
    -1.874
    -2.174
    -3.189
    -3.234
    -4.037
    -3.602
    -4.373
    -3.820
    -3.115
    -4.171
    -3.622
    -2.822
    -1.861
    -2.346
    -1.669
    -1.701
    -1.854
    -2.474
    -1.885
    -1.940
    -1.177
    -3.093
    -2.080
    -0.865
    -0.010
    -0.685
    -0.023
     0.315
     2.031
     1.455
     2.445
     3.347
     3.681
     3.453
     3.303
     3.621
     3.077
     3.126
     4.147
     3.787
     3.992
     4.171
     4.790
     4.760
     4.879
     4.885
     4.430
     3.869
     4.022
     3.605
     1.706
     1.535
     1.508
     1.376
     1.368
     0.291
     0.355
     0.370
     1.151
     0.138
     0.512
     1.427
     1.208
     1.473
     1.170
     0.434
     1.173
     1.422
     1.023
     0.584
     0.798
     0.052
    -0.287
    -1.608
    -0.594
    -1.173
    -0.810
     0.153
     1.333
     1.365
     2.113
     2.841
     2.694
     2.656
     2.785
     2.130
     1.942
     1.468
     0.609
     0.502
    -0.260
    -0.851
    -0.634
    -1.558
    -2.500
    -2.447
    -2.047
    -3.213
    -2.033
    -2.260
     0.278
     0.174
     0.993
     0.396
     0.701
     0.808
     0.970
     1.083
     0.925
     1.777
     0.038
    -1.074
     0.181
    -0.314
     1.332
     0.984
     1.553
     1.072
     1.312
     1.608
     1.490
     1.806
     0.720
     0.528
     1.396
     1.977
     2.119
     1.329
     0.822
     0.923
     1.090
     0.565
     0.912
     0.437
     0.669
     0.540
     0.210
     0.214
     0.049
    -0.874
    -2.238
    -1.366
    -0.042
    -0.575
    -0.915
    -0.974
    -1.945
    -1.956
    -0.969
    -0.774
    -0.384
     0.551
    -0.756
    -0.655
    -1.773
    -0.689
    -0.590
     0.080
    -0.455
    -0.967
    -0.610
    -0.224
    -0.650
    -0.341
    -0.492
    -1.661
    -1.858
     0.018
    -0.297
    -0.895
    -0.873
     0.206
    -0.567
    -0.783
    -0.760
    -1.121
    -0.300
    -0.457
    -1.383
    -1.464
    -1.725
    -1.259
    -1.791
    -2.642
    -2.358
    -3.682
    -3.820
    -3.603
    -4.229
    -4.892
    -3.983
    -4.951
    -5.560
    -4.909
    -4.588
    -4.797
    -4.149
    -5.295
    -4.225
    -5.424
    -5.447
    -5.733
    -6.941
    -7.520
    -8.245
    -8.363
    -6.736
    -6.142
    -4.971
    -4.000
    -3.387
    -1.820
    -0.240
     1.273
     2.171
     3.041
     4.487
     8.889
     7.859
     9.746
     9.621
     9.703
    10.029
     9.502
     7.234
     6.370
     6.387
     4.476
     4.628
     3.763
     4.015
     4.048
     4.435
     6.132
     5.993
     5.639
     4.917
     5.510
     4.938
     4.349
     4.200
     3.935
     5.988
     5.161
     2.667
     3.192
     3.068
     2.519
     3.150
     2.235
     2.861
     2.791
     1.627
     1.204
     0.775
    -0.503
    -0.769
     0.396
     0.400
     0.807
     0.555
     1.711
     1.143
    -0.300
     0.315
     1.310
     1.564
     0.860
     0.031
     0.580
     0.249
    -0.188
    -1.851
    -2.887
    -1.551
    -0.491
     0.586
     2.084
    -2.153
    -4.778
    -4.649
    -4.768
    -3.120
    -2.752
    -0.932
    -0.917
    -1.530
    -2.246
    -3.506
    -3.884
    -4.117
    -4.551
    -3.010
    -2.288
    -2.693
    -1.907
    -2.173
    -2.347
    -2.985
    -3.661
    -3.427
    -2.592
    -1.413
    -0.510
    -0.292
    -0.034
    -0.121
    -0.915
    -1.019
    -1.307
    -1.125
     0.214
    -0.240
    -1.221
    -1.354
    -0.714
     0.437
     0.245
    -0.579
    -0.406
    -0.370
    -1.585
    -2.680
    -3.469
    -2.132
    -1.319
    -2.211
    -2.195
    -2.098
    -1.862
    -1.828
    -1.112
    -1.256
    -1.041
    -0.080
    -0.164
     0.273
    -0.446
    -0.621
    -0.769
    -1.534
    -1.159
    -0.283
    -1.349
    -1.305
    -1.535
    -0.649
    -1.329
    -0.752
    -0.725
    -0.065
     0.346
     0.479
     0.504
     0.822
     1.483
     1.483
     0.272
    -2.508
    -3.259
    -3.057
    -1.198
     1.472
     1.572
     2.399
     2.700
     2.260
     2.675
     3.351
     4.585
     4.698
     2.523
     2.048
     2.186
     1.982
     1.475
     1.416
     0.743
     1.993
     2.151
     2.264
     2.327
     2.191
     2.417
     3.934
     3.906
     2.819
     1.323
     1.124
     1.627
     2.742
     1.761
     1.669
     1.439
     2.317
     2.354
     1.732
     1.906
     0.607
     1.408
     2.154
     1.848
     1.477
     1.286
     0.644
    -0.011
    -0.407
    -0.105
    -0.309
     1.197
    -0.903
    -0.159
    -0.094
    -0.016
    -0.250
    -0.437
     0.411
    -0.209
    -0.846
    -1.175
    -1.693
    -2.059
    -2.354
    -1.647
    -2.014
    -1.218
    -1.411
     0.869
     1.314
     0.359
     0.062
    -0.562
     0.712
     0.994
     1.092
     0.445
    -1.165
    -0.985
    -0.829
    -2.026
    -1.587
    -0.543
    -0.869
     0.093
     0.143
    -0.773
    -1.142
    -0.530
    -1.435
    -1.961
    -1.828
    -2.485
    -1.041
    -1.021
    -0.506
    -1.491
    -1.383
    -0.674
    -0.688
    -1.192
    -1.169
    -0.279
    -1.889
    -2.790
    -2.168
    -2.502
    -2.693
    -1.887
    -1.857
    -1.430
    -1.668
    -0.955
    -0.916
    -0.446
    -0.715
    -1.019
    -1.374
    -1.660
    -1.274
    -1.696
    -0.963
    -1.656
    -1.972
    -2.418
    -1.717
    -2.822
    -2.208
    -1.496
    -0.947
    -1.102
    -0.646
    -0.489
    -0.212
    -0.193
    -1.167
    -0.638
    -0.876
    -0.744
     0.427
     1.322
     0.454
     0.461
     1.242
     1.300
     0.185
     0.831
     0.944
     1.075
     1.692
     1.649
     1.356
     1.420
     2.189
     2.607
     2.629
     2.995
     3.407
     2.981
     3.466
     2.738
     2.315
     2.470
     1.581
     2.133
     2.011
     1.537
     2.628
     2.949
     3.609
     4.031
     3.449
     4.113
     3.362
     4.436
     4.699
     4.501
     4.874
     4.700
     5.381
     4.923
     4.258
     5.177
     4.385
     3.385
     3.148
     3.404
     1.777
     2.182
     2.478
     0.973
     0.217
     1.289
     0.903
     1.061
     0.653
    -0.196
     1.338
     0.125
    -0.622
    -0.620
    -0.118
     0.186
     0.309
    -1.683
    -1.549
    -2.671
    -4.439
    -4.586
    -6.424
    -6.371
    -7.061
    -7.066
    -7.636
    -8.696
    -7.400
    -9.748
    -8.152
    -6.094
    -8.395
    -5.264
    -5.798
    -4.477
    -5.271
    -5.054
    -4.017
    -3.273
    -2.757
    -3.089
    -2.921
    -2.477
    -4.327
    -3.884
    -2.125
    -2.470
    -3.659
    -4.666
    -5.660
    -5.197
    -4.568
    -6.052
    -6.442
    -4.821
    -4.763
    -3.989
    -4.210
    -4.077
    -2.859
    -5.492
    -0.373
    -3.932
    -3.909
    -2.388
    -4.543
    -5.139
    -5.669
    -4.463
    -0.458
    -0.529
     0.249
     0.218
     2.232
     2.371
     3.998
     4.770
     5.069
     5.801
     8.017
     6.818
     9.252
    10.382
    11.312
    10.721
    11.205
    10.672
    11.264
     9.853
    16.416
    17.869
    14.945
    11.714
    10.287
    11.445
    15.163
    12.373
     7.892
    13.507
    10.623
    11.452
    10.943
     9.899
     8.211
     8.076
     5.053
     5.621
     4.083
     5.206
     4.316
     1.967
     1.386
     0.417
     0.299
     0.794
     0.595
    -0.016
    -0.480
    -0.918
    -1.113
    -1.459
    -1.713
    -1.496
    -2.033
    -0.661
    -1.432
    -1.666
    -3.507
    -3.358
    -3.681
    -3.515
    -5.494
    -6.272
    -6.545
    -6.491
    -8.979
    -6.934
    -6.628
    -7.180
    -8.437
   -10.076
    -9.275
    -9.876
    -9.106
    -8.526
    -9.038
    -9.314
    -9.190
    -9.261
    -8.098
    -8.769
    -8.507
    -8.578
    -8.531
    -8.180
    -8.104
    -8.207
    -7.627
    -7.373
    -7.267
    -6.973
    -6.818
    -6.667
    -6.228
    -6.164
    -5.757
    -5.598
    -5.457
    -5.289
    -5.093
    -5.155
    -4.820
    -4.615
    -3.979
    -3.788
    -3.460
    -3.033
    -2.608
    -2.233
    -1.893
    -1.539
    -1.173
    -0.773
    -0.435
    -0.047
     0.298
     0.695
     1.048
     1.427
     1.789
     2.178
     2.545
     2.937
     3.307
