     5.132
     4.962
     4.935
     4.745
     4.697
     4.487
     4.420
     4.212
     4.143
     3.899
     3.849
     3.592
     3.455
     3.156
     3.062
     2.694
     2.532
     2.221
     1.987
     1.508
     1.275
     0.917
     0.624
     0.301
     0.204
    -0.324
    -0.377
    -0.564
    -1.006
    -1.500
    -1.605
    -1.773
    -2.315
    -2.962
    -3.189
    -3.966
    -4.274
    -4.644
    -4.641
    -5.117
    -5.153
    -5.332
    -5.593
    -6.004
    -6.476
    -6.937
    -7.188
    -7.002
    -6.998
    -8.301
    -8.458
    -8.802
    -8.877
    -8.969
    -9.244
   -10.109
   -10.261
   -10.039
   -11.181
   -11.892
   -11.068
   -11.256
   -12.035
   -12.348
   -11.353
   -10.497
    -9.994
    -9.818
    -7.495
    -5.639
    -4.414
    -2.992
    -1.816
     0.189
     0.810
     1.169
     1.261
     1.841
     3.127
     1.464
     2.852
     3.373
     2.793
     3.039
     4.420
     3.479
     5.028
     5.466
     6.375
     6.597
     6.869
     7.374
     9.103
     9.580
    10.712
    10.189
    10.202
     7.649
     8.211
     6.677
     6.150
     4.717
     4.652
     3.786
     2.868
     2.949
     2.320
     2.988
     2.658
     1.732
     2.651
     2.542
     1.336
     2.171
     2.944
     1.948
     1.949
     2.156
     1.861
    -0.212
     1.565
     1.310
     1.389
     0.512
     0.131
    -0.827
    -0.389
    -0.233
    -0.752
    -1.449
    -1.196
    -0.704
    -0.395
    -1.387
    -2.716
    -1.535
    -1.786
    -1.091
    -1.371
    -1.756
    -1.409
    -3.390
    -3.513
    -4.055
    -2.047
    -1.337
    -1.609
    -2.090
    -3.016
    -1.666
    -1.868
    -1.396
    -1.579
    -0.798
    -0.228
    -1.052
    -0.758
    -1.326
    -0.047
    -1.744
    -2.228
    -3.055
    -2.115
    -1.743
    -0.183
     2.189
     2.294
     1.605
     2.329
     2.788
     2.640
     3.066
     3.312
     3.351
     3.534
     3.799
     3.289
     4.402
     4.612
     3.420
     4.143
     4.330
     4.323
     3.307
     3.517
     3.723
     4.281
     3.274
     2.544
     2.610
     3.396
     3.257
     1.432
    -0.579
    -0.558
     0.205
     1.298
     0.653
     2.600
     1.381
     1.319
     0.905
     0.597
    -1.705
    -4.200
    -4.830
    -5.720
    -3.411
    -1.831
    -3.996
    -3.944
    -3.536
    -5.592
    -9.702
   -10.283
    -9.074
    -8.478
    -9.434
    -9.598
    -9.915
    -9.384
    -8.385
    -6.961
    -5.829
    -7.391
    -5.907
    -5.775
    -2.817
    -3.195
    -1.080
    -0.799
     1.701
     1.515
     3.846
     6.376
     5.047
     5.954
     9.236
     9.928
     8.733
     8.458
     9.039
     9.071
     8.919
     6.768
     5.559
     4.996
     4.191
     3.700
     2.081
     3.883
     2.911
     4.404
     3.734
     0.367
     1.683
     0.434
     0.617
     0.339
    -0.443
    -1.039
     0.054
    -0.758
    -2.457
    -3.319
    -3.272
    -4.125
    -3.040
    -2.427
    -2.598
    -2.257
    -2.547
    -0.676
    -2.126
    -1.814
    -2.426
    -2.081
    -2.924
    -3.205
    -4.423
    -3.386
    -3.907
    -4.182
    -3.760
    -4.246
    -4.398
    -3.676
    -4.374
    -4.032
    -3.657
    -3.880
    -3.433
    -4.108
    -3.803
    -3.689
    -3.649
    -3.578
    -3.915
    -3.505
    -3.429
    -4.581
    -2.283
    -3.165
    -2.993
    -0.884
    -0.365
    -0.986
    -1.569
     0.699
    -0.304
     1.433
     0.658
     2.437
     2.023
     0.721
     2.116
     3.560
     3.522
     4.500
     4.250
     4.453
     5.013
     5.726
     5.723
     6.654
     7.104
     6.697
     6.382
     6.853
     6.268
     5.720
     5.446
     6.527
     6.872
     5.696
     4.227
     4.636
     3.860
     5.049
     4.098
     5.178
     5.027
     5.933
     5.398
     5.162
     4.738
     4.850
     4.487
     3.403
     1.999
     0.953
     0.347
    -0.168
    -0.302
     0.451
    -0.794
    -0.388
    -0.178
    -1.117
    -1.706
    -2.924
    -2.567
    -1.990
    -1.739
    -1.825
    -3.867
    -2.293
    -1.897
    -0.390
     0.159
    -0.181
    -0.259
     0.956
    -0.468
     0.608
     1.088
    -0.279
     0.857
     1.705
     2.113
     1.135
    -0.314
    -0.143
    -0.298
    -0.405
    -0.141
     0.210
    -1.353
    -0.681
    -2.107
    -2.371
    -2.979
    -3.084
    -3.652
    -4.787
    -4.847
    -4.999
    -5.036
    -4.946
    -4.787
    -5.118
    -4.762
    -6.124
    -6.106
    -5.224
    -5.014
    -6.013
    -6.755
    -7.080
    -7.560
    -8.076
    -7.683
    -6.667
    -8.075
    -5.320
    -6.458
    -5.898
    -6.356
    -5.337
    -3.372
    -3.651
    -3.439
    -3.298
    -2.133
    -0.575
     1.748
     4.006
     3.002
     3.426
     1.697
     1.889
     2.574
     3.727
     4.565
     3.880
     3.043
     1.973
     2.345
     3.449
     2.868
     2.730
     2.689
     2.497
     1.169
     1.689
     1.726
     0.998
     0.751
     0.677
     0.040
     0.313
     1.674
     1.953
    -0.784
    -0.850
    -0.586
    -0.765
    -0.397
     0.399
     0.011
    -0.593
     0.644
     0.416
     1.030
     1.048
     1.534
     2.820
     2.849
     1.884
     1.794
     1.548
     1.896
     0.665
     1.494
     2.020
     2.311
     1.970
     2.111
     3.295
     2.558
     2.741
     3.480
     3.097
     3.430
     2.887
     3.375
     2.360
     2.291
     3.104
     3.971
     3.450
     2.059
     2.476
     1.334
     1.701
     2.148
     3.263
     3.021
     2.385
     2.521
     2.749
     2.173
     1.508
     1.360
     1.203
     1.689
     0.311
    -0.039
     0.674
     0.404
    -0.203
    -0.254
     0.039
    -1.332
     0.785
    -0.048
    -0.286
     0.469
     0.802
     2.373
     1.300
     2.290
     2.152
     2.149
     2.416
     3.206
     2.908
     1.927
     1.384
     1.447
     2.718
     2.956
     3.452
     2.411
     2.137
     0.252
     0.122
     1.293
     1.521
     2.116
     1.469
     1.448
     0.571
     0.818
    -0.899
     0.011
     0.136
    -1.247
    -0.865
    -2.137
    -0.882
    -1.735
    -1.275
    -1.038
    -0.758
    -0.811
    -1.538
    -2.506
    -3.103
    -2.772
    -3.577
    -5.160
    -5.783
    -7.427
    -7.520
    -7.158
    -7.111
    -8.062
    -8.130
    -8.584
    -8.670
    -9.155
    -6.461
    -8.051
    -7.320
    -7.770
    -7.761
    -7.025
    -8.027
    -8.062
    -6.555
    -6.529
    -6.226
    -6.983
    -6.029
    -4.617
    -4.224
    -3.653
    -3.224
    -3.712
    -3.453
    -2.749
    -1.875
    -2.298
    -3.024
    -2.415
    -1.137
    -0.336
    -0.991
    -2.362
    -3.178
    -2.889
    -2.790
    -1.825
    -1.910
    -0.859
    -1.358
    -0.607
    -0.128
    -1.238
     1.047
     1.224
     2.582
     4.301
     3.710
     3.563
     5.778
     5.303
     5.819
     5.714
     5.243
     2.404
     5.652
     5.992
     5.102
     3.305
     3.877
     5.351
     4.465
     5.097
     6.905
     5.749
     6.477
     6.258
     6.168
     6.434
     5.596
     6.086
     6.394
     5.999
     5.493
     5.217
     6.050
     6.833
     6.591
     6.779
     7.319
     6.474
     7.494
     8.647
     6.574
     5.891
     6.639
     6.039
     7.026
     6.867
     5.846
     6.065
     6.054
     5.878
     5.172
     4.720
     4.278
     4.504
     4.038
     5.181
     5.480
     5.547
     5.985
     6.029
     5.526
     4.386
     4.785
     0.914
    -0.127
    -0.371
    -1.174
    -3.016
    -4.395
    -3.784
    -6.888
    -7.437
    -8.169
    -6.606
    -7.593
    -6.057
    -6.061
    -6.726
    -7.773
    -6.932
    -5.369
    -5.692
    -3.646
    -1.939
    -2.203
    -2.310
    -1.793
    -1.634
    -1.903
    -2.530
    -1.370
    -1.381
    -1.901
    -0.791
    -1.465
    -2.089
    -1.154
    -2.675
    -3.486
    -2.844
    -2.346
    -3.092
    -4.889
    -5.519
    -4.886
    -6.887
    -6.364
    -7.119
    -7.751
    -8.237
    -7.755
    -8.253
    -6.922
    -6.258
    -6.624
    -5.070
    -4.224
    -3.892
    -4.055
    -2.822
    -2.296
    -3.746
    -3.820
    -1.792
    -3.840
    -5.107
    -3.113
    -4.332
    -4.054
    -3.928
    -3.465
    -4.415
    -4.046
    -4.145
    -4.768
    -4.826
    -4.517
    -4.910
    -5.150
    -4.611
    -6.778
    -6.912
    -6.526
    -5.432
    -4.321
    -2.958
    -2.714
    -2.358
    -2.420
    -2.818
    -2.680
    -1.190
    -0.695
    -0.892
    -0.902
    -0.778
     0.227
     1.759
     1.655
     0.523
     1.879
     1.279
     0.466
     1.487
     1.298
     2.939
     3.654
     5.156
     4.717
     6.122
     5.745
     5.588
     6.279
     6.464
     7.075
     8.195
     9.406
    10.818
    10.048
    10.539
     9.399
    10.050
    10.432
    10.263
    11.256
    10.656
    10.224
     9.625
    11.090
     9.843
    10.116
     8.920
     9.135
     8.204
     8.730
     9.221
    10.554
     9.586
     9.439
     9.263
     8.763
     9.049
     9.083
     9.603
     8.454
     7.930
     8.447
     8.716
     9.555
     9.343
     9.048
     8.750
    10.028
     9.374
     9.627
     9.300
     8.092
     7.900
     7.703
     7.875
     7.906
     7.115
     5.647
     5.692
     7.841
     7.855
     3.670
     4.528
     1.972
    -1.629
    -2.907
    -6.500
    -7.814
   -10.651
   -13.956
   -16.608
   -18.253
   -17.871
   -21.034
   -22.356
   -22.563
   -23.474
   -23.851
   -24.950
   -25.232
   -25.057
   -22.990
   -22.958
   -23.785
   -24.958
   -23.347
   -23.382
   -21.615
   -19.589
   -17.384
   -15.966
   -13.111
   -12.535
   -10.071
    -8.365
    -6.149
    -4.221
    -2.175
    -1.024
     0.012
    -0.398
     1.468
     0.578
     1.489
     1.245
     1.321
     0.450
     0.208
    -0.219
     0.380
     0.922
    -0.483
    -0.474
    -1.244
     0.031
    -0.370
    -0.667
     2.566
     3.119
     2.238
     2.306
     3.110
     0.389
     2.499
     2.547
     3.183
     3.139
     3.438
     3.300
     2.702
     4.181
     4.311
     4.450
     4.590
     6.749
     7.463
     7.449
     5.897
     3.494
     0.832
     1.064
    -0.270
     0.087
     0.759
     2.220
     5.188
    10.223
    15.074
    15.640
    16.181
    16.920
    17.070
    16.607
    16.955
    15.325
    16.409
    14.984
    14.589
    11.338
     8.729
     5.366
     4.534
     5.235
     2.513
     0.948
    -0.377
    -0.732
    -2.867
    -4.387
    -5.344
    -5.319
    -5.374
    -6.855
    -6.190
    -6.686
    -5.291
    -5.879
    -4.158
    -4.883
    -3.047
    -4.046
    -3.245
    -2.204
    -1.515
    -2.124
    -1.942
    -1.177
    -0.369
     1.246
     1.994
     1.766
     1.530
     3.473
     3.808
     3.992
     3.632
     5.548
     5.395
     4.827
     5.225
     5.612
     4.361
     6.747
     7.548
     6.481
     7.488
     6.500
     5.414
     5.279
     3.846
     1.822
     0.852
     1.061
     1.101
    -0.325
    -2.541
    -3.733
    -3.468
    -4.024
    -3.527
    -3.035
    -2.880
    -2.390
    -1.137
    -3.935
    -3.950
    -3.207
    -2.235
    -1.386
    -0.742
     0.402
    -1.268
    -1.604
     0.531
     0.329
     0.808
     1.024
     0.912
     2.130
     2.528
     0.687
    -0.175
     0.627
    -0.219
    -0.686
     0.519
     0.947
     0.695
    -0.451
     0.278
     1.562
     0.347
    -0.641
     1.906
     0.621
    -1.405
    -2.723
    -6.587
    -7.149
    -7.837
    -6.909
    -8.272
    -7.858
    -8.612
   -10.456
    -9.826
    -8.869
    -8.298
   -10.113
   -10.995
   -10.456
   -11.897
   -14.059
   -14.997
   -16.074
   -16.060
   -19.258
   -17.934
   -16.525
   -15.583
   -16.003
   -18.099
   -19.686
   -20.173
   -21.868
   -22.904
   -24.163
   -29.382
   -28.986
   -28.907
   -27.450
   -27.896
   -27.666
   -29.291
   -26.717
   -30.114
     6.351
    12.495
     8.413
     8.183
    11.023
    11.558
    12.006
    12.747
    14.518
    16.552
    15.734
    16.947
    18.194
    17.117
    20.139
    20.059
    21.042
    25.180
    27.515
    30.632
    26.805
    22.204
    24.906
    29.118
    35.148
    36.014
    37.086
    37.179
    38.376
    39.966
    40.348
    41.853
    38.339
    39.859
    40.124
    38.323
    36.783
    32.044
    29.157
    27.860
    24.616
    24.425
    22.432
    20.586
    19.172
    18.665
    17.327
    13.145
    14.385
    13.724
    13.538
    11.078
     8.963
     2.718
    -4.557
    -8.291
   -13.105
   -20.857
   -24.194
   -25.056
   -27.669
   -30.823
   -31.607
   -33.558
   -34.894
   -35.109
   -34.427
   -28.950
   -29.728
   -29.469
   -28.448
   -29.365
   -30.746
   -32.641
   -33.475
   -28.418
   -29.096
   -30.484
   -26.971
   -26.324
   -27.546
   -27.027
   -25.200
   -23.679
   -24.749
   -24.031
   -22.757
   -24.461
   -24.913
   -22.079
   -20.487
   -20.425
   -20.273
   -20.453
   -22.048
   -22.573
   -21.660
   -19.475
   -20.496
   -19.911
   -17.475
   -13.930
   -10.313
    -6.877
    -3.000
     1.187
     2.659
     5.964
     6.372
    11.176
    11.619
    13.736
    16.242
    20.810
    26.260
    31.412
    33.891
    36.174
    40.456
    44.279
    41.745
    38.780
    38.655
    46.188
    46.966
    41.031
    45.384
    39.828
    28.783
    34.122
    43.440
    30.408
    18.087
     3.780
    19.176
    19.979
    11.281
    -2.423
    -4.376
    -5.109
    -9.631
   -13.562
   -12.579
   -17.612
   -19.919
   -18.155
   -14.186
   -15.169
   -10.814
   -13.295
   -20.225
   -21.170
    -9.836
   -12.760
   -14.533
   -13.183
    -6.095
    -5.163
    -6.660
    -6.737
    -7.123
    -6.603
    -1.978
    -8.286
    -3.940
    -6.220
    -2.731
    -2.776
     0.178
    -5.902
   -15.108
   -14.256
    -3.286
    -0.841
    -7.339
   -10.075
    -7.052
    -2.198
     0.134
     5.636
    14.904
     3.575
    -7.224
   -10.107
   -14.904
   -15.543
   -15.599
   -10.642
    -7.355
    -6.494
     0.470
     0.190
    -6.265
   -11.035
   -10.576
   -10.690
    -5.178
    -1.146
     0.686
     2.149
     4.322
     4.286
     8.509
    12.619
    12.082
     8.186
    13.543
    17.213
    23.096
    24.686
    23.092
    18.720
    16.935
    15.657
    18.970
    17.340
    13.154
    13.582
    10.278
     9.957
     7.708
     4.969
     7.463
    11.230
     6.202
     7.143
     5.061
     4.433
     3.881
     5.466
     3.802
     1.902
     4.835
     8.327
     6.067
     4.647
     5.872
     1.447
     1.151
    -3.496
    -1.520
    -2.052
     1.685
     3.584
     1.698
    -1.021
    -2.831
    -1.514
    -2.880
    -4.535
    -3.046
    -4.276
    -7.060
    -8.444
    -6.344
    -5.972
   -18.554
   -16.329
   -15.498
   -11.377
   -11.465
   -12.055
    -9.852
   -10.157
    -6.735
     3.318
     1.690
    -5.068
    -7.365
   -10.009
    -9.084
    -5.753
   -10.066
   -16.497
   -14.250
   -18.591
   -18.552
   -23.606
   -24.464
   -24.285
   -21.762
   -19.743
   -16.944
   -16.231
   -14.876
   -13.393
   -10.548
   -11.000
   -12.067
   -11.424
    -7.742
    -7.460
    -5.781
    -8.644
    -8.861
    -6.307
    -6.460
    -5.224
    -2.519
    -2.708
    -3.201
     3.218
     7.564
     9.643
     5.723
     2.508
     4.120
     6.165
     3.671
     7.914
    14.004
    14.662
     6.854
    10.132
     5.508
     7.499
    11.363
     8.283
    16.119
    12.524
    19.301
    19.597
    19.512
    19.581
    20.514
    21.666
    24.139
    20.383
    25.027
    25.672
    25.717
    20.208
    18.789
    16.446
    14.717
    12.150
    12.876
    15.623
    17.949
    16.109
     8.913
     8.932
     8.514
     6.700
     6.154
     6.892
     3.018
    10.207
     5.986
     0.575
     4.637
     1.088
    -2.015
    -0.930
    -4.186
    -6.641
    -1.160
    -2.898
    -2.494
    -3.839
   -10.152
    -8.205
    -1.458
   -12.157
   -14.618
   -12.663
    -7.129
     3.375
    -7.398
    -7.887
    -2.553
    -7.930
    -8.503
    -7.675
   -17.293
   -18.240
   -16.235
   -19.786
   -17.318
   -10.934
   -11.982
    -6.925
    -5.838
    -3.313
    -4.652
    -2.685
    -3.836
    -5.135
    -6.592
    -7.949
    -8.746
    -8.705
    -8.743
    -6.744
    -7.294
    -4.587
    -5.367
    -4.076
    -0.368
    -1.609
    -4.250
    -1.787
     1.336
     1.072
     0.281
     0.024
    -1.743
    -0.073
    -1.049
    -3.175
    -1.693
     1.312
     0.104
    -0.932
    -4.507
     1.716
     1.125
    -0.293
    -0.010
     3.778
     5.040
     3.334
     2.084
     0.918
     1.789
     5.746
     3.653
     2.274
     4.184
     1.895
     0.883
     0.533
    -0.660
    -0.062
    -1.662
    -2.888
    -1.216
     1.040
     2.801
    -0.141
    -0.223
     2.610
     5.002
     3.915
     3.512
    -1.722
    -1.235
    -2.955
     7.440
     0.365
    -8.164
   -10.501
    -7.165
    -6.668
    -7.395
    -8.723
    -8.961
    -8.454
    -7.497
    -7.005
    -8.045
    -6.779
    -5.864
    -2.765
    -1.921
     0.257
     2.697
    -1.749
    -0.699
     1.445
     0.365
     1.036
    -1.136
     0.394
     0.536
     0.088
     1.746
     2.738
     1.746
     5.699
     5.111
     5.944
     6.412
     7.945
     5.648
     5.648
     6.272
     6.889
     6.758
     8.470
     9.568
     8.956
     8.608
     8.717
    10.641
    11.403
    12.983
    14.462
    15.912
    16.483
    15.577
    15.057
    15.429
    14.987
    14.753
    15.052
    13.597
    13.888
    14.589
    11.536
    10.540
    10.209
    10.082
    10.098
     7.865
     6.324
     4.938
     4.865
     5.656
     3.754
     2.990
     0.580
     0.158
    -0.028
    -0.136
    -3.121
    -2.613
    -4.863
    -5.381
    -4.824
    -6.714
    -9.097
    -9.854
   -11.146
   -11.609
   -12.367
   -15.505
   -16.656
   -17.620
   -17.873
   -18.063
   -18.383
   -17.252
   -19.593
   -19.469
   -21.298
   -19.671
   -20.482
   -16.730
   -17.305
   -15.900
   -15.676
   -12.641
   -12.413
   -10.707
   -10.288
    -9.289
   -10.160
    -7.404
    -7.807
    -5.065
    -5.025
    -6.005
    -8.365
    -5.695
    -7.100
    -6.943
    -6.658
    -6.655
    -4.902
    -4.261
    -2.108
     1.255
     2.636
     1.264
     0.523
     1.762
     2.000
     1.993
     3.779
     5.879
     5.472
     4.907
     9.957
     9.690
     7.537
     8.460
    10.748
    10.602
    10.729
     9.231
     9.520
     8.288
     8.307
     7.791
     7.358
     7.444
     7.532
     5.521
     5.748
     7.368
     6.501
     5.415
     5.048
     5.942
     5.201
     6.369
     6.186
     8.256
     7.108
     7.469
     8.616
     8.492
     9.414
     8.586
     7.197
     5.991
     6.102
     6.358
     6.577
     5.857
     6.074
     6.147
     5.268
     6.595
     6.675
     7.000
     7.523
     8.809
     6.782
     5.406
     4.945
     6.518
     4.899
     3.088
     1.172
    -0.665
    -0.853
    -1.754
    -1.788
    -3.948
    -4.679
    -5.821
    -5.642
    -6.576
    -6.553
    -7.040
    -7.312
    -5.437
    -6.481
    -6.087
    -5.219
    -5.952
    -7.065
    -6.983
    -6.692
    -6.910
    -7.778
    -7.206
    -8.103
    -7.816
    -8.683
   -10.282
   -11.179
   -11.123
    -9.393
   -10.226
    -9.075
    -7.987
    -7.675
    -7.488
    -7.082
    -9.121
    -9.248
    -8.017
    -7.876
    -4.372
    -2.870
    -2.981
    -3.360
    -0.795
     1.207
     3.131
     3.067
     2.662
     3.599
     3.067
     4.019
     2.940
     1.826
     2.060
     2.063
     0.496
     2.356
    -0.772
     0.276
    -2.286
    -0.012
     1.972
     1.178
     2.411
     2.654
     2.244
     3.698
     3.886
     3.615
     4.199
     4.125
     5.487
     5.076
     4.987
     5.631
     5.716
     6.372
     4.578
     4.251
     4.775
     4.538
     5.377
     7.299
     6.541
     7.577
     5.682
     6.007
     5.419
     6.559
     6.325
     6.854
     7.507
     7.773
     5.502
     6.212
     6.512
     7.236
     6.461
     4.487
     4.061
     4.117
     2.659
     0.966
     0.371
    -0.014
    -1.726
    -2.285
    -4.781
    -4.031
    -5.164
    -3.486
    -6.551
    -6.631
    -6.757
    -5.957
    -5.856
    -6.526
    -6.174
    -4.786
    -4.428
    -3.960
    -4.023
    -4.752
    -5.374
    -4.922
    -5.212
    -4.845
    -6.140
    -5.870
    -5.235
    -4.461
    -3.461
    -4.219
    -1.248
    -1.222
    -2.170
    -3.078
    -3.066
    -3.783
    -4.050
    -5.299
    -3.307
    -3.825
    -2.290
    -2.451
    -2.363
    -2.125
    -1.476
    -1.977
    -4.609
    -5.692
    -4.694
    -5.248
    -6.216
    -4.352
    -6.030
    -2.241
    -3.837
    -2.960
    -5.007
    -4.324
    -3.848
    -3.345
    -2.754
    -2.449
    -0.711
     0.281
     1.227
     1.356
     2.005
     1.453
    -0.989
     1.578
     1.020
     3.569
     3.717
     3.978
     5.196
     4.737
     5.753
     6.533
     7.848
     8.336
     9.499
     9.317
     9.379
    11.811
     9.774
    11.820
    11.042
    10.462
    11.589
    12.948
    10.205
     8.647
     9.063
     7.523
     7.275
     6.048
     5.340
     4.955
     2.377
     0.603
     1.577
     1.128
     0.354
     1.779
     0.890
    -0.239
     0.121
     3.243
     2.723
     2.356
     3.057
     2.345
     2.695
     1.909
     0.024
     0.550
    -0.150
     0.352
    -1.093
    -2.062
    -2.741
    -3.742
    -4.305
    -3.492
    -4.279
    -4.238
    -2.926
    -2.898
    -2.787
    -2.597
    -4.424
    -3.510
    -6.667
    -6.379
    -8.295
    -9.088
    -7.496
    -8.245
    -8.477
    -8.573
    -8.510
    -8.241
    -6.385
    -6.113
    -7.113
    -7.359
    -6.802
    -5.895
    -4.702
    -3.535
    -2.083
    -0.442
     0.630
     2.317
     0.382
     2.728
     2.164
    -0.308
    -2.003
    -0.769
    -2.604
    -4.104
    -4.233
    -2.770
    -0.895
     0.893
     1.052
     1.493
    -0.752
    -0.572
    -1.521
    -0.551
    -0.960
    -0.955
    -1.191
    -1.497
    -1.023
    -1.117
    -1.016
    -1.070
    -1.497
    -0.426
    -0.903
     0.253
    -0.924
     0.633
    -0.321
    -0.580
    -0.500
    -0.102
     1.212
     1.640
    -0.896
    -1.275
     0.108
     1.802
     4.099
     4.127
     4.929
     5.270
     4.376
     3.524
     2.917
     2.660
     3.114
     0.812
     0.795
     1.518
    -0.084
     1.810
     0.531
     1.998
     1.878
     2.787
     4.164
     2.634
     2.503
     3.741
     4.948
     4.599
     6.091
     6.255
     7.002
     7.082
     5.987
     5.471
     3.694
     4.877
     4.465
     6.161
     4.705
     3.907
     3.453
     3.737
     2.463
     3.619
     3.022
     3.318
     1.447
     0.575
     0.330
     0.247
    -0.344
    -2.493
    -2.133
    -1.052
    -1.986
    -3.074
    -3.548
    -2.094
    -3.399
    -2.446
    -3.446
    -2.909
    -2.868
    -3.202
    -2.966
    -2.587
    -3.054
    -2.778
    -3.386
    -4.245
    -3.205
    -3.148
    -2.960
    -4.885
    -6.542
    -5.767
    -4.285
    -3.808
    -4.215
    -3.030
    -3.227
    -3.114
    -4.917
    -1.965
    -1.478
     0.189
    -0.864
     0.351
     1.339
     1.731
    -1.046
    -2.940
     0.493
     0.955
     1.948
     1.070
    -0.988
    -0.994
    -2.347
     0.299
     2.216
     2.376
     2.406
     1.554
     1.043
     0.029
    -0.331
     1.272
    -0.171
     0.291
     0.154
     0.128
     0.278
    -1.291
    -0.701
    -1.355
    -1.929
    -1.472
    -2.112
    -2.940
    -1.338
    -1.370
    -1.836
    -1.390
    -0.809
    -1.048
     0.018
     0.333
    -0.280
    -0.105
     0.829
     0.358
     0.705
     0.844
     0.323
     0.697
     2.148
     1.531
     2.702
     3.412
     2.375
     2.660
     3.325
     1.555
     2.274
     1.088
     1.930
     1.142
     0.750
     1.575
     1.440
     1.452
     0.748
     1.844
     1.908
     2.986
     3.128
     3.831
     2.205
     1.541
     1.786
     1.266
     0.903
    -1.199
     0.123
     0.296
     0.063
     0.309
    -0.529
    -0.132
    -0.082
     0.179
    -0.588
    -0.636
     0.028
    -1.026
    -0.013
    -0.305
    -0.650
     0.581
    -0.225
    -0.351
    -1.492
    -1.932
    -1.964
    -2.123
    -2.587
    -2.387
    -1.964
    -1.723
    -2.511
    -0.852
    -1.019
    -1.593
    -2.072
    -0.325
    -0.914
    -1.638
    -1.726
    -2.063
    -2.261
    -1.321
    -1.626
     0.077
    -1.644
    -0.298
     0.412
     0.129
     0.372
     1.365
     1.406
     1.444
     1.347
    -0.496
    -0.673
    -1.150
    -1.229
     0.394
    -0.787
    -0.851
    -0.209
    -0.437
    -1.263
    -0.207
    -0.275
     0.906
     0.834
    -0.184
    -1.006
     0.544
    -0.961
    -0.875
    -0.250
    -0.869
    -0.938
    -0.974
    -0.945
    -1.075
    -1.534
    -1.042
    -1.459
    -0.490
     0.591
    -0.786
     1.656
     0.999
     3.091
     3.245
     4.289
     5.237
     4.263
     4.906
     5.294
     5.969
     3.233
     4.600
     3.048
     3.469
     1.825
     0.993
     0.705
     0.803
     0.715
     0.825
     1.176
     1.071
     1.577
     0.556
     1.268
     2.499
     1.727
     1.628
     2.330
     0.487
     1.049
     0.397
    -0.204
    -0.873
     0.177
    -0.790
     0.869
     0.090
    -1.763
    -2.125
    -1.474
    -2.669
    -2.511
    -2.193
    -2.376
    -1.325
    -1.070
    -1.902
    -2.333
    -2.085
    -1.943
    -3.172
    -2.725
    -3.166
    -2.599
    -2.855
    -2.737
    -2.669
    -2.321
    -2.573
    -3.537
    -2.257
    -2.722
    -3.878
    -3.734
    -2.745
    -2.244
    -2.201
    -1.651
    -2.010
    -1.110
    -1.095
    -0.986
    -0.986
    -0.551
    -0.087
    -0.029
    -0.071
    -0.332
     0.219
     0.347
     0.541
     0.433
     0.864
     1.236
     1.748
     0.301
     1.244
     0.728
     0.673
     1.071
     0.405
     2.612
     2.261
     2.224
     1.959
     2.150
     1.361
     2.515
     2.198
     3.178
     4.126
     2.186
     2.850
     0.108
    -1.754
    -0.788
    -0.978
    -2.231
    -1.884
    -1.668
    -2.093
    -0.643
     0.521
     0.043
     2.102
     1.816
     1.811
     3.137
     2.167
     2.142
     1.994
     1.276
    -0.252
    -0.823
    -0.898
    -1.036
     0.349
    -0.381
    -1.310
    -0.674
    -0.741
     0.122
    -0.968
    -0.635
     0.929
     2.226
     1.472
     1.589
     1.704
     0.722
     0.790
    -0.098
     0.214
     0.276
    -0.075
     0.096
    -0.749
    -1.656
    -1.776
    -1.192
    -1.292
    -1.422
    -0.455
    -1.905
    -1.465
    -1.476
    -2.126
     0.361
     0.781
     1.220
    -0.312
    -0.229
     0.685
     0.776
     0.417
    -0.013
    -0.234
     0.194
     0.630
     1.829
     1.367
     1.152
     0.911
     0.099
    -0.242
     0.223
     0.555
     0.970
     0.462
     1.320
     2.643
     2.084
     2.212
     1.560
     0.819
     0.613
     0.110
     0.597
     1.019
     1.518
     0.340
     0.911
    -0.242
    -0.763
     0.372
    -2.457
    -2.480
    -1.337
    -1.445
    -0.710
    -1.951
    -1.142
    -2.099
    -2.533
    -1.621
    -2.036
    -1.710
    -0.575
    -2.113
    -1.163
    -1.158
    -1.222
     0.587
     0.342
    -0.215
     0.497
     0.324
     0.505
    -0.264
    -0.497
    -2.112
    -1.532
    -1.289
    -1.178
    -1.535
    -1.899
    -1.419
    -1.121
    -0.893
    -1.336
    -0.187
     0.859
     0.429
     1.441
     2.035
     2.537
     1.290
     1.947
     1.094
     1.934
     1.438
     2.053
     2.991
     2.737
     2.264
     2.683
     2.406
     2.903
     3.431
     2.132
     4.143
     2.660
     2.245
     3.263
     1.669
     0.940
     0.558
     1.217
     0.192
    -0.723
    -0.717
     0.165
    -2.306
    -1.653
    -3.158
    -2.372
    -1.701
    -1.301
    -2.147
    -2.106
    -3.493
    -2.342
    -1.764
    -1.602
    -0.601
    -1.146
    -0.728
    -0.811
    -0.889
    -1.629
    -1.369
    -0.889
    -0.218
    -1.168
    -0.569
    -0.901
    -1.734
    -1.429
    -2.544
    -1.915
    -0.829
    -1.984
    -3.843
    -3.362
    -3.716
    -4.109
    -3.638
    -2.504
    -2.651
    -1.594
    -1.996
    -2.128
    -1.893
    -1.637
    -2.061
    -2.381
    -1.464
    -2.397
    -1.170
    -1.729
    -0.273
    -0.131
     0.505
    -0.144
    -0.577
    -0.373
    -0.107
     0.067
    -0.277
     0.203
     0.332
     0.722
    -0.149
    -0.086
     0.029
     1.827
     1.526
     2.780
     3.368
     4.036
     3.661
     3.731
     3.955
     4.179
     3.789
     4.218
     4.512
     4.725
     4.430
     3.474
     4.434
     2.642
     3.831
     0.796
     2.290
     2.074
     1.924
     2.122
     1.567
     1.514
     1.675
     1.182
     1.451
     2.857
     4.615
     2.803
     3.801
     3.135
     1.781
     3.296
     2.873
     1.899
     2.455
     1.530
     2.881
     2.632
     1.599
     1.812
     3.139
     1.223
     0.435
     0.061
     0.648
     1.527
     1.794
    -0.009
     0.261
     0.880
    -0.189
     1.131
     0.626
    -0.430
     0.705
    -0.545
    -0.516
    -0.079
    -0.460
    -1.417
    -1.151
    -0.618
    -1.471
    -1.345
    -1.523
    -1.081
    -2.793
    -2.420
    -0.375
    -0.766
    -1.506
    -1.291
    -0.698
    -1.895
    -1.676
    -1.820
    -3.191
    -3.445
    -3.869
    -4.523
    -5.588
    -6.545
    -6.148
    -7.093
    -6.709
    -4.481
    -5.003
    -2.986
    -2.962
    -3.367
    -2.499
    -3.780
    -4.160
    -3.080
    -1.874
    -3.487
    -3.722
    -4.215
    -4.752
    -5.203
    -4.996
    -4.582
    -4.504
    -3.914
    -4.372
    -3.676
    -3.457
    -1.830
     0.431
    -1.207
    -2.912
    -4.618
    -3.099
    -3.119
    -2.780
    -1.761
    -2.325
    -3.503
    -3.325
    -3.101
    -2.000
    -2.876
    -1.371
    -1.692
    -1.604
    -0.269
     1.382
    -0.307
     1.233
     1.667
     0.751
     1.036
     0.089
     2.203
     1.544
     2.477
     2.867
     3.908
     5.940
     7.287
     8.353
     6.204
     5.166
     7.255
    10.731
    11.638
    10.020
     9.071
     8.693
     8.735
     6.218
     6.342
     3.187
     2.099
    -0.872
    -0.661
    -2.823
    -0.540
    -2.249
    -2.653
    -1.356
     1.140
     2.368
     4.832
     7.851
     9.211
     7.928
     6.163
     5.739
     7.231
     8.270
     3.322
     4.304
    -1.130
    -1.702
    -0.282
     0.520
     2.113
     3.250
     4.598
     6.163
     5.258
     5.561
     5.373
     7.633
     8.609
     7.506
     8.224
     6.093
     5.284
     6.771
     6.544
     8.479
    10.732
    10.309
    10.332
    10.836
    10.082
     9.820
     8.130
     7.028
    -0.524
    -5.270
    -3.088
    -5.319
     4.911
    -8.496
    -7.900
    -4.833
    -2.129
    -8.523
    -8.780
   -14.331
   -14.037
   -18.538
   -22.903
   -27.491
   -25.028
   -22.998
   -19.608
   -18.435
   -19.482
   -17.231
   -16.235
   -13.848
   -14.322
   -14.332
   -12.198
    -8.512
    -6.560
    -6.187
    -7.598
    -6.409
    -7.225
    -8.940
    -8.832
   -10.936
    -8.080
    -7.236
    -6.024
    -5.044
    -5.098
    -4.283
    -0.772
    -1.549
     3.048
     3.768
     5.400
     3.375
     4.336
     5.489
     6.321
     6.113
     5.801
     6.310
     6.871
     6.252
     6.290
     5.845
     5.565
     4.360
     3.837
     3.199
     1.944
     1.193
     1.596
     1.283
     2.161
     2.679
     2.513
     3.306
     3.371
     3.540
     3.881
     4.315
     4.190
     4.921
     4.630
     4.972
     5.030
     5.522
     5.638
     6.045
     6.058
     6.351
     5.555
     5.777
     5.734
     5.917
     5.720
     5.775
     5.750
     5.787
     5.665
     5.716
     5.628
     5.648
     5.541
     5.561
     5.436
     5.453
     5.311
     5.309
     5.145
