     3.821
     4.203
     4.541
     4.908
     5.233
     5.583
     5.895
     6.230
     6.529
     6.854
     7.116
     7.377
     7.620
     7.909
     8.111
     8.305
     8.419
     8.552
     8.693
     8.830
     8.892
     8.921
     8.917
     8.943
     8.992
     9.005
     8.953
     8.933
     8.725
     8.721
     8.607
     8.426
     8.190
     7.835
     7.730
     7.277
     6.839
     6.701
     6.270
     5.852
     5.700
     4.969
     4.487
     4.180
     3.029
     2.554
     2.428
     1.516
     0.917
     0.435
    -0.228
    -0.728
    -1.465
    -2.305
    -3.307
    -3.745
    -4.410
    -5.608
    -5.563
    -5.508
    -6.819
    -7.128
    -6.485
    -5.769
    -6.222
    -6.736
    -5.963
    -4.387
    -4.277
    -3.901
    -2.440
    -1.980
    -2.269
    -2.537
    -1.973
    -2.069
    -1.264
    -1.453
    -1.234
    -1.132
    -1.032
    -1.151
    -0.656
     0.165
     2.572
     3.749
     2.704
     1.087
    -0.291
    -1.227
    -2.756
    -4.289
    -6.751
    -8.342
    -9.329
   -11.320
   -13.313
   -11.486
   -11.011
    -9.140
    -7.426
    -5.451
    -4.621
    -3.840
    -3.814
    -4.388
    -4.687
    -4.316
    -3.258
    -1.823
    -2.011
    -3.586
    -4.371
    -4.237
    -4.670
    -4.224
    -4.379
    -5.733
    -4.795
    -3.833
    -3.234
    -4.026
    -5.057
    -4.069
    -4.866
    -4.304
    -3.401
    -2.837
    -0.741
    -0.630
    -0.657
    -1.010
    -1.335
    -0.375
    -0.860
    -0.854
    -0.011
     1.390
     0.400
     0.768
     2.076
     1.435
     2.333
     3.221
     3.947
     3.265
     3.694
     3.716
     1.792
     2.460
     1.381
     2.921
     3.611
     3.314
     3.469
     4.448
     2.983
     3.956
     7.898
     6.199
     4.553
     4.997
     8.147
     8.345
     7.906
     8.362
     7.624
     7.200
     7.903
     7.530
     6.531
     6.660
     5.614
     6.422
     4.521
     1.491
     2.538
     2.292
     1.355
     1.510
     2.079
     0.967
    -1.133
    -0.351
     0.297
     1.724
     0.688
     0.536
     2.024
     3.348
     2.023
    -0.216
    -1.582
    -2.741
    -2.896
    -2.621
    -1.230
     2.387
     4.635
     4.938
     6.054
     5.416
     4.526
     0.546
    -0.033
     2.296
     5.507
     6.626
     7.709
     8.659
     8.934
    11.005
    12.134
    10.958
    12.759
    14.748
    13.450
    12.933
    14.035
    13.657
    13.032
    14.044
     9.790
     5.061
     5.118
     4.642
     1.116
    -1.069
    -2.378
    -4.087
    -6.267
    -5.551
    -7.942
    -5.234
    -7.711
    -8.009
    -8.299
    -9.851
   -13.065
   -14.375
   -16.048
   -15.112
   -17.253
   -17.455
   -17.762
   -18.645
   -18.397
   -18.158
   -17.493
   -19.496
   -15.011
   -14.293
   -12.595
   -12.811
   -16.490
   -19.296
   -19.430
   -16.125
   -15.462
   -16.800
   -15.922
   -13.990
   -13.996
   -14.243
   -11.353
    -9.118
    -9.615
    -7.126
    -7.102
    -5.181
    -3.719
    -4.020
    -4.325
    -5.458
    -2.395
    -0.689
    -1.306
    -0.658
     0.139
     1.239
     1.544
     2.769
     3.147
     4.291
     4.505
     4.667
     5.988
     6.130
     7.685
     8.365
     7.437
     8.583
     8.400
     8.202
     7.955
     8.727
     8.962
     9.377
     9.253
     8.749
     8.402
    11.167
    12.145
    12.762
    14.175
    12.825
    13.015
    13.709
    12.108
    10.462
    10.150
     8.952
     8.949
     5.685
     6.867
     9.630
     6.278
     4.829
     6.244
     8.036
     8.386
     6.775
     5.624
     4.149
     3.653
     5.103
     7.032
     8.842
     6.418
     6.035
     6.017
     5.429
     5.022
     3.350
     2.722
     3.525
     4.969
     7.369
     5.355
     4.634
     4.006
     3.779
     2.872
     4.531
     6.319
     7.098
     8.161
     4.848
     2.956
     2.763
     5.354
     6.348
     4.069
     2.940
     2.430
     1.857
     2.933
     1.937
    -0.103
    -1.447
    -2.302
    -3.133
    -3.622
    -4.757
    -0.718
    -1.362
    -2.955
    -6.350
    -9.490
    -9.181
    -9.616
    -9.308
   -10.108
   -10.268
    -9.360
   -11.624
   -12.814
   -12.965
   -13.332
   -13.776
   -13.815
   -13.975
   -12.630
   -12.958
   -12.472
   -12.838
   -12.174
   -12.884
   -13.565
   -11.805
   -11.393
   -10.548
   -10.216
    -9.901
    -9.100
    -8.073
    -7.517
    -8.044
    -6.465
    -7.240
    -4.753
    -3.629
    -4.449
    -4.151
    -5.260
    -5.389
    -3.710
    -1.360
    -0.723
    -0.194
    -1.195
    -2.408
    -1.664
     1.331
     1.927
    -0.532
    -0.055
     1.618
    -0.805
    -2.364
    -3.708
    -2.745
    -2.532
    -3.306
    -2.118
     0.013
     2.081
     6.382
     7.231
     7.001
     3.963
     2.051
     0.538
     0.397
     1.622
     3.549
     4.551
     3.498
     0.581
    -0.030
     0.088
     0.295
    -1.308
    -1.917
    -3.303
    -1.833
     1.273
     3.641
     4.299
     7.785
     7.619
     9.310
     7.768
     6.199
     7.575
    10.291
    15.132
    18.759
    21.355
    20.258
    19.101
    17.461
    22.768
    22.525
    20.666
    19.150
    19.375
    17.502
    14.182
    15.813
    14.842
    13.368
    11.109
    10.992
    10.766
    11.764
    10.350
     8.249
     6.909
     4.758
     3.065
     1.989
     0.247
    -1.357
    -1.772
    -1.771
    -4.199
    -6.599
    -9.155
   -11.370
    -9.063
   -11.425
   -11.914
    -9.616
    -7.049
    -6.975
    -7.950
    -9.284
   -10.085
    -9.289
    -9.125
    -9.359
    -8.231
    -7.920
    -7.799
    -8.719
    -9.911
    -9.470
   -10.028
    -9.919
   -10.234
   -10.642
   -14.083
   -13.982
   -10.756
    -8.825
    -6.782
    -7.124
    -8.184
    -8.669
    -7.761
    -7.107
    -7.079
    -7.688
    -8.804
    -6.843
    -6.379
    -5.156
    -6.443
    -7.542
    -8.335
    -7.157
    -5.550
    -4.825
    -2.390
    -2.935
    -3.688
    -5.759
    -6.719
    -7.174
    -4.620
    -2.564
    -2.419
    -3.079
    -1.696
    -1.653
    -1.103
    -0.091
    -0.235
     1.030
     1.936
     2.529
     4.366
     6.348
     7.155
     5.569
     3.940
     4.111
     5.318
     6.418
     7.650
     9.935
     8.990
     8.557
     9.112
    10.236
    11.078
    11.589
    11.776
    11.857
    11.810
    10.182
     9.382
     9.705
     9.788
     8.624
     7.515
     7.917
     7.303
     7.556
     6.389
     7.464
     8.891
     8.971
     7.864
     5.480
     3.809
     1.957
     0.239
    -0.374
    -1.400
    -2.832
    -3.457
    -3.162
    -2.504
    -3.104
    -3.755
    -3.671
    -1.454
     0.005
     1.355
     1.712
     1.171
     0.198
     1.717
     1.048
     1.094
     1.459
     1.135
    -0.037
     0.377
     1.230
     1.096
     0.051
    -1.524
    -1.184
    -2.493
    -3.484
    -3.781
    -2.651
    -2.902
    -4.171
    -5.915
    -6.733
    -5.997
    -6.052
    -6.506
    -7.728
    -7.844
    -7.216
    -8.078
    -7.803
    -8.500
    -9.219
    -8.433
    -8.301
    -8.445
    -6.779
    -6.024
    -7.287
    -5.832
    -6.533
    -6.869
    -6.844
    -5.450
    -3.690
    -3.412
    -3.009
    -2.727
    -3.396
    -2.416
    -1.223
    -1.985
    -1.648
    -1.341
    -1.377
    -0.047
    -0.074
    -0.152
     1.221
     0.581
     1.199
     0.171
     2.213
     0.884
    -0.153
    -0.837
    -0.579
    -0.186
     0.840
     0.588
     1.794
     0.406
     3.793
     5.543
     4.049
     6.713
     6.575
     9.284
     8.849
     9.604
     9.218
     8.616
     8.414
     9.348
     8.820
     8.179
     9.631
     8.939
     9.103
     7.535
     8.055
     6.295
     5.127
     4.031
     3.356
     3.939
     3.850
     3.533
     3.485
     2.674
     4.449
     4.618
     3.847
     4.995
     7.138
     5.733
     5.033
     4.372
     6.136
     7.026
     7.122
     6.208
     7.229
     6.163
     6.255
     3.912
     3.014
     3.181
     3.090
     1.637
     1.437
    -0.282
    -1.777
    -1.671
    -3.118
    -4.212
    -6.252
    -7.325
    -9.106
    -8.372
    -8.181
    -8.601
    -9.473
   -10.944
   -11.699
   -11.112
   -12.087
   -11.485
   -11.964
   -11.602
   -12.206
   -11.711
   -12.882
   -12.866
   -11.835
   -11.519
   -10.796
    -7.770
    -7.690
    -6.273
    -3.844
    -3.185
    -5.106
    -5.051
    -3.938
    -2.920
    -1.298
    -2.957
    -2.076
    -2.915
    -3.369
    -5.041
    -7.181
    -7.674
    -6.060
    -5.846
    -5.839
    -4.342
    -2.991
    -3.718
    -2.372
    -1.504
    -0.303
     1.077
     2.176
     3.249
     3.491
     3.120
     4.370
     5.129
     4.240
     6.008
     6.225
     5.416
     5.636
     5.464
     6.067
     3.969
     4.151
     6.096
     6.916
     7.726
     8.109
     8.003
     8.131
     7.330
     6.361
     5.696
     4.698
     3.975
     4.187
     3.708
     5.091
     5.541
     3.807
     2.165
     0.039
    -1.399
     0.114
    -0.715
    -2.648
    -3.534
    -2.177
     0.546
     2.330
     2.647
     3.217
     2.191
     2.398
     2.242
     1.448
     2.146
     1.368
     1.967
     0.869
     1.923
     1.495
     2.006
     1.457
     2.105
     2.260
     2.203
     1.733
     0.791
    -1.016
    -0.625
    -1.457
     0.157
     1.902
     1.522
     2.063
     0.763
     3.674
     4.242
     5.738
     5.315
     5.775
     7.156
     8.188
     8.905
     7.292
     6.208
     7.308
     4.741
     4.730
     4.663
     3.631
     3.367
     4.862
     4.853
     3.986
     5.685
     5.500
     4.920
     4.458
     4.748
     5.453
     4.410
     1.420
     1.183
    -0.817
    -2.253
    -3.684
    -3.445
    -2.647
    -3.357
    -2.576
    -4.220
    -4.606
    -5.096
    -6.061
    -7.328
    -6.711
    -6.667
    -8.310
    -7.840
    -7.179
    -6.519
    -7.286
    -6.900
    -5.776
    -6.887
    -8.777
    -8.204
    -8.521
    -8.445
    -7.183
    -8.742
   -10.180
   -11.574
   -12.209
   -12.461
   -11.684
   -11.943
   -11.555
   -12.018
   -11.240
   -10.566
   -12.641
   -11.665
   -12.460
   -11.949
    -8.772
    -4.675
    -3.846
    -4.841
    -4.226
    -5.649
    -5.761
    -5.872
    -5.519
    -8.130
   -10.452
   -10.041
   -11.176
   -11.753
   -13.264
   -12.938
   -12.062
   -10.934
   -11.492
    -9.392
    -6.170
    -2.899
    -0.366
     3.004
     2.477
     5.406
     7.117
     8.179
     9.120
     9.686
    11.763
    12.591
    14.671
    16.546
    19.138
    19.785
    20.428
    21.073
    20.392
    19.804
    19.055
    18.790
    19.460
    17.622
    15.307
    14.312
    15.833
    16.568
    19.296
    17.770
    15.081
    13.549
    14.348
    15.380
    16.902
    15.897
    15.896
    14.926
    13.719
    12.143
    10.747
     7.852
     5.977
     4.090
     1.856
     1.965
     2.324
     1.456
    -0.575
    -0.601
    -1.483
    -1.556
    -1.869
    -3.297
    -3.161
    -5.103
    -2.624
    -0.499
     1.106
     0.420
    -0.403
    -0.506
    -2.280
    -3.952
    -4.223
    -3.675
    -3.751
    -1.879
    -1.210
    -1.650
    -2.951
    -3.304
    -2.969
    -2.172
    -1.361
    -3.498
    -4.961
    -7.288
    -6.843
    -7.709
    -9.591
   -10.986
    -9.485
    -8.525
    -8.187
    -7.225
    -7.657
    -7.270
    -8.436
    -7.067
    -6.774
    -6.813
    -6.999
    -8.676
    -9.016
   -12.761
   -16.070
   -15.640
   -13.482
   -11.172
    -8.474
    -7.760
    -7.445
    -8.289
    -7.878
    -8.665
    -9.589
   -10.400
   -13.431
   -15.243
   -17.155
   -14.899
   -14.176
   -13.714
   -12.845
   -11.693
   -10.766
    -9.221
    -7.693
    -7.494
   -10.213
   -13.680
   -12.254
   -12.482
   -13.184
   -13.623
   -17.339
   -19.554
   -19.722
   -17.754
   -15.206
   -17.363
   -19.089
   -17.840
   -16.031
   -13.329
    -8.415
    54.929
    61.739
    43.385
    41.537
    40.865
    39.179
    39.109
    37.955
    41.770
    42.097
    38.949
    35.820
    34.258
    28.601
    27.560
    23.961
    25.095
    29.580
    23.222
    18.332
     7.616
     2.791
     8.164
     9.803
    13.125
     9.670
     4.424
     1.052
     0.755
    -0.112
    -5.494
   -10.078
   -15.304
   -16.366
   -12.531
   -14.932
   -21.366
   -23.980
   -26.764
   -25.327
   -26.451
   -19.342
   -16.465
   -14.378
   -10.827
   -10.069
   -13.509
   -13.024
    -6.622
    -3.404
    -4.836
    -8.967
    -9.566
    -7.569
    -4.279
     0.855
     6.194
    10.384
    13.754
    13.932
     9.652
     6.876
     8.467
     8.373
     7.198
     7.728
    10.141
    16.400
    11.256
     7.753
     6.918
     4.825
     2.867
     2.266
     3.986
     5.684
     1.832
    -3.507
     1.565
     3.753
     3.398
     4.886
     6.455
     5.810
     5.084
     5.913
     5.769
     2.410
    -0.082
     3.224
     1.043
    -1.067
     1.071
     2.316
     1.577
     0.386
    -2.473
    -6.093
    -9.913
    -8.242
    -2.415
    -1.527
    -4.271
    -5.331
    -7.669
   -13.014
   -17.830
   -19.377
   -23.191
   -22.492
   -25.611
   -25.650
   -27.427
   -27.887
   -27.031
   -31.060
   -33.003
   -30.635
   -29.710
   -29.637
   -29.449
   -27.404
   -18.752
    -9.053
   -13.129
   -15.891
    -6.679
    -2.579
    -0.097
     8.739
    15.075
     9.482
    15.312
    26.600
    43.084
    38.680
    20.937
    17.375
    21.716
    25.522
    20.920
    17.348
    17.111
    17.414
    16.242
    16.320
    14.147
    14.269
    13.962
    10.546
     7.276
    11.130
    14.825
    12.032
    10.609
    11.554
    15.727
     6.646
     2.564
     3.058
     4.246
     6.419
     8.504
     3.407
     7.956
    11.247
    13.842
    24.400
    24.443
    -0.125
    -7.797
     3.264
     5.456
     2.395
    -0.714
    -0.087
     3.545
     1.454
    -0.943
    -4.186
    -6.423
   -27.116
   -24.575
   -13.110
   -13.878
   -15.660
   -12.102
    -8.887
   -11.397
   -12.415
   -10.017
   -11.572
   -13.434
    -8.731
    -7.900
    -7.510
    -7.947
    -2.682
    -4.678
     2.132
     0.332
    -0.560
     1.176
     1.376
    -0.748
    -2.785
    -1.354
     2.331
     1.204
    -4.315
    -1.162
    -1.967
    -2.208
    -2.011
    -4.282
    -3.302
    -2.497
    -3.901
    -4.996
    -6.030
    -5.926
    -8.575
    -7.513
    -6.293
    -5.648
    -4.522
    -6.660
    -6.293
    -6.732
    -4.740
    -2.555
    -3.829
    -2.432
    -1.351
    -0.123
     0.277
     2.909
     3.177
     2.760
     1.002
     2.043
     4.896
     3.741
     2.873
     2.899
     2.298
     4.300
     6.218
     3.971
     2.272
     2.637
     1.144
     2.924
     3.930
     2.354
     5.852
     8.601
    19.244
    17.679
    12.454
    11.028
    11.442
    11.225
     9.115
     6.467
    10.549
    15.636
    15.697
     7.411
     4.145
     1.071
     4.798
     9.168
     4.789
    -0.643
    -3.981
    -1.477
    -4.350
    -4.174
    -2.027
     0.913
     1.638
     4.225
     3.877
     3.780
     3.951
     2.068
     5.265
     3.407
    -0.116
    -0.738
    -0.880
    -1.611
    -6.157
    -5.868
    -6.142
    -8.447
    -8.543
    -5.229
    -9.046
   -12.290
    -9.544
    -5.012
    -8.113
   -12.188
   -14.194
   -13.184
   -10.758
   -13.280
    -8.371
    -8.653
    -5.960
   -14.372
   -11.378
   -11.121
    -8.532
    -8.408
    -6.977
    -3.581
    -4.700
     0.069
    -1.655
     1.711
     3.875
     5.085
     5.694
     4.758
     1.638
     1.964
     5.128
     3.966
     2.818
     0.368
    -3.881
    -3.591
    -5.137
    -0.010
     0.977
     1.481
    -1.386
    -4.127
     1.103
     4.083
     4.178
     3.808
     2.658
     2.105
     9.939
     9.313
     6.662
     7.747
     7.004
     4.224
     1.005
    -0.523
    -0.892
     1.729
     1.536
     0.857
    -1.754
    -1.469
     2.775
     5.087
     3.208
     1.339
    -0.621
     8.349
    11.041
     4.096
     0.770
     3.597
     2.805
    -0.399
     1.940
     0.194
    -0.588
    -0.732
     1.461
     1.858
     4.036
     2.261
     1.189
     3.003
     1.811
     3.952
     2.924
     0.875
    -3.068
    -3.841
    -3.200
    -2.259
    -2.021
    -3.210
    -4.175
    -3.732
     0.044
    -0.113
    -0.965
     0.627
     0.428
    -2.071
    -3.645
    -0.924
    -0.457
    -0.730
    -2.616
    -0.257
    -2.696
    -3.996
    -3.202
    -4.290
    -0.394
     1.844
     3.509
     0.714
     1.721
     0.941
     0.159
    -0.585
     2.210
     0.782
     0.659
     2.626
     0.811
     0.754
     1.430
     1.918
    -0.613
    -0.078
    -1.012
     0.564
     0.281
     2.675
     3.499
    -0.875
     0.369
     3.778
     3.053
     1.740
     1.584
    -1.546
    -0.573
     4.262
     1.506
     1.284
     0.136
    -0.067
    -3.985
     0.902
     3.701
     1.711
     0.970
    -1.303
     0.325
     2.421
     2.322
     1.750
     1.508
     0.334
    -0.376
     0.584
     0.672
     0.766
    -0.181
    -2.103
     0.076
     1.041
    -1.041
    -2.084
    -1.443
    -3.717
    -1.821
    -2.682
    -2.463
    -1.597
    -0.830
     0.838
    -0.254
     0.191
     0.660
     0.699
     0.329
    -0.634
    -0.422
    -1.589
    -2.003
    -2.861
    -2.358
    -2.122
    -1.197
    -2.060
    -2.837
    -2.951
    -1.940
     0.549
     2.308
     0.876
    -0.407
    -0.417
    -1.169
    -0.338
    -1.288
    -1.762
    -2.775
    -3.830
    -4.525
    -5.426
    -6.083
    -4.472
    -4.665
    -5.890
    -5.325
    -6.574
    -4.896
    -5.468
    -6.097
    -9.205
    -8.976
    -8.773
    -8.277
    -8.426
    -7.428
    -7.638
    -6.203
    -5.786
    -6.124
    -5.037
    -4.826
    -5.268
    -4.415
    -4.296
    -4.801
    -5.236
    -4.880
    -1.692
     0.130
     0.211
     0.508
     1.301
     3.211
     4.311
     6.822
     7.608
     6.506
     9.125
    11.011
    12.824
    13.503
    14.115
    14.869
    15.452
    14.029
    11.923
    10.896
     9.783
     7.354
     4.415
     3.165
     5.180
     3.204
     0.745
     2.571
     2.298
     2.799
     3.738
     4.607
     7.800
     8.165
    10.040
     9.394
     9.739
    10.267
     9.466
     6.748
     7.859
     7.612
     9.335
     9.435
     8.827
    12.555
    15.311
    18.303
    14.084
    13.939
    13.711
     4.572
    -0.201
    -2.234
    -6.928
    -8.913
    -9.280
   -12.833
   -12.489
   -10.132
   -11.364
   -10.425
   -11.339
   -10.900
    -8.997
    -7.851
    -7.877
    -5.710
    -4.433
    -3.804
    -2.163
     1.814
     2.683
     6.852
     6.774
     3.971
     4.298
     4.746
     4.947
     5.724
     3.983
     3.067
    -0.213
    -1.526
    -0.606
    -0.559
    -1.220
    -1.929
    -4.169
    -6.664
    -7.306
    -8.241
    -7.824
    -8.045
    -8.225
    -8.012
    -6.331
    -5.479
    -4.249
    -2.797
    -6.194
    -7.273
    -8.676
    -8.935
    -9.172
   -10.348
   -13.210
   -14.685
   -18.077
   -18.916
   -19.324
   -19.807
   -19.999
   -18.936
   -18.426
   -18.126
   -19.205
   -18.167
   -17.628
   -18.857
   -16.824
   -16.463
   -16.574
   -15.281
   -15.849
   -14.704
   -14.734
   -14.686
   -10.930
    -9.063
    -5.843
    -2.843
     0.298
     3.188
     5.137
     5.965
     7.649
     6.828
     4.987
     5.013
     3.975
     7.205
    13.141
    16.672
    19.593
    17.983
    20.860
    25.902
    27.708
    27.461
    27.952
    29.991
    29.779
    29.145
    28.145
    24.605
    20.245
    18.066
    15.578
    11.962
    10.146
     9.865
     8.525
     8.010
    13.220
    13.065
    16.393
    16.028
    14.142
    11.326
    10.986
    10.497
    10.091
    10.652
    13.196
    12.794
    14.876
    14.937
    13.022
    11.450
     9.886
     8.311
     6.471
     5.636
     4.223
     5.878
     5.846
     6.111
     3.635
     1.913
     0.318
    -0.442
    -0.356
     0.354
    -1.594
    -2.761
    -4.209
    -4.790
    -4.130
    -2.409
    -4.829
    -8.428
   -11.570
   -13.659
   -16.065
   -17.296
   -20.231
   -21.269
   -21.289
   -20.215
   -24.771
   -25.149
   -25.888
   -24.677
   -20.932
   -20.200
   -20.557
   -20.450
   -20.977
   -18.611
   -16.478
   -15.311
   -13.013
   -13.488
   -12.605
   -11.541
   -10.765
   -10.829
   -11.813
   -11.878
   -12.676
   -16.761
   -11.449
   -10.470
    -5.894
    -4.959
    -2.170
     2.194
     1.525
     1.359
     0.827
    -1.484
    -4.141
    -2.531
     1.720
     2.813
     8.281
    11.524
    11.112
    10.036
    10.377
     8.873
     4.914
    10.980
    13.276
    13.360
    14.067
    14.779
    11.938
    13.915
    19.333
    14.791
    10.536
     6.459
     6.617
     8.793
     8.126
     3.929
     5.091
     5.270
     7.632
     7.809
     3.597
    -2.736
    -4.699
    -7.888
   -13.251
   -12.342
   -11.126
   -10.624
    -8.520
    -6.518
    -8.606
    -6.693
    -5.717
    -6.535
    -6.126
    -8.781
    -9.881
    -3.359
    -9.349
    -4.895
    -3.035
    -2.229
     3.319
     1.628
    -0.972
     0.622
     0.861
     1.431
     0.348
     2.113
     4.275
     8.671
    10.942
    10.475
    15.102
    16.166
    19.308
    20.573
    21.053
    19.314
    15.480
    18.494
    14.691
     8.907
     7.005
     4.923
     3.285
     2.960
     0.810
     2.787
     1.755
     5.897
     3.925
     2.974
     0.818
     0.970
     0.778
     1.233
     3.075
     5.277
     7.379
     7.268
     4.447
     4.801
     4.351
     1.698
     2.027
    -3.951
    -6.030
   -11.972
   -17.156
    -6.723
    -0.035
     0.414
     1.755
     0.729
    -3.325
    -5.361
    -5.406
    -7.156
    -7.719
    -6.640
    -2.090
     2.521
     7.030
    12.559
    10.469
     6.238
    -4.127
   -12.190
   -15.253
   -17.216
   -16.514
   -11.775
    -2.928
     1.038
     1.969
     1.458
    -0.524
    -3.219
    -4.094
    -4.259
    -6.448
    -7.769
    -7.867
    -7.809
    -6.106
    -5.529
    -6.423
    -5.824
    -6.539
    -7.532
    -7.996
    -6.995
    -6.282
    -5.836
    -5.830
    -5.895
    -6.009
    -7.397
    -6.780
    -7.013
    -8.444
    -8.193
    -8.150
    -4.262
     2.149
     3.610
     7.074
     7.111
     7.870
     6.715
     5.643
     4.244
     2.292
     1.088
    -1.216
    -2.399
    -2.478
    -2.922
    -2.913
    -1.703
    -1.291
    -0.453
     1.143
    -0.453
    -0.210
     0.532
     0.675
     1.375
     1.291
    -1.016
    -0.611
    -0.859
    -0.257
     0.224
    -0.372
     0.043
    -0.436
     1.036
     1.383
     3.990
     0.372
    -0.965
    -1.713
     1.208
     1.536
     1.171
     0.209
     0.356
     1.473
     2.277
     1.182
     1.633
     2.695
     4.371
     4.514
     5.535
     4.067
     3.550
     3.926
     5.002
     6.282
     6.417
     5.635
     6.054
     5.932
     6.605
     4.662
     4.244
     3.393
     2.556
     3.513
     2.312
     1.192
     2.971
     1.971
     1.049
     0.810
     2.142
     2.250
     2.468
     3.730
     4.909
     5.790
     8.039
     8.757
     9.734
    10.541
    10.562
     9.285
     9.104
     7.337
     6.482
     7.839
     7.808
     5.898
     6.522
     7.791
     5.824
     5.823
     3.384
     2.804
    -0.046
    -3.744
    -5.297
    -7.034
    -8.545
    -8.219
    -9.134
    -7.626
    -8.824
    -7.015
    -7.351
    -7.751
    -8.169
    -8.935
    -7.508
    -7.579
    -6.782
    -8.180
    -7.257
    -6.818
    -6.774
    -4.780
    -2.214
    -2.286
    -2.178
    -1.865
    -0.916
    -2.613
    -2.173
    -2.723
    -3.245
    -3.404
    -3.773
    -2.895
    -3.399
    -3.221
    -2.701
    -3.027
    -2.550
    -1.495
    -1.912
    -3.538
    -3.345
    -3.670
    -4.435
    -4.109
    -4.435
    -4.103
    -4.237
    -5.218
    -4.176
    -3.292
    -2.615
    -2.397
    -1.599
    -1.425
    -1.689
    -2.631
    -2.786
    -2.543
    -1.784
    -2.506
    -2.301
    -1.296
    -1.101
    -0.918
    -0.520
     0.538
     1.270
     1.274
     1.990
     2.693
     3.439
     2.986
     3.137
     3.123
     2.810
     2.732
     3.022
     3.030
     3.120
     3.200
     4.088
     4.519
     4.030
     3.980
     3.755
     3.535
     3.689
     2.836
     1.271
     1.152
     1.071
     1.511
     1.484
     0.466
     0.965
     0.100
     0.657
     0.711
     0.380
     1.011
     1.609
     1.795
     1.363
     1.184
     1.256
     1.946
     1.328
     0.824
     1.614
     0.628
     0.538
    -0.900
     0.106
    -0.709
     0.074
     0.046
     1.930
     2.369
     2.615
     3.301
     3.295
     3.688
     2.778
     2.505
     2.163
     1.729
     1.250
     0.638
    -0.008
    -0.073
     0.434
    -0.442
    -2.258
    -1.978
    -1.846
    -2.592
    -2.316
    -1.639
    -0.040
     0.923
     1.889
     0.932
     1.091
     0.798
     0.892
     1.696
     1.351
     2.251
    -0.040
    -0.346
    -0.716
    -0.515
     1.747
     0.558
     1.128
     2.072
     2.072
     3.041
     2.377
     2.002
     1.683
     1.577
     1.191
     1.229
     1.548
     0.691
     0.800
     1.176
     0.770
     1.243
     1.181
     0.223
     1.011
     0.540
    -0.530
    -0.182
    -0.594
    -0.692
    -2.557
    -0.451
    -0.780
    -0.678
    -0.805
    -1.540
    -1.146
    -1.578
    -1.393
    -1.542
    -0.748
    -0.182
    -0.734
    -1.523
    -1.420
    -1.925
    -0.911
    -0.263
    -1.022
    -1.335
    -2.026
    -1.018
    -1.559
    -0.802
    -1.058
    -2.024
    -2.501
    -0.460
    -0.901
    -1.179
    -0.877
    -0.355
    -0.566
    -1.247
    -1.379
    -1.287
    -0.841
    -0.851
    -1.988
    -1.993
    -1.647
    -1.662
    -2.843
    -3.543
    -2.656
    -3.766
    -3.696
    -3.306
    -3.754
    -5.405
    -5.288
    -5.419
    -5.554
    -4.939
    -5.269
    -5.112
    -4.690
    -5.040
    -5.450
    -4.923
    -5.562
    -5.664
    -6.695
    -7.410
    -7.417
    -7.621
    -7.366
    -7.482
    -5.482
    -4.539
    -3.934
    -1.599
    -0.042
     1.742
     3.176
     4.404
     6.462
     9.961
     9.083
    10.048
     9.176
     9.801
    10.157
     8.441
     7.153
     6.887
     6.249
     5.458
     4.975
     4.714
     4.394
     5.532
     5.305
     6.264
     6.750
     6.821
     5.603
     6.385
     4.564
     4.450
     4.027
     4.593
     5.733
     4.594
     3.526
     3.673
     3.437
     2.362
     2.845
     2.518
     3.170
     3.603
     2.040
     1.623
     1.097
    -0.560
    -0.938
     0.567
     0.922
     0.925
     0.905
     1.866
     0.903
     0.416
     0.924
     1.475
     2.595
     0.773
    -0.073
     0.872
     1.057
    -0.519
    -2.372
    -2.329
    -1.172
    -0.368
     1.133
     2.598
    -2.110
    -5.080
    -6.002
    -5.428
    -4.157
    -3.562
    -1.666
    -1.166
    -2.293
    -2.661
    -3.649
    -4.490
    -5.735
    -5.239
    -3.961
    -2.169
    -3.066
    -1.554
    -2.131
    -2.135
    -3.689
    -3.828
    -3.663
    -3.686
    -1.517
    -0.393
    -0.032
     0.177
    -0.081
    -0.593
    -1.214
    -0.729
    -1.181
    -0.156
    -0.297
    -2.023
    -1.730
    -0.095
     0.358
     1.272
    -0.062
    -0.152
    -1.028
    -1.820
    -2.669
    -3.092
    -2.919
    -1.911
    -1.874
    -2.633
    -2.367
    -1.906
    -1.647
    -1.115
    -1.265
    -0.551
     0.385
     0.840
     1.600
     0.271
    -0.388
    -0.790
    -1.451
    -1.134
    -0.939
    -1.586
    -2.124
    -1.905
    -1.068
    -1.112
    -1.245
    -0.473
    -0.695
     0.161
    -0.369
     0.085
     0.139
     0.847
     0.648
    -0.543
    -3.261
    -3.182
    -3.515
    -1.725
     0.346
     1.451
     2.647
     3.213
     1.598
     2.245
     3.117
     4.386
     5.085
     2.382
     1.684
     1.845
     2.020
     2.188
     1.575
     1.558
     1.716
     2.916
     2.986
     2.908
     2.524
     2.469
     3.457
     4.382
     2.883
     2.326
     1.587
     2.287
     2.470
     1.604
     1.830
     1.591
     2.628
     1.961
     2.179
     2.221
     0.955
     1.433
     2.073
     2.099
     1.779
     1.469
     1.430
     0.570
     0.575
     0.757
     0.065
     1.090
    -0.446
    -0.234
    -0.261
     0.301
    -0.058
    -0.300
     1.074
    -0.550
    -1.141
    -1.157
    -1.732
    -2.867
    -2.446
    -2.578
    -1.929
    -0.741
    -1.000
     0.954
     0.830
     0.570
     0.120
    -0.019
     0.763
     1.364
     0.914
     1.504
    -0.981
    -0.800
    -1.691
    -2.342
    -1.040
    -0.929
    -0.617
     0.054
     0.485
    -0.715
    -0.187
    -0.401
    -1.409
    -1.925
    -2.434
    -2.977
    -0.819
    -1.471
    -0.623
    -1.116
    -0.974
    -0.403
    -0.871
    -0.848
    -1.134
    -0.380
    -1.257
    -1.927
    -2.004
    -2.341
    -2.737
    -1.294
    -1.578
    -1.208
    -1.811
    -1.229
    -0.634
    -1.173
    -2.170
    -2.584
    -2.348
    -1.767
    -1.340
    -2.082
    -1.874
    -2.142
    -2.290
    -3.030
    -2.349
    -3.066
    -2.826
    -1.910
    -1.765
    -1.134
    -0.193
    -0.107
     0.066
    -0.882
    -0.866
    -0.763
    -0.577
     0.202
    -0.370
     0.480
    -0.138
     1.109
     1.107
     0.620
    -0.165
     1.620
     1.058
     0.970
     1.566
     1.510
     0.911
     0.618
     1.678
     3.026
     2.073
     2.674
     2.599
     2.514
     3.141
     3.085
     2.294
     2.334
     1.940
     3.132
     2.395
     1.940
     2.804
     2.915
     3.620
     4.314
     3.758
     3.891
     3.304
     4.134
     4.850
     4.339
     5.113
     5.124
     5.551
     5.184
     4.845
     5.524
     5.035
     2.304
     3.684
     3.327
     2.758
     1.969
     2.631
     0.611
     0.379
     0.934
     1.901
     0.856
     1.301
    -0.442
     0.838
     0.288
    -1.970
    -0.699
     0.166
     0.136
     0.283
    -1.370
    -1.953
    -3.038
    -4.353
    -4.907
    -6.496
    -7.380
    -7.328
    -7.590
    -7.896
    -8.932
    -7.276
    -9.109
    -8.218
    -5.480
    -8.400
    -5.575
    -5.434
    -3.304
    -4.452
    -3.798
    -2.721
    -2.219
    -1.847
    -1.987
    -2.036
    -0.646
    -2.512
    -3.012
    -2.305
    -2.566
    -3.816
    -4.833
    -5.441
    -4.617
    -5.393
    -6.405
    -7.220
    -4.719
    -4.982
    -5.493
    -3.511
    -3.977
    -3.954
    -4.682
    -0.183
    -4.866
    -4.207
    -2.853
    -5.329
    -5.849
    -6.264
    -4.955
    -0.641
    -0.631
     0.058
     0.672
     2.175
     2.007
     4.690
     5.051
     5.334
     6.437
     7.401
     7.911
     9.869
    11.294
    11.527
    11.016
    11.342
    11.063
    11.322
    11.673
    16.448
    16.253
    14.576
    11.207
     9.389
    12.882
    15.576
    11.731
     8.609
    13.826
     9.420
    11.664
     9.696
     9.073
     7.331
     6.725
     4.451
     5.324
     4.710
     4.925
     3.397
     1.069
     1.005
     0.313
     0.047
    -0.252
    -0.358
    -0.502
    -0.986
    -0.885
    -1.833
    -1.681
    -1.711
    -1.955
    -2.640
    -1.069
    -2.061
    -1.300
    -3.357
    -3.878
    -4.236
    -4.470
    -5.852
    -6.223
    -6.811
    -7.388
    -8.168
    -6.527
    -6.978
    -7.028
    -8.413
    -9.812
    -9.115
    -9.559
    -9.016
    -8.369
    -9.006
    -9.301
    -9.186
    -8.999
    -8.263
    -8.507
    -8.260
    -8.576
    -8.427
    -8.162
    -7.808
    -7.739
    -7.259
    -7.081
    -6.750
    -6.644
    -6.445
    -6.271
    -5.939
    -5.844
    -5.337
    -5.167
    -5.068
    -4.993
    -4.764
    -4.776
    -4.452
    -4.204
    -3.692
    -3.584
    -3.144
    -2.727
    -2.195
    -1.936
    -1.562
    -1.235
    -0.852
    -0.499
    -0.139
     0.207
     0.577
     0.925
     1.302
     1.635
     2.014
     2.361
     2.743
     3.089
     3.474
