     5.663
     5.878
     6.091
     6.286
     6.481
     6.653
     6.831
     6.996
     7.150
     7.295
     7.433
     7.541
     7.613
     7.712
     7.746
     7.754
     7.737
     7.640
     7.567
     7.538
     7.410
     7.204
     7.065
     7.007
     6.976
     6.689
     6.664
     6.449
     5.964
     5.987
     5.829
     5.440
     4.946
     4.383
     3.968
     3.334
     2.838
     2.593
     1.845
     1.494
     1.056
     0.634
     0.043
    -0.658
    -1.368
    -1.814
    -2.138
    -3.038
    -3.572
    -4.507
    -4.858
    -5.870
    -6.357
    -7.102
    -7.765
    -9.218
    -9.834
   -10.037
   -10.821
   -11.460
   -11.404
   -11.677
   -11.953
   -11.391
   -10.386
   -10.034
    -8.965
    -7.227
    -5.459
    -3.664
    -1.195
    -1.223
    -1.128
     0.646
     1.229
     1.612
     2.132
     3.190
     3.469
     2.424
     2.435
     2.729
     2.818
     4.868
     7.316
     7.995
     7.704
     6.187
     3.826
     3.119
     2.525
     1.663
    -0.010
     0.315
    -1.915
    -3.605
    -5.641
    -4.429
    -3.468
    -2.241
    -1.618
     0.160
    -0.208
     0.011
    -0.667
    -2.542
    -2.571
    -2.760
    -1.861
    -1.322
    -2.355
    -2.833
    -2.921
    -3.366
    -2.038
    -3.152
    -4.954
    -6.043
    -4.561
    -3.829
    -4.194
    -4.578
    -5.516
    -5.525
    -5.002
    -5.335
    -3.685
    -3.782
    -1.586
    -3.260
    -2.294
    -2.858
    -3.837
    -3.527
    -3.651
    -2.361
    -1.955
    -0.394
    -1.002
    -0.819
    -0.500
    -0.239
     0.364
     1.376
     1.096
     0.848
     0.404
     0.216
    -0.112
    -1.204
    -0.375
    -0.056
     1.922
     0.521
     0.574
     0.034
     0.330
     1.783
     5.079
     2.352
     1.372
     2.773
     5.615
     6.418
     8.035
     8.130
     8.462
     7.758
     7.274
     6.962
     6.354
     6.723
     3.938
     4.986
     4.085
     2.955
     4.590
     3.149
     3.037
     3.916
     5.032
     3.295
     0.901
     1.515
     2.891
     3.636
     3.248
     4.182
     5.668
     6.546
     5.101
     2.948
    -0.568
    -1.408
    -1.658
     1.428
     2.886
     7.069
     7.785
     8.769
     8.297
     6.722
     4.763
     0.992
    -1.561
    -0.476
     4.759
     7.274
     6.194
     6.716
     7.351
     7.308
     8.089
     4.409
     7.058
     8.612
     7.239
     6.927
     7.142
     6.168
     7.393
     8.331
     5.274
    -1.278
    -0.474
     0.231
    -1.253
    -3.381
    -3.257
    -4.135
    -4.175
    -4.658
    -4.612
    -1.067
    -3.076
    -3.335
    -2.085
    -5.758
    -8.773
    -9.448
    -9.157
   -11.133
   -12.261
   -13.921
   -14.159
   -16.817
   -15.439
   -17.293
   -15.593
   -16.238
   -11.074
   -14.718
    -7.692
    -9.638
   -18.828
   -19.226
   -16.312
   -14.036
   -14.258
   -14.765
   -14.720
   -13.304
   -13.990
   -13.977
   -11.073
   -11.431
   -10.125
    -8.438
    -6.998
    -4.492
    -2.969
    -3.288
    -4.856
    -4.073
    -1.810
    -0.712
    -1.775
    -1.864
    -0.912
    -0.656
     0.066
     1.799
     1.641
     0.166
    -0.671
     1.509
     1.981
     3.965
     5.214
     4.960
     6.328
     6.666
     6.031
     6.401
     6.768
     7.029
     6.447
     6.179
     6.487
     7.066
     9.913
     9.028
     9.535
    11.345
    11.807
    11.706
    12.242
    11.999
    10.906
     9.771
     7.753
     9.415
    10.592
    10.206
    10.675
    11.569
     9.658
     9.378
     9.036
    10.377
    10.426
    10.375
     8.393
     8.879
     7.787
     8.380
    10.004
    10.802
     8.892
     7.742
     8.244
     7.752
     6.560
     4.782
     3.660
     4.875
     6.596
     7.230
     5.174
     4.904
     4.289
     5.421
     4.897
     5.221
     7.143
     8.564
     7.726
     2.322
     1.339
     2.549
     3.914
     3.668
     2.631
     1.602
    -0.218
    -0.630
     1.508
    -0.331
    -3.644
    -3.919
    -4.719
    -5.213
    -6.206
    -3.778
    -2.677
    -4.283
    -6.675
    -8.118
   -10.327
    -8.724
    -8.833
    -9.745
   -10.590
    -7.708
    -9.701
   -11.267
   -10.753
   -11.456
   -12.785
   -13.559
   -13.082
   -12.750
   -11.451
   -12.658
   -11.379
   -11.940
   -12.689
   -12.958
   -13.456
   -11.367
   -10.439
   -10.758
    -9.544
    -9.297
    -9.370
    -9.604
    -8.802
    -7.883
    -7.773
    -7.593
    -5.322
    -6.061
    -4.994
    -6.770
    -6.486
    -6.328
    -4.778
    -2.958
    -4.205
    -3.759
    -5.375
    -5.714
    -3.334
     0.118
     0.062
    -1.995
    -0.845
    -0.915
    -2.182
    -2.167
    -2.903
    -1.808
    -2.032
    -0.800
     1.522
     5.313
     9.643
    11.332
    10.657
     7.498
     4.770
     3.039
     2.738
     3.647
     6.523
     5.994
     6.069
     3.853
    -1.160
     0.436
     1.575
     1.660
    -1.285
    -1.350
    -2.028
    -0.603
     2.935
     4.952
     6.788
     8.565
    10.285
     7.418
     4.835
     4.728
     7.028
     9.961
    15.070
    16.029
    18.209
    16.414
    16.911
    17.732
    21.719
    21.655
    19.538
    19.482
    18.408
    17.201
    14.842
    13.858
    11.653
    10.662
     9.870
    10.188
    11.006
    10.313
     9.365
     6.188
     4.460
     3.608
     2.201
     0.765
    -0.697
    -1.039
    -2.023
    -3.603
    -5.406
    -6.353
    -8.745
   -10.528
    -9.336
   -10.042
    -9.837
    -8.084
    -6.364
    -5.962
    -7.743
    -8.474
    -7.838
    -7.144
    -8.256
    -8.002
    -7.476
    -7.343
    -7.732
    -9.396
    -9.861
    -9.862
    -9.929
    -9.778
    -8.793
   -11.084
   -13.037
   -13.254
    -8.909
    -6.553
    -5.868
    -6.667
    -6.681
    -5.593
    -4.800
    -3.902
    -5.234
    -6.480
    -7.692
    -5.613
    -3.155
    -4.152
    -5.908
    -6.160
    -7.070
    -5.670
    -3.050
    -2.098
    -0.901
    -1.924
    -3.168
    -5.878
    -6.806
    -6.167
    -3.606
    -2.413
    -2.024
    -2.891
    -2.181
    -1.947
    -2.309
    -0.097
     0.684
     1.343
     2.173
     3.547
     5.399
     7.121
     6.073
     4.316
     2.969
     4.631
     5.053
     5.840
     6.559
     8.104
     5.789
     6.790
     6.652
     6.860
     7.942
     8.041
     7.616
     8.393
     8.125
     6.112
     6.005
     6.758
     6.000
     5.715
     4.575
     4.229
     4.225
     4.232
     4.476
     5.213
     6.961
     7.325
     4.598
     3.478
     1.032
    -0.118
    -1.953
    -2.312
    -3.325
    -3.632
    -4.706
    -3.379
    -3.607
    -4.379
    -4.725
    -3.102
    -1.856
    -0.323
     0.400
     0.036
     0.108
     0.790
     0.572
     0.100
     1.858
     1.830
     0.898
     2.230
     1.290
     1.773
     1.719
     0.935
     1.237
     0.944
    -0.137
    -0.080
    -1.084
    -0.565
    -1.639
    -2.928
    -5.177
    -4.382
    -4.830
    -4.008
    -3.732
    -4.615
    -4.372
    -4.609
    -6.042
    -5.118
    -6.443
    -6.161
    -6.375
    -6.399
    -5.029
    -4.450
    -3.915
    -5.003
    -3.733
    -3.522
    -3.219
    -4.747
    -3.809
    -1.153
    -1.571
    -1.488
    -1.893
    -2.270
    -0.820
     0.874
    -0.423
     0.444
     1.497
     1.752
     1.823
     1.283
     1.193
     2.666
     2.959
     3.555
     3.010
     3.245
     2.522
     0.645
     0.556
     1.673
     3.066
     3.185
     3.404
     4.457
     3.613
     4.682
     2.959
     3.954
     4.577
     3.261
     5.545
     3.746
     5.271
     4.258
     4.206
     3.587
     6.240
     6.526
     5.634
     5.805
     5.831
     5.881
     4.775
     5.355
     3.366
     2.150
     2.622
     3.218
     3.481
     3.976
     3.023
     3.659
     3.981
     4.018
     3.937
     4.365
     5.550
     5.832
     4.491
     4.405
     3.974
     4.889
     6.010
     4.600
     4.370
     4.232
     3.637
     3.534
     2.116
     1.074
     1.147
     1.061
    -0.358
    -0.300
    -1.337
    -2.027
    -3.317
    -4.063
    -5.052
    -6.042
    -6.411
    -8.448
    -8.455
    -6.450
    -7.760
   -10.266
   -11.058
   -11.828
   -10.974
   -11.766
   -11.848
   -12.050
   -12.845
   -13.655
   -13.128
   -13.766
   -13.335
   -13.385
   -12.419
   -11.078
    -9.706
   -10.589
    -8.639
    -7.628
    -7.130
    -7.342
    -6.900
    -7.011
    -4.956
    -3.112
    -4.763
    -4.925
    -5.485
    -4.900
    -5.693
    -7.056
    -8.773
    -6.593
    -5.721
    -5.325
    -4.935
    -3.778
    -3.928
    -3.729
    -2.367
    -1.129
     1.130
     2.204
     4.673
     3.752
     4.472
     6.102
     7.298
     6.531
     7.510
     7.664
     8.844
     8.735
    10.052
     9.854
     7.317
     7.951
    10.115
    11.758
    12.548
    13.392
    12.861
    13.315
    11.956
    11.068
     9.313
     9.996
     9.164
     8.963
     8.824
     8.859
     8.833
     7.042
     4.714
     2.949
     2.444
     3.364
     2.604
     0.675
     0.556
     2.927
     4.968
     6.366
     6.661
     5.588
     5.692
     5.937
     5.663
     5.918
     5.404
     5.777
     6.264
     6.811
     7.136
     7.003
     6.706
     6.425
     5.566
     6.275
     5.560
     4.956
     4.464
     4.209
     3.684
     1.273
     1.630
     1.014
    -0.406
    -0.888
    -2.455
    -2.644
    -3.792
    -5.292
    -4.382
    -5.861
    -4.504
    -4.010
    -4.870
    -7.500
    -8.454
    -9.919
    -9.802
    -9.113
    -8.952
    -8.569
    -7.897
    -6.668
    -6.300
    -5.106
    -4.179
    -4.911
    -3.242
    -2.422
    -1.213
     1.565
     1.584
    -0.447
     1.426
     1.130
    -0.480
    -0.588
     0.286
     1.353
     0.834
     0.412
    -1.497
    -1.597
    -2.652
    -3.589
    -4.032
    -3.947
    -4.901
    -6.668
    -7.192
    -6.898
    -6.752
    -6.734
    -6.031
    -4.195
    -6.666
    -8.110
    -7.524
    -5.857
    -7.515
    -7.252
    -8.819
    -9.473
   -10.188
   -11.133
   -10.730
   -10.317
   -10.319
   -10.637
   -10.954
    -9.104
    -7.882
    -9.329
    -9.652
    -9.912
   -10.277
    -8.521
    -6.197
    -5.596
    -6.731
    -6.236
    -6.875
    -5.649
    -2.312
    -0.549
    -1.300
    -0.514
    -1.707
    -2.037
    -1.843
    -1.947
    -1.424
    -1.091
    -0.826
     0.193
     0.763
     1.294
     2.859
     3.636
     5.571
     4.999
     6.394
     7.141
     6.410
     6.144
     6.326
     6.340
     6.300
     8.202
    10.270
    11.742
    12.330
    13.845
    14.405
    14.863
    13.906
    14.625
    14.194
    15.160
    14.157
    14.300
    13.762
    13.939
    16.242
    17.957
    17.151
    15.321
    14.374
    15.483
    19.164
    20.044
    19.193
    19.432
    18.800
    18.282
    15.198
    13.602
    11.847
     9.012
     8.646
     6.827
     5.434
     6.257
     5.431
     4.183
     2.822
     2.249
     0.869
    -0.855
    -1.586
    -2.218
    -4.227
    -3.476
    -1.772
    -1.833
    -1.998
    -2.812
    -3.295
    -5.117
    -6.115
    -5.363
    -5.989
    -4.265
    -3.554
    -2.445
    -2.304
    -2.451
    -2.078
    -2.339
    -0.918
    -0.997
    -4.099
    -2.762
    -4.609
    -6.683
    -6.766
    -7.920
    -8.647
    -8.860
    -8.071
    -7.891
    -8.032
    -7.876
    -8.172
    -9.186
    -8.378
    -6.536
    -8.131
    -7.538
    -9.162
   -10.026
   -14.251
   -16.885
   -16.497
   -15.060
   -15.218
   -14.215
   -12.876
   -14.349
   -12.945
   -13.414
   -14.463
   -15.215
   -18.144
   -20.153
   -20.864
   -21.339
   -21.478
   -21.958
   -21.372
   -20.831
   -20.312
   -19.093
   -18.345
   -17.274
   -18.867
   -20.360
   -23.240
   -21.962
   -22.215
   -24.348
   -25.952
   -28.645
   -32.235
   -33.692
   -31.440
   -30.813
   -30.420
   -32.269
   -30.545
   -29.050
   -27.324
   -14.935
    64.178
    75.903
    52.707
    46.663
    45.111
    45.856
    43.298
    42.532
    50.240
    52.472
    50.815
    46.644
    42.799
    36.530
    35.394
    32.811
    37.868
    38.885
    33.220
    31.496
    21.711
    16.868
    21.935
    24.767
    31.499
    30.038
    26.263
    22.754
    23.414
    23.647
    20.439
    15.617
     9.902
    10.594
    10.768
     5.525
    -0.969
    -7.656
   -11.288
   -10.847
   -12.646
    -7.050
    -3.187
    -0.371
    -1.145
    -0.325
    -2.473
    -2.501
     1.578
     3.569
     0.010
    -3.343
    -8.354
    -9.324
    -7.537
    -4.484
    -5.278
     3.837
     0.035
    -3.687
    -7.874
   -11.829
   -10.661
   -11.715
   -10.818
   -10.987
    -7.935
    -0.170
    -4.513
    -6.815
    -8.485
   -12.291
   -15.125
   -14.184
   -13.612
   -11.574
   -16.417
   -21.076
   -16.271
   -12.612
   -12.948
   -12.892
    -9.937
    -8.659
    -8.926
    -8.739
    -8.183
   -11.213
   -14.987
   -12.267
   -12.651
   -13.437
   -12.100
   -14.230
   -15.522
   -16.980
   -22.162
   -24.510
   -28.639
   -24.051
   -16.644
   -10.453
   -12.776
   -12.291
   -11.868
   -16.376
   -20.145
   -19.451
   -23.155
   -22.886
   -23.701
   -24.535
   -26.284
   -23.384
   -19.305
   -18.083
   -18.122
   -15.921
   -11.005
    -6.380
    -1.383
     1.564
     9.404
    21.011
    22.130
    20.590
    28.557
    36.883
    35.579
    38.883
    47.127
    50.552
    47.162
    45.507
    55.831
    57.847
    40.318
    28.671
    25.789
    28.289
    21.284
    13.472
    11.734
    10.942
     5.504
     3.144
     7.399
     5.568
     4.909
     4.422
     0.972
    -0.366
     3.660
     3.702
     2.433
     2.243
     3.752
    -1.135
    -3.305
    -1.848
    -1.793
    -0.226
     0.852
    -0.297
     2.732
     6.391
    13.595
    22.342
    18.251
    -6.148
   -17.622
    -9.688
    -4.720
    -1.000
    -6.292
    -9.081
    -6.818
    -7.957
    -5.910
    -5.968
    -0.449
   -16.021
   -20.350
   -11.830
   -10.161
   -16.024
   -13.958
   -11.720
   -12.788
   -10.793
   -10.420
   -11.351
   -12.572
   -10.038
   -10.620
   -11.141
    -8.064
    -6.359
    -3.962
     1.198
    -0.646
     0.604
     2.100
     3.329
     0.635
    -3.519
    -1.556
     3.383
     3.915
     1.561
     0.326
    -2.325
    -2.013
    -3.148
    -3.173
    -2.718
    -4.988
    -5.482
    -4.573
    -7.074
    -7.298
    -9.987
    -7.653
    -9.970
    -5.845
    -4.004
    -5.825
    -4.064
    -4.510
    -3.818
    -0.642
    -0.237
     0.296
     3.170
     4.561
     4.416
     6.991
     6.820
     4.093
     3.334
     3.342
     8.396
     6.114
     6.411
     5.645
     6.916
     6.924
     8.080
     7.654
     3.847
     6.099
     5.359
     6.635
     3.718
     5.241
    11.646
     9.835
    10.918
     8.813
     5.314
     8.695
     8.824
     7.023
     4.663
     3.276
    12.405
    21.906
    11.998
     4.746
    -1.476
    -3.509
     2.824
     6.661
    -0.763
   -10.946
    -7.177
    -7.109
   -12.291
   -10.421
    -8.189
    -5.877
    -4.472
    -0.129
    -0.078
    -0.429
    -2.542
    -1.856
     0.428
    -2.761
    -4.658
    -5.646
    -3.711
    -5.677
   -10.836
    -9.221
   -11.821
   -12.044
   -14.552
    -8.333
   -11.936
   -13.628
    -9.207
    -2.806
    -8.217
    -8.492
   -10.856
   -13.114
    -9.445
   -11.000
    -6.298
    -4.543
    -0.894
    -5.500
    -3.170
    -3.093
    -2.331
    -2.716
    -2.671
     2.912
     2.380
     8.024
     8.612
     9.885
    12.579
    13.693
    13.772
    13.558
    10.584
     9.468
    18.279
    14.948
    13.651
     8.138
     1.290
     3.058
     0.807
     3.947
     7.140
     6.632
     4.352
    -0.004
     1.509
     5.226
     5.514
     2.512
     1.167
     2.829
    12.797
    11.980
     5.095
     2.905
     2.105
     0.633
    -3.297
    -4.559
    -6.375
    -3.420
    -3.592
    -2.227
    -6.584
    -5.853
    -1.841
     6.501
     2.270
    -9.835
    -8.942
     5.032
     8.649
     2.247
    -6.898
    -2.632
     1.505
    -7.676
    -5.379
    -6.380
   -11.326
    -8.677
    -4.897
    -5.040
    -2.121
     1.382
    -1.249
    -2.017
     1.275
     4.992
     2.903
    -0.137
    -2.254
    -4.639
    -3.133
    -3.348
    -2.911
    -4.681
    -4.807
    -6.201
    -0.009
    -0.193
    -0.198
    -0.463
     3.127
    -0.871
    -2.204
     1.120
     1.727
     3.172
     0.292
     1.755
    -0.428
    -0.223
    -1.156
    -2.842
     2.508
     6.630
     6.525
     0.962
     1.333
     3.366
     0.903
     0.886
     3.929
     3.817
     6.553
     6.894
     4.228
     3.004
     3.728
     3.018
     1.287
     3.473
     1.309
     0.127
     0.702
     1.738
     3.051
    -0.420
    -1.548
     0.660
     2.702
     1.964
     3.169
    -1.870
    -1.271
     2.762
     3.087
     2.026
    -0.304
    -4.870
    -7.386
     1.029
     4.198
    -2.499
    -9.822
   -10.624
    -4.934
    -2.259
    -3.012
    -5.275
    -5.459
    -6.496
    -4.320
    -3.156
    -4.481
    -3.971
    -3.397
    -3.581
    -2.470
     1.831
    -1.206
    -6.279
    -4.325
    -4.703
    -2.607
    -3.711
    -4.605
    -2.219
    -0.815
    -0.281
    -0.920
     2.174
     1.885
     2.939
     0.486
     1.719
     2.231
     1.622
     1.170
     1.421
     1.156
     1.771
     3.119
     2.495
     2.287
     2.868
     5.162
     5.879
     6.386
     5.890
     5.095
     6.143
     7.174
     7.158
     6.223
     5.235
     3.935
     2.922
     3.211
     2.199
    -0.777
     1.789
     1.262
    -1.012
    -2.543
    -2.403
    -1.809
    -1.713
    -2.813
    -4.744
    -4.638
    -4.690
    -3.623
    -4.068
    -4.719
    -5.945
    -3.401
    -4.748
    -4.057
    -4.266
    -5.628
    -4.118
    -3.535
    -4.481
    -6.855
    -6.918
    -5.731
    -4.573
    -3.852
    -4.153
    -5.480
    -4.207
    -3.447
    -1.945
    -1.366
    -1.369
    -0.416
     1.026
     1.760
     2.762
     2.432
     3.534
     6.499
     6.522
     6.223
     3.212
     2.544
     2.066
     2.973
     0.040
    -0.768
    -0.865
     0.844
    -1.090
     1.516
    -0.107
     3.242
     1.736
     5.062
     7.156
     6.841
     6.435
     6.807
     8.647
     8.187
     8.551
     7.034
     7.883
     7.245
     9.723
     7.029
     7.183
    12.790
    16.345
    17.379
    14.260
    14.206
    15.083
     4.006
     0.826
     0.388
    -2.360
    -4.885
    -7.451
    -8.780
    -7.906
    -7.551
    -7.003
    -7.307
    -7.723
    -7.704
    -6.375
    -5.633
    -4.735
    -2.149
    -1.296
    -1.816
    -0.652
     1.394
     2.738
     6.930
     5.545
     4.157
     4.309
     4.112
     5.306
     5.031
     3.028
     2.207
    -0.061
    -1.448
     0.317
    -1.249
    -1.171
    -1.427
    -3.485
    -5.629
    -7.278
    -6.522
    -6.642
    -5.504
    -3.880
    -4.811
    -4.647
    -1.716
    -1.916
    -1.698
    -4.149
    -6.579
    -8.508
    -8.523
    -9.766
   -11.575
   -13.598
   -14.778
   -18.052
   -19.202
   -19.137
   -19.222
   -17.446
   -15.049
   -14.551
   -15.853
   -15.166
   -14.165
   -14.478
   -13.514
   -12.494
   -12.008
   -11.850
   -10.868
   -11.124
   -11.265
   -10.969
   -10.890
    -9.317
    -7.347
    -3.835
    -2.788
     1.026
     2.937
     3.625
     3.804
     5.545
     4.422
     4.157
     3.262
     3.453
     5.445
    11.167
    16.607
    17.478
    16.515
    19.792
    25.708
    27.833
    27.732
    27.913
    29.181
    27.129
    25.272
    23.694
    19.528
    15.808
    11.748
     9.258
     8.923
     7.413
     8.214
     5.232
     7.854
     9.230
    12.182
    12.740
    13.108
    10.207
     7.706
     9.232
     8.554
     9.291
     8.922
     9.476
    11.785
    13.787
    14.735
    12.405
     8.663
     7.859
     5.833
     4.989
     3.304
     3.455
     5.453
     5.721
     4.273
     3.110
     0.674
     0.901
     1.993
     1.400
     0.687
    -0.910
    -2.132
    -3.250
    -3.849
    -3.098
    -1.164
    -4.646
    -8.906
   -11.991
   -13.409
   -15.505
   -19.071
   -20.791
   -20.134
   -19.531
   -20.237
   -24.210
   -26.703
   -24.670
   -23.066
   -21.071
   -21.000
   -21.510
   -21.700
   -21.123
   -17.512
   -16.039
   -13.816
   -13.081
   -12.966
   -12.101
   -11.303
   -10.800
   -10.065
   -11.185
   -11.085
   -13.378
   -13.604
    -9.935
    -8.808
    -3.244
    -3.616
     1.444
     5.675
     4.249
     1.775
     0.829
     0.021
    -2.832
    -1.600
     1.898
     4.863
    10.344
    14.065
    11.605
    11.837
    10.891
     9.632
     4.966
     7.826
     9.945
    10.323
    12.213
    12.676
     9.684
    11.947
    16.363
    11.730
     5.795
     3.859
     4.211
     8.703
     5.365
     3.871
     4.647
     5.674
     8.340
     7.603
     4.234
    -3.197
    -3.261
    -7.556
   -10.422
    -7.609
    -6.166
    -6.209
    -1.770
    -1.603
    -2.910
    -0.909
    -0.534
    -1.210
    -0.973
    -4.333
    -2.244
     3.142
    -2.013
     2.826
     2.085
     5.116
     8.799
     6.787
     5.299
     4.982
     3.136
     2.116
     3.536
     0.980
     4.275
     6.072
     7.567
     4.710
     6.476
     8.892
    10.817
    13.058
    12.535
    10.550
     7.995
    10.819
    10.236
     5.078
     4.103
     2.462
     1.674
     1.118
     0.091
     2.277
     1.208
     4.052
     1.196
    -2.003
    -2.592
    -1.799
    -2.341
    -1.733
     0.792
     2.632
     5.673
     4.315
     3.448
     3.249
     1.470
    -1.200
    -2.900
    -7.684
   -11.834
   -17.973
   -19.934
    -3.234
    -3.272
    -1.972
     0.172
     0.051
    -3.118
    -4.188
    -4.697
    -7.160
    -7.087
    -4.862
     0.665
     4.409
    11.569
    13.667
    10.533
     7.321
    -6.513
   -11.804
   -13.119
   -14.775
   -14.984
    -7.652
     2.547
     2.784
     2.664
     0.776
    -0.846
    -4.157
    -3.434
    -3.562
    -4.452
    -5.474
    -6.251
    -5.848
    -5.306
    -5.682
    -4.939
    -5.717
    -5.919
    -6.409
    -7.741
    -6.216
    -6.022
    -4.752
    -4.964
    -4.016
    -5.364
    -5.744
    -6.909
    -6.889
    -8.115
    -7.977
    -8.094
    -0.388
     3.831
     4.883
     7.551
     6.274
     8.338
     8.191
     7.257
     6.254
     3.462
     1.164
     0.070
    -0.710
    -0.366
    -1.761
    -1.000
    -1.104
    -0.438
     0.443
     0.560
     1.333
     0.049
     2.227
     3.211
     4.056
     4.583
     2.446
     2.176
     1.548
     2.413
     1.130
     0.149
     0.734
     0.175
     1.567
     1.841
     2.335
    -0.840
    -1.738
    -1.318
     0.025
    -0.129
     0.243
    -0.574
     1.076
     0.789
     1.443
     0.459
     1.176
     1.440
     3.467
     4.077
     2.222
     0.842
     0.826
     1.100
     3.987
     3.092
     2.267
     2.565
     3.300
     4.300
     3.875
     2.769
     1.730
     0.492
     0.185
     0.508
    -0.099
     1.050
     0.378
    -0.199
    -0.772
    -0.165
    -0.472
    -0.812
     0.945
     1.964
     2.916
     4.881
     8.226
     9.844
    10.659
     8.511
     8.326
     8.532
     8.402
     7.194
     7.164
    10.289
     9.128
     7.403
     7.717
     8.841
     6.575
     6.891
     5.881
     3.720
     2.068
    -3.736
    -3.784
    -4.453
    -4.794
    -4.620
    -5.624
    -5.591
    -5.573
    -5.605
    -4.802
    -6.074
    -6.034
    -6.237
    -5.146
    -5.870
    -6.995
    -6.448
    -6.476
    -6.279
    -5.452
    -4.410
    -3.607
    -3.384
    -3.433
    -2.666
    -2.265
    -3.029
    -3.683
    -2.456
    -3.323
    -3.871
    -4.088
    -3.599
    -3.154
    -3.074
    -3.217
    -2.100
    -1.509
    -1.757
    -2.849
    -2.843
    -3.392
    -3.554
    -4.535
    -4.742
    -5.395
    -4.175
    -4.797
    -4.710
    -4.123
    -2.866
    -2.751
    -2.326
    -2.216
    -2.598
    -2.345
    -2.652
    -2.498
    -2.886
    -2.617
    -3.002
    -2.895
    -1.678
    -1.453
    -1.410
    -1.726
    -0.847
    -0.899
    -0.100
     0.455
     1.655
     1.800
     2.141
     1.741
     1.473
     1.198
     1.365
     1.248
     1.922
     3.052
     2.603
     3.311
     3.681
     3.971
     3.168
     4.476
     4.244
     4.128
     3.514
     2.907
     1.736
     1.456
     1.810
     1.383
     0.547
     1.204
     1.584
     1.765
     1.422
     0.506
     1.780
     1.604
     1.611
     1.606
     1.671
     1.247
     1.153
     1.928
     1.069
     1.682
     1.407
     1.047
     0.048
     0.081
     0.696
     0.873
     1.818
     2.231
     2.545
     3.426
     3.313
     4.939
     4.321
     2.982
     1.831
     2.408
     2.689
     2.601
     2.530
     1.575
     1.094
     0.377
    -0.899
    -1.677
    -1.060
    -2.107
    -2.066
    -1.918
    -1.003
    -0.372
     0.113
     0.925
     1.306
     2.358
     2.225
     2.595
     2.587
     2.554
     2.417
     1.796
     2.010
     1.712
     3.235
     3.465
     3.975
     3.591
     1.828
     2.703
     3.708
     2.578
     1.620
     1.003
     1.367
     1.214
     0.042
     0.799
    -0.087
    -0.669
     0.296
    -0.257
     0.446
     0.055
    -0.530
    -0.146
    -0.168
    -1.168
    -1.214
    -2.057
    -2.462
    -3.102
    -1.770
    -2.386
    -0.993
    -2.561
    -2.741
    -2.931
    -2.377
    -3.356
    -2.380
    -2.958
    -1.957
    -2.350
    -2.630
    -2.738
    -2.409
    -2.014
    -2.464
    -2.801
    -2.297
    -3.124
    -2.287
    -3.030
    -3.129
    -3.611
    -2.817
    -3.535
    -2.627
    -3.016
    -3.498
    -2.394
    -2.183
    -1.969
    -1.952
    -1.736
    -2.550
    -3.472
    -1.495
    -2.444
    -2.630
    -2.603
    -2.661
    -2.574
    -2.801
    -2.666
    -3.078
    -3.088
    -2.967
    -2.761
    -3.481
    -3.387
    -4.433
    -3.664
    -4.670
    -4.312
    -4.253
    -3.492
    -4.431
    -3.841
    -3.788
    -4.081
    -4.635
    -4.786
    -5.035
    -5.697
    -5.417
    -4.424
    -3.921
    -3.683
    -2.901
    -2.065
    -1.574
     0.593
     1.664
     2.669
     4.598
     7.692
     9.192
    10.199
    11.542
    12.638
    14.730
    13.545
    11.647
    10.904
     8.747
     7.607
     7.150
     5.884
     5.432
     5.072
     4.927
     5.678
     6.264
     6.078
     4.664
     4.733
     5.723
     5.193
     4.856
     5.163
     5.556
     7.332
     5.853
     3.712
     3.232
     2.567
     2.512
     2.239
     2.003
     2.473
     1.911
     0.853
     0.688
    -0.399
    -1.419
    -1.330
    -1.543
    -0.846
    -1.127
    -0.533
    -0.242
    -0.563
    -0.697
     0.345
     0.949
     1.554
     1.023
    -0.349
     0.068
     0.539
    -0.509
    -1.816
    -3.325
    -1.106
     0.085
     1.075
     1.649
    -2.236
    -5.261
    -5.621
    -4.973
    -3.297
    -1.918
    -1.088
    -1.601
    -1.817
    -2.541
    -3.909
    -6.029
    -5.931
    -5.891
    -4.285
    -2.945
    -2.855
    -3.206
    -3.950
    -4.884
    -5.290
    -4.632
    -4.699
    -4.348
    -1.716
    -1.356
    -0.618
    -0.705
    -1.686
    -0.782
    -1.128
    -0.666
    -1.276
    -1.165
    -0.928
    -2.472
    -1.166
    -1.114
    -0.741
     0.068
    -0.156
    -0.505
    -1.085
    -2.720
    -3.749
    -2.949
    -2.343
    -1.495
    -1.064
    -1.245
    -2.159
    -2.096
    -3.018
    -2.542
    -1.521
    -0.360
     0.577
     0.373
     1.177
     0.431
    -0.870
    -2.109
    -1.396
    -1.567
    -1.375
    -0.972
    -1.946
    -1.343
    -1.354
    -0.520
    -0.335
     0.594
     1.172
     1.234
     2.288
     1.502
     1.342
     2.305
     2.277
     0.150
    -1.613
    -1.174
    -0.552
     1.613
     1.592
     2.791
     4.356
     5.472
     4.536
     2.535
     3.490
     4.468
     4.343
     2.513
     1.262
     1.655
     0.830
     0.812
     0.846
     0.978
     0.955
     1.973
     2.154
     2.754
     2.877
     3.349
     4.367
     4.489
     1.934
     1.795
     2.289
     1.792
     3.133
     3.031
     2.114
     1.822
     1.269
     1.931
     1.324
     2.187
     1.457
     0.139
     0.630
     0.777
     0.754
     1.628
     0.276
     0.207
    -0.562
     0.214
    -0.639
     0.092
    -0.671
    -0.739
    -0.798
    -0.012
     0.425
     0.419
     0.386
    -0.882
    -0.148
    -0.964
    -1.637
    -1.543
    -2.507
    -1.291
    -1.238
     0.259
     0.201
     1.257
     1.721
     1.109
     0.473
     0.263
     0.305
     1.394
     1.333
     1.305
    -0.615
    -0.149
    -0.974
    -0.848
    -0.589
    -0.296
    -0.677
    -0.123
     0.452
    -0.577
    -0.245
    -1.153
    -1.933
    -1.907
    -2.877
    -3.483
    -1.686
    -1.471
    -1.446
    -2.698
    -1.515
    -1.451
    -1.681
    -2.333
    -2.290
    -1.541
    -2.406
    -4.488
    -3.365
    -2.715
    -2.536
    -1.298
    -2.120
    -1.195
    -1.862
    -1.846
    -0.721
    -1.982
    -2.079
    -2.160
    -2.038
    -1.253
    -1.399
    -1.939
    -1.140
    -1.688
    -2.368
    -3.032
    -2.687
    -2.360
    -2.201
    -1.232
    -0.943
    -0.857
    -1.221
    -1.452
    -0.892
    -1.107
    -1.044
    -1.054
    -1.921
    -1.096
    -0.414
    -0.003
     0.921
     1.536
     1.153
     1.577
     2.099
     1.812
     2.335
     2.681
     2.667
     2.004
     3.341
     3.393
     2.894
     3.728
     4.314
     3.593
     2.732
     2.332
     2.468
     2.158
     2.787
     1.643
     1.545
     2.481
     2.752
     2.605
     3.360
     4.475
     3.533
     3.249
     2.773
     3.283
     3.710
     3.290
     4.759
     4.684
     5.225
     3.936
     4.192
     4.343
     4.199
     4.852
     4.127
     3.118
     2.465
     2.048
     1.778
     1.876
     0.139
    -1.187
    -1.089
    -1.634
    -1.388
    -1.706
    -2.639
    -2.298
    -2.129
    -2.241
    -2.422
    -2.059
    -0.842
    -0.925
    -1.972
    -3.251
    -3.243
    -3.851
    -4.239
    -4.724
    -5.291
    -5.215
    -6.844
    -6.410
    -6.248
    -6.434
    -6.089
    -8.667
    -5.991
    -3.447
    -5.935
    -3.128
    -2.743
    -1.728
    -1.583
    -1.647
    -2.447
    -1.734
    -2.461
    -2.865
    -3.434
    -3.281
    -4.427
    -4.434
    -1.962
    -2.247
    -1.716
    -2.948
    -2.879
    -2.622
    -0.834
    -1.730
    -1.369
     0.215
    -0.476
    -0.543
    -0.927
    -1.238
     0.048
    -0.820
    -0.006
    -1.877
    -3.377
    -0.790
    -3.696
    -3.623
    -2.674
    -0.998
     1.602
     2.323
     2.302
     2.132
     3.114
     4.200
     6.651
     6.016
     5.813
     6.394
     7.953
     7.218
     9.625
    11.813
    12.007
    12.088
    12.105
    10.746
    10.730
    10.778
    14.322
    15.634
     9.523
     6.264
     6.654
     6.613
    11.301
     4.819
     3.719
    11.063
     6.777
     6.258
     3.855
     3.199
     0.897
     0.265
    -5.278
    -5.376
    -4.687
    -1.389
    -1.322
    -2.931
    -4.834
    -3.968
    -2.966
    -1.991
    -2.866
    -3.572
    -2.458
    -1.475
    -1.235
    -0.634
    -1.215
    -2.145
    -2.869
    -2.142
    -3.743
    -4.031
    -4.795
    -4.419
    -3.778
    -4.958
    -6.292
    -6.933
    -5.368
    -4.964
    -6.581
    -4.317
    -4.089
    -5.138
    -5.980
    -6.971
    -6.417
    -7.067
    -6.700
    -5.976
    -6.417
    -6.549
    -6.785
    -6.947
    -5.227
    -6.798
    -6.775
    -7.257
    -7.756
    -7.329
    -7.115
    -6.778
    -5.663
    -5.275
    -5.190
    -4.607
    -4.630
    -4.380
    -3.692
    -3.338
    -2.963
    -2.857
    -2.609
    -2.125
    -1.898
    -1.996
    -1.413
    -0.998
    -0.268
    -0.249
    -0.230
     0.430
     0.853
     1.240
     1.414
     1.728
     2.135
     2.433
     2.738
     3.046
     3.323
     3.641
     3.900
     4.170
     4.433
     4.701
     4.950
     5.198
     5.430
