     5.965
     6.181
     6.423
     6.617
     6.840
     7.011
     7.212
     7.376
     7.559
     7.696
     7.857
     7.958
     8.057
     8.148
     8.214
     8.203
     8.199
     8.100
     8.047
     7.990
     7.904
     7.679
     7.573
     7.488
     7.496
     7.117
     7.139
     6.926
     6.465
     6.459
     6.310
     5.910
     5.394
     4.799
     4.366
     3.717
     3.237
     2.932
     2.250
     1.883
     1.405
     0.928
     0.316
    -0.348
    -1.091
    -1.612
    -1.919
    -2.761
    -3.327
    -4.354
    -4.938
    -5.810
    -6.269
    -7.096
    -7.770
    -9.191
    -9.821
   -10.070
   -10.861
   -11.433
   -11.426
   -11.728
   -11.900
   -11.533
   -10.477
   -10.205
    -8.745
    -7.511
    -5.569
    -4.176
    -1.731
    -1.822
    -1.880
    -0.172
     0.225
     0.734
     1.252
     1.970
     3.013
     1.931
     2.141
     2.275
     2.159
     4.073
     7.220
     7.553
     7.213
     5.536
     3.089
     2.198
     1.391
     0.440
    -1.195
    -0.796
    -3.269
    -4.945
    -6.989
    -5.377
    -4.173
    -3.101
    -2.105
    -0.215
    -0.584
    -0.007
    -0.879
    -2.549
    -2.501
    -2.344
    -1.603
    -1.198
    -1.999
    -2.445
    -2.691
    -3.184
    -2.134
    -2.880
    -5.042
    -5.861
    -4.404
    -3.677
    -4.248
    -4.264
    -5.473
    -5.109
    -4.675
    -5.096
    -3.501
    -3.472
    -1.368
    -2.564
    -2.007
    -2.625
    -3.553
    -2.950
    -2.809
    -1.763
    -1.211
    -0.040
    -0.569
    -0.378
     0.014
     0.625
     1.313
     1.661
     1.425
     1.242
     0.888
     0.638
     0.223
    -0.826
    -0.113
     0.182
     2.560
     1.118
     0.899
     1.014
     0.869
     1.926
     5.645
     2.983
     2.050
     2.854
     6.307
     6.992
     8.489
     8.256
     8.484
     7.691
     7.684
     7.386
     6.294
     6.786
     3.972
     5.295
     4.180
     2.838
     4.561
     3.211
     2.613
     4.150
     4.557
     2.830
     0.977
     1.023
     2.322
     3.112
     2.683
     3.767
     5.477
     6.047
     4.719
     2.241
    -1.138
    -1.495
    -2.288
     0.893
     2.689
     7.345
     8.036
     8.677
     7.650
     6.619
     4.199
     0.776
    -1.946
     0.063
     4.712
     7.785
     6.910
     7.183
     8.003
     8.226
     9.230
     5.110
     7.519
     9.890
     7.627
     7.271
     7.959
     6.959
     7.487
     8.478
     5.279
    -0.908
    -0.271
    -0.030
    -1.638
    -3.940
    -3.607
    -4.792
    -4.829
    -5.399
    -5.776
    -2.042
    -3.854
    -4.711
    -3.156
    -6.709
   -10.077
   -11.027
   -10.888
   -12.737
   -13.281
   -14.903
   -14.742
   -17.588
   -16.271
   -17.900
   -16.202
   -17.363
   -11.579
   -15.423
    -7.939
    -9.309
   -19.300
   -20.010
   -16.908
   -14.704
   -14.446
   -14.993
   -14.866
   -13.217
   -13.971
   -13.905
   -10.710
   -10.978
    -9.549
    -8.215
    -6.551
    -4.512
    -2.653
    -3.504
    -4.715
    -3.994
    -1.180
    -0.109
    -1.537
    -0.893
    -0.236
     0.356
     0.921
     2.485
     2.386
     1.052
     0.443
     2.496
     3.066
     5.324
     6.060
     5.905
     7.450
     7.626
     7.150
     7.087
     7.623
     7.909
     7.127
     6.670
     7.017
     7.689
    10.264
     9.793
    10.180
    11.610
    12.382
    12.520
    12.561
    12.190
    11.268
    10.300
     8.502
     9.443
    10.295
     9.490
    10.206
    10.907
     9.126
     8.902
     8.596
     9.810
     9.934
     9.817
     8.001
     8.212
     7.657
     7.962
     9.952
    10.374
     8.745
     8.008
     8.020
     7.359
     6.099
     4.307
     3.255
     4.566
     6.219
     7.332
     5.291
     4.891
     3.729
     5.469
     4.407
     5.301
     7.114
     8.084
     7.494
     1.937
     0.803
     2.253
     3.862
     4.121
     2.790
     1.281
    -0.367
    -0.515
     1.444
    -0.187
    -3.843
    -4.072
    -4.779
    -5.694
    -6.409
    -3.883
    -2.493
    -4.445
    -7.269
    -8.656
   -10.872
    -9.363
    -9.044
   -10.184
   -10.898
    -8.620
   -10.001
   -11.468
   -11.363
   -12.223
   -13.503
   -14.156
   -13.764
   -13.155
   -11.645
   -13.086
   -11.731
   -12.711
   -13.114
   -13.846
   -14.104
   -11.901
   -10.458
   -10.260
    -8.819
    -8.360
    -8.560
    -9.099
    -8.145
    -7.327
    -7.162
    -7.033
    -4.735
    -5.360
    -4.474
    -6.125
    -5.980
    -6.066
    -4.284
    -2.235
    -3.207
    -2.966
    -4.662
    -4.924
    -2.908
     0.438
     0.791
    -2.284
    -0.674
    -0.556
    -2.297
    -1.940
    -2.998
    -2.180
    -2.376
    -0.822
     0.726
     4.917
     9.505
    11.673
    10.942
     7.360
     4.919
     2.533
     2.213
     3.018
     6.009
     6.227
     6.250
     3.604
    -1.730
     0.601
     1.560
     1.966
    -1.375
    -1.503
    -2.161
    -0.265
     2.662
     5.272
     6.696
     9.203
    10.480
     8.447
     5.511
     5.139
     7.410
    10.562
    16.355
    17.289
    19.142
    17.622
    17.885
    18.367
    23.068
    22.244
    20.046
    20.130
    19.216
    18.105
    14.925
    13.487
    11.148
     9.937
     9.174
     9.636
    10.035
     9.425
     8.946
     5.816
     3.813
     2.863
     1.304
    -0.047
    -1.225
    -2.115
    -3.039
    -3.945
    -6.087
    -7.244
    -9.467
   -11.171
    -9.610
   -10.690
   -10.272
    -8.694
    -6.718
    -6.315
    -8.394
    -8.573
    -8.432
    -7.495
    -8.488
    -8.074
    -7.681
    -7.811
    -7.817
    -9.390
   -10.189
    -9.797
   -10.022
   -10.153
    -8.918
   -11.478
   -12.813
   -13.307
    -8.716
    -6.517
    -5.881
    -6.610
    -7.276
    -6.062
    -5.096
    -4.053
    -5.105
    -6.245
    -7.859
    -5.761
    -3.289
    -4.240
    -5.799
    -6.366
    -7.097
    -5.687
    -2.789
    -1.960
    -0.493
    -2.373
    -3.058
    -5.747
    -6.766
    -6.053
    -3.391
    -2.097
    -1.780
    -2.708
    -2.350
    -1.835
    -1.805
     0.480
     1.009
     1.617
     2.605
     3.764
     5.812
     7.787
     6.640
     4.743
     3.396
     5.216
     5.069
     6.313
     7.172
     8.943
     6.767
     7.149
     7.002
     7.348
     8.620
     8.819
     8.364
     9.079
     8.661
     6.666
     6.375
     7.240
     6.543
     5.605
     4.855
     4.426
     4.743
     4.518
     4.676
     5.473
     7.347
     7.626
     4.849
     3.645
     1.212
    -0.189
    -2.309
    -2.536
    -3.359
    -3.756
    -4.844
    -3.569
    -3.535
    -4.508
    -4.966
    -3.069
    -1.911
    -0.268
     0.311
     0.069
    -0.264
     0.198
     0.765
    -0.256
     2.161
     1.835
     0.391
     1.259
     0.640
     1.251
     1.297
     0.121
     0.963
     0.494
    -0.788
    -0.553
    -1.894
    -0.855
    -2.178
    -3.750
    -6.260
    -4.890
    -5.003
    -4.441
    -4.576
    -5.395
    -5.106
    -5.173
    -6.372
    -5.438
    -6.684
    -7.306
    -6.566
    -6.665
    -5.455
    -4.900
    -4.191
    -4.952
    -3.540
    -4.296
    -3.915
    -4.831
    -4.026
    -1.320
    -1.740
    -1.381
    -2.036
    -2.576
    -0.822
     0.936
    -0.426
    -0.116
     1.525
     1.657
     2.119
     1.084
     1.102
     2.700
     3.397
     3.608
     2.935
     3.489
     2.276
     0.840
     0.935
     1.519
     2.945
     2.931
     3.382
     4.182
     4.210
     4.889
     3.659
     4.170
     5.236
     4.116
     6.059
     4.725
     6.020
     5.411
     5.446
     4.482
     6.897
     7.178
     5.939
     6.551
     6.445
     6.529
     5.553
     5.842
     3.674
     2.476
     3.036
     3.466
     4.000
     4.372
     3.490
     3.824
     4.241
     4.506
     3.992
     4.576
     5.731
     6.135
     4.627
     4.459
     4.064
     4.939
     6.009
     4.583
     4.773
     4.465
     3.903
     4.062
     2.568
     1.285
     1.316
     0.945
    -0.119
    -0.244
    -1.130
    -2.162
    -3.363
    -4.215
    -5.372
    -6.684
    -7.086
    -8.866
    -8.831
    -6.756
    -7.719
   -10.589
   -11.072
   -12.292
   -11.437
   -12.499
   -12.541
   -12.482
   -13.079
   -13.785
   -13.541
   -14.021
   -13.653
   -13.651
   -12.806
   -11.187
    -9.639
   -10.368
    -8.469
    -7.481
    -6.781
    -7.205
    -7.103
    -6.818
    -5.070
    -2.889
    -5.234
    -5.197
    -5.757
    -5.255
    -6.061
    -7.246
    -9.204
    -6.996
    -5.839
    -5.492
    -5.110
    -4.307
    -3.986
    -4.043
    -2.749
    -1.145
     1.032
     2.035
     4.462
     3.686
     4.046
     5.497
     6.891
     6.661
     7.927
     7.721
     8.941
     8.826
     9.757
    10.188
     6.899
     7.608
     9.936
    11.386
    12.372
    13.105
    12.635
    13.078
    11.831
    11.034
     8.755
     9.418
     8.720
     8.447
     8.410
     8.810
     8.695
     6.629
     4.208
     2.483
     1.832
     2.780
     2.299
     0.396
    -0.164
     2.589
     4.865
     6.317
     6.852
     5.930
     5.633
     5.865
     5.614
     5.841
     5.422
     5.665
     5.863
     6.308
     7.127
     6.760
     6.518
     6.241
     5.552
     6.398
     5.483
     4.539
     4.300
     4.224
     3.707
     2.163
     2.193
     1.655
     0.656
     0.137
    -1.451
    -0.992
    -2.703
    -3.855
    -3.372
    -4.041
    -2.484
    -2.569
    -3.036
    -5.335
    -6.382
    -7.578
    -8.098
    -7.224
    -7.370
    -6.856
    -6.209
    -5.602
    -5.474
    -4.468
    -3.338
    -4.461
    -3.043
    -2.376
    -1.204
     1.769
     1.464
    -0.705
     0.800
     0.369
    -1.186
    -1.278
    -0.194
     0.279
    -0.133
    -0.320
    -2.105
    -2.339
    -3.199
    -4.449
    -4.905
    -4.495
    -5.459
    -7.140
    -7.847
    -7.684
    -7.353
    -7.020
    -6.339
    -4.655
    -7.423
    -8.560
    -7.980
    -5.830
    -7.856
    -7.982
    -9.511
   -10.228
   -10.753
   -11.470
   -11.180
   -11.043
   -10.887
   -10.869
   -11.476
    -9.476
    -8.313
    -9.713
   -10.124
   -10.153
   -10.791
    -8.812
    -6.497
    -5.590
    -7.309
    -6.997
    -7.763
    -6.693
    -3.872
    -2.081
    -2.647
    -2.178
    -3.440
    -3.836
    -3.796
    -3.781
    -2.943
    -2.931
    -2.108
    -1.579
    -0.595
     0.657
     2.364
     3.540
     5.056
     5.978
     7.202
     8.575
     7.610
     7.773
     7.999
     8.009
     7.825
    10.105
    12.420
    13.654
    14.276
    15.536
    16.416
    16.820
    15.293
    16.199
    15.528
    16.291
    15.701
    15.270
    14.557
    14.792
    16.924
    18.803
    17.604
    15.759
    15.198
    15.816
    19.250
    20.471
    19.952
    20.092
    19.211
    18.014
    14.935
    13.273
    11.247
     8.289
     7.667
     5.704
     5.385
     5.566
     4.825
     3.775
     2.094
     1.798
     0.433
    -1.460
    -2.022
    -2.676
    -4.961
    -3.629
    -1.804
    -1.447
    -1.850
    -2.876
    -3.356
    -5.023
    -6.374
    -5.078
    -5.847
    -4.051
    -3.400
    -2.549
    -2.696
    -2.631
    -2.575
    -2.771
    -1.162
    -1.318
    -4.246
    -2.880
    -5.223
    -7.390
    -7.703
    -8.952
    -8.760
    -9.315
    -8.301
    -7.808
    -8.149
    -8.131
    -8.301
    -9.555
    -8.580
    -6.889
    -7.922
    -7.732
    -9.710
   -10.683
   -14.876
   -17.671
   -16.525
   -15.088
   -15.069
   -13.825
   -12.485
   -14.007
   -12.573
   -13.400
   -14.251
   -14.711
   -17.516
   -19.620
   -20.892
   -21.102
   -21.060
   -21.551
   -20.867
   -20.181
   -19.430
   -18.365
   -17.494
   -16.479
   -18.010
   -19.371
   -22.579
   -21.340
   -21.451
   -23.775
   -25.100
   -27.578
   -31.397
   -32.685
   -30.124
   -29.575
   -29.327
   -30.971
   -29.245
   -27.554
   -26.209
   -12.147
    66.124
    79.122
    55.098
    48.104
    46.021
    46.876
    43.906
    42.642
    50.408
    52.243
    50.557
    46.047
    42.499
    36.077
    34.138
    31.580
    36.766
    37.913
    32.292
    30.258
    19.763
    14.910
    19.851
    22.133
    28.894
    26.702
    22.565
    19.253
    20.147
    20.338
    17.070
    11.564
     5.975
     6.687
     7.330
     2.169
    -4.575
   -10.129
   -13.852
   -13.182
   -14.340
    -8.254
    -4.573
    -1.235
    -1.966
    -0.841
    -3.490
    -3.452
     0.914
     3.118
    -0.343
    -3.603
    -8.859
    -9.249
    -6.970
    -2.662
    -4.156
     6.365
     2.596
    -1.366
    -6.160
   -10.018
    -8.756
    -9.766
    -8.846
    -8.987
    -6.087
     2.004
    -2.603
    -4.636
    -6.902
   -10.515
   -13.574
   -12.605
   -11.877
    -9.596
   -14.822
   -19.503
   -14.549
   -10.533
   -10.846
   -11.003
    -8.068
    -6.823
    -7.145
    -6.822
    -6.458
    -9.452
   -12.990
   -10.332
   -11.056
   -11.247
   -10.315
   -12.393
   -13.410
   -14.860
   -20.429
   -22.841
   -27.400
   -22.604
   -14.730
    -8.433
   -11.669
   -11.243
   -10.942
   -16.560
   -20.195
   -19.884
   -23.633
   -23.869
   -24.247
   -25.536
   -27.039
   -24.427
   -20.855
   -19.987
   -19.298
   -18.668
   -13.669
    -9.225
    -4.909
    -1.883
     7.041
    18.559
    19.032
    17.482
    26.539
    35.254
    33.953
    37.432
    44.184
    49.309
    46.462
    46.611
    56.044
    57.948
    39.574
    28.297
    26.227
    28.640
    21.671
    13.283
    11.751
    11.074
     6.237
     3.405
     7.161
     6.523
     4.225
     4.018
     0.915
    -0.784
     3.722
     3.547
     2.326
     2.151
     3.524
    -1.931
    -4.596
    -2.425
    -2.526
    -1.547
    -0.330
    -1.247
     2.162
     6.215
    12.560
    23.096
    17.841
    -7.847
   -18.853
   -10.327
    -6.185
    -2.867
    -7.481
    -9.479
    -8.048
    -9.391
    -7.859
    -4.668
    -1.529
   -16.662
   -19.434
   -10.888
    -8.702
   -14.926
   -12.238
   -11.394
   -11.943
   -10.314
   -10.125
   -11.145
   -12.519
    -7.690
   -10.387
    -9.711
    -7.539
    -5.816
    -3.412
     2.076
     0.897
     1.406
     2.736
     3.332
     0.895
    -3.658
    -0.977
     3.060
     3.543
     1.739
     0.576
    -2.488
    -2.448
    -2.781
    -3.465
    -2.629
    -4.753
    -4.602
    -4.084
    -7.193
    -7.000
    -9.247
    -7.412
    -9.285
    -4.281
    -3.062
    -5.188
    -3.562
    -3.347
    -3.551
     0.639
     0.818
     1.283
     4.048
     5.733
     5.012
     7.896
     8.239
     4.641
     4.392
     4.099
     9.347
     6.813
     6.714
     6.623
     7.158
     8.333
     9.231
     9.217
     4.584
     6.966
     6.576
     8.708
     5.013
     6.638
    12.931
    12.211
     9.922
     7.949
     3.675
     7.098
     7.672
     5.612
     3.584
     1.760
     9.897
    20.602
    11.556
     3.695
    -2.972
    -5.157
     1.967
     6.061
    -0.915
   -11.884
    -7.919
    -7.183
   -12.119
   -11.144
    -8.170
    -6.247
    -4.590
    -0.424
     0.126
    -0.224
    -3.086
    -2.595
     0.293
    -2.682
    -4.577
    -6.274
    -4.007
    -6.146
   -11.199
    -9.635
   -12.255
   -12.863
   -14.681
    -8.694
   -12.540
   -14.533
   -10.450
    -3.695
    -8.525
    -8.734
   -11.728
   -13.936
   -10.497
   -11.107
    -7.236
    -4.700
    -1.323
    -6.549
    -3.717
    -3.387
    -3.294
    -3.552
    -3.262
     1.572
     2.136
     6.548
     6.998
     9.327
    11.574
    13.409
    12.739
    12.440
     9.469
     7.534
    16.798
    13.642
    12.948
     6.623
     0.283
     2.553
     1.300
     4.990
     7.441
     7.334
     4.512
     0.836
     2.432
     6.286
     6.899
     3.499
     1.621
     4.065
    13.403
    13.398
     6.530
     3.833
     3.029
     1.960
    -2.079
    -3.572
    -5.446
    -2.541
    -2.765
    -0.759
    -6.290
    -3.906
    -0.593
     7.045
     4.515
    -8.257
    -7.655
     5.748
    10.023
     3.831
    -5.751
    -2.381
     2.701
    -6.915
    -4.111
    -5.001
    -9.994
    -8.275
    -3.629
    -3.945
    -1.515
     1.693
    -1.115
    -1.531
     1.284
     5.385
     2.803
    -0.186
    -2.473
    -4.643
    -3.205
    -3.197
    -2.763
    -4.827
    -5.616
    -6.383
    -0.188
    -0.562
    -0.775
    -0.630
     2.559
    -1.501
    -2.863
     0.305
     0.897
     2.316
    -0.091
     1.110
    -0.563
    -1.262
    -1.475
    -3.493
     1.564
     6.416
     6.562
     0.300
     0.247
     3.129
     0.010
     0.364
     3.966
     3.333
     5.788
     6.967
     4.058
     2.611
     3.480
     2.900
     0.854
     2.145
     0.835
    -0.266
     0.444
     2.252
     3.300
    -0.680
    -1.300
     0.377
     1.875
     1.547
     2.493
    -2.388
    -1.719
     2.677
     2.729
     2.031
    -0.284
    -5.066
    -8.477
    -0.612
     4.212
    -1.112
    -8.856
   -10.360
    -4.783
    -1.747
    -2.727
    -4.542
    -4.998
    -5.986
    -4.151
    -3.154
    -4.073
    -4.011
    -3.466
    -3.679
    -2.609
     1.811
    -0.452
    -6.006
    -4.548
    -4.756
    -2.997
    -3.526
    -4.297
    -1.983
    -0.873
     0.032
    -0.900
     1.895
     1.451
     3.346
     0.615
     1.558
     2.044
     1.968
     1.152
     1.463
     1.130
     1.570
     3.241
     2.051
     1.476
     2.071
     4.394
     5.426
     5.789
     5.096
     4.271
     5.033
     6.343
     6.130
     5.543
     4.356
     2.900
     2.083
     2.387
     1.687
    -1.631
     0.960
     0.959
    -1.565
    -2.846
    -2.680
    -1.999
    -1.592
    -2.396
    -4.445
    -4.663
    -4.607
    -3.356
    -3.834
    -4.303
    -5.649
    -3.390
    -4.158
    -3.096
    -3.991
    -4.825
    -3.632
    -3.083
    -3.541
    -5.838
    -6.283
    -4.832
    -3.605
    -2.308
    -2.323
    -3.968
    -2.590
    -1.703
    -0.363
     0.444
    -0.017
     1.154
     2.608
     3.533
     4.869
     3.736
     4.978
     7.696
     7.015
     7.274
     4.305
     3.312
     2.210
     3.108
    -0.077
    -0.917
    -1.371
     0.018
    -1.858
     1.248
    -0.773
     2.790
     1.362
     5.107
     6.631
     6.833
     6.489
     7.009
     8.707
     8.024
     8.064
     6.269
     7.624
     6.743
     9.100
     6.657
     6.688
    12.885
    16.256
    17.183
    14.435
    13.517
    14.421
     2.577
    -0.335
    -1.343
    -3.677
    -6.446
    -7.954
    -9.911
    -8.635
    -8.547
    -7.863
    -7.996
    -8.094
    -8.147
    -6.676
    -5.903
    -5.225
    -2.079
    -1.295
    -1.717
    -0.836
     1.362
     2.928
     7.359
     5.562
     3.978
     4.006
     3.975
     5.086
     4.731
     2.606
     2.361
    -0.365
    -2.146
     0.374
    -1.914
    -1.667
    -1.720
    -4.092
    -5.961
    -7.542
    -7.099
    -7.032
    -6.571
    -4.895
    -4.952
    -5.377
    -1.954
    -2.372
    -1.874
    -4.274
    -6.584
    -8.684
    -8.651
   -10.056
   -12.084
   -14.305
   -15.351
   -18.525
   -19.403
   -19.174
   -19.355
   -17.916
   -15.448
   -14.449
   -15.318
   -15.018
   -14.090
   -14.135
   -13.392
   -12.496
   -12.156
   -11.822
   -10.355
   -11.099
   -10.699
   -10.667
   -10.457
    -8.761
    -6.984
    -2.863
    -1.835
     2.211
     3.621
     4.906
     4.754
     6.587
     5.118
     5.040
     4.046
     4.172
     6.111
    12.554
    17.842
    18.700
    17.523
    20.424
    26.565
    28.282
    28.521
    28.411
    29.691
    27.928
    25.957
    24.415
    20.191
    16.496
    11.885
    10.050
     9.283
     7.409
     8.312
     5.351
     8.048
     9.394
    12.466
    12.993
    13.880
    10.577
     7.498
     9.157
     8.522
     8.895
     8.873
     9.276
    11.763
    13.885
    14.814
    12.471
     8.536
     7.978
     5.850
     4.161
     3.107
     3.345
     5.295
     5.788
     4.365
     2.798
     0.649
     0.278
     1.038
     0.457
    -0.049
    -2.062
    -2.967
    -4.313
    -4.941
    -3.974
    -1.896
    -5.685
    -9.821
   -12.987
   -14.197
   -16.206
   -19.999
   -21.898
   -21.029
   -20.115
   -20.606
   -25.238
   -27.443
   -25.106
   -23.374
   -21.220
   -20.920
   -21.747
   -22.124
   -21.137
   -17.538
   -15.764
   -13.530
   -12.640
   -12.894
   -12.003
   -10.927
   -10.547
    -9.639
   -11.250
   -10.878
   -13.247
   -14.188
    -9.800
    -9.081
    -2.699
    -3.521
     1.566
     6.257
     4.573
     1.932
     0.847
    -0.058
    -3.238
    -1.875
     1.778
     5.057
    10.650
    14.438
    12.054
    12.108
    10.943
    10.054
     5.430
     8.575
    10.985
    10.645
    12.939
    13.016
    10.414
    12.516
    17.300
    12.290
     6.560
     3.360
     4.203
     8.932
     5.348
     3.834
     4.820
     5.746
     8.178
     7.748
     3.852
    -3.976
    -4.252
    -8.271
   -11.402
    -8.844
    -6.681
    -6.815
    -2.469
    -1.826
    -3.409
    -1.278
    -1.150
    -1.842
    -1.487
    -4.945
    -3.387
     3.018
    -2.571
     2.504
     1.719
     4.835
     8.399
     6.444
     5.131
     4.655
     2.323
     2.000
     3.520
     1.503
     4.711
     6.810
     8.472
     5.489
     7.956
     9.941
    11.994
    13.966
    13.843
    11.890
     8.814
    11.687
    11.366
     5.200
     4.417
     2.731
     1.847
     1.405
    -0.285
     2.274
     1.332
     4.777
     1.686
    -1.359
    -2.004
    -1.077
    -1.512
    -0.886
     1.530
     3.609
     6.439
     4.360
     3.756
     3.488
     1.998
    -1.347
    -2.379
    -7.980
   -11.602
   -18.195
   -20.774
    -3.009
    -2.667
    -1.407
    -0.309
     0.263
    -3.593
    -4.446
    -5.217
    -7.566
    -7.764
    -5.295
     0.408
     4.291
    11.269
    14.037
    10.433
     7.178
    -7.287
   -13.203
   -14.413
   -15.888
   -15.714
    -8.534
     2.896
     2.943
     3.269
     0.954
    -0.680
    -4.203
    -3.855
    -4.354
    -4.901
    -5.759
    -6.847
    -6.351
    -5.431
    -5.996
    -5.359
    -6.026
    -6.318
    -6.679
    -8.441
    -6.751
    -6.392
    -4.903
    -5.097
    -4.674
    -5.875
    -6.315
    -7.350
    -7.269
    -8.357
    -8.534
    -8.532
    -0.767
     4.484
     4.807
     8.206
     6.817
     8.494
     8.326
     7.493
     6.067
     3.178
     0.881
    -0.078
    -0.719
    -0.499
    -1.640
    -1.034
    -0.980
    -0.251
     0.644
     0.962
     1.455
     0.346
     2.334
     3.135
     4.015
     4.756
     2.409
     1.739
     1.284
     1.808
     1.092
     0.032
     0.530
     0.132
     1.487
     1.522
     2.467
    -0.896
    -1.916
    -1.386
     0.419
     0.262
     0.226
    -0.606
     1.206
     1.034
     1.556
     0.728
     1.390
     1.756
     3.736
     4.221
     2.635
     1.541
     1.001
     1.606
     4.248
     3.507
     2.893
     2.738
     3.592
     4.749
     3.871
     2.813
     2.137
     0.814
     0.665
     0.923
     0.425
     1.365
     1.157
     0.441
    -0.160
     0.358
     0.478
     0.069
     1.372
     2.559
     3.287
     5.212
     8.591
    10.428
    11.319
     9.146
     8.629
     8.933
     8.709
     7.195
     7.309
    10.421
     8.844
     7.476
     7.574
     8.480
     6.323
     6.633
     5.323
     3.589
     1.800
    -4.463
    -4.606
    -5.341
    -5.586
    -5.410
    -6.250
    -6.298
    -5.970
    -5.870
    -5.358
    -6.580
    -6.744
    -6.525
    -5.641
    -6.728
    -7.335
    -6.743
    -6.929
    -6.556
    -5.812
    -4.299
    -3.709
    -3.142
    -3.408
    -2.609
    -2.292
    -2.911
    -3.735
    -2.373
    -3.196
    -3.897
    -4.051
    -3.787
    -2.719
    -3.260
    -2.981
    -2.038
    -1.762
    -1.994
    -2.926
    -3.017
    -3.434
    -3.809
    -4.605
    -4.509
    -5.417
    -4.277
    -5.095
    -4.806
    -4.200
    -2.972
    -2.699
    -2.425
    -2.589
    -2.424
    -2.590
    -2.865
    -2.790
    -3.053
    -2.896
    -3.257
    -2.919
    -1.907
    -1.810
    -1.714
    -1.760
    -0.556
    -0.909
    -0.331
     0.429
     1.571
     1.862
     2.033
     2.200
     1.722
     1.441
     1.645
     1.683
     2.338
     2.847
     2.728
     3.412
     3.671
     3.951
     3.318
     4.620
     4.413
     4.412
     3.698
     2.735
     1.748
     1.352
     2.228
     1.297
     0.697
     1.548
     1.810
     1.952
     1.705
     0.447
     1.979
     2.002
     2.091
     1.850
     1.611
     1.289
     1.411
     1.979
     1.344
     1.563
     1.446
     1.015
    -0.154
     0.063
     0.380
     1.312
     2.228
     2.686
     2.712
     3.404
     3.364
     5.261
     4.344
     3.247
     1.842
     2.532
     2.600
     2.723
     2.408
     1.617
     1.341
     0.302
    -0.975
    -1.814
    -1.017
    -2.504
    -2.329
    -1.834
    -1.204
    -0.089
     0.604
     1.378
     1.659
     2.317
     2.426
     2.458
     2.461
     1.969
     2.348
     1.636
     1.439
     1.135
     2.841
     3.175
     3.610
     3.188
     1.888
     2.257
     3.373
     2.507
     1.874
     1.394
     1.095
     1.387
    -0.012
     0.783
     0.066
    -0.725
     0.529
     0.312
     0.369
    -0.172
    -0.473
    -0.313
     0.052
    -1.204
    -1.445
    -1.883
    -2.763
    -2.737
    -1.635
    -2.260
    -0.801
    -2.303
    -2.764
    -3.009
    -1.821
    -3.231
    -2.240
    -3.268
    -2.208
    -2.433
    -2.452
    -2.821
    -2.686
    -2.411
    -2.489
    -2.532
    -2.048
    -3.223
    -1.901
    -2.795
    -3.041
    -3.279
    -2.410
    -3.495
    -2.541
    -3.226
    -3.403
    -2.296
    -2.239
    -1.794
    -1.943
    -1.784
    -2.220
    -3.262
    -1.601
    -2.650
    -2.812
    -3.082
    -3.116
    -2.904
    -3.290
    -3.005
    -3.399
    -3.552
    -3.114
    -3.050
    -3.766
    -3.717
    -4.867
    -3.990
    -4.891
    -4.532
    -4.401
    -3.951
    -4.543
    -4.569
    -4.302
    -4.559
    -5.013
    -5.131
    -5.395
    -5.819
    -5.717
    -4.793
    -4.200
    -3.776
    -2.746
    -2.204
    -1.172
     1.151
     2.265
     3.474
     5.315
     8.613
     9.870
    10.737
    12.135
    13.034
    15.109
    13.906
    11.593
    10.929
     8.689
     7.406
     6.850
     5.821
     5.645
     4.863
     4.932
     6.209
     6.621
     6.344
     5.022
     5.085
     5.896
     5.231
     5.155
     5.230
     5.552
     7.315
     5.690
     3.619
     3.100
     2.673
     2.579
     1.982
     2.147
     2.626
     2.290
     0.783
     0.450
    -0.167
    -1.280
    -1.150
    -1.326
    -0.924
    -1.108
    -0.006
    -0.179
    -0.627
    -0.395
     0.677
     1.179
     1.799
     0.946
    -0.144
     0.416
     0.509
    -0.509
    -2.037
    -3.050
    -1.370
    -0.094
     1.192
     1.900
    -2.319
    -6.086
    -6.532
    -5.354
    -3.732
    -1.938
    -1.200
    -1.573
    -2.292
    -3.001
    -3.805
    -6.210
    -6.073
    -6.024
    -4.487
    -3.146
    -3.156
    -3.305
    -3.976
    -4.819
    -5.364
    -4.670
    -4.678
    -4.266
    -1.857
    -1.658
    -0.718
    -0.754
    -1.404
    -0.759
    -1.258
    -0.568
    -1.470
    -1.371
    -1.295
    -2.702
    -1.122
    -1.134
    -0.699
     0.301
     0.166
    -0.412
    -1.296
    -3.000
    -3.364
    -2.883
    -2.360
    -1.690
    -0.881
    -1.359
    -1.881
    -2.108
    -2.764
    -2.138
    -1.474
    -0.274
     0.792
     0.202
     1.182
     0.583
    -0.802
    -1.700
    -1.402
    -1.315
    -1.239
    -0.795
    -1.855
    -1.168
    -1.299
    -0.475
    -0.386
     0.724
     1.115
     0.996
     2.150
     1.772
     1.471
     2.496
     2.553
     0.515
    -2.167
    -1.452
    -1.131
     1.425
     1.648
     2.727
     3.867
     5.030
     4.388
     2.743
     3.288
     4.218
     4.451
     2.666
     1.110
     1.704
     0.830
     1.005
     1.003
     1.007
     0.717
     1.844
     2.206
     2.951
     2.843
     3.398
     4.237
     4.693
     1.968
     1.533
     2.217
     1.947
     3.434
     3.157
     2.197
     1.738
     1.448
     1.836
     1.429
     2.056
     1.441
     0.046
     0.702
     1.231
     1.142
     1.928
     0.681
     0.402
    -0.742
     0.271
    -0.645
    -0.127
    -0.790
    -0.869
    -1.013
    -0.220
     0.384
     0.505
     0.079
    -1.362
    -0.207
    -1.421
    -1.891
    -1.873
    -2.691
    -1.500
    -1.353
    -0.207
     0.383
     1.458
     1.888
     1.104
     0.371
     0.266
     0.225
     1.468
     1.093
     1.150
    -0.227
    -0.094
    -0.674
    -0.958
    -0.650
    -0.371
    -0.966
     0.034
     0.743
    -0.359
    -0.175
    -0.895
    -2.161
    -1.693
    -2.814
    -3.429
    -1.708
    -1.643
    -1.211
    -1.972
    -1.297
    -1.133
    -1.928
    -1.995
    -2.100
    -1.498
    -2.513
    -4.301
    -2.961
    -2.382
    -2.530
    -1.222
    -2.035
    -1.310
    -2.110
    -1.748
    -1.002
    -2.324
    -2.210
    -1.999
    -2.180
    -1.207
    -1.547
    -1.967
    -1.240
    -1.774
    -2.359
    -2.953
    -2.702
    -2.188
    -2.250
    -1.231
    -1.084
    -1.107
    -0.999
    -1.363
    -0.783
    -1.390
    -1.098
    -1.190
    -1.444
    -0.973
    -0.504
    -0.021
     1.204
     1.787
     1.353
     1.661
     2.107
     2.045
     2.062
     2.540
     2.500
     2.093
     3.245
     3.517
     3.254
     3.440
     4.226
     3.625
     2.893
     2.436
     2.630
     1.829
     2.880
     1.100
     1.412
     2.335
     2.706
     2.985
     3.168
     4.430
     3.442
     3.593
     2.765
     3.382
     3.654
     3.403
     4.805
     5.076
     5.248
     4.065
     4.301
     4.233
     4.039
     5.083
     3.747
     2.819
     2.426
     1.756
     2.017
     2.226
     0.371
    -1.126
    -1.045
    -1.461
    -1.362
    -1.820
    -2.597
    -2.186
    -1.863
    -2.305
    -2.856
    -2.182
    -0.732
    -0.854
    -2.032
    -3.513
    -3.266
    -4.365
    -4.525
    -5.338
    -5.636
    -5.811
    -7.536
    -6.976
    -6.310
    -6.890
    -6.823
    -9.722
    -6.432
    -3.557
    -6.555
    -3.695
    -3.272
    -2.465
    -1.916
    -1.697
    -2.778
    -1.742
    -2.416
    -2.641
    -3.365
    -2.705
    -3.886
    -3.991
    -1.211
    -1.953
    -0.973
    -2.381
    -2.312
    -2.114
    -0.556
    -2.182
    -1.947
    -0.309
    -0.727
    -0.420
    -1.126
    -1.292
     0.003
    -0.557
     0.458
    -1.390
    -3.006
    -0.613
    -3.887
    -3.586
    -2.908
    -0.968
     1.490
     2.517
     2.260
     2.430
     3.489
     4.367
     7.003
     6.224
     6.242
     6.823
     8.017
     7.314
     9.828
    11.796
    11.808
    12.251
    12.041
    11.273
    10.638
    11.142
    15.260
    16.414
    10.670
     6.234
     6.755
     6.958
    12.902
     5.636
     3.889
    11.028
     7.459
     7.244
     4.687
     4.023
     1.622
     1.454
    -4.192
    -4.813
    -4.479
    -0.904
    -0.919
    -2.873
    -4.663
    -4.018
    -2.951
    -2.042
    -2.898
    -3.920
    -2.982
    -2.009
    -1.646
    -1.128
    -1.834
    -2.410
    -3.282
    -2.697
    -3.994
    -4.641
    -5.220
    -5.099
    -4.276
    -5.443
    -7.078
    -7.914
    -6.009
    -6.161
    -7.703
    -5.027
    -4.725
    -5.906
    -6.891
    -7.926
    -7.283
    -7.700
    -7.392
    -6.686
    -7.079
    -6.976
    -7.432
    -7.403
    -5.658
    -7.114
    -7.079
    -7.352
    -7.822
    -7.410
    -7.231
    -6.925
    -5.859
    -5.403
    -5.381
    -4.730
    -4.771
    -4.516
    -3.821
    -3.414
    -3.075
    -2.928
    -2.663
    -2.170
    -2.013
    -2.073
    -1.521
    -1.062
    -0.328
    -0.169
    -0.240
     0.460
     0.880
     1.323
     1.495
     1.817
     2.244
     2.561
     2.877
     3.205
     3.485
     3.826
     4.089
     4.387
     4.651
     4.946
     5.195
     5.472
     5.704
