     5.747
     5.939
     6.158
     6.332
     6.535
     6.688
     6.874
     7.020
     7.180
     7.309
     7.448
     7.533
     7.654
     7.709
     7.738
     7.774
     7.718
     7.682
     7.617
     7.578
     7.333
     7.188
     7.068
     7.088
     6.943
     6.714
     6.620
     6.357
     6.273
     6.077
     5.918
     5.476
     4.998
     4.569
     3.879
     3.243
     2.910
     2.693
     2.030
     1.781
     0.905
     0.655
     0.225
    -0.275
    -1.157
    -1.668
    -1.933
    -2.665
    -3.181
    -4.556
    -4.605
    -5.770
    -6.031
    -6.953
    -7.869
    -9.242
    -9.561
   -10.187
   -10.912
   -11.633
   -11.455
   -11.369
   -11.967
   -11.025
   -11.005
    -9.863
    -8.959
    -6.763
    -6.478
    -4.833
    -2.680
    -1.493
    -1.259
     0.164
    -0.019
     1.272
     1.518
     2.519
     1.813
     2.003
     2.941
     3.293
     3.130
     4.905
     7.318
     7.117
     6.950
     6.076
     3.796
     2.861
     2.000
     2.414
     0.155
     0.648
    -1.170
    -2.979
    -4.812
    -2.855
    -1.613
    -1.125
    -0.651
     0.598
     0.296
     0.760
    -1.105
    -2.295
    -1.776
    -2.792
    -2.212
    -2.503
    -2.746
    -3.020
    -3.257
    -3.502
    -2.798
    -3.200
    -5.361
    -4.759
    -3.909
    -3.284
    -4.504
    -3.858
    -4.987
    -5.277
    -5.458
    -4.703
    -3.066
    -3.178
    -2.299
    -2.614
    -2.793
    -2.988
    -3.205
    -4.403
    -3.597
    -2.718
    -1.868
    -1.047
    -2.183
    -1.455
    -1.500
    -0.731
    -0.831
     0.029
    -0.129
    -0.126
    -0.274
    -1.456
    -1.552
    -1.726
    -0.695
    -0.727
     1.211
     0.074
     0.095
    -0.986
     1.803
     4.019
     4.944
     1.723
     1.762
     3.822
     5.951
     6.072
     6.315
     7.318
     8.339
     8.416
     7.457
     6.489
     5.664
     5.596
     4.745
     4.788
     4.820
     3.964
     5.158
     4.213
     3.297
     5.476
     3.655
     2.708
     1.748
     1.884
     3.117
     3.210
     3.397
     3.615
     6.839
     4.810
     4.105
     1.036
     1.039
    -1.954
    -0.521
     0.808
     4.266
     8.445
     7.720
     7.877
     7.083
     6.162
     3.259
    -0.637
    -0.594
     1.788
     6.164
     6.602
     5.900
     6.984
     7.359
     8.470
     6.582
     4.459
     7.728
     7.035
     6.224
     7.586
     7.653
     4.929
     8.266
     6.681
     3.822
    -1.905
     2.245
    -0.391
     0.944
    -1.690
    -2.185
    -3.893
    -2.340
    -4.089
    -2.568
    -0.259
    -0.749
    -1.550
     1.749
    -4.025
    -5.763
    -7.613
    -7.338
    -9.207
    -7.889
   -10.838
   -12.716
   -12.713
   -13.646
   -14.529
   -15.249
   -12.004
   -11.666
   -12.488
    -7.058
   -12.251
   -18.462
   -17.058
   -15.747
   -14.604
   -15.504
   -15.409
   -15.185
   -14.143
   -15.084
   -15.026
   -12.744
   -12.841
   -12.548
   -10.497
    -8.278
    -7.121
    -7.030
    -6.940
    -7.886
    -5.772
    -3.691
    -3.752
    -4.748
    -3.718
    -3.629
    -2.676
    -1.540
    -1.569
    -0.713
    -1.772
    -1.809
     0.376
     1.411
     3.433
     2.443
     3.424
     4.456
     5.373
     4.236
     5.232
     6.195
     7.185
     5.988
     5.936
     5.964
     5.854
     7.957
     9.796
     9.678
    12.666
    11.716
    12.633
    12.542
    11.453
    12.336
     9.238
     8.223
     9.029
     8.093
     9.132
    10.929
    11.624
     7.827
     7.639
     9.492
    11.315
    10.205
     9.137
     8.920
     8.909
     9.703
     9.640
    11.457
    11.275
     9.131
     9.860
     8.826
     7.558
     7.334
     6.085
     5.001
     5.777
     8.714
     7.470
     7.275
     7.085
     4.968
     6.866
     5.751
     6.573
     7.490
     9.357
     7.149
     3.631
     2.644
     3.582
     5.357
     5.916
     3.905
     2.759
     0.691
     2.431
     2.407
     0.139
    -2.048
    -3.226
    -3.225
    -5.406
    -6.552
    -0.322
    -2.529
    -3.754
    -6.004
    -8.021
    -7.017
    -7.897
    -6.944
    -9.015
    -8.991
    -7.039
    -9.124
    -9.212
   -11.167
   -10.363
   -11.346
   -13.332
   -12.304
   -12.345
   -11.335
   -12.414
   -12.438
   -13.468
   -12.483
   -13.579
   -12.582
   -11.563
   -10.445
   -12.333
   -10.328
    -9.289
   -10.295
   -10.361
   -10.307
    -9.219
    -9.175
    -8.110
    -6.025
    -6.970
    -5.921
    -8.050
    -6.873
    -6.826
    -4.694
    -4.657
    -4.611
    -5.583
    -6.608
    -6.467
    -3.262
    -1.015
    -0.870
    -0.849
     0.332
    -1.658
    -1.440
    -3.113
    -2.968
    -1.820
    -1.839
    -1.500
     0.829
     5.289
     8.747
    10.871
     6.927
     5.755
     2.830
     0.953
     2.203
     4.449
     5.854
     3.910
     3.971
     2.951
    -1.049
    -0.774
     0.558
     0.579
    -1.336
    -2.253
    -3.029
    -1.869
     3.406
     3.524
     6.805
     6.904
     8.186
     6.175
     3.210
     3.296
     6.679
     9.841
    15.001
    15.196
    17.365
    15.336
    14.608
    16.859
    19.092
    17.220
    18.320
    18.490
    16.654
    14.714
    14.747
    14.620
    13.703
    12.737
    12.009
    12.223
    11.513
    11.490
     9.646
     7.672
     6.744
     5.851
     3.943
     3.046
     0.276
     0.397
     0.450
    -2.515
    -2.415
    -4.287
    -9.178
    -8.040
    -7.914
    -7.849
    -7.687
    -6.583
    -3.536
    -6.349
    -5.348
    -7.204
    -7.978
    -7.940
    -7.903
    -6.914
    -5.905
    -6.829
    -7.736
    -8.673
    -8.498
    -7.523
    -9.349
    -9.316
    -7.179
   -10.351
   -12.145
   -10.058
    -6.804
    -5.664
    -5.602
    -5.645
    -5.378
    -5.208
    -5.067
    -4.053
    -4.006
    -4.966
    -6.873
    -4.760
    -3.535
    -3.726
    -4.662
    -6.653
    -6.458
    -5.292
    -2.126
    -1.083
    -1.108
    -3.237
    -3.221
    -5.106
    -6.926
    -4.790
    -1.773
    -1.679
    -1.646
    -2.744
    -1.705
    -1.604
    -2.406
    -2.315
    -1.181
    -1.200
    -1.090
     0.097
     3.196
     3.394
     3.179
     3.091
     1.196
     2.303
     2.306
     4.312
     5.332
     6.210
     5.264
     4.271
     4.283
     5.368
     6.374
     7.256
     6.323
     7.334
     6.463
     5.448
     5.628
     5.761
     5.734
     4.740
     3.806
     4.824
     3.958
     3.981
     5.086
     6.090
     6.336
     6.401
     4.353
     2.427
     1.479
    -0.482
    -1.517
    -1.439
    -3.343
    -3.276
    -3.221
    -2.203
    -3.191
    -4.223
    -4.114
    -2.052
    -1.024
    -0.153
    -0.174
    -0.246
    -0.217
     0.875
     0.841
    -0.157
     1.934
     1.837
     0.860
     1.786
     1.846
     1.837
     1.785
    -0.150
    -0.104
    -0.250
    -1.152
    -0.201
    -1.357
    -0.484
    -2.628
    -2.941
    -4.868
    -3.749
    -3.822
    -2.861
    -2.903
    -3.971
    -2.985
    -5.187
    -5.105
    -5.229
    -4.401
    -6.557
    -4.682
    -4.792
    -4.895
    -4.099
    -3.214
    -4.375
    -3.443
    -3.609
    -3.729
    -3.841
    -2.880
    -1.016
    -0.150
    -1.419
    -1.504
    -1.718
     0.121
     1.031
    -0.181
     0.628
     1.609
     2.507
     2.205
     0.939
     1.851
     2.761
     2.581
     3.473
     3.217
     3.999
     2.807
     1.660
     1.515
     2.418
     3.357
     3.146
     3.959
     4.640
     4.594
     5.009
     2.547
     4.510
     4.113
     2.825
     4.414
     4.222
     5.048
     5.826
     3.731
     4.662
     4.670
     5.556
     5.423
     5.227
     6.131
     6.213
     5.187
     5.063
     5.052
     2.978
     4.100
     4.049
     4.926
     3.823
     3.848
     4.721
     5.746
     4.656
     3.524
     3.490
     4.451
     4.380
     3.353
     3.294
     3.329
     5.292
     5.280
     4.067
     4.116
     3.103
     3.089
     2.027
     1.954
     0.938
     0.901
    -0.002
     0.003
    -1.012
    -1.899
    -2.847
    -3.840
    -4.716
    -4.647
    -6.493
    -6.458
    -7.458
    -8.290
    -7.273
    -8.237
    -9.281
   -10.158
   -11.233
   -12.060
   -12.013
   -11.916
   -12.786
   -12.678
   -12.676
   -13.491
   -14.415
   -13.303
   -13.224
   -13.929
   -10.729
   -10.681
   -10.597
    -9.460
    -9.398
    -8.153
    -7.882
    -7.639
    -6.321
    -5.013
    -4.057
    -5.904
    -4.757
    -5.611
    -5.329
    -6.142
    -7.898
    -7.878
    -6.651
    -5.463
    -6.255
    -5.135
    -3.943
    -3.853
    -3.727
    -3.556
    -1.413
     0.853
     2.039
     2.359
     2.511
     3.710
     4.893
     6.003
     7.036
     7.044
     8.104
     9.298
     8.541
     8.812
     8.916
     6.894
     9.875
    10.004
    11.205
    12.181
    12.255
    12.264
    12.290
    12.128
    11.235
    10.187
    10.208
    10.140
     8.103
     8.068
     9.884
     9.922
     6.883
     5.832
     4.681
     3.705
     4.711
     3.584
     1.477
     2.523
     4.426
     6.374
     7.215
     7.092
     7.005
     6.939
     6.818
     6.714
     7.584
     6.507
     7.357
     7.273
     7.103
     7.922
     7.682
     7.537
     6.396
     7.207
     6.917
     5.593
     5.445
     5.393
     5.112
     5.555
     4.195
     3.565
     2.776
    -0.556
    -1.051
    -1.608
    -1.261
    -4.856
    -4.581
    -5.815
    -5.216
    -4.608
    -5.003
    -6.288
    -7.631
    -7.943
   -10.234
   -10.342
    -8.453
    -9.518
    -8.589
    -7.652
    -7.899
    -7.936
    -6.954
    -5.968
    -5.068
    -4.900
    -3.957
    -1.825
     0.338
    -0.678
    -1.643
     0.340
    -0.566
    -0.626
    -0.643
    -0.637
     0.300
     0.260
     0.056
    -2.121
    -2.213
    -2.356
    -3.547
    -4.595
    -4.682
    -4.824
    -6.057
    -8.097
    -7.184
    -7.266
    -6.348
    -7.207
    -5.303
    -7.246
    -8.326
    -7.318
    -6.148
    -7.217
    -7.454
    -8.381
    -8.368
    -9.320
   -10.290
    -9.232
   -10.290
   -10.107
   -10.099
   -10.969
    -8.740
    -7.616
    -9.429
    -9.320
    -8.299
    -8.440
    -8.485
    -6.633
    -4.799
    -6.760
    -6.719
    -7.599
    -5.315
    -1.835
    -1.306
    -2.690
    -1.611
    -1.456
    -2.267
    -2.121
    -1.968
    -1.766
    -0.733
     0.364
     0.545
     1.661
     1.558
     2.524
     2.385
     3.431
     5.813
     5.849
     6.904
     6.060
     6.080
     6.180
     6.235
     6.320
     8.577
    10.701
    10.697
    11.893
    12.140
    12.322
    14.356
    13.490
    14.539
    14.526
    13.676
    14.717
    13.934
    14.020
    13.954
    15.901
    17.013
    17.092
    14.270
    15.279
    16.391
    18.486
    18.592
    19.560
    19.535
    17.537
    16.512
    14.428
    13.291
    11.350
     9.252
     8.256
     7.239
     7.127
     6.947
     6.916
     4.779
     3.473
     3.238
     0.948
    -1.485
    -0.691
    -2.825
    -5.024
    -1.490
    -0.669
    -0.162
    -2.265
    -3.481
    -3.638
    -4.816
    -5.102
    -5.104
    -5.336
    -4.667
    -4.004
    -3.148
    -2.339
    -1.487
    -2.678
    -2.982
    -2.294
    -1.743
    -3.096
    -4.141
    -6.476
    -5.938
    -6.234
    -7.491
    -6.579
    -7.168
    -6.514
    -6.853
    -6.257
    -7.647
    -7.044
    -7.337
    -6.635
    -5.986
    -6.449
    -6.548
    -7.085
    -9.548
   -13.844
   -15.270
   -13.731
   -14.287
   -11.952
   -12.399
   -11.793
   -12.229
   -10.529
   -12.020
   -13.505
   -14.861
   -17.332
   -17.663
   -19.800
   -19.212
   -19.620
   -19.988
   -19.371
   -19.872
   -19.202
   -18.438
   -17.906
   -18.245
   -19.456
   -20.614
   -21.777
   -22.057
   -21.428
   -23.940
   -26.275
   -28.539
   -30.976
   -31.381
   -30.701
   -30.895
   -30.761
   -30.862
   -29.928
   -27.929
   -26.054
    -4.571
    56.286
    55.098
    41.898
    39.258
    39.241
    40.456
    37.258
    39.378
    45.579
    45.660
    43.938
    41.801
    37.822
    34.020
    33.101
    30.502
    34.094
    33.137
    28.762
    26.267
    20.668
    17.837
    17.715
    27.400
    28.238
    27.803
    25.264
    22.655
    24.107
    23.494
    19.956
    16.200
    11.781
    13.327
    12.781
     6.271
    -0.365
    -4.357
    -6.891
    -6.572
    -6.826
    -4.212
    -0.571
     1.055
     1.232
     0.702
    -0.811
     1.506
     4.851
     4.347
     2.498
    -3.867
    -6.535
    -7.076
    -5.971
    -2.783
    -2.977
     3.326
    -2.145
    -4.137
    -7.543
   -11.281
    -9.837
   -11.442
   -11.870
   -10.338
    -4.695
    -1.631
    -4.900
    -6.410
    -8.869
   -10.411
   -12.983
   -12.464
   -11.963
   -11.086
   -17.385
   -17.751
   -12.975
    -9.975
   -11.390
    -9.050
    -8.331
    -7.562
    -6.917
    -7.577
    -7.927
   -10.389
   -11.013
    -9.358
    -9.692
   -10.973
    -9.539
   -12.122
   -12.770
   -15.525
   -19.213
   -21.647
   -23.160
   -17.725
   -11.735
   -11.197
   -13.825
   -13.390
   -14.829
   -18.504
   -21.143
   -21.744
   -24.341
   -25.012
   -24.480
   -26.237
   -27.009
   -24.289
   -21.746
   -22.260
   -19.558
   -18.400
   -12.621
    -8.054
    -3.516
     1.543
     9.148
    17.945
    18.544
    20.601
    30.380
    35.161
    35.264
    39.033
    48.062
    46.682
    46.942
    44.554
    54.596
    48.378
    34.436
    26.825
    24.206
    28.159
    19.561
    12.531
    10.537
     9.777
     2.967
     3.726
     7.307
     3.531
     3.533
     1.406
    -1.295
    -0.870
     1.772
     1.253
    -0.869
     3.901
     1.756
    -1.966
    -3.781
    -2.046
    -2.157
    -1.437
     1.562
    -1.696
     2.876
     5.917
    12.666
    18.878
     9.712
   -11.432
   -13.903
    -9.664
    -7.422
    -2.995
    -9.286
    -9.993
    -8.501
    -8.634
    -5.116
     0.200
    -2.398
   -12.666
   -13.383
   -10.306
    -9.937
   -13.540
   -11.364
   -10.142
    -8.552
    -8.029
    -8.745
    -9.190
    -9.271
    -5.969
    -9.542
    -8.725
    -7.130
    -6.546
    -0.654
    -0.574
    -1.440
     1.785
     0.900
     2.308
     1.385
    -1.754
     0.714
     2.531
     4.012
     3.739
     1.853
    -1.677
     1.320
    -0.929
    -1.648
    -1.304
    -4.527
    -3.584
    -3.590
    -5.705
    -5.769
    -7.772
    -7.742
    -6.070
    -5.327
    -3.618
    -5.399
    -3.165
    -3.806
    -2.619
     0.924
     0.075
     0.528
     4.231
     3.626
     6.661
     9.203
     7.371
     6.241
     4.538
     5.612
     8.242
     6.712
     9.273
     8.087
    10.346
     8.478
    10.790
     9.173
     7.104
     7.584
     7.070
     6.434
     1.284
     7.051
    11.899
     8.042
     7.000
     3.255
     1.735
     5.934
     4.283
     4.444
    -0.116
    -0.334
    12.333
    14.714
     3.816
     1.211
    -5.853
    -4.135
     2.744
     1.046
    -7.583
   -13.126
    -8.279
   -11.092
   -14.131
   -12.960
   -10.429
    -7.947
    -6.178
    -2.433
    -2.002
    -2.676
    -4.506
    -0.652
    -1.195
    -4.179
    -5.949
    -5.668
    -3.070
    -4.910
    -8.824
    -8.542
    -8.582
   -12.173
   -11.559
    -8.198
   -11.344
   -12.115
    -6.357
    -1.676
    -4.634
    -8.586
   -10.835
    -9.845
    -8.281
    -7.172
    -4.288
    -5.499
    -2.069
    -6.535
     2.120
    -3.576
    -3.055
    -0.610
    -1.138
     6.060
     3.582
     8.463
    10.991
    12.185
    14.031
    15.040
    15.051
    14.145
     9.120
    14.111
    19.346
    17.199
    12.688
     8.768
     2.697
     1.725
     3.678
     5.404
     8.282
     6.289
     2.927
     0.715
     2.497
     5.419
     5.156
     2.568
     1.280
     3.646
    12.503
     7.528
     2.829
     3.275
     0.294
    -0.116
    -3.777
    -6.019
    -6.553
    -2.750
    -4.537
    -4.808
    -7.245
    -7.218
    -0.553
     4.736
    -1.442
    -9.963
    -6.543
     3.803
    10.529
    -3.711
    -6.955
    -0.736
    -3.575
    -8.241
    -5.587
    -6.993
   -12.991
    -7.017
    -5.953
    -6.101
    -0.896
    -2.571
    -0.671
    -3.449
     2.041
     4.089
     1.755
    -0.447
    -2.892
    -4.103
    -3.345
    -2.484
    -3.738
    -5.860
    -4.809
    -4.477
    -1.452
     0.687
     0.672
     0.781
     2.917
    -0.546
    -1.412
     1.866
     3.962
     3.801
     2.842
     1.850
     1.606
     0.640
    -2.600
    -0.548
     3.934
     8.381
     7.117
     0.561
     5.550
     2.155
     1.963
     2.972
     5.249
     4.476
     7.771
     7.667
     4.348
     4.315
     4.457
     4.562
     2.672
     4.469
     1.523
     1.348
     1.435
     3.583
     2.505
    -0.570
    -0.531
     1.467
     1.651
     2.925
     1.984
    -2.242
     1.096
     3.425
     2.863
     0.758
    -0.408
    -6.942
    -5.649
     5.824
     3.319
    -3.267
    -9.280
    -9.097
    -4.544
    -2.287
    -5.293
    -6.388
    -6.321
    -7.173
    -5.875
    -4.699
    -5.754
    -6.386
    -6.092
    -4.791
    -2.516
     1.010
    -3.067
    -6.260
    -6.082
    -6.747
    -2.703
    -5.529
    -3.451
    -4.180
    -1.995
    -2.858
    -2.665
    -0.407
     1.737
    -0.780
    -0.864
    -0.530
     0.573
     0.732
    -0.285
    -0.135
    -0.061
     0.134
     0.340
     1.450
     2.585
     3.829
     5.010
     6.235
     6.414
     5.518
     4.763
     6.005
     6.399
     6.505
     6.493
     5.470
     3.533
     3.601
     2.821
     2.769
     0.661
     3.859
     0.944
    -1.134
    -1.194
    -2.086
    -1.000
    -1.875
    -1.915
    -4.974
    -3.903
    -3.863
    -2.779
    -2.819
    -2.975
    -4.948
    -2.038
    -3.844
    -2.772
    -3.785
    -3.683
    -3.563
    -2.559
    -3.650
    -3.701
    -5.622
    -3.640
    -2.603
    -2.526
    -3.463
    -4.604
    -2.441
    -2.474
    -0.287
    -1.180
    -0.104
     1.083
     2.207
     2.279
     2.413
     2.473
     4.746
     6.967
     5.091
     5.403
     3.577
     2.841
     4.091
     1.332
     0.287
    -0.436
     0.652
     0.956
     0.089
     1.456
     0.587
     0.632
     2.717
     5.042
     5.190
     5.173
     5.294
     6.372
     6.648
     6.739
     6.135
     6.338
     6.578
     6.389
     7.540
     7.595
     6.819
    12.261
    16.504
    16.616
    11.538
    14.747
    10.787
     2.671
     2.758
     0.769
    -2.013
    -2.080
    -6.265
    -7.201
    -6.052
    -7.228
    -6.093
    -5.240
    -7.148
    -5.119
    -4.114
    -5.193
    -4.102
    -1.019
    -2.018
    -2.217
    -0.162
     1.716
     3.877
     6.984
     2.809
     3.726
     3.682
     3.596
     3.617
     3.405
     3.233
     1.985
    -0.405
    -0.547
     0.376
    -1.896
    -3.035
    -2.351
    -4.561
    -5.817
    -7.074
    -7.181
    -6.330
    -5.517
    -5.580
    -3.860
    -5.175
    -2.483
    -2.687
    -5.022
    -5.411
    -6.903
    -8.400
    -9.720
   -11.192
   -12.599
   -15.011
   -15.496
   -18.917
   -18.266
   -18.571
   -18.943
   -16.093
   -16.398
   -15.707
   -16.101
   -16.443
   -14.771
   -15.180
   -13.552
   -11.921
   -12.243
   -11.577
   -10.975
   -11.501
   -10.912
   -10.375
    -9.766
    -7.233
    -7.715
    -4.019
    -2.469
     1.352
     1.936
     3.633
     4.407
     6.916
     3.428
     5.206
     3.614
     4.266
     8.060
    12.880
    15.508
    16.259
    14.857
    21.655
    25.443
    26.152
    26.766
    28.309
    27.785
    26.321
    24.817
    24.219
    19.650
    16.040
    14.397
    10.012
     9.654
    10.234
     7.801
     6.298
    10.040
    10.666
    11.665
    12.270
    11.914
     9.483
     8.038
     9.813
     9.420
     8.230
     8.843
     9.482
    13.332
    14.035
    13.746
    10.351
     7.947
     8.696
     5.272
     5.000
     3.733
     4.572
     5.384
     6.186
     4.772
     2.627
     1.192
     2.059
     2.948
     1.817
     1.555
     0.332
    -0.918
    -2.038
    -3.427
    -2.422
    -2.546
    -4.895
    -9.198
   -10.490
   -12.749
   -14.805
   -17.149
   -19.371
   -18.397
   -19.515
   -20.802
   -24.001
   -26.205
   -23.160
   -22.275
   -21.219
   -21.440
   -20.583
   -21.740
   -19.556
   -17.455
   -15.510
   -14.400
   -15.430
   -12.391
   -12.351
   -12.366
   -11.416
   -11.356
   -12.360
   -11.368
   -16.428
   -12.389
   -11.222
    -8.127
    -4.867
    -4.673
     1.669
     3.882
     1.884
     0.744
    -0.184
    -1.115
    -3.132
    -0.936
     1.225
     5.578
     8.820
    12.947
    11.048
    10.185
    10.137
     8.414
     6.357
     6.248
    10.242
     8.421
    10.623
    11.693
    10.949
    14.228
    13.529
    11.530
     4.623
     4.823
     6.199
     9.631
     5.707
     6.027
     5.351
     5.670
     8.006
     6.162
     2.230
    -2.750
    -3.560
    -8.648
    -9.263
    -6.019
    -6.604
    -4.395
    -0.155
    -0.992
    -1.658
     0.477
    -1.218
    -0.953
    -2.781
    -4.682
    -0.186
     1.705
    -0.750
     3.155
     2.211
     5.319
     6.379
     5.439
     5.615
     5.303
     1.170
     3.248
     2.082
     0.948
     3.131
     6.057
     5.087
     3.220
     6.315
     7.647
     9.119
    11.383
    11.524
     9.592
     9.828
    10.993
     8.290
     5.191
     5.420
     3.457
     3.661
     0.641
     2.672
     1.823
     2.833
     3.932
     0.879
    -1.358
    -2.286
    -1.209
    -2.173
    -0.995
     2.086
     3.134
     4.440
     2.468
     3.606
     3.649
     2.581
     1.512
    -3.398
    -6.598
    -9.701
   -17.727
   -13.367
     0.206
    -3.056
    -1.186
     1.896
    -2.934
    -2.785
    -2.593
    -4.439
    -6.520
    -6.391
    -3.196
     0.057
     5.273
    10.525
    11.533
     8.562
     3.600
    -7.372
    -9.141
   -11.819
   -13.788
   -12.746
    -4.570
     1.583
     1.229
     1.986
     0.974
    -3.612
    -3.480
    -2.206
    -3.036
    -3.967
    -5.093
    -6.089
    -5.086
    -4.948
    -4.924
    -5.812
    -5.816
    -5.676
    -5.677
    -7.582
    -6.413
    -6.340
    -5.210
    -5.140
    -4.129
    -5.965
    -5.944
    -6.872
    -7.768
    -7.721
    -8.610
    -9.326
     2.006
     1.962
     3.770
     5.791
     5.841
     7.132
     6.320
     5.476
     5.534
     2.596
     0.557
     0.555
    -0.331
    -0.212
    -1.268
    -1.163
    -1.196
    -2.161
    -0.084
     0.028
     0.026
     0.166
     1.342
     1.557
     2.605
     2.641
     0.608
     1.702
     2.809
     1.911
     1.909
     1.077
     0.233
     0.196
     2.180
     2.201
     2.053
    -1.831
    -1.931
     0.349
     1.250
     0.129
    -0.756
    -1.600
     1.398
     1.398
     1.404
     1.332
     1.279
     1.227
     3.262
     3.144
     2.009
     0.987
     0.886
     1.987
     4.084
     3.950
     2.817
     2.969
     3.984
     4.028
     2.966
     2.989
     1.917
    -0.038
     0.047
     1.064
    -0.012
     0.082
    -0.045
    -0.129
    -0.133
    -0.092
     0.748
     0.503
     0.527
     1.554
     2.565
     4.754
     7.825
     8.891
     9.825
     8.600
     7.448
     8.506
     7.586
     6.620
     7.596
    10.619
     8.641
     8.674
     7.439
     8.248
     6.332
     6.392
     5.376
     4.234
    -0.075
    -3.252
    -2.292
    -3.105
    -3.969
    -2.892
    -4.181
    -3.395
    -4.412
    -4.554
    -4.584
    -5.560
    -5.637
    -5.748
    -4.821
    -5.898
    -5.146
    -5.235
    -6.283
    -5.402
    -5.506
    -4.434
    -3.606
    -2.742
    -2.721
    -2.742
    -2.885
    -2.942
    -3.023
    -2.952
    -3.046
    -3.103
    -3.165
    -4.130
    -3.156
    -2.309
    -3.318
    -2.258
    -1.375
    -2.369
    -2.455
    -3.502
    -2.471
    -2.530
    -3.601
    -3.632
    -3.741
    -3.770
    -3.898
    -3.978
    -5.030
    -3.054
    -3.052
    -3.165
    -2.276
    -3.271
    -3.335
    -2.385
    -2.367
    -3.258
    -3.291
    -3.388
    -2.425
    -1.430
    -1.556
    -1.759
    -2.816
    -0.861
    -0.927
    -0.921
    -0.872
     0.106
     0.979
     1.069
     1.962
     0.863
     1.781
     0.794
     0.756
     2.748
     2.743
     1.699
     3.626
     3.740
     2.702
     3.640
     3.660
     3.579
     3.619
     2.556
     1.516
     0.490
     0.481
     1.516
     0.446
     1.466
     0.511
     1.444
     1.439
     1.472
     0.364
     1.458
     0.443
     1.428
     1.399
     0.404
     0.348
     1.360
     1.415
     1.364
     1.454
     1.464
     1.447
     0.373
     0.375
     0.336
     0.399
     1.357
     1.266
     2.225
     2.208
     4.098
     5.254
     3.156
     2.103
     3.005
     2.074
     2.119
     2.153
     3.134
     1.150
     1.105
     0.918
    -1.019
    -1.091
    -1.075
    -1.130
    -2.135
    -1.247
    -1.093
    -0.124
    -0.130
     0.851
     0.945
     1.930
     2.007
     2.003
     2.853
     2.007
     1.121
     2.162
     2.260
     2.243
     3.277
     2.301
     4.279
     3.161
     2.984
     2.915
     3.778
     3.635
     1.588
     1.391
     2.365
     2.319
     1.247
     1.190
     1.151
     1.057
     2.049
     2.010
     1.049
     1.850
     1.909
     1.740
    -0.230
    -0.349
    -0.507
     0.477
    -1.766
    -1.785
    -1.797
    -2.930
    -0.907
    -1.085
    -3.196
    -2.431
    -1.455
    -2.674
    -1.773
    -2.888
    -2.834
    -1.939
    -1.957
    -3.011
    -3.111
    -3.171
    -1.342
    -2.428
    -2.542
    -3.628
    -2.665
    -2.806
    -1.907
    -2.981
    -3.036
    -3.147
    -2.246
    -3.369
    -4.397
    -2.531
    -2.661
    -2.795
    -2.791
    -2.768
    -2.977
    -3.069
    -2.149
    -2.169
    -2.238
    -2.368
    -2.451
    -2.592
    -2.649
    -3.703
    -3.863
    -3.927
    -3.970
    -3.090
    -4.201
    -4.304
    -4.496
    -3.584
    -4.649
    -4.827
    -4.943
    -4.087
    -4.203
    -5.357
    -3.482
    -4.532
    -4.695
    -5.802
    -5.887
    -5.049
    -5.159
    -4.286
    -4.406
    -3.582
    -3.556
    -1.692
    -0.818
    -1.073
     0.953
     2.786
     3.844
     6.781
     7.680
     8.482
    11.410
    11.414
    13.329
    13.059
    10.913
    10.791
     8.639
     7.334
     6.162
     5.972
     4.884
     4.596
     4.381
     5.312
     5.297
     4.131
     3.986
     4.841
     5.704
     4.566
     4.424
     3.418
     5.176
     6.042
     4.990
     3.738
     2.581
     3.378
     3.239
     2.173
     1.987
     1.920
     1.831
     0.688
     0.547
     0.314
    -0.720
    -1.885
    -0.982
    -0.089
    -0.145
     0.689
    -0.394
    -0.459
     0.445
     1.442
     1.353
     1.313
     1.352
     0.266
     0.102
     0.927
    -0.074
    -1.259
    -2.287
    -1.340
     0.552
     1.468
    -0.470
    -2.636
    -2.680
    -3.683
    -2.668
    -2.637
    -0.609
    -0.643
    -0.804
    -1.804
    -1.879
    -2.875
    -3.946
    -3.941
    -3.897
    -2.957
    -1.892
    -2.925
    -2.901
    -2.979
    -4.027
    -4.015
    -3.900
    -3.958
    -2.840
    -0.841
    -1.876
    -0.832
    -0.786
    -0.772
    -0.681
    -1.649
    -0.564
    -1.631
    -1.619
    -1.536
    -1.542
    -0.372
    -1.359
    -0.231
    -0.166
    -0.069
    -1.011
    -0.962
    -2.850
    -2.802
    -2.607
    -1.552
    -1.417
    -2.298
    -2.269
    -1.267
    -2.208
    -3.172
    -2.051
    -1.938
     0.143
     1.273
    -0.571
     0.489
     0.595
    -0.372
    -1.209
    -1.016
    -0.948
    -1.747
    -0.521
    -1.572
    -1.425
    -1.255
    -0.117
     0.029
     0.194
     1.347
     1.489
     2.587
     0.693
     1.660
     1.836
     1.973
    -2.802
    -1.919
    -2.543
    -1.575
    -0.450
     0.485
     1.598
     2.620
     2.749
     1.778
     1.658
     1.602
     2.739
     1.755
     0.828
    -0.288
    -0.139
    -0.098
    -0.003
     0.066
     0.188
     0.190
     0.276
     1.407
     1.542
     1.655
     3.719
     3.812
     3.822
     1.796
     0.951
     2.010
     1.928
     2.117
     2.141
     1.134
     1.093
     2.006
     1.117
     2.021
     1.090
     0.968
     0.971
     0.950
     0.918
     0.916
     0.961
    -0.053
    -0.037
    -0.120
    -0.971
    -0.067
     0.973
    -0.052
    -0.035
     0.855
     0.961
     0.953
     0.882
     0.890
    -0.125
    -0.058
    -0.152
    -0.227
    -1.166
    -1.304
    -0.292
    -0.351
     0.649
     1.499
     1.550
     2.465
     1.456
     0.288
     1.199
     1.120
     1.120
     1.967
     1.985
     1.984
     1.935
     0.846
     0.762
     1.663
     0.614
     0.417
     1.349
     2.290
     1.194
     2.044
    -0.065
    -0.190
    -0.201
    -1.443
    -2.445
    -1.590
    -1.693
    -0.728
    -0.895
    -0.939
    -1.053
    -2.161
    -1.374
    -2.539
    -0.611
    -1.724
    -3.770
    -1.861
    -0.910
    -1.022
    -2.042
    -1.200
    -1.335
    -1.549
    -1.659
    -1.672
    -1.847
    -1.975
    -2.988
    -3.079
    -2.218
    -2.413
    -1.540
    -1.551
    -1.651
    -2.785
    -2.876
    -3.001
    -1.996
    -3.068
    -2.168
    -1.306
    -1.468
    -2.607
    -2.667
    -1.807
    -2.905
    -3.029
    -2.203
    -1.436
    -2.406
    -1.524
    -0.648
     0.288
    -0.691
     0.050
    -1.074
    -0.071
     0.836
    -0.235
    -0.290
    -0.436
     0.330
     0.323
     1.241
     0.984
     2.806
     3.729
     3.569
     3.131
     2.970
     2.860
     1.866
     2.832
     0.800
     1.828
     2.935
     3.020
     4.868
     4.670
     4.665
     3.488
     2.398
     4.244
     3.315
     3.235
     3.094
     2.962
     4.834
     3.610
     3.447
     3.363
     3.313
     3.208
     4.086
     2.971
     2.013
     3.000
     1.977
     1.775
     0.523
     0.306
    -1.766
    -0.883
    -0.870
    -0.067
    -2.223
    -2.385
    -1.571
    -2.607
    -1.660
    -2.722
    -0.738
    -0.840
    -1.924
    -2.100
    -3.193
    -3.338
    -2.352
    -2.506
    -3.797
    -3.967
    -4.195
    -6.158
    -5.265
    -6.215
    -5.963
    -4.930
    -7.623
    -3.107
    -2.456
    -3.871
    -0.919
    -1.358
    -0.051
     1.022
    -0.188
    -0.338
    -0.379
     0.318
     0.045
    -1.158
     0.401
    -1.980
    -2.047
    -2.122
    -3.246
    -3.285
    -3.479
    -2.568
    -2.403
    -2.204
    -3.071
    -1.589
    -0.411
    -0.647
     0.206
    -0.985
    -1.051
    -1.073
     0.019
    -0.080
    -3.099
    -2.888
    -3.026
    -5.146
    -4.035
    -3.931
    -0.847
     0.192
     2.123
     1.042
     1.911
     1.992
     3.990
     5.734
     4.662
     4.634
     5.388
     6.943
     6.924
    10.528
    10.696
    10.643
    11.302
    10.270
    10.904
    10.557
    13.127
    13.435
    14.066
     7.036
     5.733
     7.407
     7.665
     7.453
     6.300
     5.366
    10.059
     7.588
     8.938
     2.700
     4.132
     1.531
     0.154
    -5.245
    -5.513
    -3.334
    -1.069
    -1.838
    -3.186
    -3.462
    -3.316
    -2.630
    -2.043
    -3.435
    -3.403
    -2.090
    -0.824
    -1.332
    -0.402
    -1.670
    -1.762
    -3.372
    -4.031
    -4.630
    -4.780
    -5.791
    -5.649
    -5.444
    -6.777
    -7.053
    -6.761
    -5.934
    -5.821
    -6.009
    -5.025
    -4.631
    -5.467
    -6.788
    -6.465
    -6.255
    -6.880
    -6.094
    -6.116
    -6.175
    -6.247
    -6.788
    -6.521
    -5.886
    -6.628
    -6.668
    -7.191
    -7.543
    -7.036
    -6.996
    -6.599
    -5.827
    -5.283
    -5.096
    -4.420
    -4.466
    -4.176
    -3.479
    -3.177
    -2.727
    -2.689
    -2.198
    -1.749
    -1.694
    -1.713
    -1.085
    -0.506
     0.070
    -0.048
     0.154
     0.727
     1.167
     1.453
     1.635
     1.999
     2.336
     2.633
     2.903
     3.232
     3.483
     3.816
     4.044
     4.318
     4.550
     4.829
     5.053
     5.304
     5.511
