        2.89343         3.64403
        3.17754         3.67228
        3.50074         3.61752
        3.77136         3.62419
        4.07865         3.55158
        4.33406         3.53901
        4.62752         3.45258
        4.87358         3.44051
        5.13819         3.32694
        5.37995         3.29232
        5.63242         3.18108
        5.84077         3.11008
        6.06936         2.93617
        6.25807         2.85464
        6.46044         2.64589
        6.57501         2.54059
        6.74164         2.29380
        6.84523         2.12936
        6.93808         1.83737
        7.12728         1.67626
        7.13474         1.33967
        7.10930         1.04732
        7.15491         0.82295
        7.13282         0.73311
        7.26757         0.58289
        7.28289         0.37321
        7.17486         0.16121
        7.15376         0.02531
        6.98455        -0.44990
        7.11895        -0.59515
        7.10517        -0.80740
        6.81273        -1.16149
        6.52533        -1.72591
        6.27486        -2.00520
        6.17325        -2.49562
        5.73449        -2.93579
        5.59011        -3.32424
        5.38608        -3.49321
        4.88898        -3.88797
        4.64068        -3.87623
        3.88752        -4.26774
        3.77260        -4.03155
        3.51008        -4.80089
        2.98315        -5.33374
        2.25643        -5.53553
        2.32319        -5.65251
        1.99461        -6.29183
        1.36557        -6.16004
        0.24900        -6.56836
        0.05446        -7.16863
       -0.35877        -7.32643
       -0.83153        -8.23398
       -1.27252        -8.10204
       -1.77274        -8.45995
       -2.54970        -8.58540
       -2.76786        -9.57908
       -3.92080        -9.70212
       -4.15499       -10.07547
       -4.33578       -10.52475
       -4.91418       -10.90514
       -4.71774       -10.61964
       -5.29950       -10.22274
       -5.45550       -11.03476
       -4.84194       -10.59056
       -5.37004        -9.76521
       -4.68217        -8.80555
       -3.89470        -8.72587
       -2.20664        -7.21702
       -2.65800        -5.69590
       -2.22972        -4.48509
       -1.24356        -1.84797
       -1.22578        -1.45649
       -1.14994        -0.61733
       -1.61820         0.84689
       -2.04990         1.77989
       -0.93706         2.29351
       -0.80977         2.21022
       -0.16018         3.30613
        0.00435         4.37032
       -1.01613         4.39446
       -1.43362         4.34316
       -1.90469         5.55667
       -1.12094         5.52012
        0.89038         6.17146
        3.02426         6.76782
        3.26830         7.45356
        2.26972         8.73430
        0.53611         8.14134
       -0.52921         7.45070
       -2.34919         8.17023
       -4.17097         8.14108
       -3.97990         8.17913
       -6.57601         8.13949
       -7.83980         9.60965
       -9.08297         8.84717
      -11.13692         8.13179
      -11.68750         6.56867
       -9.24917         6.55367
       -8.23317         6.46032
       -6.45243         6.43319
       -6.15065         5.54035
       -4.28929         5.49172
       -3.13913         3.75498
       -2.00486         3.67634
       -3.26108         2.69733
       -3.75425         2.59771
       -3.36818         2.41938
       -3.86203         2.30699
       -2.60676         1.26188
       -2.23195         1.99021
       -2.66963         1.78569
       -3.15688         2.52297
       -4.48562         2.31199
       -4.09690         2.16632
       -2.75534         1.94119
       -3.24325         0.87776
       -4.59865         0.63190
       -5.09898         0.45134
       -4.63438         0.19133
       -3.27850        -0.93115
       -2.79041        -0.27775
       -3.27829        -0.48685
       -2.77934        -0.77548
       -3.26699        -0.99894
       -3.71128        -1.30195
       -3.24529        -1.53978
       -0.80266        -0.89501
       -1.28154        -1.14310
        1.19304        -2.44091
       -0.25271        -1.73367
        1.26899        -1.09907
       -0.18466        -2.35337
        0.36545        -1.72713
       -1.09788        -3.00186
       -0.54574        -2.38469
        0.95458        -3.67869
        2.50725        -3.07125
        3.02570        -2.39478
        2.59530        -3.78621
        2.11762        -4.11796
        1.68404        -4.52888
        3.20157        -3.87522
        2.76689        -4.29891
        4.28516        -2.65721
        3.84840        -3.09406
        3.36739        -2.46903
        2.93566        -2.92961
        2.46228        -3.33092
        2.03863        -2.81752
        1.57378        -3.24454
        2.15912        -2.75651
        2.70370        -3.20853
        4.29889        -2.74513
        2.85376        -2.22139
        3.45965        -0.78181
        2.02563        -2.28147
        3.64303        -0.86485
        5.22091        -0.38702
        6.85061        -0.99243
        4.44115        -1.53613
        3.08387        -2.16258
        4.68779        -0.72680
        6.34423        -0.37324
        4.96221         0.04309
        6.63303         1.37776
        6.26570         2.77577
        5.95151         3.09270
        6.59946         2.47356
        6.30084         3.77395
        4.96461         3.13888
        3.68205         2.42396
        3.36214         3.77422
        2.09613         4.04527
        2.79297         2.38216
        0.54392         3.64049
        0.25791         2.96532
        1.02618         2.21227
       -0.24234         3.52639
       -0.45643         2.76333
        0.29282         3.06813
        0.09662         3.29643
       -1.13614         2.59329
       -0.31424         2.81436
       -1.52882         2.10469
        0.31131         2.31993
        1.11503         2.60515
        0.97349         1.81599
        0.79556         1.09751
        2.67238         1.30536
        3.51281         2.58460
        1.40798         1.79088
       -0.73328         0.06925
       -1.81984         0.27537
       -2.94290        -1.44573
       -3.01133        -1.23838
       -3.11633        -1.95755
        0.83319        -0.74761
        4.74602        -0.46349
        4.71324        -0.24957
        4.64364        -0.96082
        4.62829         1.25839
        3.57594        -0.44690
        2.57766        -1.22110
        0.54220        -2.91916
       -1.43940        -3.68549
        1.54161        -4.37507
        4.57625        -2.13231
        5.57327        -0.81219
        4.62368        -1.55915
        6.63620        -1.22818
        8.70184        -0.96372
       10.72931        -0.62078
        9.80961        -2.34380
        9.85144        -4.98782
       12.94580        -3.69729
       13.00137        -4.32725
       11.10913        -4.02218
       11.17777        -4.63713
       11.29827        -5.31660
       10.37929        -4.91564
       11.51181        -4.57876
        9.60449        -3.16106
        6.74830        -2.80704
        2.85188        -4.37181
        4.00621        -1.99991
        1.11993        -1.54645
        0.28399        -1.15599
       -2.59295        -0.68366
       -4.41995         0.72598
       -5.28836         2.21776
       -6.10724         3.64710
       -6.96795         3.15883
       -7.77954         5.60835
       -4.63338         8.14048
       -7.43852         6.61058
       -6.28633         6.16347
       -5.08587         8.65449
       -8.92850         7.22842
      -11.72328         7.74062
      -13.56157         6.33584
      -12.35243         5.86941
      -14.18722         5.48607
      -13.97501         5.04114
      -14.80714         4.67933
      -13.59268         2.25594
      -13.42298         1.91569
      -12.20710         2.51385
      -13.03638         1.19511
      -13.81987         1.81473
      -12.64893         2.51739
       -8.43259         2.15834
      -11.26220        -0.11776
       -7.04679         2.54431
       -7.87771        -0.71079
      -16.66398        -4.02784
      -17.49693        -1.26223
      -15.28560        -1.55874
      -14.12129        -1.77275
      -13.91303        -2.04908
      -13.75213        -3.24311
      -13.54760        -3.49968
      -12.39075        -3.67420
      -11.19057        -3.91148
      -11.03837        -4.06696
       -8.84313        -3.28547
       -7.69613        -3.42245
       -7.50637        -3.62275
       -6.36511        -3.74182
       -5.18133        -2.92450
       -3.04629        -3.02626
       -2.86895        -3.19196
       -3.74056        -2.27707
       -4.57008        -2.42645
       -3.44874        -1.49557
       -0.28548        -1.62932
       -0.17154        -2.68317
       -1.01584        -2.80200
        0.09041        -2.84129
        0.23828        -1.94594
        1.33658        -2.97142
        2.47640        -3.06264
        2.56655        -3.07506
        3.69814        -4.15361
        3.77999        -4.15374
        3.90321        -4.22038
        2.97665        -4.20900
        4.09143        -4.26451
        6.15641        -3.24239
        6.26272        -3.28754
        6.31922        -3.25545
        8.41709        -2.29102
        7.46517        -2.24973
        8.55464        -2.27648
        6.59439        -3.22674
        6.67560        -3.24542
        7.70715        -2.18798
        8.78025        -2.19933
        7.80380        -2.13494
        6.86900        -3.13968
        6.88477        -3.06902
        8.94233        -2.06786
        9.95059        -1.99164
       10.00079        -1.98525
       11.00187        -0.90413
       10.04506         0.10685
       11.03931         1.19223
        9.07586         0.20716
        9.06367         0.29620
        9.09399         0.31450
        8.07579         0.40662
        6.10034        -0.57227
        8.07660         1.52240
        8.09584         0.54580
        6.06705         2.64251
        7.08151         2.66772
        9.04820         4.76601
        7.05841         3.79258
        6.02113         4.89204
        6.02765         4.91957
        5.98697         5.01980
        7.99038         6.04793
        6.94690         6.14860
        5.94781         5.17702
        5.90213         6.27782
        4.90117         5.30625
        5.85393         5.40694
        7.85171         7.43515
        7.80354         6.53552
        7.80072         6.56331
        5.75227         5.66320
        4.74950         4.69044
        4.70141         4.78972
        4.69934         4.81630
        3.65228         4.91490
        1.65155         3.94077
        3.60617         3.03864
        4.60744         3.06379
        5.56439         3.16094
        4.56831         3.18539
        3.52822         3.28187
        4.53543         4.30569
        4.49894         4.40158
        4.51006         4.42487
        4.47780         5.52029
        5.49344         3.54319
        6.46599         2.63831
        6.48675         2.66099
        2.46471         0.75600
        0.49116         0.77868
        1.47510         1.87379
        3.50779         0.89670
        3.49823        -0.00782
        1.53770         0.01558
        1.53516         0.11170
       -0.41810         0.13590
       -0.41312         0.23296
        1.64135         0.25827
       -0.34571        -0.64339
       -2.28305        -1.61665
       -3.26173        -2.51669
       -4.19049        -2.48814
       -4.16039        -2.38621
       -7.08020        -2.35549
       -3.04097        -1.25120
       -3.95149        -3.21794
       -5.90283        -4.11090
       -8.80377        -4.07470
       -9.74539        -2.96453
      -10.63649        -1.92500
       -9.56817        -0.81129
      -10.44921        -1.76803
      -10.37074        -1.65039
      -11.24157        -1.60299
      -10.15280        -0.48101
      -10.01326        -0.42908
      -10.91409        -0.30239
      -10.76410        -0.24554
      -12.65445        -0.11373
      -13.49397         0.94843
      -13.37381         0.08573
      -12.20283        -0.84644
      -12.07219        -0.70329
      -10.89074        -0.62943
      -10.74967        -0.48007
      -10.55784        -0.39985
      -11.40644        -1.24396
      -11.20435        -1.15704
      -11.04276        -0.99430
      -10.83056        -0.90039
      -10.65896        -1.73053
       -8.43687        -2.62935
       -8.25548        -2.45210
       -8.02372        -2.34341
       -6.83281        -3.15852
       -6.59166        -3.04209
       -5.39151        -2.84937
       -5.14129        -2.72501
       -4.93223        -2.52427
       -4.67328        -2.39183
       -3.45568        -2.18293
       -2.18838        -3.04227
       -2.96263        -1.82510
       -0.68739        -2.67613
       -2.45392        -3.45061
       -3.17118        -3.29327
       -1.93043        -4.05936
       -0.64065        -2.89362
       -0.39310        -4.65132
       -0.09677        -4.47719
       -0.84293        -4.22652
       -0.54055        -7.04405
       -1.28093        -6.78509
        1.02695        -5.59437
        3.29182        -4.32721
        1.60466        -5.12836
       -1.12579        -3.85314
        1.19146        -3.64631
        0.46513        -4.36322
       -0.21379        -3.14861
       -1.93658        -2.85785
       -2.61225        -2.63569
       -1.33209        -3.33750
       -1.00509        -2.10806
       -0.72257        -1.80273
        0.60649         0.43370
        3.89079         1.74586
        7.22132         3.98895
        8.50679         4.30760
        8.83820         2.55699
        6.12426         0.88174
        2.45596         2.13704
        2.74201         2.46750
        3.07342         2.72829
        3.35889         3.06402
        4.68943         3.32987
        3.97375         3.67042
        5.30286         2.94084
        2.58546         2.28574
       -0.08741         2.56026
        0.19294         2.90900
        0.51754         3.18711
        0.79512         1.53917
       -0.88332         0.82034
       -1.60904         1.17520
       -1.29101         1.45890
       -0.02051         0.81600
        2.29351         2.10167
        5.55977         1.46047
        5.86931         1.74755
        8.13088         1.10747
       10.43552         1.39540
        6.69198         0.75588
        4.99132         0.04407
        5.24228         0.40453
        6.53593         0.69242
        9.78104         1.05229
       15.06865         0.33930
       17.30756         0.69801
       17.58882         0.98357
       15.82122        -0.65945
       15.09583        -0.37590
       16.32145         0.97879
       19.58916         2.25977
       17.80775         1.61162
       17.06833         1.88949
       16.27968         3.23796
       15.53291         2.51220
       14.73684         1.85677
       10.98257         1.12684
       11.17893         0.46701
       10.41702        -1.26757
        9.60567        -0.93229
        7.83601         0.32800
        8.01688         0.65792
        6.23940        -0.08736
        7.41242         0.23676
        6.62707         0.48547
        2.79221         0.80337
        2.99897         1.04567
        1.15622         0.35697
        0.35512         0.59248
       -0.49549         1.89682
       -1.30443         0.12520
       -4.16284         0.42224
       -1.97955         1.64317
       -3.84570         0.93262
       -7.67009         0.14582
       -6.54386         0.42741
       -8.37582         1.63262
      -11.25709         0.90611
      -10.09649         1.10312
      -10.98512         1.36832
       -9.83180         2.55695
       -8.72762         1.81368
       -6.58140         0.99377
       -6.48424         0.24191
       -7.34494         1.41335
       -8.25459         2.65280
       -8.12199         1.81551
       -8.03825         3.04620
       -7.91215         0.20014
       -8.83478         0.42205
       -6.71494         0.56721
       -7.64371        -0.21966
       -7.52989        -0.08327
       -9.46457        -0.87887
       -9.35653        -0.75118
      -10.29686        -1.55545
      -10.19434        -1.43638
      -10.14007        -1.24921
       -9.04283        -1.13863
      -10.99370        -1.95988
      -12.90147        -0.85765
      -11.85723        -1.68716
       -7.76976         0.40691
       -6.73016         0.56933
       -6.64720         0.65544
       -6.61198         0.81001
       -7.53328         1.88840
       -5.50220         3.03537
       -5.42753         1.10629
       -4.40035         3.24594
       -5.32946         2.30967
       -6.30595         2.44227
       -6.23862         2.49911
       -5.21857         2.62499
       -4.15459         2.67527
       -5.13779         1.79474
       -5.07696         1.83879
       -6.06321         1.95221
       -5.00535         1.99037
       -4.99448         4.09809
       -2.93941         3.13074
       -0.93125         3.23313
       -0.87882         1.26064
       -1.87323         1.35808
       -3.82330         0.38082
       -4.82015         2.47369
       -4.77260         2.49207
       -4.77178         2.58076
       -1.72651         1.59515
       -1.72793         1.68005
       -0.68487         0.69086
       -0.68846        -0.22763
        0.35246        -1.22003
        1.34676         0.85848
       -0.61442         0.86328
        1.37779         0.93917
        1.41454         0.94154
        1.40467         1.01520
        2.43934         1.01552
        3.42739         2.08731
        5.45996         2.08595
        5.44590         2.15624
        6.47634         0.15356
        4.46012        -0.77730
        4.48837         0.21903
        5.46992         0.28736
        5.49590        -0.71696
        6.47515        -1.64913
        7.49877        -2.65378
        8.47560        -3.58614
        7.49676        -4.59083
        7.47106        -4.52309
        8.48963        -5.52754
        9.46127        -5.45943
        9.47711        -6.46339
       10.44594        -7.39466
       10.45890        -7.39790
       10.42477        -7.32833
        9.43468        -7.33061
        9.39742        -5.25999
        7.40410        -6.26114
        7.36354        -6.18929
        7.36682        -6.18912
        7.32276        -6.11589
        6.32246        -6.11427
        5.27471        -7.03951
        5.27062        -7.03630
        5.21899        -6.95991
        6.21093        -5.95503
        7.15522        -5.87691
        7.14298        -5.87027
        6.08299        -4.79037
        6.06637        -3.78191
        4.00192        -2.70018
        0.98073        -2.68988
        0.91161        -3.60630
       -1.11434        -2.59415
       -1.18831        -2.50873
       -3.21920        -1.49474
       -4.29820        -1.40750
       -3.33421        -1.39171
       -3.41842        -1.30269
       -2.45971        -2.28515
       -2.54928        -2.19441
       -4.59600        -1.17520
       -1.69108        -1.08283
       -1.74338        -1.06203
       -0.84409        -2.96813
        1.09791        -2.94585
        0.99145        -2.85052
       -0.07236        -2.82689
        0.81533        -1.73027
       -1.25436        -1.70541
        0.62740        -1.60763
        1.55175        -0.58170
        0.42753        -0.48292
        0.34589        -0.45605
        1.21565         0.64357
        0.12799        -0.32881
        0.99173         0.77149
       -0.10195         1.79971
        0.75579         1.90051
       -0.34388         1.92915
       -1.49211         3.03028
       -1.59771         3.05915
       -2.75182         3.16044
       -1.86328         3.18938
       -2.02319         1.29064
       -3.14038         1.31946
       -5.30597         1.42052
       -6.42876         0.44906
       -6.59986         2.54975
       -5.72809         2.57783
       -4.90453         3.67798
       -6.03799         2.70545
       -5.21956         3.80491
       -5.35804         3.83160
       -6.54450         4.93022
       -6.68773         4.95600
       -6.87882         5.05363
       -7.02653         5.07836
       -6.22194         4.17488
       -8.37383         4.19845
       -6.57325         4.29375
       -6.72897         4.31604
       -4.93205         4.41002
       -5.09125         4.43096
       -4.29762         3.52354
       -4.45991         4.54304
       -4.66917         3.63416
       -4.83414         3.65218
       -5.04587         3.74179
       -4.21310         3.75829
       -3.42687         4.84637
       -2.59590         4.86132
       -1.81124         4.94786
       -2.98161         4.96128
       -3.19804         5.04630
       -2.36926         5.05822
       -1.58629         5.14175
        0.24214         5.15221
        0.02502         5.23431
       -0.14638         6.24337
       -0.36308         6.32413
        0.46620         4.33189
       -0.74954         4.41140
       -0.91904         4.41797
        1.86671         4.49635
        0.69897         5.50186
        0.48674         5.57926
        1.32131         4.58387
        1.11166         4.66044
        0.94907         4.66432
       -1.25747         4.74026
       -0.41668         5.74360
       -0.61956         5.81910
        0.22515         5.82211
        0.02645         5.89740
        0.87562         4.90031
        1.68163         4.97562
        1.53577         3.97868
        5.34701         2.05426
        3.20663         0.05772
        6.02360        -0.86616
        5.88919        -0.86202
        7.71237        -3.78508
        8.58442        -3.77998
        8.41428        -4.70193
        9.29323        -4.69558
        8.13021        -5.61613
        7.01650        -5.60821
        6.86104        -4.52705
        6.75507        -4.51727
        7.60755        -4.43408
        6.50972        -3.42212
        7.37051        -4.33659
        7.28116        -4.32213
        6.15060        -3.23395
        5.07006        -2.21668
        5.94845        -2.12553
        3.87700        -1.10514
        1.76463        -1.01071
        1.70252        -0.98688
        2.59961         1.11114
        2.54707         0.13871
        3.45381         0.24062
        1.41102         0.27223
        3.32757         0.37831
        3.29466         0.41424
        3.22116         0.52478
        4.19823        -0.43471
        5.13473        -1.31945
        6.12184        -0.27409
        6.06840        -2.15386
        6.06556        -1.10341
        5.02216        -1.97799
        4.02934        -0.92224
        5.99593        -2.79140
        7.01306        -1.73015
        6.98955        -2.59372
        5.01652        -2.52678
        5.00277        -4.38460
        5.03941        -4.31183
        4.03525        -5.16374
        3.08136        -5.08502
        1.08655        -5.93093
        1.14190        -5.84616
        1.15619        -5.68597
        1.22048        -5.59508
        0.24355        -5.42875
       -1.68354        -5.33170
       -1.65203        -6.15921
       -2.57087        -5.05600
       -3.53131        -4.87735
       -5.44231        -3.76801
       -8.39512        -3.58325
       -8.29871        -3.46783
       -8.24435        -3.27705
       -8.14102        -3.15565
       -6.07998        -2.95894
       -7.97023        -3.83169
       -8.90305        -4.62922
       -9.78742        -4.49628
       -9.71464        -4.28821
       -9.59371        -6.14978
      -10.51592        -4.93634
      -11.39028        -5.79266
      -10.30809        -5.57409
      -10.17836        -5.42541
      -10.09239        -6.20200
       -9.95921        -6.04864
      -10.87012        -6.82070
       -9.73414        -6.66298
       -9.64260        -6.43086
       -9.50450        -5.26915
       -7.41118        -6.03324
       -6.27165        -5.86793
       -6.17723        -7.62863
       -5.03696        -8.46015
       -2.94215        -8.21790
       -3.80184        -7.04670
       -4.70734        -5.80197
       -4.56768        -4.62853
       -5.47418        -3.38180
       -3.33588        -2.20662
       -1.24409        -3.95842
       -2.10783        -2.78203
       -3.01844        -1.53288
       -2.88492        -1.35582
       -3.79860        -1.10628
       -5.66849        -1.92912
       -8.58592        -0.67976
       -7.45988        -0.50306
       -5.38170        -0.25447
       -5.26037         0.92116
       -4.18722         0.16839
       -4.07123         0.34235
       -3.00370         0.58762
       -2.89364        -0.24069
       -2.83233         1.00200
       -0.72877         0.17081
        0.32576         1.41031
        1.42229         1.57562
        2.46953         2.81131
        3.55852         3.97252
        2.59798         5.20379
        3.67896         6.36028
        4.71019         6.58654
        5.78273         5.73770
        4.80532         4.95834
        6.86903         5.10359
        6.88261         6.31803
        7.93714         7.45680
        7.94138         7.66447
        6.98643         9.79619
        6.98106         9.99653
        5.01637         9.12066
        6.00116         9.31315
        7.02652         9.42917
        8.00128        10.61330
        9.01654        10.72071
        9.98112         9.89599
        8.98617        10.99433
        8.94051        10.16032
        7.93529         9.24915
        6.87935        10.40542
        5.86385        10.48433
        5.79765        10.63050
        4.77192         9.69912
        4.69553         7.83483
        4.65967         7.89283
        6.57321         9.01776
        5.52736         8.06485
        3.43102         8.17874
        0.37538         8.21465
       -1.73063         8.31726
       -1.79579         8.34179
       -0.91119         9.43292
       -0.98559         8.44590
       -3.11006         9.52542
       -3.19334         9.52672
       -0.32650         8.59452
        0.58172         8.58407
        2.44029         8.64009
        2.34046         8.61786
        1.19121         7.66210
        2.08382         8.62810
        0.92726         7.66060
        0.81282         7.61489
        0.64949         9.63573
        0.52856         9.57843
        0.35904         9.58774
        0.23223         9.51901
        1.05713         8.51698
        0.92506         8.43701
        1.74503         8.42386
        1.60836         8.33291
        0.42407         8.30892
        0.28348         8.20727
        1.09563         7.17276
        0.95184         6.06077
        0.76114         8.01610
       -0.38513         7.89413
       -0.57793         7.83970
       -0.72594         4.70819
        1.07990         2.64443
       -0.06908         0.50384
        2.73616        -3.56875
        2.58696        -4.71793
        2.39237        -5.79884
        2.24372        -8.95607
        4.05007       -13.04475
        3.90275       -14.20946
        4.71080       -17.30534
        5.56557       -19.47694
        6.37609       -20.57939
        7.23370       -21.75726
        8.04745       -22.86566
        6.90865       -25.04914
        4.72636       -25.16283
        5.59189       -27.35127
        3.41428       -26.46957
        3.28484       -25.66227
        3.11262       -24.78449
        1.98891       -23.98076
        1.82274       -23.10619
        1.70543       -22.30531
        2.54597       -22.43325
        2.43568       -21.63451
        2.28354       -20.76422
        2.18087       -17.96691
        2.03664       -17.09768
        0.94214       -15.30106
        0.80636       -12.43217
        1.72056        -9.63553
        2.59372        -8.76626
        0.51711        -6.96889
       -0.60033        -5.09854
       -0.66734        -3.29974
       -1.77497        -1.42762
       -3.83199         0.37329
       -3.92946         0.24787
       -2.97615         1.05156
       -2.06315         2.92924
       -2.09924         2.73636
       -4.17552         1.61778
       -3.20079         2.42895
       -4.26616         1.31472
       -4.28044         1.13052
       -6.33476         2.02122
       -6.33794         1.84222
       -6.38112         0.73838
       -6.37316         0.56511
       -6.40520         0.46725
       -8.38609         0.30020
       -7.40702        -0.79122
       -6.37686         0.04840
       -5.38678        -0.03615
       -7.34568         0.81054
       -4.34476         0.73326
       -7.29292         1.58738
       -8.28137         2.51769
       -9.21904         3.37956
       -7.19715         3.31777
       -8.12464         2.18766
       -8.09275         2.13400
       -9.01044         3.01212
       -9.96894         3.96679
      -10.87724         2.85331
       -9.82659         3.81644
      -11.72599         3.71147
      -11.66670         3.68315
       -9.55772         3.58676
      -11.49035         3.56702
      -10.37359         3.47921
       -9.29874         4.46803
       -9.17482         5.38875
      -11.09316         5.38606
      -11.96277         7.31521
      -11.87498         6.32087
       -9.73884         5.25830
       -7.64568         3.27213
       -3.50454         1.21762
       -3.40678        -1.76060
       -4.26145        -0.80732
       -4.15990         0.22211
       -4.01120         0.18289
       -3.90671         2.21963
       -2.75550         5.18753
       -3.64893         8.23119
       -6.49609        11.20581
       -6.38834        12.25597
       -7.23477        12.23684
       -7.12675        12.29302
       -6.97336        12.27965
       -7.86599        13.34132
       -6.71371        12.33316
       -6.60792        11.39976
       -5.45769        11.39624
       -6.35441        10.46717
       -3.20717         9.46767
       -1.10734         6.54229
        1.03598         5.54616
        4.13143         2.62382
        6.26991         1.63038
        5.36005         1.71038
        7.49278         0.71892
        8.57672        -0.19945
        8.70279        -0.18965
        8.77963        -1.10714
        9.89818        -2.09682
        8.96706        -2.01417
       10.07723        -2.00410
       13.13733        -1.92209
       15.23830        -1.91303
       16.28880        -1.83242
       16.37979        -1.82516
       17.41994        -0.74674
       17.50021        -0.74206
       15.52928         0.33340
       14.59812         0.33474
       15.61543         0.40646
       15.67220        -0.59634
       14.67713         0.47088
       14.72122         0.46320
       13.71319         1.52515
       12.74406         0.51184
       13.72255         1.56779
       16.73971         0.54811
       15.70427         0.59735
       15.70728         2.57060
       12.65751         3.61242
       12.64602         3.57793
       13.58159         3.61168
       16.55530         5.56879
       15.47595         4.59382
       15.43463         4.54192
       15.34016         4.55764
       15.28366         5.49615
       14.17395         5.50201
       10.10218         4.43039
        9.97719         4.42588
        6.89014         4.34364
        4.74989         4.32828
        4.64763         5.23498
        2.49222         6.20835
        3.37488         6.10359
        3.20449         6.06532
        1.07228         4.94876
       -0.11283         4.89855
       -0.25961         3.76991
       -0.45912         1.70748
       -0.62011         1.56652
       -1.83362        -1.50830
       -2.00838        -3.66175
       -4.23541        -2.74913
       -5.42343        -2.91517
       -1.66344        -4.01517
        0.13587        -6.19386
        1.88351        -7.30651
        0.67080        -6.49782
       -0.59324        -6.62307
       -1.81725        -6.82694
       -4.09219        -5.96468
       -4.32672        -5.18096
       -5.61176        -4.33102
       -4.85596        -5.55952
       -2.15022        -4.72166
       -2.40318        -4.96209
       -0.70573        -5.13603
       -2.96648        -3.38808
       -3.27633        -2.57344
       -3.54386        -2.83671
       -2.85997        -2.03308
       -3.13322        -3.30713
       -3.45451        -2.51403
       -4.73238        -1.79835
       -5.05771        -2.01524
       -6.33906        -0.30927
       -8.66728        -1.53557
       -8.95092        -0.83868
      -10.28084        -0.07374
      -10.56556         1.61473
       -8.89595         1.37161
       -9.18054         1.05237
       -8.51015         0.80192
       -8.79334         0.47575
       -8.12093         1.21876
       -7.40145        -0.11354
       -8.72574         1.62375
       -9.00233         1.28616
       -7.32205         1.01860
       -7.59342         0.67660
       -7.90729         1.40509
       -9.17218         1.05958
      -11.47893         1.78504
      -14.73606         1.43697
      -18.03443         1.16034
      -16.28257        -1.18932
      -13.57131        -2.46706
      -11.80921        -3.81735
       -9.08711        -6.09522
       -8.31357        -6.44514
      -10.57944        -6.72214
       -8.79328        -6.07069
      -10.04595        -7.34581
      -11.24603        -7.69198
      -11.48439        -9.96422
      -11.66961        -9.30701
      -14.89258        -8.57537
      -18.06189        -8.91376
      -17.26843        -8.17724
      -17.42082        -9.51026
      -16.60998        -8.76787
      -15.74450       -11.09453
      -13.91534       -12.34530
      -13.03112       -13.66465
      -13.18279       -13.90764
      -10.27900       -15.21874
       -8.41071       -15.45302
      -10.48660       -15.75496
      -13.59763       -12.97965
      -15.65251       -13.27156
      -15.74223       -15.48579
      -14.77550       -15.76683
      -14.84333       -17.96979
      -16.85446       -19.23916
      -19.89992       -19.43007
      -20.88846       -22.68702
      -20.91114       -24.86515
      -18.87674       -27.10898
      -16.87632       -27.27364
      -19.81870       -25.50369
      -19.79496       -24.65427
      -17.71392       -25.86994
      -16.66671       -26.00586
      -14.56216       -25.20661
        6.50858       -39.32736
       73.63665         8.48730
       64.73088        15.38217
       46.88239        13.21265
       42.99998        12.12353
       42.17475        16.97018
       43.31549        15.89739
       40.51327        15.76051
       40.67685        15.70431
       45.89728        16.58411
       47.08330        15.54468
       43.32594        17.44132
       39.53391        16.41878
       36.79823        15.33234
       33.02760        17.32673
       31.31299        17.25723
       29.56308        18.26854
       34.86884        19.21592
       33.13892        20.24405
       28.46427        22.20818
       21.75353        26.25297
       11.09761        27.23365
        8.40514        22.29488
       15.76703        23.29186
       16.09187        23.36922
       13.47056        26.38216
       10.81168        29.47530
        7.20609        29.50381
        2.56238        29.61230
        2.97139        29.65593
        3.34168        30.77928
       -2.23590        31.83750
       -3.85282        30.97517
      -10.41825        33.04742
       -9.02366        31.19880
       -9.57822        33.28445
      -14.17343        32.44889
      -19.71847        29.54725
      -23.30485        27.72405
      -23.84175        23.83440
      -23.42068        25.02281
      -22.95084        22.14437
      -17.52375        23.34359
      -14.04862        21.47556
      -10.61697        22.68476
       -9.13800        18.82628
       -9.70324        19.04461
      -11.22191        18.19481
       -9.78553        16.42137
       -4.30333        16.57934
       -3.86681        13.81321
       -6.38521        12.97803
       -8.95005        11.21827
      -10.47054        11.38899
      -10.03821         8.63465
       -5.56227         2.81032
        0.86576        -2.93955
        1.33667        -8.75991
       12.75895       -12.50628
       10.22340       -20.32362
        9.63851       -22.06745
        4.09507       -22.88274
        2.50161       -27.62500
        3.94892       -28.43919
        2.34552       -29.18082
        3.78223       -29.99484
        3.16758       -29.73678
        5.59240       -30.55157
        9.96523       -27.29472
        4.37691       -25.11117
        2.73599       -26.85641
        1.13333       -25.67539
       -1.52249       -26.42359
       -3.14061       -27.24594
       -3.81245       -27.99791
       -1.44711       -30.82442
        0.86401       -27.58095
       -7.78818       -26.41238
       -9.49507       -26.17419
       -5.16573       -25.01125
       -3.89152       -22.77903
       -3.58149       -23.62239
       -0.32699       -22.39678
       -0.03705       -22.24704
       -1.80299       -20.02860
       -1.53383       -19.88631
       -0.32086       -20.67558
       -0.07308       -19.54122
       -4.88176       -19.33865
       -6.65587       -22.21265
       -5.48666       -20.01863
       -6.28309       -18.90135
       -7.13639       -19.71620
       -4.95547       -18.60793
       -7.83155       -18.43190
       -7.67352       -20.33287
      -10.57258       -21.16615
      -13.43759       -21.07648
      -17.35972       -18.91919
      -21.24782       -20.83897
      -15.19303       -18.69113
      -10.10417       -15.62037
       -2.07237       -14.48194
       -5.00643       -12.42055
       -3.99744        -9.29144
       -6.95417        -7.23927
      -12.96770        -3.11927
      -13.94680        -4.07610
      -15.98249        -1.96497
      -18.98352        -0.93050
      -19.04092         0.17210
      -21.06339         2.19824
      -22.14194         3.29273
      -23.18526         2.31097
      -20.28433         6.39782
      -19.34783        11.40868
      -19.46671        12.48843
      -20.54963        14.49249
      -18.68752        17.56575
      -18.78902        21.56366
      -15.94506        24.63110
      -15.06424        26.62355
      -11.23747        24.68591
       -3.37336        24.67368
        1.43722        32.73175
       -1.71432        35.71564
       -1.91885        34.77027
        8.91506        34.75115
       11.69656        38.80323
       12.51708        35.78203
       21.28579        31.83250
       22.09415        41.81017
       20.85131        36.86001
       28.64876        24.83756
       38.39567        13.88778
       50.18352        14.86623
       37.92149        23.91788
       24.70109        16.89830
       23.43149         4.95245
       25.20419        -0.06408
       26.92840         0.99367
       22.69563        -3.01871
       16.41506        -7.95625
       18.17822        -9.96337
       15.89430        -5.89508
       12.65482       -11.89582
       12.36899        -9.82058
       13.12832        -4.81380
        9.84201        -3.73050
        8.60159         0.28491
        6.31626        -1.62260
        6.07753        -3.59746
        7.79461        -7.49468
        6.55900        -3.45870
        6.27990         1.65544
        4.04883         3.70332
        7.77498         3.82990
        6.54984         6.89073
       -0.71740         7.03077
       -2.93524         9.10556
       -0.19449         8.26006
        0.59631         7.34979
        0.34635         9.51970
        3.14710        10.62531
       -2.09228        10.81154
        6.71968         8.93390
        7.49212         9.13732
       16.31649         8.27727
       27.10194         8.49867
       16.93990         4.65700
       -7.26050        -3.10287
       -9.40784        -7.92546
        2.40699       -12.66591
        3.27539        -7.46877
        0.10647         4.81082
       -3.00839         1.02827
       -3.16010        -3.67157
        0.74270        -6.43329
        0.60909        -6.11209
       -1.46960        -6.85256
       -4.58430        -4.50991
       -9.64368        -0.22878
      -23.73873        -8.86438
      -20.77811       -17.56138
       -8.85282       -23.17500
      -10.87156       -25.84992
      -11.92535       -33.44142
       -8.92290       -32.09418
       -9.95525       -26.66348
      -11.93114       -19.29405
      -10.94162       -15.84120
      -12.89545       -10.44966
      -18.88371        -7.97475
      -16.81517        -7.56125
       -8.78094       -14.06451
       -9.68981       -16.62929
      -10.63290       -20.11099
       -8.51902       -15.65440
       -8.43932       -10.11492
       -4.30264        -3.63737
       -2.20014        -1.07718
       -2.04067        -0.57918
       -2.91541         3.00118
        0.26676         0.51904
        0.41463         7.11893
       -2.38069         7.65598
       -4.21041         8.27469
       -0.98347         9.83017
       -0.79108        15.46691
       -2.54220        20.03999
       -5.32808        25.69389
       -4.05766        23.28367
       -4.82223        19.95378
       -4.53076        19.55928
       -3.27454        15.24460
       -3.96255        16.86477
       -1.68610        17.56422
       -4.35420        13.19795
       -2.05817        11.91039
       -3.70703        10.55652
       -3.39211         8.28075
       -4.02246         4.93806
       -4.68941         1.67283
       -4.30202         2.34004
       -4.95164         1.08406
       -4.54735         2.75986
       -2.18051         2.51179
       -4.76019         1.19482
       -2.37778         2.95329
       -1.94237        -0.35786
       -1.54533         0.40575
        1.90423         0.09902
        2.31491        -0.13368
        0.77762         2.56256
        2.20095         4.33211
        0.67578         3.02987
        3.11071         2.80019
        5.59662         2.49799
        4.04210         2.26761
        2.53802        -0.03602
        2.99296        -2.26857
        5.49781        -3.57511
        5.96114        -3.81131
        3.47382        -3.12223
        3.94442         0.63647
        2.46383         1.31971
        4.94062         3.07185
        5.46566        -0.25218
        6.94752         0.49197
        4.47709        -1.84074
        2.96293        -4.10597
        3.49594        -3.44876
        2.98467        -4.72473
        5.52003        -7.07893
        3.01058       -10.36698
        4.54722        -4.73391
       10.03853        -1.03532
       10.57541        -2.41623
       18.06645       -11.73224
       12.60254       -11.12834
        9.09229       -13.46012
       10.62660        -6.87258
       10.11408        -7.22126
       10.64565        -7.65115
        6.12991        -7.01780
        3.65779        -5.46616
        8.13792         5.14823
       14.66122        12.68044
        8.13634         1.27495
        5.65421        -2.21316
        0.12348        -8.63939
       -0.36490        -7.14863
        6.09774        -3.59637
        7.60234        -3.12749
        1.05759        -9.59744
       -3.44554       -16.15109
        0.00162       -12.64386
       -0.50993       -14.22061
       -4.07149       -17.73674
       -0.59208       -19.33707
        0.83702       -18.87701
        2.30682       -17.50134
        1.72605       -15.06545
        3.18572       -11.71410
        3.59457        -9.30264
        2.04365        -9.97584
       -1.55831       -10.58902
       -0.12025        -7.28691
        0.26660        -4.92481
       -0.30671        -7.64746
       -2.93139        -7.31011
       -4.51637        -6.05748
       -4.15286        -2.74481
       -5.74977        -1.51679
       -7.39829        -3.22865
       -8.00732        -2.02505
       -9.66804        -4.76120
       -9.28934        -1.58173
      -10.96239        -3.34185
      -10.59605        -1.18617
      -13.28149        -1.96987
      -14.92757        -0.83754
       -8.62542         2.35565
       -6.28390         8.46513
       -9.99413         6.63576
      -12.66496         6.72297
      -12.38751         3.87164
      -14.07060         2.93722
      -12.80535         6.06461
       -9.50055         4.10928
       -8.24733         7.21612
       -7.95448         8.24063
       -6.71309        10.32772
      -11.43196         5.33290
       -3.20218         4.40108
       -6.93252         1.38779
       -4.71406         2.43796
       -4.45558         3.40712
       -5.24816         5.44021
       -2.00055        10.39276
       -2.80382        11.40975
        1.43326        15.34669
        1.61965        16.34857
        1.84658        16.27093
        4.02300        16.25873
        6.24016        17.16754
        4.40701        16.14233
        3.61481        18.03865
       -1.22749        19.00148
        2.97138        17.88638
        4.12036        24.83834
        7.31072        19.71291
        4.45141        18.65508
        0.63371        12.52040
       -3.23343         7.45385
       -1.05874        11.31100
       -2.93327        11.23682
        0.23426        11.08687
        4.35280        14.00611
        1.51362        11.85011
       -0.37432        11.76383
       -1.21975        10.60282
        1.88627         8.51203
        5.03502         8.34702
        5.13545         8.25273
        4.27882         5.08469
        3.37408         4.98785
        5.51249         4.81773
       13.60301         8.71927
       10.73687         9.54798
        8.82304         4.44878
        6.95276         4.27718
        6.03496         4.17808
        4.16091         1.00698
        3.23952        -1.09123
        2.36205        -2.26107
        0.43742        -5.35766
        5.55686        -3.52554
        5.62931        -4.61983
        2.74598        -4.78510
       -0.18420        -5.87648
        0.92999        -9.03855
        5.99746       -11.12647
        8.10943        -3.28482
        7.17480        -5.36878
        2.28478       -16.52297
       -0.65173       -15.60257
        7.45647        -5.75220
       12.51826        -1.82708
        2.62485        -1.97184
       -0.31488        -8.04172
        2.79025        -4.18138
        2.84912        -3.24606
       -2.04708        -8.38043
        3.01050        -9.43977
        0.11303       -13.56877
       -0.83060       -21.62271
        1.27074       -18.74631
        2.32593       -15.79487
        2.42612       -18.91311
        5.48015       -13.95637
        3.57917        -9.06938
        2.63203        -8.10748
        0.72987        -8.21545
        0.78152        -3.24863
        1.87812        -1.35182
        0.92850        -2.38037
       -0.97622        -2.47910
       -2.92721        -5.50338
       -4.83335        -6.59805
       -2.78582        -8.61849
       -2.69351        -9.70955
       -2.64760       -10.72663
       -3.55699        -9.81459
       -4.51286        -9.82887
       -5.42410        -9.91431
       -2.38193        -4.92637
       -2.29523        -4.00992
       -4.25520        -5.02042
       -3.17075        -3.10276
       -2.13309        -1.11240
       -6.05111        -2.19424
       -6.01602        -3.20376
       -3.93674        -0.28587
       -3.90448        -0.29607
       -3.82813         1.62074
       -3.79893        -0.39094
       -2.72577         0.52397
       -4.69987        -1.49005
       -5.63015        -1.57793
       -5.60782        -2.59516
       -5.54179        -3.68670
       -2.52328         2.29195
       -0.46119         3.19585
        1.55325         1.16947
       -3.38887        -1.93212
        2.62124         0.03555
       -0.32534         2.92753
       -3.31980         1.88832
       -2.27107         1.77296
       -0.27035         3.72593
       -2.22655         3.60229
        0.76912         6.54652
        1.80776         4.41367
        0.79816         3.34824
       -0.16857         3.20528
        0.81637         3.12928
       -0.15593         4.97532
       -1.17666         1.88787
        0.84529         4.72203
       -1.18127         3.62228
       -0.16523         1.44371
        0.80222         2.33082
        2.81221         1.13872
        2.77355         0.01190
       -0.22264         0.80548
        0.73248        -1.33602
        2.73002        -0.55749
        1.67883         1.28561
        1.67003         3.04840
        1.61247         2.87543
       -0.40271        -0.37816
        1.53333         2.43219
        3.51174         3.16162
        2.44138         3.95473
        1.41340         2.66666
       -0.66334         1.44202
       -2.69767        -1.86402
       -4.78074         0.89314
        4.17864         4.56871
        3.08933         5.30731
        1.04252        -2.03586
       -2.05292        -9.31615
       -2.10580        -8.67833
        1.79278        -4.97774
        2.73399        -5.35915
        1.62675        -5.67787
        1.56224        -7.07864
        0.44938        -6.41676
       -0.62063        -5.83697
        0.26112        -5.19453
        0.18585        -5.63416
        0.06247        -6.01112
       -1.01780        -4.47010
       -1.14602        -3.86635
       -0.23098        -0.34452
       -0.36374         0.24014
        0.54693         2.74299
       -1.59002         0.30883
       -1.68337        -1.20699
       -1.82417         1.34034
       -3.92117         0.80622
       -1.06543         2.33546
       -3.16569         0.78348
       -1.31300         1.29511
        0.58389         2.72578
        1.43395         3.22034
        1.32842         2.63424
        2.17628         3.11234
        3.06878         5.51010
        3.91489         4.97242
        1.80588         5.35477
        0.65071         6.80204
        1.54065         6.16972
        1.38467         8.60274
       -0.72595         7.95659
        0.11775         7.37621
        0.00704         6.71710
        0.85091         7.12421
        1.74061         7.45307
        1.58513         7.84863
        0.47574         9.16643
       -1.67860         7.55143
       -0.78660         8.85918
        2.06070         9.23465
        0.95457         9.53340
        1.80399        11.90042
        1.70022        11.19125
        1.55224        11.55090
        0.45130        12.83494
        1.30637        14.18835
        1.20873        13.46672
        1.06732        12.81505
       -0.02659        13.08890
       -1.16404        12.43330
       -2.25378        11.70381
       -2.38686        11.04545
       -3.47202        11.31380
       -3.60032        10.65386
       -1.68052        10.92123
       -2.80366         8.26090
       -3.87852         6.52846
       -5.99616         5.86891
       -5.06534         5.13784
       -4.17715         4.48024
       -5.24034         3.75170
       -5.34602         2.09722
       -6.40294         1.37236
       -6.50222         1.72211
       -6.55263         1.00205
       -5.64527         0.35717
       -5.68894        -1.35699
       -4.77475        -2.99543
       -4.81151        -4.70261
       -1.89032        -3.33356
       -3.92002        -6.03273
       -2.99172        -5.65517
       -4.01424        -7.34535
       -5.07874        -7.95830
       -4.09403        -7.63852
       -4.15127        -8.24106
       -3.15930        -8.91042
       -4.20927        -9.50167
       -4.21006       -11.15931
       -2.25281       -11.73844
       -1.24640       -13.38357
        1.71801       -13.94981
        0.73151       -13.58168
        0.70295       -15.13431
        2.72342       -15.75225
        3.70173       -17.29063
        3.72897       -15.89401
        3.71396       -16.41754
        5.74776       -16.00582
        4.73918       -15.51399
        8.77928       -15.08666
        8.77685       -15.57902
        9.82294       -15.13568
        8.82634       -15.61184
        9.87808       -13.15214
       11.88694       -12.61179
       11.94396       -13.13545
        9.95789       -12.57835
        8.01976       -11.08517
        6.03831        -8.51115
        4.10459        -9.00100
        3.12731        -7.40997
        0.19749        -8.88278
       -0.77613        -7.27472
        0.29745        -6.73051
       -0.67306        -6.10547
       -2.59663        -6.54432
       -1.56458        -5.90241
       -0.48589        -5.32449
        1.54814        -4.66590
        2.62849        -7.07142
        4.66387        -3.39641
        5.74525        -5.78567
        6.78134        -5.09457
        7.86312        -3.46793
        7.89926        -3.76112
        8.98076        -3.11899
        8.01628        -0.39694
        6.09682         0.26019
        4.13104         1.99698
        3.20992         0.66858
        4.24213         2.41954
        8.31865         3.10500
        5.34815         2.86951
        6.42160         3.56819
       12.44767         7.34557
       12.51733         7.05677
       13.53926         7.84631
       11.60443         8.56929
       11.62151         7.37022
        8.68146        10.10420
       -1.30703         5.91573
       -4.25298         6.65988
       -7.24774         7.48117
       -8.20031         9.23465
      -10.20202         8.06483
      -11.16189         7.82676
      -12.17123         7.66493
      -11.13907         7.43441
      -11.15670         7.27967
      -10.13315         6.05576
       -8.15973         5.90718
      -10.14542         5.68896
       -9.18155         6.54559
       -8.17709         6.33211
       -7.22336         5.19300
       -6.22933         5.98330
       -4.28630         7.84750
       -2.30325         7.64064
       -3.37146         6.50719
       -2.39990         7.30222
        0.52016         7.17019
        2.47975         8.96616
        4.38762         9.83460
        3.33480        10.63059
        3.23005        10.49861
        2.16441        10.29371
        3.04666        11.16038
        4.96786        12.95371
        2.83677        10.81818
        2.74448        10.60888
        1.59976        10.47030
       -0.50629         8.25754
        0.33512         8.11511
        0.21508         7.89809
       -0.95758         7.75103
       -1.09177         7.52901
       -2.27866         6.37658
       -4.42713         5.14885
       -4.62835         4.99036
       -5.79117         5.75625
       -6.00676         5.59108
       -6.18395         6.34997
       -4.41390         7.17752
       -4.60545         6.92886
       -3.84971         7.74858
       -4.05551         5.49186
       -0.31397         6.30329
       -0.53390         6.03805
       -0.80640         2.84076
       -2.04026         2.56662
       -3.32658         2.36025
       -4.57414         0.07688
       -5.87401        -1.13886
       -5.13497        -1.43174
       -7.44808        -2.65709
       -8.72210        -3.95966
      -10.04807        -6.19478
      -11.33475        -6.50719
      -13.67317        -6.75219
      -12.97206        -8.07449
      -14.32245        -8.32940
      -13.63307        -8.66161
      -12.99492        -8.92640
      -12.31672        -9.26844
      -12.68947        -8.54300
      -12.02187        -8.89475
      -12.40491        -9.17892
      -12.74728        -9.54017
      -11.13996        -8.83371
      -10.49164        -9.20419
       -9.89328       -10.50681
      -10.25355        -8.88619
       -9.66341       -10.19752
      -10.03154       -10.58540
       -9.44887       -10.90501
       -8.82407       -10.30094
       -8.24808       -10.62834
       -5.62954       -12.03180
       -4.05940       -13.36644
       -0.44629       -11.77685
        0.11885       -12.11813
        2.72739       -11.53484
        4.28841       -10.88210
        5.89327       -10.30444
        4.45106        -9.65696
        6.05315        -9.08418
        5.60862        -8.44120
        3.20887        -6.87252
        3.76296        -8.23322
        4.36228        -7.66781
        5.91593        -6.03134
       11.51528        -4.46832
       16.06944        -1.83380
       15.66978        -1.27226
       14.22539        -1.63874
       17.82767        -0.07774
       21.38571         2.55573
       22.99088         4.11718
       23.55229         4.75158
       23.16132         5.31448
       24.72705         4.95084
       24.34087         4.51621
       21.91187         4.15556
       19.53143         3.72445
       16.10863         3.36784
       13.73485         1.94130
       11.31917         1.58981
        7.95296         0.16892
        7.54529        -0.17639
        7.18754         1.40943
        5.78877         0.07138
        3.44034        -1.33499
        7.05132         0.33529
        8.71306         0.93779
       11.33463         1.61748
       11.00736         2.22992
       10.64030         3.92008
        7.32480         2.54352
        4.96989         3.24521
        6.66692         3.88069
        5.32490         3.59493
        7.03516         4.24347
        7.70672         4.97128
        8.43090         4.63389
       10.11671         6.37626
       10.85544         6.05391
       10.55611         6.81179
        9.31000         5.50543
        6.02611         5.27976
        4.79571         4.99029
        3.52778         4.78195
        3.31359         5.51026
        3.06212         5.32011
        1.86461         7.06702
        3.63003         7.89588
        5.44962         7.66218
        2.23232         7.51081
        1.06936         6.29724
       -0.13032         6.16636
       -1.27551         5.97362
       -1.45728         5.86389
       -1.58443         5.69263
       -2.74805         6.60468
       -1.85695         7.45547
       -3.00224         6.38985
       -5.09273         5.26324
       -5.21955         4.22046
       -3.29152         6.11691
       -3.39979         6.09741
       -6.45319         5.01735
       -9.54287         4.02152
      -11.57768         2.96530
      -13.64880         2.99346
      -16.66508         1.96136
      -17.71770         1.01378
      -18.71554         0.00604
      -18.74978         0.08291
      -17.72932        -0.90030
      -19.74536        -1.79885
      -21.70681        -2.75743
      -22.70486        -3.63132
      -21.64844        -3.56524
      -18.62878        -3.41447
      -18.55479        -4.32375
      -18.51772        -5.14838
      -16.42649        -5.03311
      -17.37236        -5.83327
      -17.26427        -5.69361
      -14.19349        -5.46947
      -12.06896        -6.30563
       -9.98196        -5.05745
      -10.84145        -4.86971
       -9.73870        -3.59780
       -8.58270        -4.38651
       -9.46474        -5.09123
       -8.29378        -4.85679
       -9.16114        -4.53858
       -7.97580        -5.28144
       -7.82906        -3.94078
      -11.62993        -5.66146
       -9.46971        -6.29890
       -7.25742        -5.99797
       -6.08436        -4.61410
       -0.85955        -3.29218
       -1.67431        -2.88766
        2.56233        -1.54542
        4.75905        -1.12094
        5.00682        -0.75911
        4.21432        -1.31542
        1.47252        -1.93476
       -1.30993        -2.47264
       -1.04206        -5.07397
        0.18480        -4.59426
        3.46161        -2.17843
        6.69703        -2.68199
        9.98201        -1.24988
       12.22522        -0.73763
       10.51761        -1.29018
       10.76784        -0.76305
       11.06687        -0.30121
        7.32334        -1.76018
        6.62823        -4.28493
        7.89017        -5.73099
       13.20013        -5.24335
       12.46677        -4.67754
       12.78103        -5.17854
       14.05159        -5.60189
       11.36939        -5.09259
       13.64309        -3.50617
       15.96366        -2.98763
       12.23975        -2.39253
        4.56234        -3.86585
        4.84007        -3.26314
        5.16392        -2.72941
        7.44256        -1.12021
        4.76696        -1.58053
        2.04578        -2.96593
        5.37000        -0.42141
        4.64830         1.19747
        6.97166         2.74572
        5.24875         2.36777
       -0.42944         1.91865
       -5.15422         1.54277
       -4.83461         1.09516
       -9.56191         0.72026
      -11.24512         1.27307
       -8.97556         1.89805
       -8.66221         2.45020
       -8.39637         3.07398
       -5.08703         3.62440
       -4.82548         5.24592
       -7.52071         4.79355
       -5.26400         6.41176
       -5.96431         6.95556
       -4.71294         9.56943
       -6.41883         9.10839
       -8.17327         7.71692
       -5.88521        10.25004
       -0.64591         9.85224
       -5.36432        10.37856
       -1.13169        11.97348
       -1.85697        11.49205
        3.36860        11.07876
        4.63608        10.58867
        3.85425         9.16628
        3.11418         7.66665
        4.32463         7.23429
        1.57669         6.72428
        3.77915         4.28112
        6.02308         3.75991
        6.21730         2.30516
        8.45288         1.77197
       11.63864         0.30487
       11.86568         0.75897
       10.04280        -1.72120
       13.26112        -0.28052
       15.42947        -0.77443
       15.63895        -0.34782
       17.79841         1.14387
       15.99895         1.55579
       14.14943         1.03250
       11.34098         1.42915
       12.48244         0.89032
        8.66496         2.27117
        4.79738         1.71629
        2.97086         1.08085
        1.09426         2.50944
        1.25874         2.85726
       -0.62685         0.26891
       -0.47133         1.59959
        0.63418        -0.00609
        1.78083         0.30708
        4.87752         0.68374
        2.01542        -2.02090
        0.10342        -2.66219
       -0.76730        -2.38492
        0.31215        -3.04442
       -1.56703        -4.78545
        0.50404        -3.46335
        3.61658        -4.22288
        4.67948        -4.91934
        5.78394        -3.69749
        3.83888        -3.41263
        3.93549        -2.20950
        2.98269        -2.94340
        0.07169        -4.75903
       -0.88860        -4.51170
       -6.80695        -6.34612
       -8.77445        -7.11755
      -11.69988        -7.97071
      -19.67432        -9.76085
      -17.60655        -7.63268
       -4.58763        -5.44144
       -3.52635        -9.33181
       -1.51377        -9.15905
       -1.45867        -9.06782
       -2.45212        -8.91336
       -5.40288        -5.84033
       -6.40203        -5.70396
       -8.35834        -5.64891
       -8.36286        -5.53038
       -8.32437        -5.49303
       -6.33394        -5.39207
        0.69968        -2.37212
        3.68541        -3.28839
       10.71450        -1.28550
       12.69587        -0.21866
        8.72076        -0.23247
        2.69810         0.81787
      -10.28086         0.78776
      -14.30720         2.82202
      -16.28968         3.77604
      -16.31937         3.79466
      -15.30503         2.73327
       -8.33773         1.73672
        1.67375         1.66041
        2.63836        -1.35081
        3.64732        -3.44152
        0.60956        -4.46689
       -1.38368        -2.57147
       -3.42349         0.38956
       -3.41864         1.27166
       -5.46020         2.21967
       -6.45694         2.08904
       -7.49995         0.02461
       -6.49800         0.88184
       -5.54217        -0.19441
       -4.54124        -1.34870
       -5.58631        -0.43615
       -5.58614        -0.60132
       -5.63183        -0.69932
       -6.63216        -1.87472
       -6.67823        -1.98263
       -7.67882        -1.16760
       -4.72503         0.71526
       -5.72566        -0.47859
       -4.77179         0.39572
       -3.77223         0.19365
       -3.81807         0.06010
       -3.81813         0.85052
       -5.86350        -0.29019
       -5.86299        -0.50658
       -6.90770         0.34625
       -6.90646         1.12376
       -6.95036         0.97083
       -6.94823         0.74295
        1.00883         3.58499
        4.01198         2.35242
        5.97012        -0.80987
        9.97442        -1.04640
        7.93376        -0.21230
        8.93930         1.54790
        8.89993         3.37910
        7.90681         3.13676
        4.86881         3.96577
        4.87710         4.72159
        1.84053         3.54911
        1.85028         3.30379
        0.81519         3.13051
        0.82644         3.88474
        1.79287         2.71136
        0.80564         1.46583
        2.77360         2.29302
        2.78790         0.04840
        4.75740         0.87684
        3.77323         1.63379
        4.74424         1.46412
        2.76158         1.22329
        4.73409         4.05617
        5.75290         3.81820
        4.72687         4.65425
        5.74711         3.41975
        3.72247         4.25958
        3.74409         4.02917
        0.72079         4.87337
       -0.25630         4.64761
       -0.27833         4.49676
       -0.25420         7.27623
       -1.27506         5.13088
       -0.24980         5.91612
       -1.26959         5.77680
        1.75670         4.56833
       -0.26211         2.43555
       -1.23491         3.23387
       -2.25286         3.10811
       -1.22486         4.91369
       -1.24208         3.79542
        0.78660         2.60871
       -0.23002         2.49836
       -1.20080         2.31978
        0.78306         3.21776
        0.81268         3.04770
        0.79688         2.95439
        0.82676         1.79322
        0.81115        -0.29103
        1.84115        -0.44298
        3.82557         0.48216
        4.85554        -0.66026
        2.83986        -1.72545
        0.86965        -2.85806
        1.85371        -3.91331
        3.88316        -3.03587
        4.86680        -4.08096
        4.89577        -4.19325
        3.87885        -3.22798
        2.90717        -5.32982
        3.88954        -3.35402
        4.91707        -4.44526
        2.89857        -3.45880
        1.92516        -3.53932
        1.90565        -4.54210
       -0.06885        -3.61182
       -0.08953        -4.60377
       -0.06526        -3.66265
       -0.08723        -2.64373
        0.93567        -2.69174
       -0.08774        -3.66196
       -0.06635        -4.69911
       -0.09133        -3.65850
       -1.07157        -3.68485
        0.90175        -3.63346
        0.91976        -4.64909
        2.89126        -6.58703
        2.90739        -4.59204
        3.87697        -4.51944
        4.89112        -3.51399
        6.85866        -2.43100
        8.87072        -0.41525
        8.83613        -1.32208
        7.84602        -3.29625
        6.80920        -2.19310
        6.81682        -2.15742
        6.77770        -1.04456
        5.78298        -0.99929
        5.74149        -0.87699
        7.74436         0.17756
        5.70043         1.30900
        5.70083         2.37252
        4.65441        -0.48725
        6.65230        -2.41512
        5.60335        -0.26645
        3.59868         1.81393
        2.54716         0.97065
        1.53992         1.05888
       -0.51420        -0.77676
       -5.52404        -1.68110
       -7.58076        -1.50953
       -8.59321        -0.40688
       -8.65253         1.77145
       -8.66759         1.88064
       -8.72951         0.06526
       -7.74716        -0.81951
       -6.81166        -0.62908
       -5.83187         0.49170
       -7.89893         0.68743
       -7.92168         0.81326
       -7.99126         1.01378
       -8.01650         0.14413
       -8.08854        -0.65109
       -8.11622        -0.51675
       -7.19067        -1.30826
       -7.22073        -1.17048
       -5.29753        -0.95882
       -5.32989        -0.81814
       -3.40896        -1.60387
       -3.44355        -1.46086
       -2.52479        -1.24453
       -1.56152        -1.09974
       -2.64485        -0.88192
       -0.68362        -0.73593
       -0.76894        -0.51718
       -1.80964         0.62947
       -1.89684        -0.15142
       -1.93936        -0.00469
       -3.02833         0.21423
       -3.07255         0.36049
       -2.16315         0.57867
       -3.20895         0.72390
       -2.30107         1.94078
       -1.34831         1.08446
       -2.44180         1.29950
       -1.49035         1.44108
       -1.58507         1.65377
        0.36522         2.79272
       -1.73059         2.00253
       -2.78132         3.13836
       -1.87808         2.34480
       -3.92967         2.47701
       -4.02722         2.67958
       -5.07953         1.80769
       -4.17771         2.00594
       -4.23057         2.12950
       -4.32923         1.32298
       -4.38249         2.44156
       -3.48147         1.62983
       -2.53497         1.74301
       -2.63411         1.92569
       -1.68769         1.03307
       -0.78683         1.20977
       -0.84033         1.31100
       -1.93931         1.48137
       -0.99257         1.57610
       -2.09123         1.73982
       -2.14410         2.82774
       -1.24229         3.98451
       -2.29460         2.06535
       -2.39216         2.21489
       -1.44377         2.28839
        0.45945         1.43048
        1.40869         0.49640
        1.31284         0.63083
        1.26309         0.68900
        2.16831        -0.18442
        2.11969        -0.13417
        3.02612        -0.01557
        2.97878         0.02664
        2.88655         2.13715
        3.84061         1.17122
        3.74986         0.27355
        2.70545         0.29942
        3.61628        -0.60647
        3.57352        -0.58883
        3.48606        -1.50294
        3.44506         0.50648
        3.35940        -1.41585
        5.32026         0.58538
        4.23650        -0.34510
        3.19931        -1.35198
        4.11756        -0.29053
        3.08240         0.69457
        5.00272        -1.25193
        3.96968        -0.27471
        5.89214        -1.22901
        3.86128        -1.25950
        2.78595        -1.22143
        2.75732        -0.25944
        1.68425        -1.22877
        1.65790        -1.27408
        1.58713        -1.25059
        1.56310        -1.30294
        1.49465        -1.28635
        1.47296        -1.34546
        2.40686        -0.33549
        2.38752        -0.40106
        0.32378        -0.39739
        2.30680        -0.46909
        2.24541        -0.47137
        0.23077        -0.54885
        2.17173        -1.55672
        2.15942        -2.63961
        2.10268        -0.65269
       -0.90733        -0.74059
        1.03821        -0.75848
        1.03045        -0.85098
       -0.02178         0.12674
       -0.02734         0.03006
       -1.07740         1.00382
       -1.08083        -0.09659
       -0.12879        -0.12635
       -1.13016        -1.23004
        0.82389        -1.26285
        1.82450        -1.36937
        1.78048        -1.40477
        2.78295        -1.51365
        2.74076        -1.55116
        3.74500        -0.66192
        3.70451        -0.70108
        2.71041        -1.81323
        2.67150        -1.85355
        1.67892        -1.96663
        0.64147        -2.00764
        0.65027        -1.12116
        0.61414        -1.16237
        0.62418        -1.27585
        0.58921        -0.31679
       -1.39967        -0.42978
       -1.43364        -1.46998
       -1.42159        -3.58200
       -1.45472        -1.62101
       -2.44191        -2.73160
       -3.47437        -1.76897
       -3.46100        -1.87770
       -2.49297        -0.91298
       -1.47920        -2.01942
        0.48913        -1.05219
       -1.49689        -1.15592
       -0.52845        -1.18579
        0.48555        -1.28640
        0.45391        -0.31297
        0.46772         0.58990
        0.43580        -0.43300
        0.44923         0.47372
        0.41682         1.45484
       -0.57033         2.36574
       -1.60343         3.35121
       -1.59137         4.26660
       -0.62536         5.25671
        0.38570         6.17690
       -0.64938         6.17193
        0.36048         6.09716
        0.32408         5.09736
        0.33254         4.02788
        0.29463         4.03348
        1.30147         1.96949
        1.26186         2.98067
        1.26688         1.92236
        0.22535         0.93929
        0.22836         0.88680
        1.18471         0.90962
       -0.81449         0.86307
        1.13956         0.89188
        0.13796         0.85136
        1.08952         0.88623
        0.08533         0.85180
        1.03421         1.89278
        0.02725         0.86446
       -0.02673         0.91155
       -1.03662         1.88934
       -0.09362         0.94253
       -0.10662         0.92640
       -1.16680         1.98564
       -1.18306         0.97551
       -1.24657         1.04071
       -1.26624         0.03650
       -2.33323        -0.89244
       -0.35644        -0.89087
       -0.42705        -0.81410
       -1.45393         0.19311
       -1.52826        -1.72457
       -0.55893        -0.71192
       -0.63710        -1.62425
       -0.67166        -1.60635
       -0.75377        -2.51357
        0.20770        -2.49066
       -0.87843        -3.39299
       -0.92102        -3.36535
       -1.01125        -2.26307
       -1.05796        -1.23096
       -1.15233        -2.12438
       -0.20322        -1.08811
       -1.30178        -1.97754
       -1.35688        -1.93744
       -1.45966        -1.82320
       -1.51899        -2.77962
       -0.62601        -1.66208
       -0.68957        -1.61537
       -0.80082        -1.49489
       -0.86861        -1.44544
       -0.98408        -1.32240
       -1.05607        -1.27059
       -0.17572        -2.14539
       -1.25187        -1.09163
       -1.37566        -0.96468
       -1.45592        -2.90937
       -1.58378        -2.78108
        0.33192        -2.72464
        0.20006        -1.59544
        0.11182        -2.53829
       -1.02394        -1.40859
       -1.11603        -1.35116
       -1.25557        -1.22140
       -0.35139        -0.16412
       -1.49460        -1.03472
       -1.59401         0.02199
       -0.74074         0.15061
       -0.84360         1.20632
       -0.99370         1.33373
       -1.09985         1.38802
       -2.25315         0.51382
       -2.36240         0.56629
       -2.51871         0.69005
       -2.63088         0.74030
       -2.79001         0.86164
       -3.90489         0.90927
       -3.06663         1.02781
       -5.18401         1.07244
       -3.34814         1.18780
       -4.46779         1.22908
       -4.63406         2.34091
       -5.75574         1.37849
       -3.92392         1.48645
       -4.04739         1.52000
       -3.21722         2.62377
       -4.34220         1.65298
       -4.51342         1.75227
       -4.63965         1.77686
       -5.81198        -0.12861
       -5.93919        -1.10892
       -6.11236        -1.01941
       -6.24026        -1.00484
       -5.41396         0.07943
       -4.54226         0.08864
       -2.71622         0.16747
       -3.84462         1.17115
       -2.01853         0.24435
       -0.14673        -0.75768
        0.67970        -1.69025
        2.55200        -0.69812
        2.37909        -0.63659
        5.25220        -0.65040
        7.08026         0.40514
        6.95448         0.38529
        8.78381         0.43477
        8.65946         1.40885
        9.49036         2.45223
       10.36774         2.42019
        9.20053         2.45747
        8.07994         2.41934
        6.91492         2.45052
        5.79667         3.40632
        5.63414         3.43147
        5.51853         0.38126
        4.35877         1.40044
        5.24609         1.34432
        5.08941         0.35764
        3.97995         0.29571
        5.82662         1.30330
        6.72066         0.23572
        4.57096         0.23773
        4.46876         0.16466
        4.32296        -0.83872
        4.22479         0.08291
        5.08315         1.07434
        3.98925        -0.00910
        3.85201        -0.02264
        3.76263        -0.11092
        5.63003         0.87083
        3.54540         0.77798
        3.41765         0.75529
        3.33798        -0.34187
        2.21529         0.63130
        2.14079        -0.46986
        3.02336        -0.50054
        2.95420        -1.60538
        2.84221        -0.63958
        0.77857        -0.74777
        1.67218        -0.78515
        1.61422        -0.89635
        0.51357        -1.93657
       -1.53858        -2.05042
       -1.63335        -2.09311
        0.32044        -2.20925
       -0.76834        -2.25404
        0.19148        -1.37210
        1.10878        -1.41861
        2.07473        -1.53821
        0.99819        -1.58607
       -0.02967        -1.70681
        1.90001        -1.75564
        0.87838         0.12285
        0.81431         1.07345
        0.79896         1.95156
        0.74116         0.90197
        0.73208        -0.21993
       -0.31944        -0.26932
       -2.32225         0.60916
       -2.36751        -0.43966
       -1.36409        -1.56042
       -1.40314        -1.60830
        1.60648        -1.72793
        3.57359        -1.77451
        1.58932         0.10734
       -2.43748        -0.93759
       -6.41571        -1.05391
       -6.43653         0.90317
       -5.40883        -0.21098
       -3.42378         0.74842
       -3.39026         2.63675
       -2.39947         0.59880
       -2.36029         0.48992
       -2.36391         0.45491
       -4.31922        -0.65088
       -4.31742        -0.68268
       -6.26740         1.21488
       -5.26036         2.18656
       -4.20520         0.08772
       -4.19312         1.06313
       -3.13303        -0.03188
       -2.11612         0.94746
       -2.05132         0.85650
       -3.02982        -0.16002
       -3.96054         0.75325
       -2.93470        -0.25895
       -2.86120        -0.34130
       -2.83126        -0.34903
       -3.75380         0.57316
       -1.72003        -0.42999
       -1.63888        -1.50315
       -0.60158        -0.50159
       -1.51703        -0.57002
       -1.47646        -0.56369
       -1.38881        -0.62731
       -1.34528         0.38385
       -1.25483        -0.67492
       -1.20865        -0.65890
       -1.11570        -0.71281
       -2.06720        -1.69193
       -1.97207        -0.74098
       -1.92154        -1.71526
       -0.82456        -0.75948
       -0.77235        -0.72896
       -0.67384        -0.76842
       -0.62026        -0.73317
       -0.52055        -0.76794
       -0.46594         0.27195
       -3.36537         0.24176
       -2.31006        -0.71382
       -3.20895         0.26046
       -2.15327         1.30927
       -2.05196         0.28786
       -0.99624         1.34091
       -1.89505         0.32366
       -1.83963        -0.61923
       -1.73890        -0.63251
       -1.68409        -1.57153
       -1.58414        -1.58104
       -1.53027        -1.51639
       -0.43142        -1.52235
        0.62120        -0.45426
       -0.28136        -1.45689
       -1.23031        -1.38560
       -0.13458        -1.38516
       -1.08540        -0.31092
        0.00831        -0.30765
       -0.94466        -0.23072
        0.14675         1.77511
       -0.80867         1.85446
       -1.71984         0.86257
       -1.67798         0.94407
       -1.59200         0.95418
       -1.55312         1.03753
       -1.47024         1.04936
        0.56541         2.13429
       -1.35507         3.14754
       -0.32288         2.23376
        0.75306         3.24815
        0.78155         3.33536
        0.85369         3.35060
        0.87829         2.43851
        0.94643         2.45431
       -0.03308         4.54264
        0.03088         4.55872
       -0.95290         2.64718
       -2.89331         3.66326
       -0.88153         3.75159
        1.17355         2.76740
        4.18075         2.85533
        4.23117         0.87061
        4.23365         1.95788
        5.27929         1.97237
        4.27694         1.05874
        3.31770         1.07221
        5.31042        -0.84256
        5.34621        -0.83034
        5.33391        -0.74646
        2.36466        -0.73569
        3.34729        -2.65336
        3.37295        -2.64424
        1.35046        -2.56366
        3.37098        -2.55636
        3.34335        -2.47769
        1.35872        -2.47238
        3.32593        -1.39575
        3.33614        -2.39256
        2.29820        -1.31812
        3.30327        -1.31716
        3.26021        -1.24501
        4.26016        -0.24639
        4.21201        -0.17660
        3.20690        -0.18039
        2.15372        -0.11304
        2.14361        -0.11928
        2.08546        -0.05440
        4.07043        -0.06313
        3.00739        -1.00074
        2.98754        -0.01195
        1.91973        -0.95204
        2.89514        -0.96572
        2.82267        -1.90827
        2.79348        -1.92437
        2.71647        -1.86931
        1.68282        -2.88777
        1.60141        -2.83502
        1.56343        -2.85574
        0.47778        -1.80521
        0.43563        -1.82809
        2.34590        -2.77964
        1.29976        -2.80453
        1.20611        -2.75802
        0.15615        -2.78477
        1.05878        -2.74003
        0.00519        -2.76845
       -0.09572        -1.72529
       -1.15274        -1.75519
       -0.25698        -0.71339
       -0.31724        -1.74454
       -0.42461        -1.70387
       -0.48789        -1.73604
       -0.59818        -1.69625
        0.33573        -0.72917
       -0.77725        -0.69001
       -1.84592         0.27660
       -1.96138         0.31543
       -2.03242        -0.71816
       -2.15013        -0.67936
       -3.22331         0.28717
       -2.34304        -0.67376
       -2.41812        -0.70679
       -1.53965        -0.66713
        0.38359        -0.69940
        0.26051        -0.65880
        0.18230         0.31003
        1.05788         1.35190
       -0.02154         0.32218
       -1.14706         1.36567
       -0.22747         0.33775
       -0.35387         0.38321
        1.56496         0.35745
        1.43791         0.40525
       -0.64380         0.38200
       -1.77128         2.43250
       -1.85331         2.41213
       -1.98100         2.46569
       -2.06314         2.44855
       -2.19083         1.50553
       -1.27287         2.49199
       -0.40035         1.55274
       -1.48208         2.54316
       -0.60915         1.60804
       -1.69038         3.60275
       -0.81685         2.67210
       -1.89739         2.67145
       -2.02308         2.74561
       -3.10273         2.74994
       -3.22746         2.82924
       -4.30607         1.83886
       -2.42966         0.92361
       -1.50705         0.93885
       -2.62935         1.02935
       -2.70538         0.05048
       -2.82623         0.14703
       -1.90074         1.17435
       -2.02001         1.27721
       -3.09286         0.31098
       -2.21041         1.42042
       -2.28148         1.46088
       -3.39719         0.57712
       -4.46636         0.62450
       -4.58012         0.74778
       -3.64729         1.80229
       -1.75899         0.93279
       -1.82406         0.99461
       -1.93363         1.13251
       -2.99651         2.20182
       -4.10385         1.34727
       -1.16448         0.42419
       -1.26952         0.57733
       -2.32783         1.66199
       -2.43052         1.82291
       -1.48645         0.91539
       -2.58674         1.08418
       -1.64025         0.18457
       -2.73810         1.36128
       -1.78915         0.46960
       -1.88454         1.65426
       -1.93312         0.77054
       -2.02602         1.96316
       -2.07211         1.08739
       -2.16252         1.28793
       -1.20611         0.42007
       -1.29402         0.62850
       -1.33512         0.76849
       -1.42056        -0.01527
       -0.45918         0.13248
       -0.54215         0.35643
       -1.57832        -0.48817
       -0.65884        -0.25664
       -1.69259        -0.09372
       -0.77071         0.14524
       -0.80207        -0.68450
        0.12218        -0.43828
       -0.90684        -1.26087
        1.01973        -1.00759
        0.99300        -0.82322
        1.92183        -0.56312
        1.89734        -0.37204
        1.82838        -0.10535
        1.80606        -1.90781
        1.73923        -1.63480
        1.71902        -1.43109
        1.65427        -1.15205
        2.63609        -0.94247
        2.57333        -0.65771
        2.55712        -1.44257
        2.49628        -2.15241
        3.48194        -0.93205
        2.42294        -1.63685
        4.41041        -2.41163
        5.35317        -2.11175
        5.34235        -1.88202
        5.28678        -2.57784
        6.27760        -4.34401
        5.22362        -5.03592
        5.21598        -4.79837
        3.16351        -3.48677
        2.15734        -3.24593
        3.10628        -0.93125
        3.10148        -0.68753
        3.05176         0.62981
        3.04825         0.87597
        3.99978         1.19554
        4.99748         0.44370
        3.95018         1.76505
        5.94901        -0.98523
        3.90279         0.33745
        3.90267        -0.41173
        3.85746         0.91182
        4.85831         1.16328
        4.81404        -0.51275
        5.81578        -0.26110
        5.77237        -1.93718
        4.77495        -2.68581
        4.73234        -2.36240
        4.73568        -2.11177
        6.69381        -1.78932
        4.69785        -1.53989
        4.65665        -1.21887
        4.66135         0.02890
        2.62078         1.34803
        1.62608         2.59369
        2.58608        -1.08951
        3.59193        -1.84641
        0.55248        -1.53240
        0.55885        -1.29231
        0.51989        -1.98153
       -1.47325         0.25513
        0.48827        -1.43775
       -0.50441        -3.20497
       -0.54244        -2.90192
        0.46533        -4.67344
        0.42773        -4.37489
       -0.56407        -3.15110
       -0.60123        -2.85746
       -0.59261        -1.63877
        1.37066        -2.35043
        0.37972        -3.13723
       -0.65658        -2.85456
       -1.64708        -3.64723
       -2.68293        -2.37061
       -2.67297        -1.16950
       -2.70835        -1.89928
       -4.69790        -3.70475
       -4.73278        -5.44127
       -2.72181        -4.25365
       -4.75615        -4.99725
       -5.74462        -4.81685
       -5.77837        -4.56783
       -5.76624        -4.39498
       -6.79935        -0.15364
      -12.78655         2.01140
       -7.81897         8.24477
       -5.80545         7.40171
       -6.83710         2.62685
       -4.82277         3.77543
       -5.85359         8.99210
       -5.83838        11.13208
       -5.86828        13.34004
       -6.85211        10.47120
       -5.88100        10.67023
       -4.86377         9.79236
       -2.89155         8.98226
       -3.87316         8.09516
       -4.89973         6.27575
       -2.88008         3.37926
       -3.90533        -1.44964
       -2.88430        -3.35568
       -2.90812        -3.19421
       -2.88560        -5.10995
       -4.90785        -4.95824
       -4.88371        -5.88381
       -4.90428        -5.74198
       -5.87997        -3.67484
       -3.90474        -1.53538
       -6.88366        -0.46874
       -7.90997         3.66337
       -5.89959         6.71765
       -6.92933         6.84822
       -5.92435         6.90480
       -4.97064         4.05458
       -5.95868         4.11379
       -6.00210         7.20910
       -5.01641         2.32988
       -1.13462         1.48059
       -4.09420        -3.35649
       -1.22162        -7.11309
       -1.24714        -7.99344
       -4.23137        -7.82269
       -4.25153        -5.79025
       -4.31958        -2.73791
       -1.47074        -0.74028
        0.35005         0.35882
        0.29754         2.32475
       -0.74735         3.39934
        0.13778         2.51339
        1.89719         4.50921
        0.89409         5.48196
        3.54154         7.43624
        2.53209         6.54490
        2.39589         7.55597
        5.01271         8.48024
        6.64487         9.46183
        5.62173         8.57502
        6.32985        11.30521
        7.94228        13.91825
        6.86997        15.68832
        8.43902        14.76854
        6.51344        16.49426
        6.35334        16.42093
        6.14477        14.74001
        8.46896        13.84546
       16.44722        13.85811
       14.54040         8.91559
       12.61814        -0.68297
        9.97670        -1.39123
        9.70098         1.92544
       19.58353         4.31908
        9.95658        -0.96051
       12.74886        -7.70377
        9.41586        -4.45239
       12.86939         2.35490
        9.59875        -0.44437
       12.22118        -4.68247
        6.89010        -8.01955
        9.46072        -9.92670
        8.44657       -13.08468
        8.17896       -17.57675
        5.17999       -21.85311
        4.95277       -21.42969
        4.68022       -18.98075
        5.73415       -16.66585
        3.55255       -14.34108
        3.33811       -15.86682
        0.64512       -16.03962
        0.47583       -13.87225
        1.43690       -11.69724
        2.40237       -12.54165
        1.58438       -13.27147
        0.28100       -12.36721
       -0.47831        -9.23803
       -0.10176        -6.29139
       -1.35609        -5.99343
       -0.98474        -6.28084
       -0.67768        -6.97629
        0.63513        -7.21316
       -0.07345        -7.83650
        0.69168        -7.55581
       -0.45519        -8.57530
       -0.17153        -8.71297
       -1.69087        -8.32448
       -0.97452        -4.61790
       -1.99600        -4.73514
       -2.52161        -4.50359
       -4.24268        -3.81081
       -4.68411        -2.45213
       -6.25758         0.39543
       -5.53472         3.74087
       -8.04318         2.41973
       -4.92413         4.50184
       -6.31089         4.55510
       -6.60809         3.25806
       -8.16088         4.27431
       -8.66620         4.55799
       -8.88376         6.04755
       -8.75248         4.57411
       -8.12369         5.96193
       -7.48331         6.14057
       -8.17256         6.12111
       -8.03253         5.54666
       -8.39635         5.31210
       -7.56150         3.91046
       -7.03511         4.60811
       -7.10714         2.72440
       -6.61481         2.04734
       -6.85478         1.17660
       -6.74371        -0.07702
       -6.07060        -0.08157
       -6.62286        -0.00297
       -5.82541         0.16788
       -5.71713         1.13793
       -5.69651         1.39774
       -5.56942         1.57844
       -5.39125         2.17851
       -5.48727         1.96976
       -5.39440         2.05638
       -5.12173         2.52078
       -4.81169         2.57825
       -4.73585         2.88488
       -4.84986         3.00604
       -4.64330         3.18391
       -4.38701         3.20182
       -4.44033         3.28885
       -4.58623         3.42369
       -4.19373         3.94635
       -3.98018         4.05704
       -3.41638         4.35149
       -3.28339         3.88374
       -3.08289         3.60480
       -2.54674         3.72615
       -2.22190         3.82636
       -1.91674         3.78523
       -1.63130         3.67662
       -1.36399         3.67280
       -1.05957         3.75040
       -0.71825         3.65699
       -0.45362         3.69008
       -0.12131         3.66282
        0.12973         3.69044
        0.47152         3.68556
        0.73225         3.69530
        1.05310         3.65572
        1.32543         3.69580
        1.65633         3.66700
        1.93917         3.70160
        2.27153         3.65865
        2.55961         3.68617
