     5.809
     5.578
     5.477
     5.222
     5.103
     4.823
     4.681
     4.411
     4.252
     3.933
     3.805
     3.485
     3.210
     2.875
     2.666
     2.190
     1.943
     1.481
     1.073
     0.590
     0.275
    -0.342
    -0.593
    -0.939
    -0.921
    -1.766
    -1.787
    -2.032
    -2.838
    -3.139
    -3.284
    -3.739
    -4.390
    -5.253
    -5.783
    -6.557
    -7.108
    -7.239
    -7.604
    -7.890
    -8.241
    -7.886
    -8.566
    -9.182
    -9.474
    -9.752
   -10.126
   -10.158
    -9.894
   -11.176
   -11.280
   -12.196
   -12.114
   -12.205
   -12.152
   -14.126
   -13.324
   -13.272
   -15.322
   -15.591
   -14.854
   -14.370
   -15.619
   -15.939
   -14.185
   -12.209
   -11.250
   -11.432
    -8.544
    -7.067
    -3.702
    -3.426
    -2.588
    -0.212
     2.622
     2.302
     1.037
     3.427
     5.027
     5.740
     7.269
     7.784
     7.299
     8.044
     9.475
     8.823
    10.499
    10.474
    10.426
    10.665
    11.701
    13.593
    14.081
    16.240
    14.866
    14.817
    15.570
    12.926
    12.528
    11.497
    10.112
     9.279
     7.543
     8.157
     4.785
     4.681
     4.535
     4.270
     5.026
     2.405
     3.643
     5.021
     4.798
     5.072
     5.080
     3.582
     1.685
     1.254
     1.789
     0.394
     0.448
     0.574
     0.453
    -0.238
     0.263
    -2.476
    -0.041
    -1.158
    -1.008
    -2.371
    -1.738
    -1.662
    -2.602
    -2.404
    -2.710
    -2.323
    -3.540
    -3.964
    -3.441
    -4.045
    -4.251
    -4.657
    -5.002
    -4.602
    -3.401
    -2.666
    -3.294
    -3.084
    -4.256
    -4.065
    -3.108
    -3.873
    -2.057
    -2.994
    -0.996
    -2.576
    -4.050
    -5.785
    -4.763
    -6.651
    -7.069
    -7.067
    -3.982
    -4.388
    -0.382
     0.573
     1.110
     0.930
     1.858
     1.086
     2.388
     3.847
     1.466
     2.637
     4.052
     4.373
     3.574
     3.974
     4.646
     4.695
     4.908
     5.710
     3.191
     4.336
     3.340
     2.412
     2.600
     2.624
     2.015
     3.864
     4.813
     3.864
     0.290
    -1.409
    -0.626
     1.380
     4.381
     3.601
     2.161
     1.387
     2.346
     1.108
    -1.468
    -2.884
    -5.859
    -6.555
    -5.803
    -1.618
    -1.969
    -3.251
    -2.462
    -5.139
    -6.236
   -11.386
   -13.073
   -12.651
   -11.159
   -10.953
   -11.780
   -12.266
   -11.281
   -10.200
    -9.067
    -9.459
    -7.785
    -6.749
    -5.324
    -2.455
    -0.199
     0.528
     3.137
     4.579
     5.413
    10.706
    10.493
     9.799
    13.398
    13.448
    14.258
    12.940
    14.493
    13.024
    13.449
    11.936
     8.393
     6.191
     5.783
     3.381
     5.555
     5.585
     7.167
     0.476
     7.668
     5.395
    -3.818
     1.822
     2.909
     1.092
     0.429
     0.969
     0.353
    -0.861
    -1.255
    -3.882
    -4.243
    -4.333
    -3.827
    -5.393
    -4.175
    -4.500
    -3.608
    -2.699
    -2.779
    -2.126
    -2.768
    -3.753
    -4.035
    -4.194
    -5.374
    -5.439
    -4.946
    -4.202
    -5.740
    -7.978
    -9.116
    -7.469
    -6.542
    -6.163
    -5.931
    -5.916
    -3.455
    -3.680
    -4.503
    -4.038
    -3.796
    -4.729
    -6.076
    -5.426
    -4.606
    -5.755
    -3.859
    -4.773
    -4.737
    -2.736
    -0.823
     0.304
    -0.952
    -1.599
     0.083
    -0.528
    -1.886
     1.697
     2.949
     4.942
     5.708
     5.597
     6.806
     7.895
     7.368
     7.301
     7.246
     7.893
     7.481
     8.853
     9.695
     7.884
     9.168
     7.545
     6.590
     7.630
     7.033
     7.611
     6.563
     5.560
     5.397
     6.007
     3.264
     1.652
     2.736
     3.674
     2.496
     5.310
     5.508
     6.164
     4.959
     3.358
     3.648
     0.205
     1.382
     1.375
     0.249
    -1.639
     0.875
     0.534
     0.455
    -0.344
    -0.696
    -0.628
    -3.373
    -3.730
    -5.439
    -5.743
    -4.295
    -2.411
    -5.182
    -7.563
    -6.484
    -2.404
    -1.744
     0.737
     0.205
    -0.888
     0.820
     0.796
     1.217
     1.363
     2.512
     1.748
     2.825
     3.174
     0.749
     1.936
     0.870
     0.944
     0.384
     0.598
    -0.246
    -1.854
    -0.734
    -1.993
    -2.099
    -3.451
    -2.447
    -3.314
    -5.029
    -5.758
    -5.874
    -5.426
    -5.696
    -5.451
    -4.502
    -5.369
    -4.851
    -6.490
    -5.287
    -5.813
    -6.241
    -5.318
    -8.603
    -8.848
   -11.411
   -10.523
    -8.947
    -8.256
    -6.548
    -7.264
    -6.576
    -8.035
    -5.715
    -2.838
    -1.892
    -1.597
    -2.919
    -0.445
     1.591
     5.659
     9.156
     8.728
     7.182
     1.631
     3.768
     1.418
     4.601
     4.979
     6.301
     6.311
     5.414
     1.808
     0.937
     4.405
     5.187
     4.321
     1.772
     2.715
     3.117
     3.101
     2.826
     1.662
     2.921
     2.243
     1.777
     0.076
     0.209
    -0.774
     1.271
    -0.775
     1.274
    -2.768
    -1.352
    -2.702
    -1.317
     2.201
     2.438
     1.047
     2.538
     3.354
     2.477
     2.962
     2.563
     0.151
    -2.306
    -4.107
    -0.793
    -0.635
     0.761
    -0.838
     0.819
     0.508
     1.530
     0.635
     0.841
     2.791
     0.685
     3.398
     1.968
     1.007
     2.780
     2.651
     1.900
     4.756
     5.068
     2.028
     3.107
     3.591
     2.969
     0.753
     2.251
     3.254
     3.912
     4.031
     1.383
     1.088
     0.605
    -0.175
    -0.600
    -0.804
    -0.539
    -1.351
    -1.191
     0.342
    -0.329
    -1.928
     0.482
     0.086
     1.073
     2.312
     0.511
     0.149
     2.001
     3.701
     3.385
     4.621
     3.481
     3.742
     3.117
     3.929
     4.502
     2.514
     1.398
     1.287
     2.555
     3.845
     5.315
     3.809
     2.305
     0.089
    -1.324
     0.473
     0.998
     1.758
     0.139
     0.146
    -0.077
    -2.143
    -2.273
    -1.292
    -1.033
    -0.629
     0.436
    -2.513
    -0.238
    -0.144
     0.394
     1.806
    -2.078
    -1.620
    -1.479
    -1.306
    -1.895
    -3.250
    -4.174
    -6.885
    -7.627
    -8.060
    -7.706
    -7.874
    -9.127
   -10.391
   -11.630
   -10.641
   -10.023
    -9.779
    -8.709
    -7.764
    -8.267
    -8.454
    -8.277
    -6.998
    -8.317
    -9.329
    -6.351
    -6.599
    -6.037
    -5.336
    -5.798
    -4.261
    -3.602
    -3.570
    -3.808
    -3.424
    -2.077
    -0.781
    -1.045
    -1.531
    -3.059
    -1.651
    -0.187
     0.408
     0.994
    -2.000
    -3.904
    -2.720
    -2.022
    -0.669
    -1.700
    -0.532
     0.049
    -0.142
     0.925
     1.693
     2.048
     3.129
     3.606
     3.983
     6.060
     5.513
     6.236
     7.444
     6.808
     4.699
     5.503
     4.786
     4.726
     6.134
     5.160
     4.945
     5.388
     5.982
     6.089
     6.014
     8.069
     7.861
     7.726
     6.146
     6.482
     6.184
     6.077
     4.109
     6.052
     5.835
     4.062
     5.458
     6.219
     5.784
     6.993
     6.494
     6.930
     6.607
     6.400
     6.440
     5.923
     5.822
     5.457
     5.884
     7.670
     9.204
     6.226
     4.568
     6.042
     4.600
     5.625
     6.267
     5.287
     4.246
     4.158
     4.829
     5.162
     6.468
     7.988
     8.650
     6.685
     4.998
     6.249
     0.530
    -2.966
    -2.460
    -4.426
    -9.005
   -10.148
    -8.282
   -10.732
   -11.288
   -10.034
   -10.453
    -9.262
    -7.664
    -8.487
    -8.591
    -9.906
    -7.524
    -5.866
    -6.072
    -3.443
    -3.509
    -2.560
    -1.623
    -0.920
    -0.808
    -0.533
    -0.917
     0.625
    -0.223
    -2.617
    -0.131
    -0.194
    -1.570
    -0.552
    -2.163
    -2.368
    -1.913
    -1.243
    -4.605
    -4.438
    -5.763
    -5.687
    -6.901
    -6.910
    -7.054
    -7.288
    -7.581
    -6.755
    -6.687
    -6.067
    -4.230
    -5.945
    -3.148
    -2.755
    -0.819
    -2.319
    -1.525
    -1.209
    -1.363
    -2.173
    -2.617
    -3.220
    -4.360
    -4.035
    -3.840
    -3.076
    -3.710
    -4.631
    -5.966
    -4.836
    -4.906
    -6.111
    -7.545
    -5.558
    -5.811
    -5.567
    -7.302
    -6.827
    -9.490
    -8.897
    -7.125
    -5.265
    -3.550
    -3.009
    -3.247
    -4.995
    -4.892
    -3.945
    -2.801
    -1.246
     0.676
    -0.678
    -1.250
    -0.183
     1.237
     1.557
     0.296
     0.580
     0.358
     0.685
     1.269
     1.703
     2.672
     4.546
     6.745
     6.475
     7.922
     7.158
     6.116
     7.534
     7.588
     7.130
     8.429
    11.744
    11.786
    11.357
    11.025
    10.461
    12.286
    12.277
    11.848
    11.854
    11.765
    12.214
    13.099
    12.459
    12.760
    12.307
    12.205
    10.677
     9.306
     9.290
    10.469
    10.845
    11.475
    11.053
    11.266
    10.276
    12.587
    12.347
    12.302
    11.607
     9.931
    10.615
    10.651
    11.080
    10.644
    11.630
    11.510
    11.819
    12.001
    12.555
    13.076
    11.706
    10.451
    10.258
    10.625
     9.842
     8.678
     8.079
     7.224
     9.519
    12.170
     8.849
     4.592
     2.054
    -3.544
    -6.311
   -10.534
   -11.587
   -19.054
   -21.972
   -26.976
   -26.978
   -30.128
   -32.710
   -34.293
   -34.534
   -35.933
   -37.302
   -40.330
   -37.232
   -35.114
   -33.206
   -31.055
   -29.780
   -31.256
   -29.683
   -27.575
   -25.548
   -22.679
   -20.375
   -16.806
   -14.136
   -11.201
    -7.300
    -4.960
    -1.821
     1.021
     4.006
     5.474
     6.652
     6.447
     7.577
     6.763
     6.144
     6.072
     4.443
     4.706
     5.197
     5.001
     3.529
     3.253
     2.420
     2.734
     0.814
     1.168
     2.632
     3.198
     2.895
     4.138
     4.751
     7.055
     4.395
     1.124
     3.610
     4.327
     5.077
     4.142
     5.863
     4.169
     4.042
     5.251
     5.098
     5.731
     7.680
     8.406
     9.441
     9.183
     6.525
     2.516
    -1.578
    -4.111
    -4.431
    -4.346
    -3.129
     0.591
     4.671
    10.738
    16.779
    19.650
    18.646
    20.389
    19.837
    21.431
    21.198
    19.827
    19.084
    18.448
    15.889
    12.359
     9.014
     6.875
     2.767
     4.492
    -0.074
    -0.271
    -4.880
    -5.026
    -5.398
    -7.807
    -9.566
    -8.580
    -9.094
    -8.936
    -8.860
    -7.977
    -6.960
    -3.924
    -4.791
    -3.848
    -4.809
    -3.404
    -3.029
    -0.869
     0.388
    -1.528
    -0.987
    -3.204
     0.883
     3.836
     4.041
     3.191
     5.102
     7.009
     6.659
     5.807
     6.008
     7.913
     7.468
     6.571
     6.617
     6.367
     6.829
     8.943
     9.562
     8.373
    10.173
     8.744
     6.268
     4.333
     3.847
     1.007
    -2.055
    -0.286
     0.292
    -2.585
    -5.752
    -7.551
    -7.095
    -8.285
    -6.698
    -6.725
    -4.232
    -2.773
    -2.960
    -4.992
    -6.543
    -5.049
    -2.504
    -1.785
    -0.090
    -0.062
    -0.884
    -1.345
    -0.087
     1.391
     1.625
     0.355
     0.921
     2.544
     5.394
     1.519
     0.514
     2.280
     0.446
    -0.206
    -1.152
     1.007
     2.080
     0.018
    -0.194
     2.479
     0.928
     1.141
     2.005
     1.788
     0.201
    -3.615
    -6.824
   -10.409
   -10.084
   -10.112
    -9.430
   -11.003
   -12.068
   -12.496
   -15.033
   -12.119
   -11.173
   -11.008
   -14.509
   -14.799
   -15.825
   -17.940
   -20.638
   -20.561
   -22.319
   -24.941
   -24.242
   -20.822
   -19.584
   -21.022
   -22.650
   -24.965
   -27.413
   -29.531
   -29.520
   -33.327
   -37.565
   -38.537
   -36.490
   -34.659
   -36.327
   -35.145
   -37.169
   -41.699
   -11.247
    22.295
    22.683
    15.257
    14.697
    16.842
    14.154
    14.009
    18.611
    20.203
    24.046
    23.432
    19.778
    21.521
    20.682
    22.798
    26.353
    24.956
    27.647
    35.512
    39.284
    34.123
    31.713
    30.081
    38.040
    48.032
    48.985
    48.716
    49.193
    51.138
    54.733
    54.675
    56.744
    55.579
    53.817
    52.636
    49.921
    44.514
    38.005
    38.666
    35.381
    32.626
    33.263
    33.409
    25.856
    26.631
    26.599
    26.502
    21.005
    19.906
    15.980
    15.428
    10.828
     6.211
    -1.571
   -10.330
   -19.707
   -19.298
   -34.840
   -42.138
   -38.753
   -44.426
   -46.798
   -47.302
   -46.843
   -47.235
   -46.829
   -44.602
   -37.235
   -38.088
   -38.970
   -37.814
   -41.939
   -40.537
   -43.986
   -42.179
   -38.225
   -37.256
   -38.580
   -34.461
   -31.616
   -34.368
   -33.126
   -29.991
   -28.308
   -30.481
   -30.721
   -26.780
   -30.039
   -30.225
   -25.323
   -25.539
   -23.603
   -26.292
   -27.321
   -29.429
   -32.560
   -30.160
   -29.026
   -30.571
   -25.856
   -22.047
   -19.342
   -16.223
   -10.852
    -6.203
    -1.668
     0.330
     2.007
     1.382
     6.156
     7.673
     7.590
    11.256
    18.346
    26.694
    29.526
    31.446
    36.563
    44.321
    51.249
    49.080
    46.563
    54.780
    67.844
    68.179
    61.617
    69.744
    64.593
    51.193
    60.795
    75.391
    54.228
    29.077
    10.230
    39.616
    36.786
    16.912
    -2.671
     1.024
    -5.298
   -12.426
   -18.950
   -14.559
   -23.552
   -27.322
   -17.476
   -15.146
   -12.073
    -9.446
   -11.864
   -22.588
   -22.398
    -8.052
    -7.549
   -13.440
   -13.392
    -3.516
    -1.848
    -1.855
    -3.895
    -2.743
    -1.972
     4.421
    -5.762
    -1.013
    -1.156
    -0.263
    -3.485
    -6.095
   -16.764
   -24.606
   -25.527
    -1.956
    -0.446
   -13.379
   -19.051
   -17.240
   -12.329
    -3.598
     7.175
    12.526
    -3.695
   -15.799
   -15.414
   -26.997
   -27.037
   -23.540
   -13.334
    -8.765
    -7.067
     2.012
     2.122
    -6.368
   -14.914
   -15.336
   -12.457
    -6.511
    -0.455
     4.681
     3.270
     7.575
     5.565
    12.661
    14.469
    10.889
     8.269
    17.448
    23.295
    30.875
    27.486
    23.578
    19.763
    16.385
    15.817
    20.176
    13.898
    10.458
    11.689
     6.132
     5.139
     2.221
     3.230
    -1.628
     8.070
     3.528
     5.135
     6.435
     2.838
     0.714
     5.446
     4.136
     2.232
     5.843
     7.410
     5.106
     4.382
     5.123
    -0.169
     0.129
    -6.625
    -3.320
    -2.421
     1.700
     3.060
     4.158
     0.047
    -1.628
     0.054
    -6.571
    -4.973
    -3.240
    -5.643
   -11.433
    -7.986
    -2.576
    -1.175
   -24.841
   -20.536
   -20.842
    -9.662
   -11.685
   -14.149
    -9.845
   -11.181
    -0.474
    14.159
     0.580
    -5.917
   -12.483
   -14.474
    -7.275
    -5.115
   -10.747
   -24.357
   -16.325
   -19.018
   -21.918
   -25.198
   -25.313
   -25.842
   -20.895
   -16.630
   -14.325
   -12.932
   -15.274
   -11.662
    -7.861
   -11.949
   -12.075
   -10.561
    -4.230
    -5.136
    -6.507
    -7.978
    -9.048
    -5.733
    -8.792
    -3.163
    -1.907
    -1.222
    -1.471
     9.760
     8.906
    14.020
     8.003
     4.168
     6.548
     9.168
     6.569
    11.306
    16.775
    18.351
    10.311
    12.497
     9.096
     9.749
    12.115
    13.015
    17.755
    19.307
    24.588
    24.379
    23.700
    25.987
    24.060
    25.440
    30.034
    20.681
    35.480
    28.691
    30.095
    19.818
    14.238
    19.851
    17.850
    15.322
    15.605
    17.506
    19.043
    14.885
     7.458
     9.957
    10.228
     4.061
     3.819
     2.798
     4.545
    12.588
     2.132
    -4.068
     1.406
     0.010
    -6.553
    -5.907
   -10.081
   -11.790
    -7.964
    -6.492
    -8.819
    -9.998
   -18.365
    -5.533
    -0.179
   -23.778
   -23.563
   -10.828
    -6.024
     1.763
   -14.982
   -13.849
    -1.803
   -14.152
   -13.530
   -16.723
   -30.040
   -27.996
   -19.688
   -24.949
   -22.153
   -10.692
   -13.299
    -9.909
    -5.036
     0.980
    -3.002
    -3.376
    -3.922
    -7.118
    -6.968
    -9.375
   -10.419
   -10.985
   -10.948
   -10.441
    -5.015
    -4.359
    -3.751
    -5.069
     3.750
     0.251
    -2.982
    -0.019
     2.825
     6.405
     4.667
     4.723
     1.343
     4.121
     2.699
    -0.725
     3.956
     7.851
     5.094
    -0.114
    -3.998
     4.357
     3.793
     2.486
     3.823
     6.667
    12.119
     7.037
     4.321
     4.902
     2.524
     7.580
     4.101
     4.675
     5.852
    -0.083
     0.969
    -0.344
    -0.985
    -1.009
    -4.304
    -5.200
     0.454
     0.595
     4.005
    -2.140
    -2.159
     1.350
     4.959
     3.715
     1.864
    -5.453
    -4.787
    -1.996
     8.076
    -1.356
   -17.987
   -17.437
    -9.716
    -9.636
    -9.425
   -14.092
   -13.429
   -11.737
    -9.856
    -7.852
   -11.148
    -7.876
    -5.773
    -2.362
    -1.205
     3.609
     4.687
    -4.876
    -0.938
     0.933
     2.605
     3.578
    -0.215
     0.182
     2.528
     1.565
     1.924
     6.814
     3.555
     8.744
     6.957
     8.611
     9.795
    11.266
    10.164
    10.095
     9.526
    10.010
    11.600
    12.459
    12.018
    12.931
    14.031
    12.043
    15.184
    15.524
    15.605
    17.359
    19.752
    20.119
    19.615
    18.051
    17.824
    17.523
    16.757
    17.581
    14.552
    16.194
    15.433
    10.997
    10.139
     9.327
     7.933
     8.546
     7.261
     5.669
     4.655
     4.979
     4.881
     2.737
     0.409
    -2.348
    -1.440
    -3.358
    -4.582
    -6.541
    -7.153
    -6.391
    -6.113
    -7.483
   -11.056
   -11.188
   -12.636
   -14.430
   -14.563
   -15.267
   -19.321
   -20.639
   -22.764
   -21.531
   -22.347
   -22.308
   -20.114
   -23.511
   -23.896
   -25.513
   -25.636
   -25.009
   -21.432
   -20.862
   -18.472
   -19.941
   -15.761
   -15.508
   -11.258
   -13.491
    -9.567
   -13.683
    -7.779
    -8.357
    -4.213
    -5.569
    -4.232
    -8.573
    -4.569
    -6.575
    -6.799
    -7.479
    -7.543
    -6.839
    -4.235
    -1.415
     1.666
     3.333
     1.447
     2.286
     1.804
     2.420
     4.161
     6.613
     6.604
     7.185
     7.818
    10.829
     8.532
     9.402
     9.686
    14.315
    14.728
    12.378
    11.019
    12.575
    10.518
    11.066
     9.453
     9.762
     9.906
     9.909
     8.656
     9.691
    11.560
    11.189
     7.976
     8.071
     6.795
     7.117
    10.208
     9.530
     9.386
     8.893
     9.357
    10.466
    10.865
     9.234
     9.579
     9.269
     7.049
     8.316
     6.185
     7.278
     6.354
     5.825
     8.042
     5.616
     7.652
     7.882
     8.304
     9.406
    11.130
     5.657
     6.448
     5.024
     4.394
     3.577
     1.451
     0.189
    -1.450
    -1.875
    -4.716
    -6.026
    -6.592
    -7.530
    -8.217
    -8.277
    -8.032
    -7.020
    -6.394
    -7.126
    -7.170
    -7.269
    -6.090
    -5.637
    -5.913
    -5.643
    -6.571
    -5.464
    -6.700
    -5.977
    -7.243
    -6.907
    -7.057
    -9.081
   -11.228
   -10.620
   -11.759
   -10.754
   -10.895
    -9.671
   -10.357
   -10.166
   -10.291
    -7.068
    -9.703
   -10.026
    -7.730
    -6.657
    -4.839
    -3.496
    -2.733
    -2.056
    -1.432
     1.350
     4.889
     4.254
     2.880
     2.782
     0.375
     1.242
     0.640
    -0.373
    -1.807
    -2.112
    -0.789
     1.311
    -0.149
    -1.252
    -0.084
    -1.820
     2.201
     1.074
     2.122
     1.958
     1.808
     4.393
     3.550
     4.304
     4.094
     2.021
     4.977
     6.100
     7.420
     4.866
     2.722
     5.612
     3.305
     3.056
     5.934
     6.509
     6.475
     6.979
     6.798
     7.337
     5.948
     6.246
     7.258
     6.702
     5.927
     6.055
     6.145
     7.032
     5.835
     6.353
     8.186
     5.253
     5.086
     3.481
     3.221
     2.937
     0.913
     0.176
     1.527
     1.584
    -0.474
    -2.149
    -4.521
    -1.554
    -3.951
    -3.475
    -5.291
    -6.818
    -7.175
    -5.710
    -4.551
    -5.126
    -5.238
    -4.071
    -3.799
    -4.899
    -4.419
    -5.355
    -4.036
    -4.103
    -4.773
    -6.367
    -7.063
    -5.332
    -6.402
    -2.477
    -3.593
     0.046
     1.760
    -0.143
    -3.173
    -2.142
    -3.201
    -4.398
    -4.319
    -4.959
    -1.916
    -1.753
    -0.201
    -3.234
    -1.506
    -1.860
    -1.620
    -3.948
    -8.524
    -9.831
    -8.935
    -7.152
    -7.665
    -7.525
    -7.585
    -4.089
    -4.991
    -6.738
    -5.546
    -5.698
    -2.326
    -4.810
    -1.447
    -0.941
     2.114
     1.828
     3.506
     4.056
     3.450
     4.869
     1.229
     4.215
     6.298
     8.327
     7.126
     9.199
     9.672
    10.722
    10.735
    12.740
    13.260
    14.868
    13.554
    15.643
    15.266
    17.578
    17.147
    14.953
    15.795
    13.560
    13.441
    16.484
    11.066
     7.849
     6.977
     6.303
     0.468
     0.792
    -2.581
    -1.980
    -6.995
    -8.038
    -8.496
    -7.981
    -6.822
    -5.391
    -7.669
    -5.985
    -3.476
     0.965
     0.656
     0.617
     1.576
     2.368
     2.526
    -0.004
     0.658
    -1.113
     0.357
    -1.902
    -5.906
    -3.420
    -4.251
    -5.277
    -5.496
    -5.302
    -6.007
    -3.657
    -5.690
    -3.027
    -3.751
    -3.972
    -6.168
    -4.924
    -9.943
    -9.517
   -11.421
   -11.216
    -0.717
   -11.094
   -11.277
   -12.496
    -9.736
    -7.375
    -2.642
    -2.846
    -5.052
    -4.393
    -4.840
    -1.370
    -2.616
    -0.638
    -1.733
    -2.664
     1.097
    -0.301
     3.148
     7.731
     6.575
     4.646
     3.670
     5.810
    -1.827
    -4.304
    -6.365
    -3.337
    -1.772
     1.543
     1.662
     1.522
     1.387
    -0.971
    -1.537
    -0.788
    -0.873
    -0.993
    -1.163
     0.919
    -0.350
    -1.075
     0.467
    -0.176
    -0.095
     0.114
    -0.620
    -0.045
     0.576
    -0.571
    -0.068
    -0.022
     2.197
     0.929
     4.819
     3.140
    -2.438
    -1.523
    -0.802
     2.136
     3.755
     5.240
     5.119
     5.624
     4.961
     3.436
     3.298
     4.319
     3.583
     3.325
     1.488
     0.443
     0.194
     1.921
     1.295
     1.744
     5.478
     5.182
     6.079
     6.186
     6.250
     5.831
     5.165
     5.876
     5.772
     6.866
     7.769
     6.526
     7.210
     5.491
     2.243
     1.467
     2.169
     4.501
     3.640
     1.471
     1.838
     2.350
     2.959
     2.686
     2.725
     1.843
     0.121
    -1.593
    -1.338
    -1.303
    -3.288
    -5.117
    -5.200
    -5.091
    -3.023
    -5.534
    -7.354
    -6.979
    -3.974
    -3.639
    -4.710
    -3.616
    -4.815
    -4.757
    -3.106
    -3.864
    -4.548
    -2.828
    -3.980
    -4.145
    -4.708
    -3.071
    -4.257
    -5.789
    -6.362
    -6.000
    -5.222
    -2.989
    -2.556
    -1.146
    -1.128
    -3.331
    -4.396
    -2.121
    -1.099
     0.601
     0.408
     1.840
     2.200
     3.115
     0.285
    -1.433
     0.154
     0.928
     3.615
     3.238
    -0.171
    -2.172
    -0.538
     1.785
     4.544
     6.551
     4.219
     1.109
     1.173
     1.252
     1.433
     1.012
     1.524
     2.294
     0.510
    -0.362
    -2.152
    -0.512
    -1.417
    -1.583
    -1.123
    -1.747
    -2.935
    -2.224
    -2.530
    -1.160
    -0.686
    -1.830
    -1.558
    -1.830
    -0.256
    -1.132
    -1.068
    -1.223
     0.949
     0.637
     0.210
     2.694
     2.009
     1.168
     2.641
     3.045
     3.712
     3.315
     2.860
     1.935
     2.813
     1.452
     0.669
     2.281
     1.409
     1.020
     0.783
     1.986
     1.721
     0.382
    -0.143
     0.243
     2.047
     2.813
     3.610
     2.704
     3.842
     2.574
     0.675
     0.405
    -0.833
    -1.342
    -2.726
    -1.554
    -1.524
    -1.467
    -0.533
    -0.510
    -1.587
    -3.105
    -1.850
    -1.917
    -2.223
    -0.435
    -1.122
    -0.494
    -0.762
    -1.156
    -0.295
     0.058
    -2.036
    -0.652
    -2.696
    -1.950
    -1.579
    -0.990
     0.049
    -0.503
    -1.697
    -1.990
    -0.844
     0.083
     0.314
    -0.836
     0.234
    -0.545
    -0.060
    -0.319
    -0.123
    -1.857
    -0.810
     0.215
     0.029
    -0.271
     1.835
     1.058
     1.022
     0.925
    -0.396
     0.239
     1.474
     0.456
    -0.077
    -0.862
    -0.752
    -0.113
     0.054
    -0.012
    -0.306
    -0.598
    -0.289
     0.876
     0.680
     0.981
     1.350
     1.211
    -0.540
    -1.718
    -1.087
    -0.750
    -1.063
    -1.284
    -2.006
    -1.658
    -0.090
    -0.723
    -1.786
    -1.169
    -0.702
     1.291
     1.456
     1.246
     1.580
     4.131
     5.644
     7.495
     7.111
     8.360
     7.888
     8.319
     7.987
     5.491
     3.923
     3.563
     2.163
     1.467
     0.489
    -0.812
    -0.124
    -0.690
    -0.586
    -0.646
    -0.089
     0.999
     0.540
    -0.204
     0.217
     1.733
     0.697
     0.829
     1.145
    -0.151
    -0.968
    -0.545
    -1.670
    -2.583
    -2.469
    -2.626
    -2.469
    -2.815
    -2.655
    -4.084
    -4.957
    -4.019
    -4.974
    -3.914
    -3.262
    -2.677
    -1.933
    -2.344
    -2.523
    -2.172
    -2.892
    -3.975
    -3.871
    -3.465
    -4.060
    -4.389
    -4.517
    -3.581
    -3.623
    -3.865
    -3.178
    -3.303
    -4.165
    -4.469
    -3.535
    -2.951
    -2.345
    -1.601
    -2.706
    -1.040
    -1.070
    -0.939
    -1.203
     0.140
     0.359
     0.687
     0.127
     1.654
     0.662
     1.900
     0.555
     0.994
     1.034
     1.736
     2.013
     1.956
     2.115
     2.128
     0.987
     1.838
     1.682
     2.732
     1.937
     2.729
     3.060
     1.627
     2.803
     2.522
     3.069
     2.180
     2.084
     3.926
     2.687
     0.593
     0.261
    -2.464
    -0.187
     0.424
     0.727
     1.930
     1.754
     2.741
     4.311
     6.357
     5.508
     5.410
     4.742
     5.000
     4.477
     2.558
     1.649
     1.724
     1.332
     0.550
    -0.175
    -0.189
    -0.448
    -0.711
    -0.011
     0.079
     0.173
     0.280
     0.809
     0.750
     1.895
     2.720
     1.359
    -0.245
     0.317
    -0.042
    -1.368
    -1.154
    -0.914
     0.064
    -1.937
    -1.460
    -1.400
    -2.007
    -2.744
    -3.059
    -1.590
    -3.004
    -2.370
    -2.154
    -1.239
    -1.697
    -2.404
    -1.232
     0.150
     1.083
     0.268
     0.255
    -0.586
     0.341
     0.366
    -1.514
    -1.029
    -2.341
    -1.700
    -0.295
     0.468
    -0.402
     0.747
    -0.090
    -1.504
    -0.036
     0.435
     0.332
    -0.921
    -0.822
    -0.139
     1.087
     1.160
     1.656
    -1.030
    -1.167
     0.042
    -2.310
    -1.565
    -1.519
    -0.912
    -1.173
    -0.521
    -0.900
    -1.724
    -2.070
    -3.118
    -2.364
    -1.408
    -1.753
    -0.864
    -0.679
    -0.331
    -1.564
    -1.720
    -2.437
    -2.283
    -2.673
    -0.870
    -1.127
    -1.344
    -1.181
    -1.705
     0.629
     0.607
     1.846
    -0.243
     0.706
     2.425
     1.329
    -0.956
    -1.614
    -1.746
    -1.410
    -1.412
    -1.061
    -1.085
    -0.480
    -0.317
     0.103
    -1.156
    -0.177
     0.382
     1.297
     1.611
     2.244
     3.007
     1.457
     1.889
     3.062
     2.456
     4.071
     5.208
     5.845
     5.418
     4.613
     3.839
     4.259
     6.968
     6.608
     4.739
     5.669
     5.594
     4.726
     2.058
     1.001
     1.180
     1.912
     1.714
     0.022
    -1.096
    -1.820
    -1.161
    -1.928
    -3.280
    -3.448
    -3.549
    -3.077
    -2.883
    -2.790
    -2.516
    -3.916
    -3.029
    -1.435
    -1.673
     0.776
    -1.426
    -1.401
    -2.633
    -1.528
     0.296
    -1.171
    -0.324
     1.113
     0.860
    -0.295
    -1.664
    -2.311
    -2.800
    -2.222
    -1.990
    -1.894
    -2.333
    -2.816
    -3.824
    -3.615
    -4.859
    -3.458
    -4.154
    -2.846
    -1.228
    -2.491
    -1.918
    -2.266
    -1.403
    -2.336
    -2.521
    -1.000
    -2.239
    -0.259
     0.058
     0.201
    -0.212
     1.535
     0.063
     0.812
    -1.723
     0.071
     0.133
     0.318
     2.443
     0.449
     0.772
     0.282
    -1.164
    -1.222
    -0.395
    -0.169
     3.288
     3.987
     3.498
     3.971
     4.621
     3.858
     2.839
     3.313
     4.281
     4.743
     3.575
     3.685
     2.202
     3.102
     2.836
     1.190
     0.406
     0.390
     0.820
     1.785
     1.294
     0.578
     1.065
     1.001
     0.838
     0.983
     1.160
     0.750
     0.837
     2.559
     1.498
     0.901
     1.717
     2.663
     1.352
     0.438
     0.055
     0.871
     1.344
     0.953
     1.313
     1.204
     1.745
     0.074
     0.062
     0.792
     0.973
     1.181
     0.827
     0.388
     1.517
     2.221
     0.479
     0.283
     0.774
    -0.283
     0.415
    -0.251
     0.860
    -0.622
    -0.817
    -0.388
     0.181
     0.774
     0.493
    -0.652
    -1.345
    -0.867
     0.035
    -0.497
     0.514
     1.166
     1.568
    -0.094
    -0.491
    -0.159
    -1.297
    -2.631
    -2.171
    -4.239
    -4.810
    -6.460
    -8.698
    -8.074
    -6.233
    -5.492
    -3.742
    -2.337
    -0.684
    -0.452
    -2.163
    -0.598
    -1.594
    -3.665
    -2.790
    -0.600
    -1.338
    -1.649
    -1.993
    -3.769
    -3.798
    -4.840
    -3.812
    -4.145
    -2.201
    -4.034
    -3.727
    -3.134
    -0.408
     0.263
    -0.014
    -3.355
    -4.303
    -4.383
    -3.892
    -2.746
    -3.893
    -4.270
    -5.014
    -5.486
    -6.545
    -3.996
    -2.646
    -1.406
    -2.068
    -3.235
    -2.729
    -3.362
    -0.831
    -0.301
     0.701
    -1.863
    -1.292
    -1.128
    -1.174
    -1.428
     0.709
     0.614
     2.654
     5.311
    12.069
     9.629
     5.684
     5.685
    11.593
    13.651
    15.391
    13.680
     9.929
    10.809
     7.426
     7.018
     4.823
     0.374
    -1.251
    -3.810
    -1.678
    -3.738
    -0.544
    -1.570
    -0.617
     0.403
     4.389
     5.585
    10.178
    12.250
    13.459
    11.157
     8.095
     8.600
     9.180
     8.923
     1.671
     3.556
    -6.237
    -5.110
    -4.612
    -3.304
     2.397
     2.312
     3.186
     5.395
     4.612
     5.774
     4.909
     6.823
     7.776
     7.339
     7.957
     7.138
     6.228
     6.527
     8.805
    11.948
    14.049
    13.630
    14.207
    14.096
    12.035
    11.147
     9.221
     5.431
    -6.538
   -10.319
    -3.350
    -7.583
     0.751
   -15.364
   -12.812
    -3.401
    -2.483
   -10.740
   -12.460
   -16.178
   -18.380
   -22.941
   -30.344
   -33.927
   -29.556
   -24.592
   -20.216
   -19.148
   -21.194
   -18.092
   -15.908
   -13.216
   -15.468
   -15.929
   -11.477
    -6.786
    -4.705
    -4.849
    -6.832
    -6.512
    -7.037
    -8.421
    -9.110
   -11.428
    -8.678
    -5.994
    -4.783
    -4.760
    -4.516
    -3.310
     1.675
     2.373
     5.336
     6.621
     7.443
     5.156
     6.762
     7.601
     8.752
     7.325
     7.055
     7.847
     8.816
     8.033
     7.627
     6.385
     7.406
     4.317
     3.634
     2.942
     1.295
     1.079
     1.750
     1.449
     2.847
     3.564
     3.060
     4.532
     4.215
     4.341
     4.982
     5.119
     5.203
     5.839
     5.702
     6.363
     6.399
     6.681
     7.210
     7.445
     7.846
     7.947
     6.620
     7.206
     7.038
     7.300
     6.894
     6.956
     6.986
     6.972
     6.790
     6.824
     6.728
     6.746
     6.571
     6.544
     6.386
     6.357
     6.169
     6.106
     5.890
