     3.672
     3.948
     4.301
     4.563
     4.906
     5.156
     5.493
     5.728
     6.031
     6.266
     6.571
     6.751
     6.986
     7.231
     7.399
     7.515
     7.685
     7.788
     7.828
     7.866
     8.026
     7.883
     7.861
     7.851
     8.029
     7.753
     7.837
     7.721
     7.447
     7.556
     7.429
     7.056
     6.749
     6.267
     6.248
     5.706
     5.238
     5.394
     4.280
     4.339
     3.867
     3.581
     3.170
     2.521
     1.492
     1.062
     0.687
    -0.198
    -0.681
    -0.927
    -1.804
    -2.120
    -3.541
    -4.015
    -5.281
    -4.654
    -5.773
    -7.248
    -7.315
    -6.553
    -9.344
    -9.765
    -8.103
    -8.061
    -7.412
    -7.620
    -6.883
    -5.215
    -6.354
    -5.038
    -3.840
    -3.926
    -2.377
    -3.090
    -0.681
     0.125
     0.434
     0.298
     0.376
     0.638
     0.579
     0.169
    -0.078
     2.147
     4.389
     5.826
     5.713
     4.081
     3.320
     2.330
     0.426
    -1.227
    -4.528
    -4.373
    -7.583
    -8.983
   -10.103
    -8.988
    -7.297
    -5.210
    -4.668
    -1.939
    -0.718
    -0.625
    -0.672
    -3.422
    -3.238
    -2.807
    -0.863
     1.787
     0.036
     1.351
    -1.609
    -1.633
    -2.055
     0.977
    -3.230
    -2.746
    -2.718
    -0.320
     0.233
    -0.353
    -3.491
    -3.952
    -2.618
    -4.458
    -1.451
    -2.052
    -2.005
     0.138
     0.374
    -0.137
    -1.609
     0.039
    -1.352
    -1.923
    -2.969
    -1.523
    -1.810
    -1.262
    -0.244
    -0.502
     1.014
     1.994
     0.167
     1.230
     1.171
    -0.303
    -0.353
    -1.806
    -1.334
     0.090
     1.733
     2.357
     0.199
    -0.291
    -0.246
     0.149
     3.978
     1.468
    -0.496
     1.639
     3.428
     3.524
     3.585
     3.175
     4.196
     4.622
     5.346
     5.618
     3.631
     4.417
     4.208
     3.811
     3.569
     4.891
     3.158
     1.772
     0.746
     2.155
     0.158
    -0.772
    -3.114
     0.777
    -0.068
     2.232
    -0.305
    -0.290
     2.209
     2.200
     3.498
    -0.132
    -1.155
    -3.398
    -3.390
    -1.627
    -1.437
     5.244
     4.512
     6.808
     5.508
     6.875
     3.952
     0.508
    -1.648
     3.009
     5.047
     8.875
     8.505
     8.800
    11.296
    16.144
    14.056
    14.693
    14.056
    16.859
    14.535
    14.357
    17.927
    14.827
    14.952
    11.662
     8.520
     4.798
     6.328
     3.091
     1.643
    -1.013
     0.115
    -1.841
    -2.662
    -2.733
    -3.758
    -0.769
    -5.554
    -6.402
    -4.245
    -7.890
   -10.204
   -13.394
   -13.723
   -13.165
   -16.029
   -15.433
   -15.784
   -16.728
   -15.572
   -16.994
   -18.298
   -17.605
   -13.452
   -15.409
   -11.333
   -12.433
   -16.912
   -18.311
   -18.349
   -16.832
   -13.467
   -15.691
   -15.135
   -15.061
   -11.350
   -11.242
   -12.416
   -11.301
   -11.352
   -10.484
    -7.683
    -4.437
    -3.037
    -5.144
    -6.220
    -4.542
    -3.245
    -2.781
    -1.865
    -2.006
    -0.789
     1.989
     0.610
     2.355
     3.329
    -0.198
    -0.184
     0.150
     2.188
     4.853
     3.258
     8.490
     9.678
     9.178
     7.788
     8.428
     7.188
     8.467
     7.853
     8.393
     8.534
     6.895
     6.801
    10.646
    10.803
    10.059
    12.780
    11.068
    10.628
     9.884
    10.970
    11.254
     8.314
     8.033
     6.352
     6.888
     9.843
    12.089
     8.147
     8.536
     8.270
     9.236
    11.492
     6.979
     6.829
     5.251
     4.637
     4.572
     6.823
     7.786
     5.075
     6.957
     5.473
     5.122
     4.362
     2.998
     1.739
     2.898
     0.025
     3.916
     3.366
    -0.434
    -1.496
    -1.011
     0.631
     2.799
     5.463
     5.073
     6.489
     1.718
     0.145
     3.665
     4.435
     5.963
     9.146
     6.742
     4.461
     5.386
     6.860
     7.953
     0.024
    -1.380
    -2.398
    -1.691
    -1.986
    -6.296
    -1.330
    -3.436
    -5.127
    -3.129
    -7.225
    -8.946
    -8.868
    -7.897
    -9.156
    -9.524
    -9.480
    -9.689
    -6.924
   -12.389
   -12.110
   -14.215
   -15.096
   -12.997
   -14.408
   -12.248
   -13.258
   -12.208
   -14.144
   -13.665
   -13.373
   -12.652
    -9.533
    -9.525
   -10.190
    -7.713
    -7.307
    -7.579
    -7.346
    -6.454
    -5.457
    -4.596
    -3.519
    -3.188
    -2.101
    -3.189
    -4.086
    -4.162
    -3.897
     0.182
    -0.389
     1.559
     0.735
    -0.236
     1.119
     1.005
     2.197
    -1.862
     1.624
     2.494
    -0.631
    -0.438
    -2.107
    -1.811
    -0.978
    -4.054
    -2.877
    -1.873
     2.432
     6.105
     8.817
     5.315
     4.929
     0.488
     0.521
     1.171
     3.450
     6.140
     5.069
     3.332
    -0.537
     1.437
     0.101
     0.889
    -2.385
    -2.337
    -3.844
    -2.279
    -2.086
     2.394
     2.449
     5.435
     6.691
     7.971
     5.129
     5.695
     5.716
     7.141
    14.543
    18.124
    20.173
    16.469
    17.922
    14.775
    22.436
    19.294
    18.877
    18.568
    18.003
    13.763
    12.874
    16.401
    14.967
    13.229
    15.576
    11.331
    10.681
    10.797
    11.956
     8.241
     5.270
     2.273
     3.413
     2.380
    -0.881
    -3.309
    -3.769
    -2.504
    -5.170
    -6.138
    -8.142
   -11.118
   -10.376
   -11.559
   -12.168
    -8.912
    -5.527
    -6.331
    -9.506
    -9.731
   -10.191
   -10.173
   -11.328
   -11.094
    -8.707
    -7.520
    -9.515
   -10.450
   -10.054
    -8.757
    -8.356
   -11.775
   -10.197
    -9.143
   -13.508
   -13.782
   -12.226
    -8.028
    -8.098
   -10.227
    -7.996
    -7.172
    -7.007
    -8.334
    -7.608
    -3.893
    -6.077
    -7.142
    -6.110
    -4.435
    -5.505
    -7.008
    -4.511
    -5.611
    -4.583
    -3.596
    -2.123
    -1.119
    -3.043
    -4.322
    -5.812
    -6.151
    -3.024
    -1.734
    -1.666
    -2.757
    -2.701
     0.229
    -0.398
    -1.291
     0.580
    -1.301
     0.455
     1.606
     3.788
     6.301
     6.564
     6.405
     4.461
     5.465
     4.446
     5.684
     9.980
    11.047
    10.113
     8.971
     9.700
    10.043
    12.246
    11.985
    13.289
    13.030
    10.988
    10.964
     9.746
     9.783
    10.940
     8.677
     9.148
     8.749
     9.296
     8.417
    10.850
     9.757
     9.701
     9.683
     8.681
     7.488
     5.497
     4.497
     2.404
     0.943
    -0.924
    -2.006
    -2.527
    -0.303
    -1.462
    -2.513
    -3.049
    -3.206
     0.537
     2.667
     2.472
     3.282
     2.722
     0.516
     0.621
     1.465
     2.420
     0.087
    -1.367
    -1.725
    -1.481
    -0.505
    -2.882
    -4.220
    -4.653
    -4.526
    -5.434
    -5.885
    -5.532
    -4.361
    -6.377
    -4.673
    -8.956
    -8.909
    -8.757
    -8.965
    -8.951
    -9.374
   -10.271
    -9.219
    -8.345
   -11.593
   -10.747
   -11.094
   -10.211
    -8.543
    -8.800
   -10.823
    -9.126
    -7.321
    -6.810
    -8.283
    -6.437
    -6.507
    -6.493
    -5.985
    -3.722
    -3.215
    -5.070
    -3.600
    -2.245
    -3.672
    -1.737
    -1.911
    -0.061
    -1.047
     0.953
     0.825
    -1.682
    -0.369
     1.469
     1.137
     2.104
     1.090
     1.452
     3.006
     1.846
     1.906
     1.147
     2.803
    -0.062
     0.899
    -0.343
     3.190
     5.009
     5.818
     7.246
     5.658
     7.521
    10.217
    10.573
    11.759
    11.453
     9.139
     7.802
     8.531
     7.866
    10.060
     8.446
     8.529
     7.040
     7.117
     6.881
     3.953
     2.269
     3.262
     4.249
     4.763
     6.108
     4.188
     3.728
     4.017
     5.328
     4.732
     6.091
     6.443
     4.213
     4.179
     5.721
     7.982
     7.642
     6.616
     9.355
     9.686
     8.556
     6.356
     5.617
     5.495
     5.695
     5.030
     4.834
     2.281
     0.279
     2.710
    -0.112
    -0.655
    -2.119
    -4.148
    -4.795
    -5.346
    -5.855
    -5.031
    -6.999
    -7.861
    -9.540
    -9.730
    -9.783
   -10.701
    -9.575
    -9.621
    -6.889
    -9.852
   -11.026
    -9.682
    -9.474
    -9.336
    -8.572
    -8.928
    -4.863
    -6.867
    -4.406
    -4.031
    -3.401
    -3.227
    -4.409
    -5.314
    -4.064
    -1.590
    -5.896
    -5.419
    -6.524
    -8.931
    -9.756
   -10.679
    -9.285
   -10.250
    -8.930
    -6.825
    -6.731
    -7.838
    -5.622
    -7.671
    -4.352
    -4.344
    -2.957
    -2.621
     0.616
    -0.404
    -0.319
     1.787
     2.699
     3.405
     6.020
     3.070
     3.739
     2.837
     2.315
     3.538
     0.508
     1.637
     3.101
     3.848
     6.148
     5.984
     5.984
     6.371
     6.675
     5.736
     4.927
     2.912
     2.984
     4.822
     3.313
     3.945
     3.858
     3.558
    -0.409
     0.075
    -1.420
     0.059
    -1.261
    -2.764
    -3.419
    -2.810
    -0.234
     2.593
     1.163
     1.198
     0.881
     0.614
     1.768
     1.474
     0.466
     0.130
     1.557
     2.854
     1.217
     0.914
     2.969
     1.494
     2.851
     3.621
     5.394
     3.398
     2.914
     8.612
     8.117
     4.999
     5.702
     6.641
     8.303
     7.387
     6.241
     7.612
     8.831
     9.244
     8.205
     6.118
     6.831
     9.428
     8.387
     7.043
     7.013
     7.234
     6.241
     4.966
     4.770
     4.983
     5.527
     4.751
     4.584
     4.077
     5.340
     4.877
     3.564
     2.053
     2.967
     4.221
     3.248
     0.466
     0.018
     0.828
    -3.626
    -2.543
    -3.696
    -1.239
    -1.219
    -1.961
    -1.978
    -0.808
    -3.875
    -3.642
    -4.456
    -3.205
    -6.154
    -5.772
    -5.198
    -5.349
    -4.910
    -5.161
    -3.709
    -4.627
    -6.654
    -7.706
    -7.600
    -6.553
    -6.063
    -5.807
    -5.866
   -10.317
   -10.361
   -10.980
   -10.925
   -11.074
   -12.786
   -11.666
   -12.369
   -11.333
   -11.556
   -11.655
   -11.260
   -12.096
   -11.619
    -9.504
    -7.778
    -5.713
    -6.917
    -8.205
    -7.931
    -9.356
    -8.953
   -12.760
   -15.584
   -15.740
   -17.129
   -17.911
   -17.960
   -17.740
   -18.576
   -16.833
   -15.401
   -15.449
   -13.246
    -9.741
    -6.502
    -2.144
     0.001
     1.034
     3.387
     6.727
     7.345
     9.335
    11.927
    11.897
    13.337
    15.883
    19.877
    20.755
    22.393
    21.290
    21.350
    19.676
    19.924
    20.058
    19.653
    18.793
    17.826
    16.419
    14.385
    13.642
    16.868
    15.898
    16.439
    12.718
    11.184
    12.289
    13.818
    14.877
    15.360
    13.961
    14.104
    12.255
    10.873
     9.898
     6.623
     4.868
     3.623
     2.540
     1.743
     0.488
     0.619
    -2.944
     0.182
    -1.092
    -0.919
    -1.555
    -3.551
    -2.465
    -3.905
     0.206
     0.430
     4.946
     3.231
     0.112
     1.078
    -0.026
     0.648
    -1.262
    -2.348
    -0.262
     1.366
     0.855
    -1.699
    -0.954
     1.265
     0.729
    -1.147
     0.532
    -1.939
     0.698
    -3.355
    -5.110
    -5.312
    -7.251
    -7.911
    -6.977
    -7.724
    -6.544
    -8.220
    -6.601
    -5.340
    -4.902
    -4.682
    -4.980
    -5.260
    -5.534
    -5.727
    -6.804
   -11.459
   -12.297
    -9.945
    -9.586
    -8.981
    -6.750
    -4.266
    -4.579
    -6.043
    -4.976
    -8.639
    -6.368
    -7.744
   -12.290
   -14.755
   -14.589
   -14.066
   -14.742
   -10.582
   -10.500
    -8.950
    -9.888
    -7.117
    -5.241
    -5.879
    -7.673
   -12.977
   -12.861
   -11.486
   -11.795
   -12.748
   -17.108
   -16.859
   -18.558
   -18.826
   -16.674
   -18.439
   -19.811
   -16.864
   -17.458
   -13.984
    -6.935
    48.734
    44.887
    30.698
    31.072
    31.483
    30.563
    29.820
    26.975
    33.749
    32.409
    28.643
    26.661
    24.621
    19.820
    19.141
    15.557
    17.879
    21.021
    15.971
    10.240
     2.822
     0.920
     6.246
    10.368
    12.993
     9.437
     2.211
    -1.557
     0.091
    -3.783
    -6.704
   -11.188
   -15.688
   -14.726
   -13.615
   -16.441
   -19.830
   -21.011
   -23.363
   -17.897
   -20.402
   -14.215
    -9.799
    -5.931
    -6.509
    -5.676
    -8.216
    -7.123
    -3.112
    -0.679
    -5.710
    -6.906
    -6.694
    -6.221
    -1.368
     4.664
     9.574
    14.461
    14.167
    13.679
     9.087
     8.253
    10.557
     9.116
     7.503
     5.992
     7.827
    13.866
     8.841
     6.724
     5.089
     2.868
    -0.545
     0.509
    -0.175
     3.037
    -0.332
     6.440
     9.919
     9.599
     8.014
    10.865
    13.913
    10.645
     9.906
     9.174
    11.017
     8.034
     5.006
     8.585
     8.600
     8.626
     7.852
     8.736
    10.021
     6.978
     4.740
     2.736
     1.981
    -0.217
     6.667
     3.989
    -0.638
    -5.183
    -8.494
   -13.730
   -18.701
   -20.168
   -23.834
   -24.340
   -27.817
   -28.690
   -29.710
   -32.057
   -33.595
   -36.306
   -41.369
   -39.457
   -36.622
   -36.739
   -38.698
   -36.449
   -29.051
   -16.944
   -21.076
   -22.028
   -14.591
    -7.044
    -2.557
     6.586
     8.279
     4.903
    14.998
    26.731
    42.150
    36.745
    22.084
    18.591
    22.602
    26.209
    23.101
    16.076
    16.659
    18.267
    17.262
    16.662
    16.718
    13.484
    14.872
    12.756
    11.543
    12.204
    14.413
    10.088
    12.051
     9.581
     8.697
     1.047
    -2.096
     1.706
     3.257
     4.273
     6.877
     3.589
     9.961
     9.505
    11.705
    19.812
    22.013
    -4.232
   -10.236
     6.225
     3.014
     1.375
     2.683
    -0.106
     4.303
    -0.921
    -4.157
     0.072
    -3.837
   -27.250
   -23.397
    -9.756
   -13.783
   -17.462
   -14.092
   -11.543
   -13.044
   -13.971
   -10.923
   -12.365
   -12.294
    -7.012
    -9.322
    -8.780
    -8.983
    -6.257
    -9.211
     2.197
     0.498
    -4.275
     1.073
     1.077
    -2.060
    -3.984
    -0.203
     4.358
     3.944
    -0.501
     0.589
     1.074
    -0.804
     2.163
    -1.930
    -1.886
    -0.547
    -1.228
    -1.015
    -0.900
    -4.087
    -5.075
    -2.113
    -5.574
    -3.468
    -0.663
    -2.476
     0.409
    -2.621
    -1.362
     1.984
     2.099
     2.290
     4.114
     1.519
     0.301
     5.868
     3.369
     3.739
     2.510
     2.688
     6.001
     5.826
     5.732
     5.035
     4.194
    10.214
     9.145
     7.143
     4.066
     2.275
     1.855
     6.487
     4.872
     3.442
     6.600
    11.717
    13.633
    11.453
     4.730
     5.825
     7.666
     6.137
     4.410
     5.529
     8.163
    16.621
    13.968
     6.764
     2.556
    -3.083
     4.786
     9.903
     2.785
    -5.491
    -6.113
    -3.800
    -5.050
    -7.210
    -4.957
    -3.480
    -0.504
     1.550
     3.511
     1.195
     0.191
    -0.207
     3.606
     2.588
    -0.453
    -1.069
    -2.501
    -3.256
    -8.077
    -7.084
    -7.679
   -11.456
   -11.700
    -8.256
   -11.068
   -13.114
   -10.062
    -4.023
    -6.079
   -12.032
   -16.933
   -12.437
    -8.745
   -10.719
    -5.454
    -8.676
    -4.036
   -13.447
   -12.156
   -12.120
    -8.860
    -8.459
    -8.463
    -3.132
    -6.652
     1.313
    -2.574
     2.783
     3.985
     6.082
     5.252
     4.282
     4.329
     2.636
     5.630
     4.721
     1.392
     0.553
    -6.381
    -2.477
    -1.152
     3.031
     5.738
     4.119
    -2.115
    -6.173
     3.115
     6.267
     6.070
     4.456
     3.934
     2.503
    11.834
    10.490
     7.376
     7.739
     4.738
     5.845
     3.079
    -0.396
    -1.235
     1.730
     0.993
     1.522
    -5.720
    -4.443
     0.086
     3.940
     4.181
     0.153
    -1.950
     7.749
    15.829
     0.924
     2.131
     1.663
     2.062
     0.945
     1.994
    -0.231
    -0.776
    -0.610
    -0.566
     2.704
    -1.172
     1.276
    -0.230
    -0.541
     0.135
     2.651
     4.085
    -0.240
    -2.467
    -3.423
     1.609
    -1.304
    -1.725
    -4.914
    -6.388
    -7.087
    -0.395
    -1.421
    -1.901
    -0.491
     1.126
    -1.952
    -2.789
    -2.652
    -0.461
     1.576
    -1.289
     5.080
     2.205
    -1.598
     0.879
    -0.658
     6.091
     6.703
     4.872
     5.008
     5.292
     3.321
     3.584
     4.801
     6.151
     2.305
     3.998
     7.136
     4.470
     4.991
     2.514
     1.669
     1.481
     2.653
     2.113
     1.055
     2.694
     4.360
     2.778
    -0.240
    -1.691
     4.292
     3.677
     1.070
     0.099
    -2.019
     0.428
     1.668
    -1.345
    -2.640
    -3.447
    -2.628
    -6.349
     4.968
     0.524
    -0.887
    -1.905
    -4.220
    -3.208
    -2.044
    -1.028
    -2.452
    -3.326
    -3.665
    -5.092
    -6.111
    -4.314
    -5.463
    -5.962
    -6.090
    -5.596
    -4.389
    -0.108
    -2.482
    -1.121
    -4.632
    -3.290
    -2.296
    -3.891
    -3.879
    -3.756
    -1.861
    -4.099
    -1.321
    -0.040
    -2.695
     0.334
     0.145
    -1.468
    -1.197
    -2.126
    -1.841
    -1.052
    -2.471
    -2.043
    -2.855
    -3.989
    -3.990
    -1.264
    -0.497
     1.228
     2.357
    -0.368
     1.086
     0.011
     2.532
     1.285
    -0.504
    -0.410
    -0.391
    -0.988
    -3.528
    -2.504
    -1.064
    -3.027
    -3.187
    -3.178
    -4.322
    -3.084
    -6.318
    -4.837
    -5.816
    -6.164
    -4.639
    -4.941
    -5.235
    -5.231
    -4.842
    -2.847
    -4.219
    -4.433
    -4.907
    -1.828
    -3.032
    -2.229
    -2.347
    -4.804
    -1.968
    -2.997
    -0.969
     3.089
     1.277
     2.369
     1.834
     4.026
     5.043
     7.121
     7.150
     7.598
     9.150
    10.342
    10.206
     9.986
    12.051
    13.062
    12.309
    11.777
    10.272
     9.686
    10.515
     5.144
     1.778
     2.362
     4.385
     2.285
     0.763
     1.659
    -0.093
     2.554
     2.444
     5.923
     5.558
     8.231
     7.171
    11.530
    11.125
     9.569
     9.025
     9.214
     6.415
     6.943
     7.747
     7.027
     7.039
    12.142
    16.432
    17.133
    12.730
    13.631
    11.090
     2.056
     0.964
    -2.880
    -8.047
    -8.828
    -7.454
   -11.357
   -11.807
   -10.978
   -10.840
   -10.450
   -11.360
   -11.089
    -9.097
    -7.981
    -6.767
    -5.818
    -4.844
    -4.383
    -2.146
     0.790
     4.208
     7.935
     8.760
     4.313
     4.739
     6.943
     5.405
     5.289
     3.940
     4.584
     0.468
    -1.819
     0.853
    -2.466
    -3.227
    -2.667
    -5.685
    -2.583
    -6.497
    -7.173
    -6.496
    -7.096
    -8.004
    -7.000
    -7.610
    -6.404
    -3.928
    -3.156
    -6.388
    -8.310
    -9.014
    -8.995
    -9.394
   -11.988
   -15.117
   -17.948
   -17.932
   -21.003
   -19.837
   -20.080
   -18.314
   -19.252
   -19.207
   -20.377
   -19.524
   -18.706
   -20.368
   -19.462
   -17.674
   -16.593
   -16.826
   -15.093
   -15.736
   -16.668
   -13.921
   -14.239
   -11.073
    -9.692
    -5.935
    -3.139
    -0.879
     0.588
     3.426
     5.062
     5.542
     5.836
     3.205
     5.488
     4.643
     9.096
    15.729
    16.860
    18.492
    17.742
    20.030
    25.993
    30.273
    29.224
    28.794
    32.601
    32.220
    30.449
    29.710
    26.029
    21.691
    18.320
    15.119
    13.283
    12.557
     9.897
    10.031
     9.513
    14.058
    14.138
    16.958
    17.013
    12.706
     9.777
     9.934
     7.786
     8.160
     7.704
    10.601
     9.755
    13.458
    13.164
    12.517
    10.524
     9.772
    10.791
     5.939
     6.533
     5.201
     7.519
     7.807
     7.831
     4.927
     3.587
     2.874
     1.964
     1.439
     1.986
     1.773
    -0.981
    -1.206
    -0.706
    -0.228
     0.187
    -5.873
    -9.196
   -11.159
   -13.086
   -15.357
   -18.355
   -20.929
   -20.908
   -19.712
   -20.228
   -23.316
   -22.979
   -23.738
   -25.246
   -22.822
   -20.097
   -20.499
   -20.959
   -21.121
   -17.735
   -13.531
    -9.956
   -12.251
   -13.114
   -11.454
   -13.251
   -11.338
   -10.957
   -11.641
   -14.029
   -14.947
   -19.043
   -13.992
   -12.339
    -7.908
    -9.107
    -3.147
    -0.212
     1.140
    -0.031
    -1.964
    -5.548
    -6.202
    -3.859
     0.827
     3.693
     8.395
     9.622
     8.855
    10.971
    11.785
     7.645
     4.858
     8.977
    11.840
     9.368
    10.241
    12.161
     9.202
    11.446
    18.047
    13.878
     7.559
     5.197
     5.926
     8.750
     7.016
     4.405
     5.502
     5.730
     8.134
     6.533
     3.700
    -3.720
    -3.847
    -8.452
   -13.218
    -9.743
   -10.012
   -10.289
    -7.418
    -4.780
    -7.441
    -3.852
    -6.188
    -5.739
    -4.942
    -8.499
    -6.956
    -3.322
    -7.821
    -3.994
    -4.241
    -2.225
     3.990
    -0.163
    -2.094
     1.432
    -2.490
    -0.713
    -1.523
    -1.901
     1.381
     5.758
     7.458
     8.405
    14.383
    15.049
    18.344
    21.621
    22.564
    22.294
    19.734
    21.811
    18.265
    10.172
     8.795
     7.989
     5.582
     5.722
     3.249
     4.658
     4.892
     8.704
     6.919
     3.912
     2.916
     3.456
     1.680
     1.027
     5.252
     6.335
     8.287
     8.657
     6.734
     5.913
     4.980
     2.574
     2.721
    -3.190
    -4.847
    -9.532
   -14.304
    -2.613
     3.222
     2.497
     3.124
     1.468
    -3.457
    -2.254
    -4.903
    -5.529
    -8.610
    -6.191
    -3.473
     1.017
     6.148
    10.926
     7.461
     4.910
    -5.777
   -12.971
   -14.845
   -17.438
   -16.311
   -11.626
    -1.573
     0.315
     3.129
     0.364
    -2.427
    -5.945
    -5.758
    -8.642
    -9.692
   -10.447
   -13.406
   -11.263
    -8.798
    -8.928
    -7.933
    -8.689
    -8.612
    -8.541
   -10.466
    -8.367
    -6.837
    -6.678
    -6.769
    -7.057
    -6.938
    -9.140
    -8.534
    -8.480
   -10.359
   -10.576
    -9.695
    -5.948
     1.555
     2.094
     5.140
    10.932
     9.396
     7.130
     6.043
     3.831
     3.258
     2.691
     1.155
     0.263
     0.147
     0.126
     0.666
     1.037
    -0.220
     1.001
     0.779
     0.485
    -0.121
     0.727
     0.842
     0.688
     0.709
     0.618
    -2.096
    -2.695
    -0.140
    -0.261
    -1.417
    -1.207
    -2.232
    -0.094
     0.343
     1.901
    -0.533
    -1.470
    -3.708
     2.119
     1.952
     1.056
    -1.063
     0.302
     0.979
     1.954
     1.302
     2.745
     4.952
     6.144
     5.525
     4.874
     5.287
     5.317
     4.303
     6.741
     6.500
     7.735
     6.426
     7.106
     6.973
     7.190
     4.742
     3.252
     2.329
     3.369
     2.574
     2.682
     1.971
     2.511
     2.310
     2.733
     2.528
     2.687
     4.759
     5.066
     6.092
     6.628
     8.598
     9.806
    10.359
    11.225
     9.486
    10.837
     6.965
     6.157
     5.575
     5.280
     5.898
     4.628
     3.886
     6.356
     7.477
     4.635
     4.094
     3.700
     2.844
    -0.336
    -2.887
    -4.809
    -6.261
    -8.578
    -6.143
    -7.187
    -7.828
    -7.262
    -5.464
    -5.624
    -6.384
    -8.997
    -7.630
    -8.883
    -8.638
    -6.410
    -5.425
    -7.054
    -7.051
    -3.866
    -4.778
    -3.000
    -2.431
    -2.467
    -2.373
    -1.522
    -1.760
    -3.218
    -2.985
    -4.334
    -5.288
    -3.273
    -2.910
    -2.556
    -2.854
    -2.688
    -3.151
    -1.728
    -1.337
    -2.039
    -2.708
    -3.531
    -2.399
    -4.376
    -3.289
    -2.610
    -3.091
    -3.590
    -3.809
    -4.930
    -2.520
    -2.743
    -2.968
    -3.271
    -2.985
    -3.266
    -3.385
    -3.875
    -3.572
    -3.785
    -4.964
    -1.891
    -2.141
    -2.139
    -2.263
    -1.094
    -1.003
    -0.120
    -0.322
     2.448
     1.254
     1.078
     1.284
     1.389
     0.084
     1.962
     3.218
     3.408
     1.080
     2.213
     3.078
     1.878
     4.244
     2.742
     2.041
     2.110
     3.239
     3.314
     3.127
     0.682
     1.158
     1.000
     0.119
     1.250
     1.747
     1.274
     2.107
     0.917
     0.456
     0.827
     1.189
     2.263
     2.260
     2.220
     1.397
     3.300
     0.935
     2.268
     1.164
     0.237
     0.395
     0.563
    -0.647
    -0.430
    -0.716
     0.382
     1.564
     1.630
     3.065
     3.617
     3.845
     3.470
     4.899
     5.789
     4.098
     3.159
     4.200
     1.797
     1.708
     0.867
     2.727
     0.435
     0.756
     0.547
     0.568
    -0.922
    -0.082
    -2.271
     1.051
     1.473
     0.651
    -0.490
    -0.187
    -0.037
     2.722
     0.515
    -1.393
     0.517
     0.614
     1.299
     0.548
     1.309
     1.441
     1.811
     2.815
     1.485
     1.878
     0.341
     3.534
     4.455
     3.210
     2.460
     1.743
     2.110
     2.055
     2.070
     2.139
     1.020
     1.932
     1.184
     1.277
     1.977
     0.890
     1.009
     1.053
     0.893
    -3.583
    -2.451
    -1.237
    -1.140
    -1.902
    -2.545
    -2.248
    -2.474
    -1.411
    -1.509
    -1.341
    -1.636
    -0.651
    -0.701
    -1.878
    -0.983
    -3.422
    -2.386
    -1.400
    -0.442
    -1.569
    -1.693
    -2.864
    -2.800
    -2.053
    -3.955
    -1.906
    -2.001
    -2.405
    -2.451
    -2.553
    -5.882
    -5.131
    -6.209
    -2.223
    -3.630
    -3.974
    -2.473
    -1.444
    -2.821
    -1.799
     1.498
    -0.738
    -0.732
    -1.200
    -1.555
    -1.771
    -2.714
    -3.033
    -3.893
    -5.304
    -5.984
    -4.378
    -5.670
    -3.423
    -4.991
    -4.879
    -5.060
    -5.122
    -5.280
    -4.372
    -5.818
    -4.778
    -7.089
    -4.756
    -5.197
    -6.477
    -5.219
    -4.029
    -5.574
    -4.866
    -4.755
    -4.046
    -2.703
    -1.546
     2.317
     4.146
     5.254
     4.407
     8.511
    13.487
    11.699
    11.470
    11.101
    12.111
     9.535
     6.063
     7.348
     4.945
     4.651
     2.880
     2.742
     2.725
     2.642
     2.804
     3.732
     5.721
     6.519
     4.674
     5.618
     6.576
     6.232
     2.833
     2.705
     3.971
     5.104
     4.403
     2.511
     1.572
     2.390
     1.038
     2.035
     1.568
     4.864
     3.312
     0.962
     1.075
     0.254
     0.194
     2.470
     3.826
     3.495
     2.291
     3.109
     0.690
     2.888
     2.121
     3.120
     2.847
     3.609
     1.506
     0.693
     1.804
     1.449
     0.444
    -1.725
    -3.366
    -1.300
    -0.140
     1.771
     1.407
    -0.584
    -4.447
    -4.715
    -5.617
    -3.274
    -2.406
    -1.191
    -1.093
    -4.610
    -3.042
    -3.932
    -4.161
    -5.423
    -3.965
    -5.190
    -2.477
    -2.803
    -4.308
    -3.216
    -3.316
    -3.744
    -5.602
    -4.261
    -4.071
    -1.899
    -0.786
    -1.790
    -0.532
     1.664
     1.683
     0.502
    -0.229
    -0.340
    -0.397
    -1.369
    -1.033
    -0.857
     0.567
     0.238
    -0.624
    -0.364
     0.457
    -0.644
    -2.554
    -2.078
    -2.000
    -1.994
    -3.050
    -0.849
    -3.116
    -2.331
    -2.400
    -0.933
    -1.981
     0.233
    -0.028
     0.149
     1.688
     1.691
     0.564
    -1.401
    -2.463
    -3.751
    -2.597
    -3.577
    -2.173
    -3.895
    -4.401
    -3.306
    -3.377
    -1.903
    -0.775
    -0.721
     0.536
    -0.788
    -1.456
    -1.357
    -1.491
    -0.611
    -1.442
    -1.902
    -2.420
    -1.452
     0.943
     0.916
     3.142
     3.386
     3.142
     2.841
     1.148
     2.394
     1.601
     3.710
     1.555
     1.793
     1.794
     1.672
     1.681
     1.743
     1.773
     1.385
     2.159
     1.733
     2.682
     1.589
     1.500
     3.960
     4.118
     3.078
     0.819
     1.772
     2.871
     2.564
     1.179
     2.427
     2.551
     1.964
     1.509
     1.915
     0.675
     0.301
     1.888
     1.582
     1.682
     1.716
     1.461
     0.306
    -0.841
     0.229
    -0.897
     1.017
     0.215
    -0.012
     0.110
     3.633
     2.290
     2.064
     2.099
     1.148
     0.762
     2.747
     0.993
     0.577
     0.305
     0.377
     1.360
     0.200
    -0.152
     1.947
     2.982
     3.496
     2.566
     1.251
     0.261
     0.034
     1.363
     1.730
     1.936
     2.103
     0.852
    -0.620
    -0.493
    -0.761
     1.497
    -1.084
    -0.334
     1.645
    -0.412
    -0.426
    -0.735
    -1.569
    -1.822
    -1.876
    -2.147
     1.389
    -1.386
    -0.389
    -1.503
    -1.658
    -0.567
    -1.909
    -1.968
    -0.217
    -0.160
    -2.588
    -3.793
    -5.196
    -3.172
    -3.366
    -2.121
    -2.641
    -2.563
    -3.035
    -3.102
    -2.002
    -3.664
    -2.752
    -1.709
    -3.860
    -2.905
    -3.084
    -2.220
    -2.275
    -2.568
    -3.571
    -4.477
    -3.936
    -3.705
    -2.603
    -1.969
    -3.199
    -2.045
     0.283
    -2.081
    -3.236
    -2.378
    -3.531
    -2.445
    -1.590
    -3.846
    -2.315
    -2.454
    -0.407
    -2.298
    -1.304
    -0.848
    -1.964
    -1.700
    -0.837
    -2.253
    -1.076
     0.002
    -1.096
    -0.256
     0.065
     0.791
     2.740
     2.211
     2.936
     2.948
     3.045
     1.087
     1.633
     2.978
     3.044
     4.145
     3.880
     6.288
     2.915
     3.701
     2.663
     5.359
     4.702
     4.650
     3.870
     5.839
     4.846
     7.249
     8.274
     6.469
     6.979
     5.003
     7.310
     7.422
     5.995
     3.551
     3.674
     3.415
     5.281
     2.992
     2.817
     2.050
     1.999
     2.338
     2.397
     2.409
     2.003
     1.897
     4.179
     3.649
     3.416
     3.501
     5.067
     1.842
     0.114
    -1.579
    -0.198
    -1.429
    -2.341
    -4.887
    -1.874
    -2.773
    -6.235
    -5.379
    -6.431
    -7.894
    -7.323
    -9.769
    -5.750
    -4.599
    -7.429
    -5.222
    -4.235
    -1.846
    -3.911
    -1.502
    -1.706
    -0.887
     0.500
     0.880
     0.101
    -0.469
     0.446
    -0.883
    -2.156
    -5.035
    -4.365
    -5.001
    -6.457
    -4.640
    -4.870
    -7.991
    -8.624
    -5.584
    -5.629
    -6.545
    -7.775
    -5.874
    -5.499
    -7.946
    -4.914
    -8.022
    -9.553
    -6.574
    -9.856
   -10.014
   -10.531
    -8.375
    -5.265
    -4.534
    -4.375
    -2.196
    -1.308
    -0.748
     0.806
     2.898
     0.576
     4.338
     4.280
     4.823
     8.209
     8.697
     8.476
    11.098
     9.850
    10.347
    10.571
    11.114
    16.457
    14.279
    13.094
     8.165
     7.092
    11.437
     8.938
     7.788
     5.604
    12.599
    15.506
    16.355
    14.218
    15.602
    11.741
    10.144
     7.073
     7.246
     5.591
     9.047
     4.882
     1.108
     1.691
     1.358
     0.262
     0.391
    -0.356
    -0.215
    -0.853
    -0.143
    -0.995
    -0.414
    -0.342
    -0.275
    -1.068
     0.183
    -0.916
    -0.742
    -2.527
    -4.094
    -3.185
    -3.463
    -5.453
    -5.210
    -5.819
    -5.035
    -6.793
    -4.715
    -5.972
    -5.262
    -7.260
    -8.438
    -7.952
    -8.660
    -7.722
    -6.330
    -7.198
    -7.140
    -7.830
    -7.114
    -6.482
    -7.143
    -7.110
    -7.525
    -7.530
    -7.683
    -7.637
    -7.561
    -7.378
    -7.012
    -6.979
    -6.437
    -6.422
    -5.942
    -5.675
    -5.596
    -5.232
    -4.959
    -4.943
    -4.529
    -4.453
    -4.434
    -3.958
    -3.880
    -3.160
    -2.976
    -2.777
    -2.215
    -2.076
    -1.780
    -1.410
    -1.064
    -0.728
    -0.344
    -0.075
     0.330
     0.655
     1.035
     1.328
     1.710
     2.002
     2.380
     2.662
     3.030
     3.311
