     4.333
     4.277
     4.230
     4.151
     4.084
     3.985
     3.899
     3.807
     3.700
     3.570
     3.477
     3.327
     3.154
     2.957
     2.774
     2.538
     2.292
     2.049
     1.728
     1.458
     1.178
     0.738
     0.471
     0.287
     0.204
    -0.165
    -0.343
    -0.524
    -1.051
    -1.297
    -1.517
    -1.881
    -2.376
    -2.892
    -3.414
    -3.877
    -4.407
    -4.697
    -4.936
    -5.198
    -5.411
    -5.176
    -5.874
    -6.413
    -6.749
    -7.015
    -7.609
    -7.434
    -7.798
    -8.585
    -8.809
    -9.561
    -9.516
    -9.768
    -9.909
   -11.039
   -11.368
   -11.439
   -12.061
   -12.601
   -12.053
   -11.782
   -12.357
   -11.844
   -10.933
   -10.117
    -9.641
    -8.496
    -6.227
    -4.564
    -1.975
    -1.044
     0.002
     1.901
     2.646
     3.267
     3.191
     4.152
     5.787
     5.049
     5.159
     6.150
     6.099
     7.317
     7.916
     8.101
    10.005
     8.912
     8.665
     8.665
     9.016
     9.237
     9.464
    10.437
     9.863
     9.763
     8.048
     7.517
     7.712
     7.524
     6.239
     6.404
     4.728
     4.424
     3.064
     2.849
     2.377
     2.532
     1.673
     2.128
     2.153
     2.482
     2.276
     2.137
     2.277
     1.252
     1.214
     0.161
     0.256
    -0.593
     0.031
    -0.355
    -0.623
    -1.120
    -1.442
    -1.554
    -1.208
    -1.038
    -1.523
    -1.676
    -1.073
    -1.987
    -1.789
    -2.928
    -2.645
    -3.386
    -2.975
    -2.250
    -3.573
    -3.776
    -3.958
    -4.290
    -4.448
    -3.199
    -3.093
    -2.509
    -3.323
    -3.341
    -2.959
    -3.787
    -2.742
    -3.154
    -2.838
    -2.321
    -1.267
    -2.081
    -1.688
    -1.187
    -1.254
    -1.753
    -3.303
    -1.905
    -0.774
    -0.693
     0.533
     2.732
     3.250
     2.623
     4.098
     3.520
     2.955
     3.992
     4.065
     2.683
     3.864
     3.293
     2.546
     3.675
     3.592
     2.970
     4.042
     4.292
     2.742
     2.208
     2.389
     3.554
     2.375
     1.850
     1.718
     2.958
     2.648
     0.639
     0.109
    -1.550
    -1.857
    -1.579
    -0.109
     0.570
     0.336
    -0.008
     1.982
    -0.199
    -0.681
    -2.910
    -4.827
    -5.847
    -3.497
    -1.016
    -1.559
    -1.701
    -1.947
    -1.914
    -3.415
    -6.407
    -6.115
    -5.947
    -5.827
    -6.286
    -7.543
    -6.754
    -6.791
    -4.638
    -4.526
    -5.589
    -4.492
    -3.525
    -3.343
    -1.810
    -1.243
     0.704
     2.267
     2.431
     4.482
     6.693
     7.133
     7.364
     9.475
     8.929
     9.154
     8.181
     7.719
     6.847
     6.710
     5.765
     3.569
     2.692
     3.397
     1.291
     2.649
     2.629
     3.077
     0.633
     4.272
     1.465
    -3.735
    -0.954
    -0.621
    -1.007
    -0.746
    -2.022
    -2.835
    -2.728
    -3.023
    -3.823
    -2.792
    -2.675
    -3.310
    -3.114
    -2.211
    -2.570
    -2.476
    -1.914
    -1.774
    -0.819
    -1.862
    -1.767
    -2.615
    -3.037
    -2.660
    -2.700
    -2.474
    -2.676
    -3.628
    -4.316
    -4.451
    -4.351
    -4.623
    -3.771
    -3.366
    -3.660
    -2.390
    -2.604
    -2.263
    -3.165
    -3.625
    -2.999
    -2.922
    -2.284
    -3.118
    -3.978
    -1.911
    -1.871
    -1.727
    -1.113
    -0.045
     1.153
     0.634
     0.703
     0.399
     0.823
    -0.270
     1.418
     1.261
     2.999
     1.776
     4.203
     4.268
     4.830
     4.491
     4.292
     6.170
     6.136
     4.664
     6.371
     5.054
     5.316
     6.660
     6.513
     6.996
     5.276
     4.933
     4.445
     4.729
     4.624
     3.680
     2.314
     2.541
     3.202
     3.182
     3.086
     3.893
     3.765
     4.371
     4.345
     3.413
     2.935
     3.259
     1.311
     0.572
     1.957
     0.129
    -0.162
    -0.031
     0.300
     0.394
    -0.460
     0.040
    -0.582
    -1.650
    -3.026
    -2.898
    -3.070
    -2.429
    -2.634
    -3.037
    -4.483
    -4.148
    -3.247
    -2.275
    -0.930
    -1.760
    -0.996
    -0.951
     0.005
     0.002
     0.080
     0.862
     0.086
     1.598
     0.271
    -0.234
    -0.104
    -0.243
    -0.294
    -0.316
    -1.229
    -0.689
    -1.083
    -0.441
    -1.876
    -2.294
    -1.678
    -2.010
    -2.990
    -3.033
    -2.683
    -2.979
    -2.896
    -2.499
    -2.602
    -3.061
    -2.422
    -2.959
    -4.102
    -3.954
    -4.226
    -3.052
    -4.893
    -5.175
    -5.081
    -7.279
    -7.203
    -6.377
    -4.869
    -5.144
    -4.419
    -4.134
    -4.472
    -3.694
    -2.724
    -3.146
    -3.456
    -2.183
    -1.932
     0.609
     2.549
     4.905
     5.183
     3.532
     2.007
     2.571
     2.426
     2.783
     3.782
     4.313
     3.941
     3.132
     2.104
     2.523
     2.848
     2.952
     1.521
     1.016
     0.969
     1.174
     0.161
     1.901
     1.564
     1.861
     1.081
     1.368
     0.526
     0.178
    -0.117
     0.060
     0.918
    -0.324
     0.554
     0.787
    -0.218
    -0.733
     0.430
     2.286
     2.167
     2.159
     2.960
     2.640
     2.472
     0.980
     0.415
    -0.486
    -0.891
     0.311
     0.746
     0.863
     0.665
     0.730
     0.988
     1.256
     0.275
     0.438
     1.617
     0.572
     0.429
     2.118
     0.779
    -0.233
     1.084
     1.844
     0.390
     0.907
     1.141
     2.103
     1.893
     0.994
     0.588
     1.099
     2.783
     2.182
     2.865
     0.905
     0.682
     0.904
     0.256
     0.151
    -0.562
    -0.304
    -1.355
    -1.578
    -1.470
    -1.440
    -1.921
    -1.406
    -2.553
    -0.058
     0.442
     0.929
     0.948
     2.489
     3.518
     2.242
     3.603
     2.914
     2.860
     2.817
     3.273
     3.652
     2.102
     2.185
     2.158
     2.322
     4.414
     3.832
     4.073
     2.145
     2.057
     0.609
     2.185
     2.375
     2.397
     1.658
     1.703
     0.715
    -0.374
    -1.078
     1.041
     0.564
     0.027
     0.378
     0.215
     0.130
     1.481
     1.808
     2.146
     0.193
    -1.349
    -0.384
    -0.009
    -1.190
    -2.191
    -2.781
    -4.177
    -5.237
    -5.308
    -5.958
    -5.600
    -6.846
    -8.004
    -8.207
    -8.570
    -7.990
    -6.642
    -7.105
    -6.747
    -6.500
    -6.885
    -7.068
    -7.573
    -7.819
    -8.267
    -6.546
    -6.902
    -5.851
    -5.000
    -4.136
    -3.693
    -3.009
    -4.193
    -2.928
    -2.652
    -1.778
    -2.537
    -1.968
    -1.846
    -2.394
    -1.892
    -1.718
    -0.698
    -1.041
    -2.754
    -3.020
    -3.159
    -2.622
    -1.695
    -1.774
    -1.626
    -0.910
    -0.745
    -0.255
     0.460
     0.666
     1.182
     1.791
     2.895
     2.725
     3.691
     3.615
     3.961
     3.664
     2.186
     1.594
     1.552
     1.585
     2.889
     3.030
     4.451
     3.547
     4.711
     4.786
     5.577
     5.673
     5.945
     5.938
     6.170
     4.736
     5.244
     5.131
     5.009
     5.119
     4.010
     4.680
     4.622
     4.219
     4.593
     4.591
     5.690
     6.230
     5.098
     5.528
     6.087
     5.572
     5.542
     6.019
     5.851
     6.771
     6.592
     5.089
     4.730
     5.381
     5.760
     5.675
     6.282
     5.583
     5.017
     4.960
     5.067
     6.038
     6.019
     6.776
     6.629
     5.867
     5.621
     4.753
     1.477
    -0.558
    -1.048
    -1.745
    -3.811
    -5.056
    -5.366
    -5.924
    -7.190
    -7.635
    -6.525
    -5.985
    -5.927
    -5.088
    -6.343
    -5.462
    -4.630
    -3.642
    -3.158
    -1.578
    -2.060
    -1.575
    -0.042
    -0.548
    -0.539
    -0.060
    -0.435
    -0.167
     0.257
    -0.423
    -1.209
    -0.536
    -2.165
    -0.990
    -1.320
    -1.226
    -2.284
    -1.951
    -2.819
    -3.425
    -4.594
    -4.561
    -5.262
    -5.948
    -6.832
    -6.688
    -6.150
    -5.998
    -5.678
    -6.034
    -6.261
    -5.475
    -5.103
    -4.688
    -3.600
    -3.642
    -3.230
    -2.659
    -2.880
    -3.661
    -4.652
    -4.861
    -4.856
    -6.436
    -5.465
    -6.182
    -5.993
    -5.774
    -6.832
    -6.409
    -6.892
    -7.060
    -7.261
    -5.265
    -6.152
    -6.503
    -7.554
    -8.199
    -8.350
    -7.517
    -6.267
    -5.005
    -3.342
    -1.810
    -3.709
    -2.377
    -1.936
    -1.583
    -0.735
    -1.465
    -1.079
    -0.563
    -0.581
     0.954
     0.292
     0.221
     1.388
     0.773
     1.109
     0.728
     1.592
     1.781
     3.232
     5.377
     5.983
     7.332
     7.929
     6.781
     5.704
     5.733
     6.372
     7.867
     8.022
    10.469
    11.065
    10.499
    10.335
    10.115
    12.369
    11.793
    11.227
    11.981
    11.232
    10.509
    11.034
    11.140
    11.640
    10.578
     9.174
     8.792
     9.679
     8.671
     9.331
     9.031
     8.937
     9.499
    10.034
     9.250
     9.404
    10.225
     9.516
     9.302
     9.710
     9.331
     8.342
     9.716
     8.682
     8.524
     9.850
     9.949
    10.234
    10.442
     9.813
     9.591
     9.226
     9.191
     9.105
     9.159
     8.230
     6.796
     8.393
     8.719
     8.476
     5.056
     3.761
     0.934
    -3.935
    -5.105
    -7.219
    -9.840
   -15.190
   -16.003
   -20.442
   -22.208
   -23.982
   -25.206
   -25.700
   -27.601
   -28.716
   -31.163
   -30.580
   -29.578
   -28.604
   -27.659
   -26.672
   -25.522
   -25.559
   -24.350
   -22.456
   -20.438
   -19.188
   -16.771
   -14.696
   -10.692
    -9.431
    -7.058
    -5.891
    -3.455
    -0.876
     1.014
     1.297
     1.960
     4.170
     4.042
     2.615
     3.388
     2.761
     1.811
     2.407
     1.902
     1.150
     0.722
     0.569
     0.612
    -0.329
     0.302
     0.270
     0.717
     0.482
     2.129
     3.078
     3.334
     3.609
     2.797
     2.259
     3.597
     3.499
     3.048
     3.906
     4.011
     3.994
     4.200
     3.917
     4.518
     5.652
     5.704
     6.345
     7.978
     6.986
     5.626
     4.006
     1.526
    -1.841
    -1.309
    -0.757
    -0.192
     2.477
     5.039
     9.027
    13.545
    14.354
    14.179
    14.386
    15.010
    15.733
    14.548
    13.843
    13.042
    12.683
    11.866
     8.458
     6.924
     3.421
     2.437
     2.527
     1.762
     0.069
     0.093
    -0.908
    -2.257
    -2.738
    -3.237
    -2.873
    -2.283
    -3.557
    -2.823
    -1.114
    -1.058
    -0.904
    -0.177
     0.102
    -1.548
    -0.128
    -0.181
     1.093
     0.593
     1.296
     0.512
     0.252
     2.489
     3.976
     2.954
     3.312
     5.809
     5.304
     4.891
     4.861
     5.636
     6.019
     5.222
     4.948
     5.193
     4.998
     5.837
     6.806
     6.305
     5.993
     5.628
     5.548
     4.362
     2.420
     1.991
    -1.288
    -3.774
    -2.966
    -2.516
    -4.570
    -6.373
    -7.736
    -6.884
    -7.156
    -7.524
    -6.451
    -5.931
    -5.404
    -6.230
    -5.159
    -5.698
    -5.725
    -4.130
    -2.917
    -2.698
    -1.644
    -3.107
    -2.486
    -2.359
    -1.479
     0.037
    -1.477
    -0.803
     0.536
     1.769
     1.147
     1.054
     1.032
     0.267
     1.042
    -0.123
     1.635
     1.603
     0.668
    -0.095
     1.481
     0.907
     1.196
     1.362
     0.781
    -1.705
    -3.096
    -4.702
    -7.067
    -7.562
    -7.508
    -6.842
    -8.072
    -9.128
   -11.316
   -10.955
   -10.825
   -10.235
    -9.809
   -11.743
   -10.238
   -12.024
   -14.358
   -15.132
   -16.088
   -17.492
   -17.690
   -18.223
   -15.430
   -15.217
   -17.188
   -17.808
   -19.636
   -21.554
   -22.207
   -25.384
   -27.596
   -30.701
   -31.075
   -29.189
   -27.663
   -29.152
   -28.938
   -28.494
   -37.697
    -1.702
    22.281
    20.192
    15.131
    17.588
    17.957
    17.781
    17.604
    18.282
    18.966
    20.152
    19.489
    18.470
    19.582
    18.977
    20.306
    21.935
    23.151
    25.007
    28.825
    30.738
    26.068
    24.732
    24.995
    30.026
    34.021
    33.853
    34.500
    34.597
    35.610
    37.602
    36.451
    38.446
    36.520
    37.779
    37.227
    34.833
    31.401
    26.607
    27.821
    24.904
    25.604
    24.913
    26.247
    21.793
    22.128
    21.132
    19.424
    17.910
    16.777
    14.505
    13.176
    12.743
     8.849
     3.308
    -4.349
    -9.176
   -13.339
   -22.526
   -25.993
   -26.515
   -31.972
   -33.274
   -33.642
   -34.551
   -35.132
   -35.615
   -31.847
   -28.331
   -30.587
   -29.872
   -29.970
   -31.583
   -32.868
   -35.102
   -32.540
   -30.173
   -30.573
   -29.667
   -27.034
   -26.429
   -26.515
   -26.108
   -23.206
   -22.929
   -24.080
   -23.266
   -21.930
   -25.546
   -24.087
   -21.986
   -22.597
   -21.337
   -21.227
   -23.197
   -24.389
   -25.142
   -23.198
   -24.013
   -23.002
   -19.364
   -16.457
   -13.766
   -11.549
    -7.993
    -4.077
    -4.149
    -2.564
    -1.107
     0.352
     2.394
     3.856
     3.224
     7.374
    12.920
    15.648
    18.231
    20.309
    25.834
    29.118
    32.563
    30.238
    29.927
    37.228
    43.928
    42.802
    41.318
    47.413
    43.839
    36.497
    47.296
    49.780
    34.682
    20.215
    15.594
    30.425
    24.121
     9.082
     0.042
     0.717
    -1.589
    -8.297
   -12.140
    -8.197
   -13.709
   -14.889
    -8.464
    -6.076
    -3.366
    -2.480
    -5.708
   -12.112
    -8.168
     0.517
     1.142
     0.348
     2.834
     4.868
     8.028
     6.279
     4.953
     7.430
     7.387
     9.888
     4.524
     7.541
     5.730
     8.616
     5.139
    -2.486
   -11.585
   -16.577
   -12.936
     2.128
     1.558
    -6.113
    -9.508
    -8.206
    -6.803
    -3.495
     1.430
    -3.021
   -14.829
   -21.804
   -24.250
   -32.698
   -32.146
   -27.091
   -20.056
   -14.257
   -11.079
    -5.654
    -6.004
   -11.824
   -16.374
   -18.429
   -16.395
    -8.647
    -2.210
     0.425
     0.509
     3.876
     2.804
     8.243
     9.932
     9.808
     9.076
    16.178
    21.904
    26.785
    26.082
    23.007
    20.082
    17.663
    17.821
    19.359
    14.392
    11.524
    11.805
     8.132
     5.323
     1.227
     0.867
     0.194
     3.996
     1.866
     1.535
     1.864
    -0.243
    -0.062
     1.310
     0.391
     1.736
     4.075
     4.586
     3.031
     2.597
     3.777
    -0.952
    -1.622
    -5.226
    -4.714
    -2.917
    -0.043
     2.122
     3.395
    -0.654
    -0.017
    -1.282
    -4.693
    -4.293
    -5.573
    -6.899
   -11.175
    -7.118
    -2.566
    -2.590
   -14.471
   -12.308
   -15.959
    -8.087
    -8.416
   -10.041
    -8.527
    -8.361
     0.652
    12.389
     3.146
    -3.856
   -10.000
   -10.044
    -6.240
    -3.361
    -9.719
   -19.492
   -15.337
   -17.146
   -19.922
   -22.634
   -22.043
   -20.124
   -17.693
   -13.782
   -10.730
   -11.242
   -12.320
    -9.005
    -5.895
    -7.818
    -8.466
    -7.935
    -3.362
    -2.916
    -3.294
    -4.074
    -5.430
    -1.883
    -4.678
    -1.123
    -1.070
    -1.532
     1.439
     9.791
     9.061
     9.043
     5.660
     3.007
     6.322
     6.552
     7.199
    10.094
    12.679
    11.545
     5.763
     5.727
     4.195
     4.824
     8.947
    11.530
    14.606
    16.953
    20.021
    20.918
    20.425
    21.227
    20.582
    21.845
    24.034
    20.897
    28.323
    25.055
    23.578
    16.465
    11.208
    14.048
    13.170
    12.377
    14.403
    14.413
    13.179
    11.657
     8.004
     8.993
     9.480
     5.307
     4.449
     4.794
     7.510
    11.250
     4.995
     2.472
     3.562
     0.520
    -2.621
    -3.056
    -7.016
    -5.988
    -4.691
    -6.095
    -6.999
    -9.568
   -13.307
    -5.840
    -4.608
   -18.739
   -18.655
   -10.340
    -4.091
     0.436
   -10.480
    -8.346
    -3.908
   -10.094
   -11.195
   -14.032
   -23.602
   -23.068
   -17.854
   -21.745
   -17.172
   -10.452
   -11.200
    -9.135
    -5.029
    -1.787
    -3.712
    -3.393
    -6.129
    -7.736
    -9.540
   -10.657
   -11.697
   -11.833
   -11.406
   -10.488
    -6.842
    -5.170
    -5.452
    -4.665
    -1.628
    -1.833
    -4.297
    -1.680
    -0.245
     1.087
    -0.171
     0.468
    -1.662
    -1.497
    -1.947
    -4.407
     1.136
     3.821
     3.424
    -0.184
    -0.408
     5.069
     3.616
     3.265
     4.216
     5.150
     8.035
     6.293
     4.617
     4.056
     3.866
     5.874
     3.623
     5.835
     5.153
     2.045
     2.478
     0.812
     0.008
     0.693
    -1.705
    -1.601
     1.758
     2.687
     3.837
    -0.501
     1.812
     3.432
     4.736
     4.081
     2.416
    -1.712
    -0.759
     2.461
     7.953
    -0.594
   -10.726
   -11.260
    -6.235
    -5.481
    -6.561
    -8.314
    -8.071
    -7.838
    -5.953
    -6.059
    -7.074
    -5.490
    -4.008
    -0.919
    -0.335
     3.192
     2.062
    -1.807
     1.359
     0.899
     2.176
     1.476
     1.443
     2.592
     3.146
     3.119
     3.437
     6.090
     5.981
     7.629
     6.505
     7.243
     8.971
     8.802
     7.783
     7.373
     7.907
     8.050
     9.257
     9.715
     8.644
    10.050
    10.843
    10.839
    12.916
    12.889
    13.470
    14.706
    16.510
    15.874
    14.747
    14.695
    14.049
    13.532
    12.737
    13.171
    12.054
    11.925
    10.730
     8.701
     6.993
     5.990
     5.681
     5.129
     3.523
     2.151
     1.583
     1.072
     0.936
    -0.807
    -2.376
    -4.362
    -3.449
    -5.719
    -5.553
    -7.498
    -8.306
    -7.723
    -8.479
    -9.725
   -10.790
   -11.924
   -13.188
   -14.414
   -15.391
   -15.023
   -17.243
   -17.981
   -19.550
   -18.516
   -18.496
   -18.447
   -17.965
   -18.399
   -18.281
   -18.493
   -18.727
   -17.387
   -15.392
   -15.672
   -14.272
   -13.913
   -11.277
   -11.217
    -8.455
   -10.548
    -9.617
    -9.204
    -7.453
    -7.972
    -7.008
    -6.079
    -5.388
    -8.122
    -4.529
    -6.167
    -5.917
    -5.003
    -4.590
    -3.532
    -1.267
     0.249
     2.468
     1.340
     1.597
     3.344
     2.857
     3.199
     6.345
     7.381
     8.964
     9.610
     7.238
    11.531
     8.155
     7.955
     8.649
    10.910
     9.378
     8.740
     8.974
     8.689
     8.773
     7.828
     7.064
     7.155
     7.373
     7.439
     6.772
     7.694
     9.177
     9.336
     7.796
     8.322
     8.258
     9.792
    11.077
    11.600
    11.939
    11.545
    11.779
    13.669
    12.358
    11.680
    11.379
     9.690
     8.598
     8.878
     8.814
     8.319
     7.223
     6.088
     5.912
     5.762
     6.378
     7.366
     7.592
     8.169
     8.208
     6.142
     6.989
     7.053
     4.755
     3.315
     2.636
    -0.264
    -1.908
    -1.970
    -3.020
    -4.158
    -6.150
    -6.599
    -8.023
    -8.809
    -9.178
    -9.384
    -8.985
    -9.445
    -9.413
    -9.188
    -9.107
    -9.729
    -9.258
    -9.521
   -10.494
    -9.326
   -10.320
   -10.481
   -11.090
   -11.018
   -11.265
   -12.014
   -13.821
   -12.313
   -13.092
   -12.138
   -11.490
   -11.097
    -9.581
    -9.579
    -8.838
    -7.590
    -8.947
    -8.767
    -7.140
    -5.564
    -2.541
    -0.616
    -1.199
    -0.714
     2.803
     4.703
     5.958
     5.633
     4.752
     4.353
     3.592
     2.867
     3.082
     1.344
     0.269
    -1.183
    -1.406
    -0.046
    -0.582
    -1.914
    -1.649
    -0.136
     1.614
     1.772
     3.380
     2.183
     2.323
     3.390
     3.041
     3.807
     3.839
     4.389
     5.582
     5.363
     6.536
     5.822
     4.398
     4.605
     4.350
     4.646
     5.307
     6.505
     7.621
     8.305
     7.055
     6.561
     5.496
     5.829
     6.728
     7.327
     7.711
     9.100
     8.271
     6.836
     5.754
     7.455
     7.875
     6.889
     5.595
     4.066
     3.532
     2.640
     2.139
     0.117
     0.292
    -0.055
    -1.419
    -2.608
    -4.468
    -3.866
    -3.957
    -4.143
    -5.311
    -5.455
    -6.782
    -5.968
    -5.533
    -6.355
    -4.386
    -4.213
    -3.067
    -3.391
    -3.807
    -4.463
    -4.671
    -4.882
    -3.860
    -5.848
    -6.917
    -6.764
    -5.447
    -3.936
    -3.237
    -1.659
     0.753
     0.177
    -1.102
    -2.076
    -2.896
    -5.517
    -5.890
    -2.669
    -2.578
    -1.236
     0.271
    -0.651
    -0.104
    -0.951
    -1.793
    -4.567
    -7.063
    -6.839
    -5.793
    -5.741
    -5.635
    -5.233
    -4.387
    -2.379
    -3.014
    -3.972
    -4.622
    -4.206
    -1.474
    -2.302
    -3.336
    -0.808
     0.554
     2.626
     2.493
     3.017
     1.559
     1.456
     0.555
     1.196
     1.740
     3.093
     3.814
     4.106
     5.821
     5.863
     6.405
     7.768
    10.222
    10.149
     8.944
    10.978
    10.963
    12.207
    13.073
    12.247
    12.050
    11.097
    11.074
     9.601
     8.478
     7.159
     4.916
     3.991
     1.261
     1.209
    -0.606
    -0.522
    -2.963
    -2.156
    -1.791
    -1.606
     0.140
     0.202
     0.157
    -0.124
     0.224
     2.358
     1.933
     1.307
     2.486
     2.792
     1.024
     1.605
     0.461
     0.745
     1.023
    -1.316
    -2.058
    -2.212
    -3.579
    -5.256
    -4.163
    -4.153
    -4.780
    -3.392
    -1.838
    -1.925
    -2.230
    -4.342
    -4.616
    -5.776
    -7.331
    -8.363
    -9.566
    -9.582
    -5.496
    -7.941
    -9.812
    -9.363
    -8.267
    -6.754
    -6.117
    -6.065
    -5.778
    -6.012
    -6.636
    -3.071
    -3.346
    -1.979
    -0.016
    -0.445
     0.976
     0.714
     1.236
     3.084
     3.315
     1.903
     1.178
     2.430
    -0.882
    -3.420
    -5.564
    -2.888
    -0.258
     0.805
     1.957
     2.081
     0.003
     0.555
    -1.031
    -1.313
    -0.765
    -0.572
    -1.235
    -2.138
    -1.982
    -1.435
     0.253
    -0.332
    -0.024
    -0.476
     0.049
     1.163
    -0.494
    -0.330
     0.219
     1.186
     1.045
     1.171
     3.445
     3.422
    -0.074
    -0.816
    -0.016
     1.244
     3.781
     4.012
     4.570
     5.114
     3.949
     3.312
     2.994
     3.955
     2.897
     2.049
     2.203
     0.191
     0.832
     1.543
     1.768
     1.275
     3.654
     4.271
     4.789
     4.150
     4.515
     4.366
     6.450
     5.692
     5.407
     7.855
     6.230
     6.872
     6.372
     6.075
     3.398
     4.005
     3.550
     5.632
     4.555
     2.898
     2.590
     3.162
     3.598
     3.674
     3.880
     2.100
     0.254
    -0.386
     0.646
    -0.576
    -1.739
    -3.343
    -4.638
    -3.300
    -3.937
    -4.753
    -4.697
    -5.629
    -4.045
    -4.455
    -3.994
    -3.602
    -4.891
    -4.320
    -4.895
    -4.200
    -3.094
    -2.908
    -4.037
    -4.816
    -4.209
    -3.970
    -4.592
    -5.567
    -7.717
    -5.703
    -5.083
    -3.828
    -2.955
    -0.433
    -1.162
    -3.243
    -3.196
    -2.901
    -1.685
    -0.160
    -1.293
    -0.052
     1.804
     2.489
    -0.169
    -2.103
     0.109
     1.640
     1.499
     1.798
    -1.283
    -2.620
    -2.713
    -0.317
     1.247
     2.076
     0.529
    -1.086
    -0.051
     1.014
     0.823
     0.930
     1.207
     0.010
    -0.271
     0.100
    -0.775
    -1.632
    -0.796
    -0.938
    -1.561
    -1.821
    -1.595
    -1.590
    -1.467
    -1.288
    -1.020
     0.154
    -0.287
    -0.226
    -0.021
     0.444
     0.310
     0.590
     1.507
     0.939
     1.221
     1.274
     1.332
     2.443
     2.202
     2.896
     2.428
     2.871
     2.765
     1.997
     2.451
     2.349
     2.039
     1.968
     1.423
     1.662
     1.909
     1.097
     1.366
     1.345
     1.642
     1.655
     2.088
     3.277
     4.087
     2.486
     2.684
     3.416
     2.616
     1.289
     0.678
     0.671
    -0.359
    -0.015
    -0.054
     0.400
     1.610
     0.924
     0.254
    -0.043
    -0.890
    -1.007
    -1.217
     0.024
    -1.399
     0.210
    -0.452
    -0.952
    -0.147
     0.350
    -0.937
    -0.679
    -0.970
    -1.077
    -1.208
    -0.388
    -0.994
    -1.355
    -0.958
    -1.303
    -1.242
    -1.277
    -0.473
    -0.448
    -0.517
     0.025
     0.080
    -0.363
    -1.041
    -2.084
    -0.476
    -0.538
    -0.651
    -0.476
     0.178
     0.142
     0.915
    -0.154
     0.208
    -0.579
    -0.844
    -1.156
    -1.444
    -1.726
    -1.398
    -0.989
    -0.798
    -1.681
    -1.715
    -2.051
    -2.177
    -1.382
    -0.887
    -0.885
    -0.299
    -0.605
    -1.759
    -2.986
    -1.746
    -3.020
    -1.941
    -2.161
    -1.848
    -2.430
    -1.147
    -1.502
    -1.931
    -1.501
    -0.524
     0.257
     0.016
    -0.131
     1.530
     2.336
     3.601
     4.668
     5.290
     5.984
     6.559
     6.679
     5.837
     4.295
     4.143
     2.219
     2.830
     2.286
     0.523
     0.524
     0.863
     1.534
     1.205
     1.151
     0.961
     0.815
     1.325
     1.580
     1.071
     2.344
     0.787
     1.131
     1.918
     1.010
     1.052
     0.096
    -0.874
    -1.096
    -0.957
     0.282
    -1.450
    -0.924
    -1.979
    -2.288
    -2.919
    -2.892
    -3.571
    -3.288
    -2.860
    -1.559
    -2.345
    -1.367
    -1.765
    -1.894
    -2.100
    -3.027
    -2.244
    -2.250
    -2.303
    -2.108
    -2.078
    -2.384
    -2.693
    -1.846
    -1.829
    -3.288
    -3.395
    -3.100
    -2.146
    -2.422
    -1.443
    -2.124
    -1.646
    -0.741
    -0.819
    -0.044
    -0.290
     1.253
     1.131
     1.599
     0.689
     0.660
     1.102
     1.094
     0.956
     1.282
     1.484
     1.048
     1.587
     1.577
     2.316
     1.212
     1.665
     1.545
     2.686
     2.259
     2.036
     1.778
     0.242
     0.039
    -0.438
    -0.541
    -0.031
     0.621
    -0.245
     1.669
     1.244
    -0.092
    -1.584
    -0.821
    -0.852
    -0.734
     0.532
     0.499
     1.176
     2.153
     3.181
     3.144
     3.533
     3.601
     3.078
     4.326
     3.299
     1.422
     1.648
     1.988
     0.563
    -0.265
     0.441
    -0.012
     0.115
     0.187
    -1.092
     0.169
     1.264
    -0.398
     0.161
     0.110
     0.984
     1.465
     1.044
     0.341
     0.515
    -0.163
     0.343
    -1.136
    -0.899
    -1.046
    -0.413
    -0.297
    -2.182
    -2.726
    -2.469
    -2.424
    -2.375
    -1.211
    -1.592
    -1.159
    -1.564
    -2.305
    -2.085
    -0.076
     0.502
     1.948
     0.953
    -0.193
    -0.381
     0.521
    -0.305
    -1.535
    -1.621
    -1.764
    -1.872
     0.291
    -1.199
    -1.346
     0.482
    -0.859
     0.384
     1.973
     0.691
    -0.137
     0.276
    -0.809
    -1.318
     0.544
     1.370
     0.225
     0.543
    -0.139
     0.594
     0.515
    -0.403
    -0.197
    -0.890
    -0.543
    -0.602
     0.019
    -0.510
    -1.855
    -1.018
    -1.017
    -1.083
    -0.598
     0.302
    -0.751
    -0.670
    -0.884
    -1.546
    -1.360
    -1.867
    -1.292
    -0.914
    -0.928
    -0.936
    -0.753
     0.122
     0.124
    -1.027
     0.025
     1.074
     0.472
     0.997
     0.504
    -0.635
    -0.554
    -1.516
    -1.783
    -1.200
    -1.572
    -0.807
    -1.109
    -1.698
    -1.197
    -1.102
    -0.388
     0.076
     1.374
     2.110
     1.165
     1.775
     1.025
     1.097
     1.752
     2.851
     3.162
     3.109
     3.906
     4.031
     3.937
     3.204
     2.935
     4.358
     5.248
     3.713
     5.015
     4.786
     3.831
     3.859
     2.501
     2.707
     2.967
     2.243
     1.540
    -0.640
    -0.512
    -0.731
    -0.658
    -2.971
    -2.793
    -2.910
    -2.398
    -2.932
    -2.485
    -1.586
    -2.918
    -1.898
    -1.350
    -0.986
    -0.403
    -0.075
    -0.527
    -0.400
    -0.316
    -0.726
    -0.617
    -0.676
    -0.120
    -0.512
    -0.444
    -1.949
    -1.773
    -1.695
    -2.591
    -2.994
    -2.985
    -2.130
    -2.731
    -3.042
    -3.292
    -3.212
    -3.213
    -2.820
    -2.838
    -2.645
    -1.902
    -1.537
    -2.032
    -2.342
    -2.093
    -1.798
    -1.744
    -0.963
    -0.187
    -0.092
    -0.527
    -0.652
     0.162
    -0.762
    -0.725
    -0.505
    -0.087
    -0.731
     0.238
     0.869
     0.507
     1.231
     0.068
    -0.364
    -0.519
    -0.051
     0.003
     2.171
     2.426
     3.003
     2.889
     2.638
     2.850
     1.765
     2.406
     2.158
     3.458
     2.877
     2.582
     2.604
     2.390
     2.093
     1.852
     1.113
     0.848
     1.052
     0.225
     0.405
     1.125
     1.245
     0.095
     0.852
     1.166
     0.404
     0.661
     0.283
     1.292
     1.724
     1.291
     1.299
     2.256
     1.724
     1.062
     0.996
     2.165
     2.118
     1.178
     1.282
     0.427
     1.310
     0.955
     1.401
     0.898
     1.972
     0.970
     1.078
     0.772
     1.000
     0.584
     0.959
     0.503
     0.111
     0.145
     0.182
     0.542
     0.323
    -0.435
    -0.676
    -0.788
    -0.551
    -0.706
    -0.470
    -0.076
    -0.005
    -1.044
    -1.301
    -0.806
    -0.593
    -0.426
     0.104
    -0.832
    -0.985
    -0.304
    -1.825
    -2.694
    -2.343
    -2.269
    -3.367
    -5.177
    -5.504
    -5.254
    -4.425
    -4.173
    -1.749
    -0.782
     0.230
     0.438
     0.471
     0.472
     1.142
    -1.371
    -0.549
    -0.328
     0.048
     0.294
    -0.677
    -0.814
    -2.379
    -2.735
    -2.463
    -2.659
    -1.929
    -2.279
    -1.633
    -0.417
     0.397
     2.263
    -0.874
    -1.799
    -2.546
    -1.873
    -2.827
    -1.067
    -1.838
    -3.304
    -3.094
    -5.426
    -4.917
    -3.402
    -2.893
    -1.902
    -2.203
    -3.096
    -2.680
    -3.820
    -2.778
    -1.281
    -1.898
    -3.765
    -4.806
    -4.322
    -4.608
    -4.660
    -4.322
    -3.692
    -0.337
     2.805
     7.738
     8.450
     3.566
     3.884
     9.052
    12.115
    14.144
    11.701
    11.321
    10.604
     9.650
     8.001
     6.417
     2.584
    -1.263
    -3.575
    -2.720
    -4.573
    -4.885
    -4.961
    -5.882
    -3.897
    -1.020
     1.323
     5.000
     8.144
     8.445
     7.700
     5.316
     5.355
     7.224
     5.199
     2.664
    -1.199
    -6.672
    -7.820
    -7.368
    -6.070
    -2.707
    -1.295
     0.262
     3.301
     3.736
     2.525
     4.675
     6.073
     7.571
     7.140
     8.454
     8.224
     8.977
     8.182
    11.409
    14.017
    16.558
    15.466
    16.810
    16.650
    15.316
    14.887
    15.224
    10.595
    -0.305
    -3.264
     0.499
     2.204
     2.375
    -9.321
    -7.111
     0.036
     0.369
    -5.770
    -8.376
   -12.072
   -13.901
   -19.050
   -24.390
   -25.890
   -22.651
   -19.708
   -16.421
   -17.544
   -18.276
   -15.919
   -13.434
   -13.459
   -14.270
   -13.716
   -10.474
    -6.939
    -5.951
    -6.408
    -6.982
    -7.043
    -7.710
    -8.680
    -9.343
   -10.007
    -8.766
    -5.570
    -5.313
    -5.332
    -4.560
    -3.128
     0.015
     2.616
     3.298
     5.055
     5.779
     3.617
     4.817
     5.095
     6.597
     5.400
     6.243
     6.825
     7.039
     6.304
     5.954
     4.744
     5.468
     3.397
     2.581
     1.677
     0.328
     0.037
     0.321
     0.490
     1.502
     1.970
     2.036
     2.813
     2.640
     2.685
     3.177
     3.402
     3.581
     3.948
     3.995
     4.144
     4.153
     4.428
     4.798
     5.063
     5.353
     5.084
     4.456
     4.707
     4.745
     4.821
     4.631
     4.644
     4.682
     4.633
     4.599
     4.616
     4.578
     4.590
     4.547
     4.528
     4.497
     4.488
     4.448
     4.419
     4.366
