     4.471
     4.381
     4.290
     4.181
     4.073
     3.944
     3.824
     3.696
     3.554
     3.405
     3.269
     3.105
     2.880
     2.697
     2.493
     2.240
     1.982
     1.709
     1.376
     1.132
     0.757
     0.442
     0.168
    -0.001
    -0.115
    -0.606
    -0.691
    -0.914
    -1.426
    -1.776
    -1.961
    -2.206
    -2.731
    -3.276
    -3.716
    -4.347
    -4.629
    -4.772
    -4.963
    -5.184
    -5.487
    -5.440
    -5.938
    -6.511
    -6.671
    -7.165
    -7.415
    -7.356
    -7.358
    -8.544
    -8.434
    -8.992
    -8.993
    -9.103
    -9.492
   -10.893
   -10.389
   -10.429
   -11.614
   -11.835
   -11.328
   -11.211
   -11.828
   -11.765
   -10.442
    -9.760
    -9.962
    -8.643
    -6.633
    -6.272
    -4.461
    -3.722
    -2.914
    -0.915
     0.593
     0.011
    -0.328
     1.128
     1.910
     3.906
     4.432
     4.629
     4.941
     5.687
     6.055
     6.154
     7.131
     7.752
     7.795
     8.134
     8.696
     9.400
    10.241
    10.696
    10.769
    10.621
    10.003
     8.558
     7.590
     7.730
     6.463
     5.685
     4.757
     4.951
     3.845
     3.485
     3.373
     3.585
     2.984
     2.413
     3.160
     3.371
     2.910
     2.932
     3.598
     1.810
     1.447
     0.986
     1.088
     0.332
     0.171
    -0.314
    -0.005
    -0.003
     0.042
    -1.523
    -1.140
    -0.635
    -1.049
    -0.743
    -1.070
    -0.875
    -1.835
    -1.776
    -2.695
    -2.249
    -2.049
    -1.997
    -1.690
    -2.569
    -2.526
    -3.485
    -3.281
    -3.123
    -2.154
    -2.146
    -1.748
    -1.355
    -2.230
    -1.594
    -1.615
    -0.964
    -1.778
    -1.735
    -0.814
    -1.147
    -1.739
    -1.051
    -1.252
    -2.563
    -3.151
    -2.485
    -1.501
    -0.699
     0.781
     2.076
     1.827
     1.625
     2.540
     1.815
     2.869
     3.694
     2.922
     2.504
     3.148
     2.985
     3.036
     2.926
     2.875
     3.374
     3.663
     3.635
     2.070
     2.671
     3.428
     1.734
     2.383
     2.438
     2.562
     2.670
     2.161
     1.366
     0.097
    -2.896
    -0.835
    -0.449
     1.192
     1.057
     0.985
     0.008
     1.367
    -0.380
    -0.662
    -2.712
    -4.212
    -4.823
    -4.049
    -2.083
    -2.204
    -2.722
    -2.405
    -4.416
    -4.794
    -8.134
    -7.556
    -8.463
    -8.173
    -7.136
    -7.737
    -9.694
    -7.379
    -5.985
    -6.184
    -6.403
    -6.433
    -4.337
    -3.913
    -1.931
    -0.683
    -0.175
     1.346
     2.510
     3.964
     5.307
     6.645
     6.469
     8.482
     8.850
     8.753
     8.429
     8.041
     7.891
     7.776
     7.090
     6.185
     3.857
     2.921
     2.769
     3.423
     3.297
     3.764
     2.160
     4.044
     1.222
    -1.238
     1.121
     0.067
     0.489
    -0.576
     0.017
    -1.088
    -1.466
    -1.652
    -3.249
    -2.361
    -2.855
    -2.286
    -2.542
    -2.047
    -2.192
    -2.215
    -1.527
    -1.531
    -1.693
    -1.460
    -2.431
    -2.561
    -2.371
    -3.295
    -3.834
    -3.247
    -3.799
    -3.943
    -4.944
    -4.490
    -3.622
    -4.015
    -4.217
    -4.126
    -3.728
    -3.515
    -4.203
    -3.862
    -3.284
    -3.046
    -3.160
    -3.830
    -2.977
    -2.575
    -3.008
    -3.133
    -2.379
    -1.991
    -1.105
    -0.338
     0.284
    -0.018
    -0.467
     0.378
    -0.369
     0.483
     1.584
     2.649
     3.779
     2.337
     3.561
     2.797
     3.670
     4.730
     4.627
     5.273
     5.638
     4.738
     6.160
     6.213
     6.139
     5.855
     5.949
     5.318
     5.169
     5.025
     5.544
     4.762
     5.619
     5.057
     3.463
     4.295
     3.596
     3.805
     4.681
     3.753
     4.824
     4.537
     5.061
     3.101
     3.278
     2.946
     2.591
     2.966
     1.744
     0.647
    -0.882
     0.231
     0.613
     0.213
    -1.142
    -0.763
    -1.341
    -1.401
    -2.527
    -2.881
    -2.988
    -3.353
    -1.482
    -2.691
    -3.185
    -3.001
    -1.952
    -0.718
    -0.109
    -0.093
    -0.504
     0.616
     0.090
    -0.125
     0.906
     0.436
     0.064
     0.408
     1.335
     0.522
     0.675
    -0.075
     0.390
     0.571
     0.066
    -0.947
    -1.386
    -1.829
    -1.610
    -2.329
    -2.390
    -2.559
    -2.894
    -3.798
    -4.221
    -4.170
    -3.839
    -3.303
    -3.573
    -3.060
    -3.902
    -4.339
    -4.922
    -4.034
    -4.163
    -4.896
    -5.742
    -6.351
    -6.678
    -7.943
    -8.139
    -6.882
    -6.668
    -4.956
    -5.614
    -5.552
    -6.770
    -4.598
    -3.518
    -2.890
    -2.780
    -3.856
    -2.480
    -0.341
     2.748
     3.765
     2.994
     1.981
     1.066
     1.567
     1.697
     3.343
     4.180
     3.908
     2.898
     2.858
     2.078
     2.092
     1.977
     2.945
     1.783
     1.685
     1.389
     1.415
     2.116
     1.999
     1.395
     1.639
     1.374
     0.851
     0.485
     0.739
    -0.629
     0.311
     0.825
    -0.221
     0.091
     0.490
     0.222
     0.335
     1.103
     1.204
     1.501
     2.021
     2.541
     2.869
     1.880
     1.543
     1.237
     0.942
    -0.086
     0.831
     1.491
     2.386
     1.792
     1.412
     2.440
     2.885
     2.601
     2.183
     3.346
     2.257
     3.292
     3.030
     2.742
     2.618
     2.588
     2.382
     3.420
     3.352
     2.267
     2.326
     1.659
     0.940
     1.391
     2.464
     2.037
     2.658
     1.913
     2.113
     1.090
     0.478
    -0.390
     0.094
     0.107
    -0.170
    -0.502
    -0.303
     0.152
    -0.516
    -0.744
    -0.115
    -0.228
     0.597
     0.715
     0.591
     0.948
     2.007
     2.435
     2.341
     1.874
     2.224
     2.770
     2.736
     2.807
     3.003
     1.289
     1.622
     1.154
     2.557
     3.009
     2.584
     2.780
     0.974
     0.304
    -0.201
     1.406
     1.374
     1.853
     0.372
     0.556
    -0.298
    -0.865
    -0.615
    -0.317
     0.028
    -1.949
    -0.656
    -1.345
    -0.491
    -0.660
    -0.008
    -0.555
    -1.592
    -1.928
    -1.561
    -2.233
    -2.814
    -3.051
    -5.035
    -6.247
    -5.595
    -6.642
    -6.645
    -6.220
    -7.111
    -8.546
    -8.345
    -8.225
    -8.050
    -7.373
    -6.797
    -7.021
    -7.807
    -7.629
    -7.564
    -6.491
    -6.799
    -6.729
    -5.379
    -5.571
    -5.467
    -5.503
    -5.346
    -3.625
    -3.764
    -3.887
    -3.738
    -2.797
    -2.703
    -1.513
    -1.358
    -2.460
    -1.759
    -1.222
    -0.966
    -0.254
    -0.650
    -2.505
    -3.282
    -2.720
    -1.883
    -1.262
    -0.880
    -1.521
    -0.859
    -0.131
     0.818
     0.584
     2.000
     2.152
     2.460
     3.538
     4.143
     4.285
     5.324
     5.355
     5.345
     3.922
     3.688
     3.073
     4.320
     4.662
     4.307
     3.978
     4.185
     5.623
     5.091
     5.661
     6.549
     6.730
     5.577
     6.156
     5.607
     5.988
     6.220
     4.925
     5.496
     5.078
     5.114
     5.591
     4.789
     4.796
     6.317
     5.952
     6.816
     6.159
     6.478
     5.773
     5.539
     5.655
     5.905
     6.356
     6.880
     6.771
     5.169
     5.917
     5.827
     5.064
     4.138
     5.320
     4.397
     4.545
     4.062
     4.553
     4.260
     5.456
     5.342
     5.221
     5.387
     4.868
     4.179
     0.996
    -0.272
    -0.597
    -2.298
    -4.215
    -4.899
    -5.290
    -6.865
    -7.740
    -7.058
    -6.164
    -5.614
    -5.697
    -5.387
    -6.599
    -6.345
    -4.579
    -4.581
    -3.952
    -2.928
    -2.283
    -1.880
    -1.780
    -2.075
    -1.798
    -1.556
    -2.168
    -0.969
    -1.223
    -2.569
    -1.485
    -1.627
    -1.571
    -1.415
    -1.705
    -1.958
    -3.066
    -2.619
    -4.758
    -5.699
    -5.422
    -6.064
    -7.044
    -6.655
    -7.971
    -8.203
    -7.513
    -6.840
    -7.427
    -6.373
    -5.885
    -6.604
    -5.003
    -4.704
    -3.124
    -3.501
    -3.744
    -3.241
    -3.517
    -2.967
    -3.917
    -4.219
    -4.204
    -4.167
    -4.411
    -4.053
    -3.869
    -4.207
    -5.506
    -4.167
    -4.796
    -5.742
    -5.491
    -4.476
    -4.729
    -5.029
    -5.098
    -5.526
    -6.359
    -6.181
    -5.121
    -3.029
    -2.302
    -1.781
    -2.263
    -1.903
    -1.777
    -1.937
    -0.870
    -0.102
    -0.470
    -0.170
     0.117
     0.752
     0.697
     1.319
     2.017
     1.723
     1.735
     1.556
     2.056
     2.643
     3.790
     4.834
     5.426
     6.501
     6.185
     6.465
     6.603
     6.240
     7.909
     7.144
     8.661
    10.096
    10.253
    10.097
     9.819
    10.536
    10.818
     9.985
    10.236
    10.142
    10.206
     9.325
     9.853
    10.838
    10.598
    10.459
     9.029
     8.721
     7.471
     8.324
     8.813
    10.015
     9.153
     9.747
     9.273
     8.917
     8.550
     9.787
     9.682
     8.266
     8.172
     8.779
     9.021
     9.167
     9.556
     9.060
     8.891
     9.308
     9.214
     9.421
     9.343
     7.826
     7.832
     7.605
     7.626
     7.628
     6.004
     6.001
     6.099
     6.719
     6.615
     4.345
     1.827
    -0.268
    -4.503
    -5.916
    -7.732
   -10.552
   -13.695
   -15.616
   -18.653
   -19.458
   -21.235
   -23.160
   -24.271
   -24.898
   -25.893
   -27.372
   -27.921
   -27.161
   -25.530
   -24.623
   -24.098
   -23.439
   -23.500
   -22.550
   -21.009
   -20.065
   -18.172
   -15.862
   -13.575
   -11.591
    -9.672
    -8.156
    -5.181
    -4.108
    -2.090
     0.326
     0.306
     1.115
     0.823
     1.722
     1.909
     1.162
     2.179
     1.777
     1.098
     1.111
     0.109
     1.140
     0.656
     0.980
     0.627
     0.265
    -0.135
     0.548
     1.095
     2.536
     2.292
     2.576
     2.535
     1.725
     1.469
     2.234
     3.183
     3.355
     3.502
     3.648
     3.628
     3.731
     4.639
     4.512
     5.782
     6.267
     6.435
     7.070
     7.098
     5.574
     3.594
     2.208
     0.139
    -0.311
     1.157
     0.843
     3.727
     7.390
    11.332
    14.589
    14.813
    16.101
    15.218
    15.862
    16.282
    15.353
    15.179
    14.468
    13.657
    12.698
     9.082
     7.655
     4.435
     2.715
     3.244
     1.752
     0.388
    -0.379
    -1.388
    -2.856
    -4.093
    -4.696
    -4.380
    -5.298
    -5.949
    -4.984
    -4.296
    -4.171
    -2.170
    -2.324
    -4.042
    -2.832
    -2.340
    -2.300
    -0.739
    -0.382
    -1.033
    -1.706
    -0.466
     0.756
     2.645
     1.265
     3.076
     3.405
     4.562
     3.248
     3.586
     3.735
     5.034
     4.982
     4.536
     4.629
     4.740
     4.928
     6.337
     6.425
     6.297
     7.041
     5.998
     4.556
     3.729
     2.374
     0.722
    -0.320
    -0.058
    -0.773
    -2.994
    -4.024
    -5.240
    -4.945
    -4.651
    -4.423
    -4.090
    -3.874
    -3.271
    -2.884
    -4.489
    -5.341
    -3.489
    -1.687
    -1.628
    -1.295
    -1.245
    -2.210
    -1.639
    -1.354
    -0.557
    -0.408
     0.459
     0.737
     1.075
     2.379
     0.436
     0.045
     0.253
    -0.219
    -0.951
    -1.307
     0.659
     0.310
    -0.648
    -0.504
     1.359
    -0.428
     0.119
     0.792
     0.340
    -1.160
    -3.189
    -5.157
    -7.150
    -7.852
    -6.516
    -6.646
    -7.956
    -8.810
   -10.251
   -10.143
    -8.997
    -7.491
    -9.202
   -11.320
   -10.534
   -11.314
   -14.384
   -15.232
   -15.205
   -16.227
   -17.789
   -17.130
   -14.726
   -14.461
   -14.852
   -16.708
   -18.136
   -20.314
   -21.119
   -22.611
   -25.427
   -28.396
   -27.472
   -27.024
   -25.664
   -27.145
   -26.232
   -27.129
   -35.080
    -0.629
    15.691
    12.853
     9.111
    11.627
    11.447
    12.387
    13.144
    14.035
    14.687
    17.550
    15.629
    15.242
    16.423
    17.498
    19.236
    20.364
    20.738
    23.673
    28.365
    29.331
    23.872
    22.851
    24.565
    29.893
    34.380
    34.978
    34.348
    34.626
    35.862
    37.311
    37.349
    39.251
    37.390
    38.295
    38.013
    35.002
    32.121
    28.873
    27.497
    25.204
    24.486
    24.047
    22.571
    18.992
    19.511
    19.184
    17.667
    15.561
    14.606
    13.163
    13.212
    10.561
     7.413
     1.415
    -5.226
    -9.504
   -15.331
   -23.839
   -26.073
   -25.562
   -29.682
   -30.942
   -31.117
   -33.288
   -33.192
   -33.213
   -31.667
   -27.718
   -29.742
   -28.792
   -28.744
   -30.325
   -30.550
   -32.701
   -30.781
   -27.325
   -28.861
   -28.324
   -25.615
   -25.320
   -26.129
   -24.851
   -22.524
   -22.018
   -23.244
   -22.123
   -21.319
   -22.864
   -22.690
   -20.492
   -20.368
   -20.021
   -20.135
   -20.910
   -21.715
   -22.362
   -20.621
   -20.584
   -20.188
   -17.667
   -16.376
   -12.915
    -9.552
    -6.840
    -1.878
    -1.238
     1.371
     3.841
     4.217
     7.978
    10.672
     9.953
    14.206
    20.361
    23.701
    27.258
    30.611
    33.858
    36.842
    39.203
    37.124
    34.787
    38.744
    45.383
    43.017
    38.622
    42.033
    37.385
    30.285
    39.818
    40.731
    25.763
    12.677
     7.029
    21.279
    15.573
     5.061
    -5.028
    -3.598
    -7.063
   -11.791
   -14.630
   -12.125
   -19.326
   -18.044
   -13.093
   -12.047
    -9.665
   -10.014
   -13.172
   -16.531
   -13.497
    -8.108
    -8.108
    -9.501
    -5.487
    -1.418
    -0.922
    -3.047
    -2.465
    -0.475
     0.165
     2.619
    -2.209
    -0.641
     1.389
     0.699
    -1.494
    -0.973
    -7.212
   -15.625
    -9.568
     2.966
    -0.763
    -6.245
    -7.861
    -5.717
    -5.351
    -1.699
     7.976
     8.369
    -4.111
   -12.177
   -14.280
   -20.035
   -21.268
   -15.489
    -9.981
    -7.080
    -4.283
     0.877
    -0.825
   -10.656
   -10.257
   -13.491
    -8.964
    -4.367
     1.446
     1.056
     2.302
     5.879
     3.455
    10.518
    10.659
    10.363
    10.875
    17.108
    20.003
    26.148
    23.944
    20.952
    20.260
    15.360
    17.842
    18.544
    14.382
    11.999
    11.444
     9.009
     7.744
     3.742
     3.997
     4.075
     8.262
     4.060
     4.196
     4.698
     1.765
     2.148
     2.134
     0.733
     3.005
     4.424
     3.875
     2.917
     2.292
     2.457
    -1.994
    -2.713
    -6.180
    -4.617
    -4.167
    -0.766
    -0.008
     0.757
    -4.309
    -4.164
    -3.974
    -6.006
    -6.059
    -5.247
    -9.808
   -12.090
    -8.437
    -6.013
    -8.312
   -15.164
   -14.069
   -12.534
    -7.276
    -9.527
    -9.638
    -8.266
    -6.149
     2.334
     8.773
    -1.090
    -4.850
    -9.581
    -7.577
    -6.737
    -4.269
   -10.848
   -17.678
   -14.023
   -16.932
   -20.267
   -21.767
   -21.615
   -19.967
   -16.998
   -14.751
   -12.513
   -12.951
   -12.666
    -8.431
    -7.301
   -10.562
    -9.727
    -8.379
    -4.798
    -4.563
    -6.013
    -5.112
    -8.561
    -4.408
    -5.559
    -2.564
    -2.751
    -1.261
    -0.403
     6.915
     6.912
     8.400
     5.041
     2.672
     6.392
     4.942
     6.577
     8.631
    13.992
    10.544
     6.636
     6.229
     5.157
     6.309
     8.167
    10.260
    13.679
    15.842
    20.002
    18.270
    17.767
    18.559
    19.097
    20.335
    21.530
    19.509
    27.001
    21.712
    22.353
    15.685
    11.853
    14.269
    15.488
    13.301
    16.271
    15.575
    17.828
    13.688
     9.180
     9.888
     9.169
     6.009
     7.552
     6.825
     7.816
    10.063
     3.648
     2.290
     4.449
     2.318
    -2.619
    -2.504
    -4.935
    -5.333
    -2.592
    -3.738
    -3.619
    -7.046
   -10.609
    -2.980
    -4.272
   -16.157
   -15.650
    -7.042
    -3.955
     0.452
    -9.457
    -5.267
    -3.690
    -9.395
    -9.957
   -14.714
   -22.585
   -18.975
   -16.349
   -19.962
   -15.858
    -9.966
   -11.253
    -7.360
    -2.551
    -2.119
    -3.682
    -3.981
    -4.973
    -6.868
    -8.648
    -9.784
   -10.327
    -9.999
    -8.028
    -8.574
    -5.144
    -4.855
    -4.172
    -4.382
    -0.197
    -2.751
    -3.202
    -1.400
     0.800
     1.853
     0.471
    -0.385
    -2.823
    -0.391
    -2.429
    -3.141
    -0.472
     2.148
     0.918
    -1.681
    -1.808
     2.220
     2.110
     0.751
     2.129
     3.735
     5.944
     3.336
     1.765
     1.805
     1.269
     5.355
     2.306
     4.402
     3.007
     0.430
     1.034
    -0.492
    -0.660
    -0.655
    -3.047
    -2.393
     1.049
     1.158
     3.305
    -1.212
     0.193
     2.573
     3.490
     3.145
     1.510
    -3.389
     0.060
     1.847
     4.979
    -3.058
   -11.390
    -9.955
    -4.628
    -5.641
    -7.493
    -9.465
    -8.535
    -7.368
    -6.003
    -5.256
    -7.231
    -4.355
    -4.224
    -1.340
     0.662
     3.848
     1.730
    -1.462
    -0.415
     1.228
     3.146
     0.997
     1.130
     1.556
     1.889
     2.059
     3.468
     5.958
     4.875
     7.195
     6.404
     7.902
     9.846
     9.150
     7.932
     7.630
     7.791
     9.686
     9.150
     9.740
     8.695
     9.498
     9.417
     9.090
    11.051
    11.881
    12.449
    13.585
    14.916
    15.203
    14.501
    13.831
    14.210
    13.659
    12.904
    13.193
    11.213
    13.079
    10.673
     8.826
     8.447
     7.753
     7.593
     6.582
     5.742
     3.925
     3.014
     2.470
     2.041
     1.062
    -0.986
    -1.921
    -1.679
    -2.639
    -3.740
    -5.624
    -5.289
    -5.330
    -5.780
    -7.764
    -8.381
    -9.683
   -10.995
   -12.061
   -12.855
   -14.195
   -15.971
   -15.925
   -17.874
   -16.354
   -17.322
   -16.186
   -16.933
   -17.895
   -18.726
   -19.273
   -18.299
   -18.485
   -14.910
   -15.699
   -14.626
   -14.945
   -11.658
   -11.336
    -8.880
   -10.165
    -9.119
    -9.629
    -7.195
    -6.853
    -5.643
    -5.680
    -5.901
    -7.874
    -5.866
    -6.591
    -6.562
    -6.283
    -5.871
    -4.919
    -3.039
    -0.848
     0.330
     1.192
     1.383
     1.190
     2.490
     2.109
     3.430
     6.511
     6.827
     5.953
     6.573
    10.588
     7.872
     7.707
     8.770
    10.876
    10.493
     8.132
     8.662
     9.381
     8.125
     8.282
     7.435
     7.444
     7.632
     7.965
     6.882
     7.220
     9.263
     7.918
     6.544
     7.036
     6.635
     7.689
     9.223
     8.717
     9.762
     9.416
     9.356
    10.337
    10.870
     9.624
     9.060
     8.226
     7.014
     6.492
     7.685
     6.516
     5.590
     5.378
     5.336
     4.645
     6.171
     5.953
     7.221
     7.449
     7.086
     5.148
     4.711
     4.643
     3.128
     3.146
     0.718
    -1.692
    -2.017
    -2.042
    -4.415
    -3.955
    -4.713
    -6.782
    -6.570
    -7.129
    -6.743
    -7.390
    -6.338
    -6.742
    -6.283
    -7.240
    -6.946
    -6.895
    -7.303
    -7.574
    -7.271
    -6.246
    -8.183
    -7.758
    -8.376
    -7.537
    -9.507
   -10.275
   -10.244
   -10.792
   -10.424
    -9.476
    -9.280
    -8.004
    -7.703
    -7.867
    -7.471
    -6.505
    -7.787
    -7.353
    -6.048
    -5.366
    -3.174
    -1.445
    -2.470
     0.350
     1.425
     3.527
     3.939
     4.040
     2.902
     4.180
     3.036
     4.051
     1.575
     0.606
     0.478
    -1.103
     0.066
     0.131
    -1.085
    -1.138
    -1.889
    -0.480
     1.362
     2.287
     2.696
     2.291
     2.223
     3.502
     3.107
     3.860
     3.397
     2.999
     4.878
     5.203
     5.734
     4.471
     4.083
     5.590
     3.394
     4.557
     5.746
     5.418
     5.765
     6.299
     5.766
     6.334
     5.453
     6.111
     6.579
     6.705
     7.578
     7.352
     6.536
     5.363
     5.987
     7.920
     7.510
     6.322
     5.336
     4.035
     3.569
     3.046
     1.469
     0.685
     0.833
    -0.299
    -1.474
    -2.471
    -3.280
    -2.898
    -4.345
    -3.929
    -5.683
    -5.756
    -5.628
    -5.085
    -4.459
    -5.523
    -4.687
    -4.481
    -4.130
    -4.737
    -5.287
    -5.124
    -4.434
    -4.742
    -4.269
    -6.406
    -6.013
    -6.165
    -5.614
    -4.547
    -3.111
    -0.988
    -0.295
    -1.260
    -2.380
    -1.883
    -2.684
    -4.700
    -4.293
    -4.536
    -2.295
    -2.799
    -0.557
    -2.479
    -2.291
    -1.799
    -1.825
    -4.885
    -6.403
    -7.600
    -5.312
    -5.495
    -5.815
    -5.323
    -4.326
    -3.136
    -3.271
    -5.389
    -4.057
    -3.962
    -3.432
    -4.354
    -3.173
    -1.575
     0.035
     0.715
     2.076
     1.510
     1.378
     1.469
    -0.418
     1.103
     1.622
     3.407
     3.072
     5.032
     5.025
     6.674
     7.282
     9.340
    10.412
     9.930
    10.576
    11.100
    10.061
    12.215
    12.606
    12.127
    11.507
    11.197
    10.440
    11.170
     9.176
     7.953
     7.712
     6.251
     5.182
     4.259
     2.682
     3.647
     0.213
    -0.530
     0.796
     1.038
     1.050
     0.655
    -0.752
     0.590
     0.680
     2.189
     1.738
     1.836
     1.824
     3.036
     1.200
     0.823
     0.962
     0.305
     0.764
    -1.263
    -2.648
    -3.445
    -4.169
    -4.395
    -4.837
    -4.369
    -4.449
    -3.130
    -3.577
    -3.057
    -3.023
    -3.712
    -4.926
    -5.519
    -7.997
    -8.999
   -10.173
    -9.089
    -5.799
   -10.349
    -9.294
    -8.794
    -7.783
    -7.081
    -4.737
    -5.267
    -5.877
    -5.515
    -5.694
    -3.043
    -2.351
    -1.937
    -0.730
    -0.042
     1.070
     0.873
     1.709
     2.688
     1.769
    -0.306
    -0.681
     0.332
    -2.617
    -4.008
    -3.390
    -1.360
    -0.054
     0.879
     1.052
     1.060
     0.385
    -1.273
    -1.798
    -0.619
    -0.485
    -1.349
    -0.849
    -0.294
    -0.850
    -0.904
    -0.724
    -0.565
    -0.798
    -0.886
    -0.117
     0.507
     0.225
    -0.429
     0.038
     0.318
     1.103
     1.375
     3.131
     0.854
    -0.176
    -1.392
     0.167
     2.428
     3.662
     4.521
     4.454
     4.937
     4.041
     3.273
     2.651
     3.180
     1.957
     2.122
     0.853
     0.161
     0.541
     1.975
     1.151
     1.392
     2.770
     3.149
     3.678
     2.990
     4.182
     4.367
     4.884
     5.591
     4.944
     5.858
     6.241
     6.135
     5.556
     4.671
     3.119
     3.044
     4.426
     5.601
     3.195
     1.949
     2.686
     3.511
     2.895
     3.187
     2.097
     1.656
     1.581
     1.245
     0.071
    -1.071
    -2.434
    -3.417
    -3.648
    -2.930
    -2.928
    -3.823
    -5.655
    -4.060
    -3.920
    -2.731
    -3.713
    -3.208
    -4.263
    -3.321
    -3.058
    -2.451
    -2.649
    -2.770
    -3.556
    -3.941
    -3.536
    -3.407
    -3.633
    -5.216
    -5.339
    -5.338
    -3.840
    -2.787
    -1.678
    -2.076
    -1.300
    -2.698
    -2.917
    -1.980
     0.184
    -0.559
    -0.474
     0.346
     2.390
     1.800
    -0.224
    -0.637
     1.677
     1.148
     2.184
     1.134
    -1.119
    -0.623
    -0.927
     1.039
     3.264
     3.335
     1.925
     0.638
     0.811
    -0.093
     0.430
     1.575
     1.215
     0.899
     0.327
    -0.014
    -0.893
    -0.463
    -1.418
    -1.237
    -1.328
    -1.792
    -2.194
    -2.142
    -1.105
    -0.857
    -0.626
    -1.770
    -0.997
    -0.904
    -0.393
    -0.034
    -0.192
     0.095
    -0.073
     0.312
     1.421
     1.947
     1.098
     0.893
     1.817
     1.710
     3.340
     2.900
     2.905
     1.985
     1.942
     1.254
     1.661
     0.999
     0.863
     0.439
     1.124
     1.467
     1.207
     0.400
     0.802
     1.222
     1.684
     2.932
     2.853
     3.061
     2.484
     2.131
     1.481
     0.812
    -0.485
    -1.100
    -1.153
    -1.431
    -0.411
    -0.751
    -0.650
    -0.303
    -1.576
    -1.648
    -1.526
    -1.294
    -2.039
    -1.213
    -0.826
    -0.569
    -1.517
    -1.410
    -0.772
    -0.837
    -0.898
    -1.755
    -0.899
    -1.603
    -1.378
    -1.457
    -0.900
    -1.151
    -1.547
    -1.963
    -1.252
    -1.216
    -1.414
    -1.205
    -0.554
    -0.637
    -0.500
    -0.845
    -0.447
    -0.731
    -0.283
     0.148
     0.250
     0.098
     0.795
     1.104
     1.045
     0.730
    -0.082
     0.370
     0.376
     0.088
    -0.358
    -0.688
    -0.599
    -0.620
    -0.357
     0.161
    -0.038
    -0.281
    -0.747
     0.289
     0.676
    -0.050
     0.348
    -0.039
    -0.326
    -0.314
    -1.396
    -1.180
    -1.107
    -1.045
    -1.699
    -1.259
    -1.432
    -0.929
    -0.570
    -1.480
    -0.814
    -0.271
     1.396
     0.655
     1.950
     3.242
     4.651
     5.582
     6.277
     6.495
     5.975
     6.327
     6.259
     5.877
     4.439
     3.627
     3.154
     2.561
     1.902
     0.648
     0.866
     0.426
    -0.069
    -0.376
     0.687
     0.942
     1.083
     1.252
     0.665
     1.294
     1.206
     0.115
     1.343
     0.394
     0.414
    -0.037
    -0.548
    -0.761
    -1.094
    -1.002
    -0.925
    -1.247
    -1.479
    -1.991
    -2.496
    -3.423
    -3.322
    -2.928
    -2.005
    -1.603
    -1.212
    -1.845
    -1.579
    -1.948
    -2.658
    -2.324
    -3.132
    -3.629
    -2.870
    -2.931
    -3.173
    -3.187
    -2.950
    -3.315
    -3.457
    -3.070
    -3.248
    -3.616
    -3.798
    -2.609
    -2.336
    -2.245
    -2.015
    -1.824
    -1.806
    -1.401
    -0.639
    -0.387
    -0.446
    -0.832
     0.157
     0.078
     0.097
     0.629
     0.690
    -0.584
    -0.082
    -0.044
     0.420
     0.278
     0.673
     0.198
     0.605
     0.774
    -0.275
     0.668
     1.741
     1.515
     2.344
     2.793
     2.836
     2.585
     2.563
     1.666
     2.870
     3.233
     1.984
     0.364
    -1.073
    -0.335
    -0.420
    -0.529
    -1.137
    -0.483
    -0.833
     0.280
     1.095
     2.036
     2.192
     2.283
     2.206
     3.189
     2.186
     2.091
     2.230
     1.228
     0.868
     0.293
     0.126
    -0.124
     0.626
     0.123
    -0.430
    -0.180
    -0.450
     0.006
     0.718
     0.851
     1.670
     2.196
     1.718
     1.461
     1.064
     1.136
     0.705
     1.000
     0.511
     0.539
     0.473
     0.765
    -0.601
    -1.153
    -0.882
    -1.411
    -1.051
    -0.786
    -1.180
    -1.036
    -0.911
    -0.278
    -0.894
    -0.079
     1.490
     1.740
     1.323
     0.481
     0.660
     1.122
     0.912
     0.606
     0.366
     0.267
    -0.115
     0.707
     0.809
     0.814
     0.665
     0.098
    -0.275
     0.829
     0.538
    -0.495
     0.311
    -0.339
    -0.510
     0.194
    -0.312
     0.410
    -0.547
    -0.634
    -0.214
    -0.237
    -0.312
    -1.255
    -0.916
    -0.073
    -0.881
    -1.026
    -1.021
    -1.442
    -1.992
    -1.958
    -1.637
    -1.363
    -0.987
    -0.929
    -1.978
    -2.006
    -1.993
    -1.878
    -1.929
    -2.053
    -1.219
    -0.793
    -1.404
    -2.158
    -1.601
    -0.097
    -0.989
    -0.296
    -0.757
     0.196
    -0.285
    -0.147
    -1.729
    -1.462
    -1.590
    -1.586
    -1.290
    -1.436
    -0.906
    -0.553
    -1.412
    -1.337
    -1.256
    -0.843
     0.557
     0.406
     0.715
     1.366
     1.356
     1.054
     1.517
     2.270
     1.498
     2.779
     2.523
     3.711
     3.126
     2.799
     1.684
     2.135
     3.480
     3.665
     3.831
     4.405
     5.403
     3.447
     2.069
     2.380
     3.209
     2.816
     2.161
    -0.002
    -0.559
    -1.038
    -0.602
    -1.218
    -2.145
    -2.518
    -2.293
    -2.310
    -2.465
    -2.169
    -1.693
    -2.898
    -1.105
    -0.860
    -0.257
     0.070
    -0.707
    -0.834
    -1.513
    -0.795
    -0.804
    -0.654
    -0.256
     0.276
     0.422
    -0.462
    -0.797
    -1.212
    -1.338
    -1.060
    -2.133
    -1.315
    -2.065
    -3.046
    -3.526
    -3.468
    -3.405
    -2.739
    -2.754
    -2.233
    -1.964
    -1.476
    -1.283
    -1.562
    -1.548
    -1.049
    -1.442
    -1.286
    -1.201
    -0.667
    -0.882
    -0.080
     0.468
     0.457
     0.041
    -0.418
     0.014
     0.799
    -0.379
    -0.047
     1.137
     1.077
     1.094
     0.695
     0.007
     0.430
     1.256
     1.280
     2.696
     3.033
     3.020
     3.306
     2.973
     3.472
     3.009
     2.726
     3.522
     3.616
     2.827
     2.883
     2.280
     1.959
     1.226
     1.740
     0.258
     1.101
     1.133
     0.991
     1.197
     0.250
     1.538
     1.546
     0.703
     1.190
     1.897
     1.968
     1.910
     2.175
     1.011
     0.760
     1.482
     2.164
     1.943
     1.708
     1.797
     2.276
     1.932
     1.852
     2.473
     1.127
     0.900
     0.421
     0.522
     0.844
     1.198
     0.867
    -0.064
     0.012
     1.359
     1.177
     0.843
     0.212
    -0.199
     0.461
    -0.410
    -0.835
    -0.067
    -1.277
    -0.681
    -0.385
    -0.616
    -0.934
    -0.895
    -0.738
    -2.010
    -2.315
    -1.503
    -0.811
    -0.765
    -0.996
    -0.424
    -1.843
    -1.967
    -2.320
    -3.341
    -3.494
    -2.275
    -3.034
    -4.935
    -5.179
    -5.234
    -5.463
    -6.502
    -5.050
    -3.405
    -2.611
    -1.181
    -2.428
    -2.568
    -2.010
    -2.395
    -3.321
    -1.641
    -1.346
    -1.209
    -2.411
    -2.582
    -3.362
    -3.962
    -4.626
    -3.733
    -3.551
    -2.932
    -3.001
    -2.737
    -2.381
    -0.420
     1.072
    -1.269
    -2.201
    -2.361
    -2.948
    -2.115
    -1.124
    -1.527
    -1.943
    -2.607
    -3.735
    -3.565
    -2.023
    -1.506
    -1.012
    -1.122
    -1.692
    -0.863
    -0.313
    -0.305
     1.265
     0.361
    -0.492
    -1.375
    -1.311
     0.099
    -0.251
     1.162
     1.325
     3.418
     4.976
     9.433
     7.927
     5.060
     5.906
    10.226
    13.257
    13.332
    10.529
     8.827
     9.875
     8.157
     6.391
     5.092
     2.732
     0.889
    -2.018
    -1.884
    -2.161
    -1.367
    -2.956
    -2.274
    -1.652
    -0.006
     3.631
     6.574
     7.539
     7.986
     6.489
     5.614
     4.768
     7.786
     4.472
     1.609
     0.440
    -4.540
    -4.984
    -2.589
    -1.411
     0.626
     1.980
     2.736
     4.099
     3.891
     3.820
     4.843
     6.202
     6.754
     6.253
     8.049
     6.866
     6.475
     7.019
     8.688
    11.023
    12.188
    11.800
    12.521
    11.606
    11.445
    11.156
     9.535
     4.240
    -4.792
    -4.901
    -1.062
    -1.980
    -0.475
   -10.909
    -7.824
    -1.989
    -3.979
    -9.504
   -10.836
   -13.503
   -16.136
   -20.777
   -25.174
   -26.523
   -23.154
   -20.666
   -18.060
   -18.133
   -17.874
   -16.667
   -14.596
   -14.051
   -14.880
   -13.453
   -10.040
    -6.774
    -6.012
    -5.449
    -7.705
    -7.274
    -7.610
    -7.980
    -9.094
    -9.299
    -7.337
    -4.586
    -4.491
    -4.308
    -3.400
    -2.713
     1.146
     3.250
     3.851
     5.113
     6.151
     4.012
     5.684
     6.680
     7.617
     5.987
     6.924
     7.239
     7.534
     6.619
     6.774
     5.561
     6.143
     3.989
     3.488
     2.623
     1.464
     1.417
     1.853
     1.791
     2.793
     2.938
     2.976
     3.617
     3.632
     3.662
     4.085
     4.217
     4.414
     4.688
     4.637
     4.847
     4.992
     5.181
     5.653
     5.807
     5.935
     5.698
     5.219
     5.349
     5.434
     5.399
     5.203
     5.245
     5.257
     5.175
     5.120
     5.095
     5.049
     5.030
     4.948
     4.889
     4.834
     4.782
     4.710
     4.637
     4.550
