     4.066
     4.379
     4.751
     5.046
     5.403
     5.678
     6.021
     6.283
     6.598
     6.847
     7.152
     7.347
     7.608
     7.801
     8.021
     8.133
     8.266
     8.322
     8.474
     8.526
     8.622
     8.509
     8.514
     8.516
     8.617
     8.512
     8.503
     8.391
     8.219
     8.293
     8.201
     7.749
     7.545
     7.115
     6.913
     6.539
     6.034
     5.862
     5.459
     5.084
     4.583
     4.135
     3.518
     2.964
     2.500
     1.798
     1.414
     0.844
    -0.040
    -0.617
    -1.136
    -1.842
    -2.424
    -3.042
    -3.947
    -4.936
    -5.933
    -6.487
    -6.239
    -6.624
    -7.420
    -7.778
    -7.566
    -6.400
    -7.003
    -7.459
    -6.332
    -4.545
    -4.333
    -4.378
    -3.265
    -2.789
    -2.592
    -2.614
    -2.696
    -1.760
    -1.382
    -1.753
    -0.676
     0.117
    -0.646
    -0.598
    -0.055
     0.802
     3.032
     4.594
     4.550
     2.922
     0.838
    -0.535
    -2.220
    -4.622
    -5.756
    -7.871
    -9.162
   -11.562
   -12.586
   -12.264
    -9.578
    -7.023
    -6.578
    -3.747
    -3.709
    -2.459
    -3.393
    -4.589
    -4.516
    -3.787
    -3.188
    -1.953
    -2.059
    -3.650
    -4.227
    -5.668
    -3.929
    -2.485
    -3.717
    -4.582
    -5.128
    -4.667
    -2.450
    -2.988
    -4.110
    -3.733
    -3.354
    -3.428
    -1.032
    -1.019
    -0.105
     0.718
     0.308
     0.306
    -0.109
     0.109
    -1.073
     0.367
     1.396
     2.670
     2.521
     2.704
     2.975
     3.766
     4.202
     3.667
     4.758
     3.763
     2.134
     2.533
     1.856
     0.802
     0.853
     2.281
     3.353
     4.045
     2.601
     3.333
     2.795
     4.839
     7.579
     6.905
     4.284
     4.551
     7.206
     6.989
     6.646
     7.686
     8.606
     7.492
     8.384
     7.548
     5.395
     5.225
     4.222
     4.284
     2.884
     1.917
     1.277
     1.291
     0.756
     0.348
     0.434
    -0.376
    -1.884
    -2.051
    -0.637
     1.531
    -0.429
     0.710
     1.810
     3.071
     0.335
    -0.294
    -1.955
    -2.776
    -5.713
    -4.297
    -3.033
     1.757
     4.193
     5.307
     4.999
     4.877
     3.944
     0.450
    -1.532
    -0.537
     3.768
     5.922
     6.162
     7.601
     8.003
    10.730
    11.823
    12.007
    12.572
    15.179
    13.065
    11.549
    13.265
    12.849
    12.844
    12.501
     9.727
     5.545
     5.410
     4.063
     0.617
    -0.907
    -3.896
    -3.922
    -6.208
    -5.822
    -6.886
    -6.084
    -5.862
    -5.582
    -5.378
    -8.009
   -12.530
   -12.800
   -14.840
   -15.437
   -16.686
   -16.083
   -16.021
   -17.094
   -15.064
   -16.921
   -16.498
   -18.686
   -14.064
   -13.249
   -11.270
   -10.016
   -16.445
   -19.987
   -19.593
   -16.435
   -14.926
   -15.971
   -17.196
   -13.710
   -13.873
   -12.451
   -11.331
    -9.717
   -10.165
    -6.608
    -5.694
    -4.383
    -3.586
    -3.893
    -4.161
    -3.325
    -1.389
     1.131
    -0.234
     0.065
    -0.722
     1.037
     2.433
     3.076
     3.934
     2.664
     3.582
     4.662
     3.772
     6.464
     7.131
     8.356
     9.364
     8.563
     9.577
     7.989
     7.867
     8.300
     8.217
     9.238
     8.457
     8.856
     9.933
    11.672
    12.247
    12.737
    12.900
    14.430
    13.573
    12.302
    11.510
    11.447
     9.682
     8.751
     8.510
     6.676
     6.674
     9.789
     8.218
     7.743
     6.610
     7.121
     8.294
     7.478
     5.489
     5.749
     4.635
     5.056
     7.622
     8.605
     8.752
     6.639
     6.057
     5.109
     4.784
     3.905
     2.393
     1.667
     3.409
     5.134
     4.984
     3.733
     2.853
     2.617
     2.732
     3.020
     5.848
     6.526
     7.807
     3.867
     0.115
     2.328
     3.260
     5.653
     2.801
     2.820
     1.264
     0.308
     3.018
     2.153
    -2.374
    -3.235
    -4.045
    -3.988
    -4.875
    -6.561
    -1.846
    -3.946
    -5.781
    -9.390
   -10.904
   -10.732
   -10.206
   -10.433
   -12.532
    -9.987
   -10.215
   -12.232
   -11.861
   -13.883
   -13.959
   -14.971
   -15.944
   -14.384
   -14.252
   -13.264
   -12.240
   -12.920
   -13.490
   -13.842
   -13.650
   -12.215
   -10.863
    -8.917
    -8.279
    -7.272
    -6.982
    -5.814
    -5.520
    -4.848
    -3.944
    -4.204
    -3.388
    -3.324
    -2.968
    -4.040
    -4.667
    -3.354
    -2.392
    -0.997
     0.208
     0.687
    -0.526
    -1.127
    -0.367
     1.859
     2.398
     0.520
     1.299
     1.670
     0.082
    -0.842
    -3.326
    -1.855
    -0.723
    -1.797
    -0.417
     0.723
     4.503
     7.588
     8.934
     8.424
     6.104
     3.324
     1.764
     3.019
     3.487
     3.854
     6.464
     4.920
     1.943
     0.538
     0.001
     0.456
    -1.431
    -1.537
    -2.706
    -2.432
    -0.357
     3.801
     5.288
     7.628
    10.557
     9.383
     8.354
     4.883
     5.259
    10.336
    12.875
    18.468
    19.743
    20.096
    17.141
    17.660
    22.062
    22.139
    19.182
    18.956
    19.331
    16.073
    12.489
    13.366
    13.428
    11.628
    10.658
     9.502
     9.705
     9.946
     8.514
     5.873
     5.266
     2.493
     0.699
     0.137
    -2.349
    -3.968
    -3.190
    -3.908
    -7.816
    -7.384
    -9.210
   -11.843
   -11.984
   -11.679
   -11.870
    -9.762
    -8.368
    -6.952
    -8.594
    -8.702
   -10.380
    -9.045
    -9.568
    -9.375
    -7.581
    -6.921
    -7.482
    -8.019
    -9.466
    -9.669
    -9.461
   -10.124
   -11.840
    -9.204
   -13.849
   -15.093
    -9.814
    -8.248
    -6.736
    -6.815
    -7.273
    -5.849
    -6.132
    -5.515
    -6.790
    -6.995
    -7.369
    -6.618
    -5.453
    -4.988
    -5.285
    -6.187
    -6.706
    -6.006
    -4.821
    -2.281
    -0.845
    -1.852
    -3.120
    -3.454
    -5.115
    -6.371
    -3.921
    -2.117
    -1.942
    -1.905
    -0.885
     1.541
    -0.563
    -0.051
     0.018
     0.523
     1.127
     2.193
     5.024
     6.139
     6.284
     4.491
     3.357
     4.073
     3.424
     5.545
     8.134
    10.686
     8.778
     7.870
     8.953
     9.739
    11.019
    11.236
    11.574
    11.611
    10.837
     9.850
     8.216
     7.525
     7.815
     8.124
     6.215
     6.805
     6.035
     6.359
     7.433
     6.688
     8.034
     7.878
     7.526
     5.798
     3.307
     1.295
    -0.254
    -0.798
    -1.520
    -3.559
    -3.888
    -3.433
    -2.947
    -3.063
    -4.234
    -3.260
    -2.099
    -0.318
     0.978
     1.142
     1.720
     0.728
     1.250
     0.427
     2.076
     2.030
     1.755
     1.323
     1.085
     0.545
     1.344
     1.648
     0.219
     0.874
    -1.377
    -2.675
    -2.227
    -2.100
    -3.237
    -2.791
    -5.167
    -5.774
    -6.284
    -4.877
    -6.451
    -6.574
    -8.543
    -6.755
    -8.774
    -8.473
    -7.932
    -6.611
    -8.888
    -7.927
    -8.230
    -6.860
    -5.498
    -5.896
    -4.814
    -6.217
    -5.642
    -5.877
    -6.268
    -4.491
    -2.889
    -3.421
    -3.670
    -3.689
    -2.416
    -1.888
    -0.430
    -0.798
    -1.096
    -1.024
    -0.773
     0.055
    -0.679
     0.061
    -0.037
     0.786
     1.141
     0.433
    -0.226
    -0.816
    -0.133
    -0.506
     1.016
     0.559
     0.066
     2.396
     1.359
     2.982
     5.959
     4.480
     6.509
     7.986
     9.283
     7.897
     9.194
     8.311
     7.999
     6.892
     7.172
     8.070
     7.039
     7.190
     8.780
     7.478
     6.310
     5.902
     4.740
     2.417
     1.275
     2.041
     2.744
     3.812
     2.396
     1.644
     1.759
     3.868
     4.066
     5.274
     7.710
     6.540
     5.685
     6.728
     5.358
     6.966
     8.252
     7.213
     6.611
     6.934
     6.208
     5.666
     4.374
     3.333
     3.288
     2.828
     2.636
     2.077
    -0.063
    -1.161
    -1.847
    -3.199
    -4.725
    -7.739
    -8.079
    -7.786
    -7.826
    -7.401
    -7.975
    -9.789
   -10.633
    -9.810
   -11.044
   -10.667
   -11.279
   -10.677
   -10.643
   -11.567
   -11.676
   -11.520
   -10.713
   -11.063
    -9.967
   -10.962
    -7.345
    -6.978
    -5.573
    -3.422
    -3.039
    -4.083
    -4.986
    -5.262
    -3.820
    -2.112
    -2.952
    -3.785
    -2.930
    -3.654
    -5.637
    -8.270
    -8.787
    -8.039
    -5.821
    -5.297
    -5.350
    -4.069
    -3.730
    -3.133
    -2.184
    -1.023
     0.108
     2.299
     3.838
     2.923
     3.364
     4.238
     5.458
     4.932
     7.563
     5.288
     7.942
     7.691
     7.636
     7.267
     5.219
     5.477
     6.332
     8.355
     9.580
     9.663
     9.700
     8.518
     8.195
     7.860
     6.337
     5.349
     5.572
     5.147
     4.299
     5.753
     5.981
     4.391
    -0.233
    -0.784
    -1.652
    -1.589
    -0.584
    -2.286
    -4.727
    -2.635
    -0.831
     1.930
     2.807
     1.379
     1.467
     0.923
     1.372
     1.252
     0.329
     1.256
     1.362
     1.469
     1.073
     1.344
     2.387
     1.701
     1.619
     2.423
     2.009
     1.586
     0.753
     1.218
    -1.165
    -1.268
     1.811
     2.298
     3.572
     4.204
     2.390
     3.192
     6.095
     4.963
     4.558
     4.355
     6.339
     8.170
     8.103
     5.570
     4.734
     5.261
     3.505
     3.008
     2.616
     1.484
     1.489
     2.910
     2.708
     3.029
     3.254
     2.780
     3.057
     1.576
     2.267
     3.916
     3.204
    -0.160
     0.301
    -0.279
    -2.232
    -3.217
    -3.205
    -1.755
    -2.213
    -2.817
    -3.202
    -3.492
    -4.406
    -5.524
    -7.162
    -6.395
    -6.255
    -8.128
    -8.521
    -8.665
    -7.068
    -6.028
    -7.095
    -6.490
    -6.773
    -8.360
    -8.227
    -8.078
    -8.255
    -7.230
    -8.208
    -9.722
   -10.581
   -10.366
   -11.324
   -10.907
   -11.333
   -10.628
   -11.817
   -10.256
   -10.059
   -11.018
   -11.062
   -11.528
   -11.093
    -7.500
    -5.085
    -2.885
    -3.622
    -4.609
    -5.755
    -5.495
    -5.400
    -5.454
    -7.612
    -8.526
    -9.078
   -10.434
    -9.701
   -10.675
   -10.721
    -9.458
    -7.978
    -8.052
    -6.690
    -4.458
    -1.560
     1.325
     3.891
     3.045
     6.249
     7.225
     8.720
     9.116
     9.080
    10.989
    11.633
    12.646
    16.119
    17.529
    19.242
    20.216
    18.836
    18.233
    17.829
    18.517
    18.921
    17.661
    16.351
    15.916
    13.708
    13.877
    16.788
    17.532
    17.576
    15.076
    12.637
    13.687
    15.973
    16.612
    16.530
    17.424
    16.617
    14.879
    13.298
    10.811
     9.269
     5.951
     4.389
     2.422
     1.439
     2.631
     1.371
    -0.798
    -0.002
    -0.173
    -1.221
    -3.428
    -3.548
    -3.910
    -6.096
    -4.076
    -1.955
     0.255
     0.652
     0.594
    -2.072
    -3.472
    -4.876
    -5.602
    -7.182
    -3.970
    -2.094
    -2.539
    -3.174
    -3.340
    -3.583
    -3.314
    -3.825
    -3.355
    -5.216
    -5.025
    -6.839
    -9.106
    -8.862
   -10.349
   -12.063
    -9.013
    -7.807
    -6.140
    -7.614
    -6.703
    -6.293
    -6.579
    -6.947
    -5.648
    -6.095
    -7.199
    -8.141
    -8.993
   -12.790
   -16.368
   -15.888
   -13.264
   -11.516
    -9.956
    -7.986
    -7.682
    -7.446
    -7.698
    -8.421
   -10.585
   -11.041
   -14.430
   -17.003
   -17.412
   -17.935
   -16.442
   -14.631
   -14.753
   -12.651
   -12.495
   -11.696
    -8.758
   -10.099
   -11.635
   -14.951
   -14.858
   -15.180
   -15.247
   -16.346
   -18.698
   -22.166
   -22.383
   -20.892
   -18.477
   -19.662
   -20.423
   -20.178
   -18.123
   -14.654
   -10.884
    61.264
    73.842
    53.407
    47.646
    47.277
    44.240
    46.517
    40.884
    44.681
    46.177
    44.145
    39.206
    39.896
    32.890
    29.436
    29.301
    28.826
    32.829
    27.339
    22.336
    10.741
     4.089
    10.042
     8.389
    14.764
     8.674
     4.716
     0.508
     0.447
     0.314
    -3.102
    -8.541
   -12.998
   -15.795
   -11.791
   -16.236
   -21.616
   -23.418
   -27.925
   -25.569
   -29.068
   -20.654
   -17.882
   -13.535
   -11.776
    -9.540
   -12.610
   -12.423
    -7.774
    -3.143
    -4.288
    -7.339
    -9.820
   -10.986
    -6.711
    -0.491
     5.244
     9.070
    13.313
    13.664
     7.253
     3.318
     6.381
     6.775
     4.789
     4.428
     7.326
    12.754
     9.651
     5.713
     5.041
     1.583
     0.771
    -0.439
     0.928
     1.739
    -0.978
    -6.725
    -2.927
     0.193
     0.509
     2.053
     4.583
     3.654
     1.276
     3.060
     4.967
     0.596
    -3.608
    -1.084
    -1.005
    -2.699
    -1.615
    -1.940
    -2.367
    -3.360
    -6.787
    -9.661
   -15.049
   -13.200
    -6.071
    -1.003
    -2.839
    -4.105
    -6.067
   -10.799
   -16.803
   -17.674
   -20.935
   -22.230
   -23.961
   -25.439
   -26.507
   -25.306
   -24.935
   -26.813
   -28.227
   -27.223
   -23.412
   -24.351
   -21.198
   -20.491
   -14.109
    -4.381
    -5.087
    -9.087
    -4.125
     9.180
    10.285
    13.716
    22.055
    17.760
    24.117
    35.270
    46.643
    47.132
    26.663
    22.478
    25.171
    27.452
    25.843
    17.282
    16.741
    16.399
    15.394
    12.789
    11.679
    10.330
     9.594
     7.431
     6.645
     6.650
     9.219
     7.781
     6.731
     7.433
    11.923
     1.310
    -1.856
    -1.747
     0.297
     1.923
     1.558
     2.146
     3.530
     8.845
    11.922
    22.134
    25.601
     1.026
   -12.154
    -1.731
     3.321
    -1.904
    -4.986
    -5.603
    -1.260
    -1.684
    -5.794
    -4.075
    -3.055
   -21.656
   -24.936
   -11.399
    -9.599
   -13.616
   -12.553
    -9.529
   -12.705
   -11.922
   -11.827
   -14.935
   -15.609
   -10.167
    -6.099
    -8.263
    -7.952
    -3.836
    -5.575
     0.317
    -0.197
    -0.277
     0.752
     1.669
    -1.474
    -1.766
    -1.994
     2.633
     1.056
    -2.843
    -2.891
    -0.918
    -1.785
    -2.458
    -2.220
    -2.811
    -3.632
    -4.668
    -2.415
    -4.946
    -5.037
    -7.670
    -4.247
    -7.590
    -4.266
    -3.217
    -4.649
    -4.718
    -4.112
    -3.627
     0.570
     0.304
     1.299
     0.609
     0.994
     4.136
     4.656
     7.822
     3.544
     3.363
     4.800
     6.927
     5.808
     5.008
     3.694
     5.656
     5.823
     9.835
     8.052
     4.787
     4.496
     2.816
     5.437
     5.210
     4.938
     9.526
    13.278
    17.571
    16.042
     7.878
     7.440
     9.771
     8.870
     6.212
     3.119
     6.073
    14.905
    14.578
     7.123
     1.129
    -1.772
     0.756
     8.234
     4.236
    -2.708
    -4.966
    -4.030
    -5.309
    -5.376
    -3.983
    -0.042
     0.697
     2.085
     3.596
     1.307
     0.623
    -1.364
     1.119
     1.913
    -1.246
    -3.348
    -3.507
    -4.897
    -7.120
    -8.332
    -8.621
    -9.958
   -12.593
    -8.881
   -10.824
   -13.958
   -12.019
    -5.569
    -9.285
   -11.753
   -14.120
   -15.874
   -12.382
   -12.225
    -6.786
    -8.473
    -6.970
   -11.386
   -10.735
    -7.752
    -6.430
    -9.176
    -7.565
    -3.775
    -3.525
     2.073
    -0.741
     2.426
     4.914
     7.008
     6.429
     5.966
     4.576
     0.374
     7.321
     4.427
     7.078
     2.160
    -4.934
    -3.032
    -3.242
     2.288
     4.510
     2.268
     0.777
    -1.067
     1.593
     5.128
     5.785
     5.434
     4.674
     4.617
    11.352
    12.720
    10.303
     9.830
     6.426
     5.038
     2.500
     1.033
     0.889
     4.236
     2.289
     2.546
    -1.153
    -1.487
     2.894
     7.356
     4.936
     0.619
    -2.573
     8.060
     6.791
     7.640
     0.511
     2.897
     3.803
    -1.179
     0.477
     1.462
    -0.585
    -1.951
     1.083
     0.781
     2.614
     3.861
    -0.092
     1.669
     0.661
     3.364
     3.332
     0.864
    -2.048
    -2.554
    -3.690
    -3.023
    -2.568
    -4.221
    -6.195
    -6.312
    -1.628
    -3.383
    -2.223
    -0.987
    -0.257
    -1.844
    -4.469
    -2.741
    -1.804
    -0.736
    -3.622
    -0.371
    -2.540
    -3.351
    -2.231
    -4.785
    -1.053
     1.975
     3.447
     2.618
     0.232
     1.557
    -1.109
    -1.277
     0.027
    -0.047
     1.103
     2.699
     1.668
    -0.883
     0.616
     0.243
    -2.189
     1.293
    -0.420
    -0.221
     1.414
     1.775
     3.886
     1.105
    -0.703
     2.716
     2.828
     0.323
     2.460
    -1.506
    -1.178
     1.697
     1.192
     2.972
     1.609
     0.140
    -4.221
    -0.289
     1.782
     0.918
    -1.674
    -3.416
    -1.352
     0.899
     1.111
     1.236
    -0.866
    -1.714
    -0.037
    -0.724
    -0.453
    -1.481
    -1.983
    -2.030
    -2.357
     0.963
     0.181
    -2.289
    -1.834
    -3.857
    -1.750
    -3.422
    -2.496
    -1.678
    -0.948
     1.054
    -0.278
     1.922
     2.375
     2.575
     1.361
     1.690
    -0.529
    -0.396
    -1.661
    -1.110
    -0.151
    -0.493
     0.093
    -0.708
    -2.189
    -1.513
     0.302
     0.814
     2.001
     2.765
     2.544
     0.596
     1.583
    -0.762
    -0.653
    -0.609
    -1.402
    -2.485
    -3.758
    -3.031
    -4.953
    -3.460
    -3.991
    -4.373
    -4.635
    -5.987
    -4.671
    -6.447
    -6.269
    -6.512
    -8.236
    -6.734
    -6.369
    -6.518
    -6.858
    -6.442
    -3.666
    -4.191
    -3.706
    -3.832
    -3.676
    -4.560
    -3.577
    -3.228
    -4.321
    -3.028
    -3.728
    -2.072
     0.353
     1.731
     1.413
     1.948
     3.349
     4.673
     5.815
     6.056
     6.866
     8.399
     9.751
    11.018
    12.210
    12.033
    14.983
    13.542
    12.448
    11.541
     9.107
     7.991
     7.001
     4.188
     2.915
     2.849
     1.198
    -0.796
     0.024
     0.932
     4.318
     3.649
     6.446
     6.542
     8.606
     9.134
     8.414
     9.716
     8.967
     7.597
     6.592
     5.761
     6.272
     7.491
     5.850
     8.046
     9.927
    12.809
    15.971
    14.395
    10.200
    13.186
     2.600
    -3.694
    -5.259
    -9.249
   -11.694
   -11.146
   -12.430
   -13.610
   -12.522
   -12.954
   -11.776
   -11.112
   -11.784
    -9.990
    -9.084
    -8.020
    -4.866
    -4.043
    -3.417
    -2.782
    -0.246
     2.305
     5.503
     5.447
     4.400
     4.256
     3.790
     5.206
     4.570
     2.931
     1.965
     0.366
    -2.265
    -1.429
    -0.207
    -2.029
    -2.694
    -4.026
    -5.568
    -6.320
    -7.047
    -7.518
    -7.096
    -5.805
    -7.428
    -5.342
    -3.610
    -2.598
    -1.746
    -4.031
    -4.677
    -7.515
    -7.688
    -8.118
   -10.063
   -12.383
   -14.020
   -15.821
   -18.760
   -18.343
   -18.926
   -18.750
   -16.348
   -14.255
   -15.222
   -15.282
   -14.793
   -15.503
   -14.105
   -13.994
   -12.261
   -13.335
   -12.034
   -12.147
   -12.843
   -12.626
   -10.747
    -7.682
    -5.648
    -3.666
    -0.858
     2.318
     4.742
     5.783
     7.449
     8.454
     8.460
     5.516
     5.460
     5.706
     6.443
    12.903
    18.813
    20.058
    19.072
    19.153
    26.898
    28.137
    28.560
    28.702
    30.187
    29.902
    27.277
    25.671
    22.677
    19.630
    14.438
    11.342
     9.561
     8.719
     8.063
     6.655
     5.449
    12.214
    12.362
    14.595
    14.965
    10.630
     8.070
     8.484
     6.485
     7.273
     7.612
     8.384
     9.921
    12.414
    12.851
    11.909
     7.922
     6.349
     5.515
     2.497
     3.938
     2.435
     5.383
     5.599
     4.285
     1.349
    -0.506
    -1.599
    -1.223
    -0.639
    -0.848
    -0.939
    -2.402
    -4.697
    -4.515
    -3.428
    -3.438
    -4.759
    -9.158
   -12.741
   -13.676
   -17.225
   -18.478
   -21.990
   -22.829
   -21.158
   -21.605
   -23.974
   -25.648
   -25.638
   -23.213
   -21.016
   -19.594
   -18.810
   -20.234
   -21.181
   -17.753
   -15.725
   -11.746
   -12.136
   -12.471
   -10.447
   -10.082
   -10.299
   -10.067
   -10.711
    -9.634
   -11.081
   -12.961
   -11.138
    -7.744
    -4.905
    -4.364
    -1.327
     3.764
     3.500
     3.098
     1.008
    -0.810
    -2.533
    -2.561
     2.075
     4.459
     8.613
    12.549
    13.222
    11.942
    11.039
     8.171
     7.017
     9.822
    12.957
    14.088
    13.759
    13.559
    12.898
    13.235
    17.584
    14.044
    10.407
     5.226
     5.721
     9.206
     7.437
     3.378
     5.074
     4.253
     7.062
     6.619
     3.955
    -4.377
    -5.105
    -8.030
   -14.014
   -12.406
    -9.313
    -9.892
    -7.307
    -4.203
    -6.621
    -5.506
    -5.162
    -4.453
    -4.765
    -8.057
    -9.192
    -3.391
    -6.760
    -1.435
    -1.735
     0.901
     4.828
     3.947
     1.271
     2.914
     2.780
     1.245
     3.579
     3.707
     5.330
    11.026
    13.610
    11.538
    14.398
    16.465
    16.317
    18.236
    19.307
    17.920
    14.502
    14.535
    13.037
     7.413
     4.633
     2.757
     2.199
     1.434
     0.084
     1.899
     2.471
     4.500
     2.743
     3.015
     1.034
     0.631
     0.120
    -0.295
     3.132
     5.168
     6.362
     6.964
     4.712
     4.397
     2.820
     0.789
    -0.888
    -5.501
    -8.841
   -13.947
   -20.481
    -9.573
    -1.060
    -0.267
     1.085
     0.594
    -3.501
    -6.096
    -7.657
    -8.033
    -8.947
    -7.102
    -1.396
     2.336
     7.755
    13.346
    11.356
     7.277
    -4.272
   -16.262
   -18.476
   -18.164
   -18.686
   -13.230
    -1.337
     3.776
     4.280
     1.537
    -0.737
    -3.303
    -5.288
    -6.030
    -7.533
    -8.411
    -7.073
    -7.891
    -7.594
    -6.616
    -6.274
    -6.655
    -8.612
    -7.527
    -8.505
    -6.912
    -6.378
    -6.219
    -7.098
    -6.334
    -5.448
    -7.155
    -6.719
    -7.607
    -7.224
    -8.675
    -7.654
    -3.877
     4.868
     5.268
     8.208
     8.275
     7.819
     8.612
     6.639
     5.031
     2.657
     0.971
    -0.434
    -1.323
    -1.208
    -1.415
    -1.130
     0.327
    -0.111
     1.891
     1.332
     1.824
     0.242
     0.992
     1.667
     2.537
     2.365
     1.820
     1.459
     1.960
     1.956
     1.680
     1.158
     0.211
     1.907
     0.942
     1.723
     3.007
     1.535
    -0.261
     0.189
     2.674
     3.006
     1.884
     0.327
     1.069
     2.744
     3.387
     2.813
     2.715
     2.920
     4.877
     5.723
     5.029
     2.478
     2.816
     3.877
     4.963
     4.831
     6.217
     5.158
     4.999
     5.619
     5.006
     4.335
     2.805
     2.109
     0.026
     0.989
     0.811
     2.297
     1.904
     0.561
    -0.362
     1.274
     1.157
     3.421
     2.302
     4.145
     4.723
     5.477
     7.159
    10.831
    10.842
    10.073
     9.763
     8.191
     6.965
     7.486
     5.431
     7.236
     7.295
     5.988
     5.858
     6.830
     6.779
     5.570
     3.379
     1.240
     0.553
    -5.047
    -7.879
    -9.335
   -10.029
   -10.345
    -9.254
    -9.401
    -9.296
    -7.242
    -8.155
    -8.357
    -9.317
   -10.095
    -9.868
    -8.306
    -7.454
    -8.854
    -8.155
    -6.953
    -5.599
    -5.526
    -2.857
    -2.727
    -3.220
    -3.207
    -2.643
    -2.183
    -2.567
    -3.431
    -2.833
    -3.145
    -3.536
    -3.205
    -2.519
    -3.855
    -2.235
    -2.777
    -3.150
    -2.119
    -2.601
    -1.826
    -3.281
    -3.655
    -3.887
    -4.900
    -4.883
    -3.818
    -3.201
    -4.243
    -4.365
    -2.318
    -1.623
    -1.986
    -2.010
    -2.000
    -2.472
    -2.003
    -2.155
    -2.320
    -2.002
    -2.961
    -2.538
    -0.700
    -0.358
     0.418
     0.291
     0.931
     1.961
     2.034
     3.271
     3.753
     4.215
     4.027
     4.004
     4.680
     3.552
     3.774
     4.437
     3.886
     4.518
     5.114
     4.638
     4.734
     5.147
     4.474
     5.130
     4.783
     4.218
     4.501
     3.110
     2.501
     2.128
     1.810
     1.773
     0.861
     0.880
     1.047
     1.421
     0.984
     1.039
     1.993
     1.708
     1.611
     1.547
     1.396
     1.584
     1.145
     0.707
     1.474
     0.227
     0.048
     0.293
    -0.659
    -0.092
     0.048
    -0.040
     0.860
     1.455
     1.675
     3.313
     3.556
     3.496
     3.027
     3.350
     1.539
     2.286
     1.275
     0.989
     0.972
     0.275
     0.232
    -0.957
    -1.279
    -2.321
    -2.479
    -1.870
    -2.757
    -1.948
    -2.101
     0.676
     0.187
    -0.553
    -0.348
     0.342
     0.750
     1.158
    -0.265
     0.902
     0.798
    -0.012
    -2.035
    -0.528
    -0.048
     0.148
     1.535
     1.069
     0.491
     0.781
     1.489
     1.106
     1.693
     0.945
     0.188
     1.206
     2.016
     1.358
     1.189
     0.064
     0.204
     0.688
     0.570
     0.459
     0.592
    -0.206
    -0.435
    -0.057
    -1.183
    -1.528
    -1.890
    -1.718
    -2.676
    -1.313
    -0.953
    -1.353
    -1.525
    -1.959
    -1.624
    -0.935
    -0.356
    -0.994
    -0.354
    -1.942
    -1.059
    -1.818
    -0.720
    -0.895
    -0.733
    -1.601
    -0.950
    -1.327
    -0.667
    -1.593
    -0.781
    -0.845
    -1.700
    -1.742
    -0.995
    -1.447
    -2.461
    -1.835
    -0.559
    -0.714
    -0.961
    -1.154
    -1.684
    -1.293
    -1.162
    -1.770
    -1.513
    -1.946
    -1.850
    -1.546
    -1.871
    -2.621
    -3.694
    -3.843
    -3.282
    -4.204
    -4.118
    -3.330
    -4.491
    -4.852
    -5.135
    -4.560
    -4.925
    -4.110
    -5.103
    -3.874
    -4.862
    -4.826
    -5.652
    -6.546
    -5.817
    -7.152
    -7.721
    -6.286
    -4.516
    -4.361
    -2.412
    -2.342
    -1.351
     0.949
     3.245
     4.100
     3.710
     6.884
     9.554
    11.097
    11.164
    11.217
    12.114
    11.365
    10.264
     7.964
     7.450
     5.839
     5.060
     5.276
     5.114
     4.315
     4.219
     5.709
     6.621
     5.874
     5.193
     3.768
     5.410
     5.795
     4.570
     4.143
     4.022
     6.128
     5.473
     3.206
     2.973
     2.181
     2.945
     2.793
     2.676
     2.210
     1.513
     2.278
     1.352
     0.490
    -1.489
    -0.509
    -0.393
    -0.727
     0.335
     0.342
     1.883
     0.303
     0.007
     0.203
     2.142
     1.374
     1.509
    -0.119
    -0.425
     0.143
     0.118
    -1.738
    -3.900
    -2.571
    -0.482
     0.578
     1.697
    -2.529
    -6.344
    -6.023
    -5.970
    -3.726
    -2.706
    -1.353
    -1.370
    -1.533
    -3.547
    -4.660
    -4.708
    -4.829
    -5.344
    -4.042
    -3.581
    -2.797
    -2.497
    -3.524
    -4.126
    -3.861
    -5.072
    -4.210
    -3.351
    -1.728
    -1.011
    -0.705
    -0.507
    -0.581
    -0.747
    -1.159
    -1.736
    -1.496
    -0.165
    -1.485
    -0.527
    -0.832
    -0.909
     0.031
    -0.246
    -0.757
    -0.735
    -0.343
    -2.174
    -4.171
    -3.567
    -1.934
    -1.369
    -1.993
    -1.399
    -1.748
    -1.803
    -1.716
    -1.680
    -0.686
    -1.255
    -0.463
    -0.813
    -0.485
    -0.113
    -0.691
    -0.860
    -1.140
    -1.352
     0.294
    -0.995
    -0.879
    -1.524
    -0.848
    -0.834
     0.566
    -0.157
     0.110
     1.171
     1.542
     1.618
     2.191
     2.480
     1.788
     0.530
    -2.295
    -3.139
    -2.080
    -0.555
     2.709
     3.369
     3.486
     4.308
     4.585
     3.855
     4.079
     5.082
     5.365
     2.606
     2.233
     2.193
     1.065
     2.010
     2.155
     1.091
     1.610
     1.981
     1.873
     2.195
     2.003
     2.971
     4.476
     4.256
     3.234
     1.066
     0.702
     2.048
     3.278
     2.500
     2.178
     1.818
     2.186
     2.338
     2.785
     1.601
     0.184
     1.282
     1.213
     2.285
     2.229
     2.931
     1.426
    -0.233
    -0.597
    -0.469
    -1.019
     0.600
    -0.277
    -0.339
     0.041
     0.307
     0.181
    -0.332
    -0.281
    -0.010
    -1.265
    -1.800
    -2.838
    -2.383
    -2.772
    -2.453
    -2.932
    -2.262
    -0.789
     1.103
     0.560
     0.526
    -0.732
    -1.578
    -0.356
     0.712
     1.196
    -0.422
    -1.194
    -0.414
     0.373
    -0.578
    -1.289
    -0.018
    -0.254
     0.024
     0.545
    -0.198
    -0.843
    -0.760
    -1.478
    -2.580
    -2.284
    -2.021
    -1.316
    -0.925
    -1.518
    -1.704
    -2.918
    -1.368
    -1.126
    -1.966
    -1.798
    -1.118
    -3.022
    -3.581
    -3.767
    -2.663
    -2.313
    -2.200
    -1.611
    -2.459
    -1.598
    -1.654
    -1.941
    -0.941
    -0.939
    -1.694
    -2.199
    -2.564
    -2.233
    -1.206
    -0.970
    -2.349
    -1.533
    -2.209
    -2.468
    -2.729
    -2.626
    -2.653
    -1.277
    -1.187
    -1.793
    -1.629
    -0.451
    -0.470
    -2.498
    -0.788
    -1.310
    -0.948
    -0.568
     1.334
     0.909
     1.043
     1.232
     1.913
     0.872
     1.153
     1.432
     0.603
     1.444
     1.785
     1.423
     1.972
     2.797
     2.795
     3.111
     3.916
     4.862
     4.226
     4.769
     3.224
     2.860
     2.940
     2.692
     2.361
     2.403
     2.804
     3.989
     3.728
     4.626
     4.624
     4.529
     4.504
     4.080
     5.004
     4.659
     5.478
     4.920
     5.459
     5.517
     4.487
     4.884
     6.644
     5.115
     4.102
     2.727
     3.376
     2.036
     2.729
     2.244
     0.602
    -0.178
    -0.088
     0.050
     0.376
     0.188
     0.124
     1.662
     0.148
     0.191
     0.053
     0.387
     0.464
     0.183
    -1.239
    -1.620
    -2.613
    -4.735
    -5.059
    -5.118
    -4.884
    -6.916
    -5.892
    -7.310
    -8.152
    -7.916
   -10.249
   -10.644
    -5.903
    -7.613
    -5.820
    -6.747
    -4.941
    -5.308
    -4.862
    -4.446
    -2.880
    -2.702
    -2.408
    -2.833
    -2.471
    -1.909
    -3.344
    -1.971
    -3.070
    -4.251
    -5.425
    -5.960
    -5.900
    -3.902
    -6.167
    -7.500
    -6.375
    -5.030
    -4.342
    -4.499
    -5.221
    -2.526
    -6.479
     0.553
    -3.286
    -3.177
    -1.614
    -4.529
    -4.029
    -5.148
    -4.246
    -1.354
     0.036
     0.266
     0.436
     2.211
     2.321
     3.958
     4.602
     4.835
     4.441
     7.017
     5.959
     8.711
     9.268
    10.022
     9.659
    10.257
     9.399
     9.856
     8.333
    16.854
    18.496
    15.080
    11.415
     9.650
    10.360
    15.418
    12.520
     6.598
    11.970
     9.876
    10.213
    11.262
     9.673
     7.895
     7.853
     5.492
     5.416
     3.447
     4.683
     4.834
     1.318
     1.345
     0.319
    -0.197
     0.058
     0.696
     0.017
    -0.873
    -1.284
    -1.286
    -1.762
    -1.488
    -1.450
    -1.962
    -0.843
    -1.605
    -1.729
    -3.555
    -2.875
    -3.854
    -3.360
    -5.540
    -6.804
    -6.613
    -5.799
    -9.845
    -7.138
    -5.770
    -6.991
    -8.488
    -9.994
    -9.224
   -10.021
    -8.759
    -8.015
    -8.604
    -8.915
    -8.954
    -8.982
    -7.315
    -8.042
    -7.674
    -7.812
    -7.755
    -7.455
    -7.428
    -7.315
    -6.765
    -6.599
    -6.441
    -6.271
    -6.101
    -6.002
    -5.450
    -5.159
    -4.992
    -4.861
    -4.751
    -4.520
    -4.416
    -4.515
    -4.228
    -3.932
    -3.292
    -3.059
    -2.775
    -2.333
    -1.932
    -1.557
    -1.199
    -0.859
    -0.547
    -0.137
     0.181
     0.584
     0.864
     1.272
     1.584
     1.959
     2.271
     2.657
     2.976
     3.363
     3.680
