     4.518
     4.686
     5.023
     5.173
     5.491
     5.624
     5.932
     6.045
     6.337
     6.442
     6.708
     6.767
     6.976
     7.013
     7.228
     7.198
     7.298
     7.249
     7.320
     7.271
     7.296
     7.113
     7.119
     6.960
     7.120
     6.770
     6.892
     6.665
     6.457
     6.363
     6.398
     6.106
     5.553
     5.056
     5.008
     4.363
     4.055
     3.639
     3.072
     2.722
     2.522
     1.955
     1.513
     0.980
     0.338
    -0.015
    -0.046
    -1.002
    -1.462
    -2.506
    -2.673
    -3.825
    -4.072
    -4.770
    -5.234
    -6.379
    -6.814
    -6.812
    -7.851
    -8.530
    -8.106
    -8.833
    -9.282
    -8.955
    -8.389
    -7.726
    -6.625
    -4.971
    -4.626
    -4.237
    -3.575
    -2.490
    -2.421
    -2.097
    -2.129
    -1.200
    -1.344
    -1.590
    -0.620
     1.785
     1.910
     2.646
     2.564
     4.089
     6.056
     5.834
     6.137
     4.261
     2.290
     1.940
    -0.141
    -1.293
    -1.990
    -3.157
    -4.143
    -6.537
    -7.220
    -6.217
    -4.960
    -4.375
    -2.992
    -2.993
    -1.311
    -1.918
    -2.209
    -3.187
    -3.356
    -3.030
    -1.597
    -2.411
    -2.454
    -2.895
    -4.292
    -3.597
    -2.927
    -2.451
    -4.450
    -4.057
    -4.007
    -3.460
    -2.465
    -2.379
    -3.330
    -3.444
    -4.134
    -2.955
    -2.186
    -1.803
    -1.192
    -2.150
    -0.725
    -1.412
    -0.711
    -1.657
    -2.559
    -1.104
    -0.194
     1.111
     1.028
     0.981
     1.203
     1.661
     1.637
     2.607
     3.017
     2.905
     2.619
     1.242
     1.188
     0.416
     0.622
     1.983
     2.012
     1.941
     2.403
     2.365
     0.599
     2.893
     5.814
     3.145
     2.683
     2.936
     4.671
     4.888
     6.822
     6.515
     6.878
     6.397
     6.263
     5.265
     5.039
     4.184
     3.340
     3.237
     3.217
     3.260
     2.585
     1.556
     3.080
     2.287
     2.117
     1.899
     0.325
     0.488
     0.879
     1.974
     3.046
     1.896
     2.975
     4.789
     3.333
     2.080
    -0.481
    -3.375
    -3.685
    -1.197
     0.855
     2.867
     5.536
     5.833
     6.430
     5.022
     4.290
     0.523
    -2.611
    -0.467
     4.249
     5.087
     5.276
     4.917
     7.001
     8.255
     7.644
     5.859
     7.689
    10.131
     8.760
     8.107
     9.309
     8.513
     8.585
     9.086
     6.310
     1.731
     1.530
     0.638
    -1.514
    -2.504
    -4.938
    -4.773
    -4.995
    -5.123
    -6.851
    -3.943
    -5.300
    -4.915
    -3.285
    -5.180
    -8.743
    -9.701
    -9.782
   -11.039
   -13.102
   -11.748
   -13.505
   -14.934
   -12.899
   -14.729
   -14.946
   -15.134
   -10.653
   -11.047
    -6.378
    -8.479
   -15.942
   -17.529
   -15.162
   -12.339
   -12.916
   -15.050
   -13.475
   -12.065
   -11.947
   -11.106
    -8.816
   -10.034
    -8.834
    -6.263
    -4.783
    -3.724
    -2.300
    -2.544
    -2.572
    -2.134
    -1.029
     0.092
     0.181
    -0.913
    -0.116
    -0.927
     0.315
     1.961
     1.737
     2.625
     1.813
     4.698
     3.992
     5.200
     6.202
     7.160
     7.421
     8.125
     7.787
     7.621
     6.392
     5.947
     7.599
     6.389
     6.493
     8.094
     8.789
    10.634
     9.341
    10.759
    12.160
    10.643
     9.934
     9.190
     8.710
     7.395
     5.724
     6.946
     9.052
     6.333
     7.369
     9.545
     7.924
     7.910
     7.673
     8.036
     7.999
     8.078
     5.749
     5.600
     5.032
     6.909
     7.936
     7.828
     6.888
     5.709
     4.790
     5.196
     4.814
     3.412
     2.737
     2.156
     3.688
     4.860
     3.629
     3.614
     3.678
     3.712
     4.019
     5.730
     6.187
     7.094
     8.344
     2.388
     1.143
     1.505
     3.350
     2.437
     0.316
    -0.105
    -0.041
    -1.547
     1.164
    -1.379
    -2.328
    -3.448
    -5.190
    -4.464
    -5.285
    -4.618
    -2.227
    -4.658
    -5.468
    -7.592
    -9.384
    -8.113
    -9.370
    -9.642
    -8.539
    -8.807
    -8.583
   -10.273
   -10.696
   -11.056
   -10.434
   -12.581
   -11.702
   -10.358
   -10.892
   -10.587
   -10.420
    -9.827
    -9.359
   -10.647
   -10.725
    -9.799
    -8.476
    -8.608
    -7.391
    -7.729
    -7.595
    -7.342
    -7.186
    -6.021
    -6.345
    -4.273
    -2.687
    -3.048
    -3.780
    -4.087
    -3.752
    -3.318
    -3.134
    -1.528
    -2.391
    -2.063
    -3.574
    -4.405
    -1.371
    -0.378
    -0.244
    -0.626
     0.197
    -0.911
    -2.004
    -1.544
    -3.263
    -1.062
     0.300
    -0.588
     2.669
     5.386
     9.260
    10.579
     9.520
     7.654
     4.155
     3.491
     2.049
     3.184
     4.711
     3.906
     4.548
     2.887
     0.745
    -0.104
     0.242
     2.086
    -1.416
    -2.404
    -2.990
    -1.432
     2.059
     4.035
     6.021
     6.468
     7.752
     6.440
     4.669
     2.142
     5.421
     8.599
    13.110
    14.581
    16.266
    15.375
    14.699
    15.388
    19.606
    19.053
    16.972
    16.696
    17.599
    14.980
    12.789
    12.166
    10.136
     9.629
     6.932
     8.173
     8.917
     8.595
     6.625
     4.930
     3.868
     1.676
     0.091
     0.812
    -1.457
    -1.678
    -1.395
    -1.862
    -5.901
    -6.034
    -8.282
    -8.421
    -8.663
    -8.030
    -7.682
    -7.591
    -5.340
    -6.068
    -5.276
    -7.244
    -7.665
    -5.970
    -7.337
    -7.303
    -5.978
    -5.423
    -5.646
    -7.563
    -9.891
    -9.091
    -9.102
    -8.198
    -8.988
    -9.858
   -12.021
   -13.044
    -7.993
    -6.952
    -7.090
    -7.395
    -7.164
    -5.652
    -5.714
    -4.210
    -5.088
    -7.516
    -6.251
    -5.292
    -4.310
    -4.761
    -6.183
    -5.416
    -7.242
    -5.311
    -3.744
    -1.677
    -1.149
    -1.843
    -3.611
    -4.665
    -6.266
    -4.181
    -3.437
    -1.542
    -3.085
    -2.440
    -2.365
    -1.405
    -1.486
     0.935
     1.946
     1.226
     3.332
     4.179
     5.870
     7.693
     6.609
     6.049
     3.207
     4.184
     5.414
     5.569
     7.635
     6.647
     6.728
     6.628
     6.853
     7.728
     8.126
     7.748
     7.464
     8.154
     8.327
     6.534
     6.271
     6.789
     6.861
     5.517
     4.234
     4.944
     3.616
     4.272
     4.543
     4.423
     5.808
     5.883
     4.289
     3.670
     1.660
     0.922
    -0.468
    -0.834
    -3.364
    -2.830
    -2.644
    -3.216
    -2.955
    -3.535
    -3.172
    -3.822
    -1.986
    -0.932
     1.112
     0.411
    -0.156
     0.279
    -0.369
     1.168
     0.711
     0.258
     1.514
     1.731
     1.367
     1.948
     2.362
     2.400
     0.706
     0.115
    -0.821
    -0.598
    -0.061
    -0.439
    -0.932
    -4.190
    -3.793
    -3.900
    -4.573
    -4.895
    -3.830
    -4.908
    -5.698
    -5.618
    -6.452
    -6.630
    -6.443
    -5.582
    -7.498
    -6.537
    -6.709
    -5.392
    -4.154
    -4.626
    -4.923
    -4.477
    -2.861
    -4.538
    -3.715
    -1.236
    -1.717
    -2.299
    -1.895
    -1.165
    -1.432
     0.467
     0.449
    -0.139
     0.478
     0.770
     1.190
     0.239
     0.052
     2.260
     1.010
     2.144
     1.905
     0.450
     1.302
     0.889
     0.259
     1.080
     2.745
     1.589
     3.344
     3.074
     2.601
     4.581
     2.414
     3.785
     5.054
     4.770
     5.162
     6.431
     5.644
     4.242
     3.425
     4.046
     4.566
     5.016
     5.426
     5.492
     5.036
     5.441
     4.434
     4.411
     3.532
     3.816
     1.310
     3.647
     2.992
     3.195
     2.156
     2.634
     3.326
     5.166
     4.024
     4.537
     6.000
     4.584
     5.121
     3.678
     2.816
     6.282
     7.116
     6.918
     5.950
     5.057
     5.608
     3.653
     2.758
     2.702
     3.553
     1.792
    -0.316
    -1.021
    -1.004
    -1.175
    -2.319
    -3.108
    -4.049
    -6.868
    -6.967
    -6.756
    -7.291
    -6.773
    -8.976
    -8.089
   -10.399
   -12.280
   -10.885
   -11.030
   -10.583
   -10.653
   -11.261
   -10.928
   -12.506
   -12.359
   -11.488
   -11.737
   -10.599
   -11.128
    -8.441
    -8.598
    -6.714
    -6.573
    -7.165
    -6.971
    -6.795
    -6.502
    -3.214
    -2.819
    -2.540
    -4.298
    -3.226
    -3.883
    -5.045
    -6.799
    -7.829
    -6.832
    -6.160
    -3.850
    -3.988
    -2.144
    -3.725
    -2.355
    -1.224
     0.149
     1.190
     3.161
     4.371
     3.232
     4.942
     5.018
     7.134
     6.216
     7.832
     7.484
     7.965
     9.265
     9.163
     8.694
     6.682
     7.401
     8.438
    10.462
    12.148
    12.527
    11.929
    12.100
    11.120
     9.052
     7.293
     6.681
     6.119
     7.051
     6.411
     6.269
     6.948
     5.283
     2.695
     2.070
     0.306
     1.627
     0.376
    -1.037
     0.740
     1.150
     3.126
     3.337
     3.482
     3.982
     2.950
     3.780
     4.493
     3.062
     2.797
     2.828
     3.835
     3.654
     3.855
     3.898
     4.112
     3.610
     3.328
     4.689
     2.889
     2.106
     2.720
     2.153
    -0.939
     0.629
    -0.192
     1.455
    -0.344
    -2.242
    -2.990
    -2.505
    -3.332
    -3.719
    -2.286
    -2.075
    -2.141
    -0.983
    -1.508
    -3.017
    -3.985
    -5.667
    -5.143
    -6.648
    -4.001
    -5.761
    -4.240
    -2.432
    -1.613
    -2.048
    -0.685
    -0.323
     0.969
     1.411
     3.136
     4.088
     3.986
     1.619
     2.075
     2.080
     0.273
     0.220
     1.005
     1.661
     1.470
    -0.435
    -0.558
    -1.360
    -1.624
    -2.608
    -4.253
    -4.454
    -5.529
    -6.112
    -7.107
    -6.488
    -6.540
    -6.217
    -5.485
    -4.167
    -5.246
    -7.600
    -6.447
    -6.077
    -6.378
    -5.958
    -7.754
    -8.997
    -8.621
   -10.466
    -9.413
    -9.676
   -10.896
   -12.177
   -11.240
   -11.800
   -10.009
    -9.581
    -9.468
   -10.520
   -10.550
    -7.668
    -7.362
    -5.374
    -5.172
    -5.931
    -7.342
    -5.888
    -2.825
    -0.692
    -1.838
    -1.193
    -2.100
    -2.478
    -3.201
    -4.025
    -4.276
    -2.354
    -2.884
    -2.870
    -1.742
     0.391
     0.611
     0.525
     4.212
     2.803
     5.266
     5.049
     6.077
     6.184
     6.451
     7.015
     7.828
    10.011
    10.948
    13.141
    13.621
    13.276
    14.514
    13.391
    15.124
    15.471
    15.061
    14.166
    14.567
    12.874
    13.976
    13.240
    15.993
    16.140
    14.775
    14.111
    14.115
    13.640
    16.024
    16.712
    16.658
    16.761
    16.644
    16.311
    12.633
    12.100
     9.424
     7.954
     7.652
     5.887
     4.443
     5.665
     4.761
     2.204
     1.563
     1.117
    -0.799
    -1.279
    -2.574
    -1.372
    -4.497
    -2.676
    -0.769
    -0.805
    -1.074
    -1.936
    -3.267
    -4.281
    -3.972
    -5.378
    -4.535
    -3.661
    -2.402
    -2.063
    -1.939
    -2.209
    -1.756
    -0.974
    -1.132
    -2.259
    -2.630
    -3.119
    -3.563
    -5.271
    -5.628
    -7.836
    -8.387
    -8.707
    -8.041
    -7.266
    -7.476
    -6.367
    -6.064
    -8.643
    -7.044
    -7.078
    -7.049
    -7.379
    -7.900
    -8.954
   -12.284
   -16.883
   -15.981
   -15.914
   -14.269
   -13.531
   -13.363
   -12.842
   -12.345
   -11.306
   -12.324
   -14.508
   -16.704
   -19.317
   -20.018
   -19.682
   -20.507
   -19.846
   -19.958
   -18.799
   -19.252
   -17.147
   -16.047
   -15.849
   -16.457
   -19.387
   -20.111
   -19.503
   -21.230
   -21.541
   -23.816
   -26.170
   -30.312
   -28.315
   -30.030
   -26.772
   -28.236
   -28.382
   -26.683
   -25.026
   -23.141
    -2.683
    54.538
    69.750
    53.268
    48.652
    45.785
    47.610
    44.056
    43.926
    49.156
    51.713
    49.233
    44.734
    41.933
    37.100
    34.937
    34.857
    37.244
    37.938
    32.929
    28.613
    21.373
    15.641
    20.559
    22.888
    25.731
    24.374
    22.764
    17.139
    17.946
    17.957
    12.190
     9.976
     4.209
     3.091
     3.829
     0.192
    -6.269
   -12.727
   -14.195
   -16.183
   -15.904
   -10.851
    -7.739
    -4.875
    -4.449
    -5.034
    -7.343
    -7.786
    -4.356
    -1.712
    -3.837
    -9.294
   -12.070
   -10.777
   -11.178
    -5.823
    -7.140
     2.419
    -0.220
    -2.389
    -8.315
    -7.930
    -7.237
    -8.834
    -7.525
    -8.953
    -5.854
     0.852
    -1.061
    -3.502
    -4.645
    -7.995
   -10.249
   -10.111
    -9.265
    -9.171
   -11.716
   -14.598
   -11.465
    -7.470
    -9.427
    -6.795
    -4.442
    -5.184
    -5.455
    -4.418
    -5.602
    -7.252
   -11.405
    -8.514
    -9.076
    -8.809
    -7.208
    -8.701
    -9.922
   -13.438
   -17.909
   -21.230
   -22.711
   -19.158
   -12.970
    -6.629
   -10.135
    -8.922
   -10.017
   -13.638
   -14.860
   -15.862
   -21.010
   -19.843
   -20.800
   -22.555
   -24.054
   -20.627
   -19.824
   -17.718
   -17.427
   -16.786
   -13.846
   -10.102
    -4.812
    -3.951
     3.345
    12.186
    11.989
    12.767
    21.152
    32.415
    25.133
    29.841
    37.015
    40.825
    39.289
    40.690
    50.259
    47.805
    35.049
    26.738
    22.353
    25.993
    18.901
    11.828
    11.523
    12.888
     7.904
     5.273
     8.277
     7.251
     7.791
     8.721
     4.018
     2.742
     3.734
     8.355
     3.308
     5.520
     4.119
     1.477
    -0.163
     0.101
    -0.128
    -0.212
     2.648
    -1.023
     1.398
     7.600
    11.871
    22.368
    17.238
    -6.369
   -13.779
    -6.005
    -4.109
    -0.883
    -5.054
    -7.557
    -4.605
    -4.322
    -3.772
    -6.120
    -5.919
   -19.270
   -20.958
   -13.676
   -13.940
   -17.589
   -14.361
   -14.798
   -13.279
   -10.306
   -11.421
   -11.296
   -12.357
    -8.822
   -12.022
   -11.724
    -9.150
    -7.533
    -2.619
     2.431
     0.422
     1.731
     3.841
     3.580
     2.794
    -1.058
    -2.284
     3.303
     3.659
     2.561
     4.356
     1.182
    -1.020
    -2.185
    -3.629
    -2.444
    -3.807
    -4.558
    -5.444
    -5.727
    -6.023
    -8.430
    -7.476
    -7.122
    -3.954
    -5.848
    -4.952
    -5.153
    -5.407
    -3.575
     1.415
     0.281
    -2.761
     2.050
     4.637
     4.307
     6.996
     5.822
     3.158
     2.604
     3.730
     6.808
     5.246
     5.700
     6.450
     6.084
     6.520
     6.586
     5.948
     2.840
     4.651
     3.288
     6.767
     4.543
     2.763
    10.162
    12.650
    10.715
     8.110
     6.797
     5.498
     7.890
     6.879
     3.795
     1.311
     8.163
    18.076
    10.898
     3.658
    -1.371
    -2.604
     3.653
     5.580
    -1.513
    -8.452
    -6.101
    -7.708
    -8.443
    -8.765
    -6.123
    -3.390
    -3.907
    -0.788
    -1.361
    -1.361
    -0.943
    -2.515
     1.639
    -1.541
    -4.072
    -3.042
    -3.437
    -5.040
    -7.982
    -8.909
    -9.241
   -10.594
   -11.301
    -9.061
   -11.005
   -11.911
    -9.014
    -4.196
    -5.318
    -8.974
   -11.281
   -12.770
    -9.499
    -7.926
    -7.409
    -5.448
    -1.261
    -6.019
    -4.560
    -2.877
    -4.309
    -3.746
     0.255
     1.613
     3.654
     5.493
     6.659
     8.610
    11.333
    13.334
    12.449
    11.636
     8.364
     8.730
    13.976
    15.537
    12.699
     6.527
     1.786
     4.173
     1.381
     3.971
     4.855
     3.950
     2.426
    -0.243
     0.260
     3.560
     3.803
     2.539
     1.456
     4.198
     9.523
    11.669
     6.138
     3.619
     3.368
     0.778
    -1.723
    -3.149
    -4.878
    -2.886
     0.256
    -1.379
    -4.860
    -2.847
    -0.825
     3.910
     4.897
    -6.157
    -5.844
     2.036
    10.005
     2.609
    -3.683
    -0.382
     2.783
    -5.778
    -2.021
    -0.991
    -6.376
    -5.708
    -3.206
    -3.576
    -1.487
     1.900
     0.227
    -0.344
     0.300
     3.932
     1.895
     0.276
    -3.203
    -4.282
    -4.135
    -4.604
    -2.775
    -4.650
    -5.994
    -4.405
    -2.669
    -1.737
    -0.491
    -0.410
     0.810
    -2.587
    -4.378
    -0.000
     0.274
    -0.096
    -3.465
    -0.343
    -4.115
    -2.252
    -4.884
    -5.113
    -0.506
     2.601
     4.698
    -1.000
     2.568
     1.195
    -1.469
    -2.475
    -0.556
     1.906
     4.544
     4.305
     1.040
    -0.606
     1.517
     2.439
     0.041
     1.062
     0.717
     0.132
    -0.364
     1.376
     2.412
    -0.353
    -1.058
     1.059
     0.449
     0.940
     1.716
    -2.546
    -0.884
     3.159
     4.619
     2.562
     2.170
    -3.648
    -6.242
     0.567
     3.743
    -0.114
    -6.401
    -7.444
    -2.939
    -0.971
    -0.980
    -1.167
    -1.828
    -2.914
    -2.277
    -2.018
    -2.105
    -0.936
    -0.342
    -0.807
     0.240
     2.825
     2.344
    -1.880
    -1.547
    -1.341
     0.261
    -1.128
    -3.186
     0.255
     1.788
     2.515
     1.949
     3.548
     4.634
     4.974
     3.115
     4.983
     2.909
     3.684
     2.532
     3.429
     3.132
     3.257
     2.223
     4.443
     3.718
     2.473
     4.543
     4.260
     6.834
     6.283
     4.612
     4.702
     4.562
     5.588
     4.360
     2.267
     1.178
     1.260
     0.263
     0.140
    -2.016
    -1.356
    -0.779
    -2.730
    -3.968
    -6.673
    -4.165
    -3.760
    -5.419
    -6.144
    -7.649
    -5.579
    -5.933
    -5.901
    -7.005
    -7.242
    -4.659
    -6.019
    -6.738
    -5.829
    -6.157
    -7.177
    -6.342
    -5.163
    -7.637
    -7.353
    -6.848
    -6.068
    -4.260
    -5.557
    -5.300
    -5.706
    -3.372
    -4.050
    -2.814
    -3.191
     0.672
     0.968
     1.297
     1.486
     3.917
     5.521
     7.400
     7.612
     7.222
     4.512
     3.550
     2.804
     4.455
     1.543
     0.249
    -0.892
    -0.704
    -3.215
     0.290
     0.808
     1.018
     0.490
     4.038
     5.303
     3.449
     6.289
     7.461
    10.075
     8.502
     8.798
     9.204
     8.506
     8.180
     9.500
     9.112
    11.068
    12.384
    15.313
    18.206
    14.939
    14.711
    15.600
     6.398
     0.886
    -0.379
    -3.928
    -3.640
    -4.636
    -8.365
    -6.770
    -6.681
    -6.766
    -5.535
    -6.828
    -7.065
    -4.660
    -4.393
    -4.567
    -3.660
    -0.870
    -1.724
    -0.064
     2.062
     3.846
     6.382
     6.252
     4.333
     5.044
     4.688
     5.390
     5.845
     5.495
     2.766
    -0.100
    -0.104
     0.525
    -0.987
    -0.575
    -1.614
    -2.549
    -4.232
    -6.454
    -6.653
    -5.546
    -5.460
    -4.821
    -5.671
    -4.220
    -2.134
    -1.519
    -1.035
    -3.988
    -5.163
    -7.552
    -7.758
    -8.358
    -9.628
   -12.213
   -13.690
   -16.186
   -18.484
   -18.757
   -18.699
   -15.880
   -15.916
   -15.239
   -15.472
   -15.335
   -14.954
   -14.735
   -14.512
   -11.688
   -11.711
   -14.319
   -12.067
   -11.956
   -13.111
   -12.103
   -10.311
    -8.591
    -8.023
    -5.207
    -2.934
     1.710
     1.738
     3.978
     4.963
     5.299
     4.169
     2.918
     1.973
     0.997
     5.261
     9.593
    15.369
    15.599
    15.615
    17.385
    24.557
    24.128
    26.936
    26.255
    27.506
    24.705
    24.702
    21.805
    19.111
    16.111
    12.398
     9.695
     8.204
     8.738
     7.448
     5.179
     8.322
    11.571
    13.742
    14.174
    11.757
     9.761
     8.577
     9.401
     6.707
     8.524
     8.995
    10.716
    12.501
    13.425
    12.553
    11.384
     9.303
     8.303
     5.633
     5.946
     4.367
     3.358
     4.319
     5.190
     3.299
     2.754
    -0.609
     0.099
    -0.571
    -0.974
    -1.263
    -2.245
    -2.490
    -1.611
    -4.304
    -3.944
    -3.238
    -6.069
    -9.459
   -12.355
   -13.120
   -15.474
   -18.976
   -19.001
   -20.214
   -18.708
   -21.160
   -23.134
   -25.920
   -23.757
   -22.730
   -19.006
   -19.923
   -19.805
   -20.963
   -20.128
   -16.231
   -14.497
   -13.290
   -12.262
   -11.723
    -9.689
   -10.302
    -9.780
    -9.970
   -10.157
   -10.157
   -11.919
   -12.964
    -8.625
    -8.677
    -2.410
    -3.498
     0.923
     4.248
     4.204
     1.435
     1.097
    -3.189
    -1.691
    -0.417
     3.337
     5.282
    10.607
    13.182
    11.332
    10.258
    10.495
     9.547
     8.252
     9.546
    12.115
    11.719
    13.755
    13.368
    11.198
    12.785
    17.559
    13.290
     9.298
     6.371
     6.166
     9.955
     8.500
     6.575
     6.809
     6.413
     8.279
     6.600
     3.603
    -1.844
    -2.587
    -9.020
   -10.345
    -8.284
    -4.537
    -5.359
    -2.697
    -2.640
    -6.656
    -2.785
    -3.074
    -2.770
    -3.493
    -5.658
    -3.534
     0.083
    -3.245
    -0.807
    -0.747
     2.902
     4.175
     5.634
     3.310
     4.167
     0.737
     1.697
     2.984
     1.990
     3.204
     7.501
     6.504
     6.014
     8.084
    10.049
    10.386
    13.349
    13.458
    10.893
    10.025
    11.680
     8.744
     4.734
     3.372
     2.091
     1.440
     3.044
     1.608
     0.065
     0.411
     2.009
     1.436
    -0.344
    -2.458
    -1.026
    -2.499
    -0.351
     0.544
     2.865
     3.838
     3.812
     3.437
     1.738
    -0.899
    -1.981
    -3.691
    -8.018
   -12.154
   -18.348
   -19.725
    -5.485
    -5.274
    -3.964
    -1.975
    -0.681
    -3.875
    -4.935
    -4.885
    -6.451
    -6.317
    -4.177
     1.245
     4.615
    11.054
    12.370
    10.440
     5.863
    -4.387
    -9.780
   -10.734
   -12.851
   -12.654
    -5.914
     1.403
     0.786
     0.781
    -0.728
    -2.102
    -4.166
    -3.531
    -2.371
    -3.986
    -5.322
    -5.778
    -5.366
    -5.028
    -5.189
    -5.803
    -6.588
    -6.526
    -7.256
    -7.129
    -5.345
    -4.805
    -5.635
    -4.434
    -4.785
    -5.077
    -5.563
    -5.055
    -5.832
    -8.564
    -7.237
    -7.528
     1.605
     3.845
     5.597
     8.390
     7.540
     9.740
    10.191
     6.757
     6.812
     5.204
     2.863
     0.309
     0.564
     0.416
     0.259
    -0.106
     0.805
     0.179
     1.393
     2.889
     2.301
     1.793
     3.283
     5.072
     5.281
     4.550
     2.996
     2.603
    -0.340
     1.101
     0.225
     0.751
     1.199
     1.119
     0.927
    -0.105
     1.201
     0.437
    -1.206
    -1.352
     1.202
     0.146
    -1.798
    -1.635
     0.839
     0.807
     1.599
     1.411
     1.162
     0.432
     3.459
     4.108
     3.525
     0.785
     2.375
     2.955
     3.371
     3.016
     2.887
     4.453
     4.608
     4.034
     4.214
     4.100
     1.870
     0.597
    -0.422
     0.443
     0.248
     0.386
    -0.641
    -1.655
    -1.756
    -0.579
    -0.480
    -1.167
     0.126
     0.894
     2.926
     4.028
     4.987
     7.820
     8.819
     8.137
     6.753
     6.921
     5.667
     6.663
     5.186
     7.642
     7.169
     5.563
     5.363
     5.186
     6.467
     4.046
     3.842
     2.695
     0.512
    -4.345
    -5.484
    -7.651
    -8.330
    -8.069
    -7.397
    -5.406
    -6.414
    -5.616
    -5.702
    -5.870
    -6.301
    -7.107
    -6.782
    -5.893
    -5.809
    -7.873
    -5.645
    -6.444
    -4.095
    -3.583
    -2.560
    -3.447
    -2.222
    -1.814
    -1.601
    -1.784
    -2.319
    -1.901
    -2.415
    -2.017
    -2.673
    -2.575
    -2.946
    -2.962
    -3.591
    -3.092
    -2.404
    -1.503
    -0.912
    -1.583
    -2.934
    -1.755
    -3.312
    -4.174
    -2.822
    -3.259
    -3.642
    -4.691
    -3.756
    -2.265
    -1.099
    -0.372
    -0.236
    -1.686
    -2.393
    -1.025
    -1.684
    -1.603
    -1.946
    -1.212
    -1.792
    -0.887
    -1.515
    -0.855
    -1.468
     0.278
     1.201
     3.438
     3.231
     3.530
     3.031
     3.684
     3.676
     4.703
     2.754
     4.602
     4.729
     2.054
     4.901
     3.232
     3.890
     5.025
     5.053
     4.638
     3.401
     3.308
     2.560
     3.008
     2.037
     2.073
     0.586
     1.149
     1.423
     0.691
     1.063
     1.693
     0.418
     1.136
     0.849
     0.956
     0.065
    -0.926
    -0.771
    -0.090
     0.632
     0.297
    -0.522
     0.693
     1.746
    -0.254
    -1.095
     0.366
    -0.014
     0.916
     0.281
    -0.964
     1.152
     2.781
     3.278
     3.031
     3.324
     2.480
     2.294
     1.252
     2.229
     0.589
     1.532
     3.169
     0.883
    -0.192
    -1.124
    -0.892
    -1.482
    -1.954
    -0.921
    -0.964
    -2.175
    -0.788
     1.634
     0.614
    -0.765
    -0.672
     0.870
     0.746
     0.917
     0.393
     1.908
     1.131
    -0.473
    -0.535
     1.360
     1.355
     2.027
     1.371
     2.459
     0.890
     1.739
     2.369
     1.682
    -0.059
     0.117
     1.310
     0.330
    -0.142
     0.497
    -0.291
    -0.004
    -0.814
    -0.103
    -0.186
     0.863
     0.989
    -0.130
    -1.661
    -1.077
    -1.113
    -2.167
    -1.128
    -2.506
    -2.399
    -1.539
    -1.308
    -1.222
    -1.150
    -3.039
    -2.964
    -1.554
    -1.253
    -0.300
    -0.947
    -2.262
    -1.852
    -1.593
    -1.044
    -1.518
    -0.523
    -2.309
    -2.628
    -2.244
    -1.683
    -1.857
    -2.155
    -1.529
    -1.629
    -1.706
    -1.245
    -1.054
    -1.536
    -1.651
    -0.924
    -0.874
    -1.707
    -1.739
    -2.302
    -1.931
    -2.118
    -0.533
     0.029
     0.723
    -0.468
    -1.355
    -2.068
    -2.627
    -1.922
    -3.474
    -3.347
    -2.765
    -2.485
    -3.410
    -3.098
    -4.823
    -3.696
    -4.043
    -3.022
    -3.298
    -4.161
    -3.471
    -3.393
    -3.909
    -4.030
    -4.911
    -5.353
    -6.245
    -5.946
    -5.156
    -3.352
    -2.392
    -2.080
    -1.614
    -0.004
     1.108
     0.836
     3.485
     4.424
     6.649
     9.275
    10.215
     9.587
    12.022
    12.261
    10.936
    10.884
     8.673
     8.399
     6.625
     6.324
     5.700
     4.907
     5.638
     5.947
     5.482
     6.125
     5.513
     5.450
     4.422
     5.368
     4.712
     4.855
     5.749
     3.729
     5.607
     4.969
     4.450
     2.452
     2.066
     1.599
     2.409
     2.160
     1.392
     0.355
    -0.741
    -0.962
    -0.660
    -2.820
    -3.186
    -2.606
    -1.768
    -1.144
    -2.187
    -1.206
    -2.180
    -2.047
    -1.115
    -0.804
    -0.151
     0.287
    -1.479
    -0.211
    -1.351
    -2.639
    -3.101
    -5.374
    -3.265
    -0.230
     1.943
     0.113
    -3.796
    -6.569
    -7.371
    -4.783
    -3.658
    -2.733
    -0.982
    -1.899
    -2.543
    -1.817
    -4.199
    -3.769
    -4.838
    -4.612
    -2.673
    -2.388
    -2.002
    -2.459
    -3.433
    -3.212
    -2.191
    -4.676
    -3.140
    -2.289
    -0.102
     2.122
    -0.332
    -0.066
     0.486
    -0.428
    -0.056
    -1.818
    -1.114
     0.438
    -1.267
    -0.558
    -1.624
    -1.428
     0.497
    -0.281
    -0.649
    -0.561
    -0.392
    -1.267
    -2.471
    -2.254
    -0.682
    -1.124
    -1.812
    -0.974
    -0.962
    -2.776
    -1.830
    -2.098
    -1.433
     0.177
    -0.002
     1.439
     0.690
     0.806
     0.192
    -0.392
    -0.975
     0.554
     1.547
     1.038
    -0.506
    -0.103
     0.176
    -0.083
     1.616
     0.750
     2.434
     2.689
     1.024
     1.650
     2.626
     4.173
     2.331
     1.570
    -1.330
    -0.964
    -2.136
    -0.762
     1.588
     2.171
     4.104
     3.089
     3.295
     2.470
     3.111
     4.232
     3.291
     1.433
     1.437
     1.659
     0.496
     0.475
     1.068
     0.495
     1.790
     0.694
     1.470
     1.442
     2.561
     2.508
     3.364
     3.167
     3.265
    -0.259
     0.434
     2.512
     2.399
     1.727
     0.454
     1.432
     0.707
     2.292
     2.042
     0.333
    -0.808
     0.364
     0.332
     0.286
     1.242
     0.093
    -1.377
    -0.238
    -0.489
     0.251
    -0.470
    -0.559
    -2.321
    -1.847
    -0.439
    -1.267
    -1.082
    -1.464
    -0.513
     0.370
    -1.839
    -1.590
    -2.795
    -1.685
    -3.147
    -1.956
    -1.994
    -1.110
     0.296
     1.482
     0.020
     1.157
    -0.325
    -0.543
     0.490
     1.850
     1.503
     0.548
    -0.919
     0.781
     0.360
    -0.963
    -0.047
     1.147
     0.487
     1.196
     1.023
     0.346
     0.188
    -0.268
     0.160
    -1.569
    -1.818
    -1.136
    -1.990
    -0.533
    -1.001
    -2.964
    -1.912
    -1.132
    -1.276
    -2.047
    -1.623
    -1.994
    -2.473
    -2.777
    -3.928
    -2.575
    -1.909
    -0.741
     0.226
    -0.803
    -1.590
    -1.373
    -0.894
    -0.130
    -0.892
    -1.717
    -1.002
    -0.907
    -0.956
    -1.615
    -1.685
    -2.146
    -2.632
    -2.018
    -2.745
    -2.971
    -2.160
    -1.509
    -1.532
    -0.130
    -0.449
    -0.754
    -1.027
     0.241
    -2.793
    -1.160
    -2.993
    -2.937
     0.202
     0.460
    -0.179
    -0.351
     2.225
     0.447
     0.474
     0.973
     1.229
     0.964
     0.106
     3.231
     1.595
     1.640
     2.344
     4.153
     4.156
     3.909
     3.401
     4.016
     1.631
     3.168
     1.979
     2.822
     2.523
     1.697
     2.765
     4.389
     3.916
     4.988
     3.547
     3.796
     3.450
     4.116
     4.403
     3.693
     4.887
     3.978
     4.402
     3.640
     4.585
     4.233
     4.933
     4.005
     4.453
     3.335
     3.066
     4.153
     2.547
     1.554
     0.791
    -0.978
    -0.868
    -1.857
     0.557
    -1.367
    -1.735
    -1.543
     0.185
    -1.148
    -0.769
    -0.473
    -1.183
     0.135
     0.247
    -0.615
    -2.727
    -2.050
    -3.062
    -3.835
    -3.638
    -4.231
    -4.580
    -5.260
    -6.071
    -5.887
    -6.638
    -8.161
    -4.120
    -4.440
    -5.731
    -5.300
    -4.271
    -3.165
    -3.912
    -3.506
    -3.615
    -4.139
    -2.660
    -4.198
    -4.152
    -5.036
    -5.224
    -5.524
    -5.082
    -5.717
    -6.377
    -6.099
    -6.816
    -5.993
    -3.472
    -5.440
    -4.584
    -2.865
    -3.290
    -2.134
    -1.861
    -2.647
    -2.982
    -1.548
    -1.726
    -2.795
    -3.780
    -1.737
    -4.431
    -3.507
    -2.300
    -1.234
     2.002
     2.537
     1.778
     3.469
     2.499
     5.108
     7.197
     6.518
     6.118
     5.239
     7.129
     8.042
     9.437
    11.344
    11.781
    13.022
    10.396
     9.921
    10.079
    11.139
    16.713
    16.179
    10.588
     5.911
     7.142
    14.432
    16.274
     8.296
     6.743
    11.526
     8.762
     8.912
     5.108
     3.091
     2.939
     1.571
    -1.838
    -3.371
    -1.595
    -0.249
     0.124
    -1.139
    -3.506
    -2.023
    -1.708
    -0.063
    -1.386
    -1.433
    -1.976
    -0.547
    -1.302
    -1.600
    -1.702
    -1.033
    -1.414
    -1.140
    -2.995
    -3.892
    -3.317
    -2.684
    -3.534
    -4.134
    -5.995
    -6.240
    -5.984
    -7.264
    -6.141
    -3.951
    -4.813
    -6.078
    -7.249
    -7.607
    -7.230
    -7.555
    -7.544
    -6.504
    -7.155
    -7.309
    -7.751
    -7.058
    -6.670
    -7.076
    -7.081
    -7.359
    -7.062
    -6.826
    -6.724
    -6.509
    -5.286
    -5.007
    -5.095
    -4.538
    -4.758
    -4.352
    -4.169
    -3.524
    -3.407
    -3.240
    -3.229
    -2.845
    -2.868
    -2.737
    -2.469
    -1.939
    -1.460
    -1.262
    -1.383
    -0.721
    -0.434
    -0.029
     0.137
     0.463
     0.752
     1.157
     1.346
     1.729
     1.937
     2.318
     2.516
     2.881
     3.066
     3.437
     3.624
     3.986
     4.165
