     5.172
     5.041
     4.922
     4.769
     4.632
     4.457
     4.306
     4.129
     3.952
     3.747
     3.597
     3.375
     3.087
     2.870
     2.628
     2.327
     2.024
     1.678
     1.261
     0.993
     0.608
     0.189
    -0.070
    -0.338
    -0.338
    -1.047
    -1.076
    -1.311
    -2.055
    -2.240
    -2.578
    -2.864
    -3.515
    -4.153
    -4.538
    -5.304
    -5.565
    -5.691
    -6.278
    -6.335
    -6.720
    -6.525
    -7.257
    -7.971
    -8.073
    -8.554
    -8.587
    -8.735
    -8.940
   -10.020
    -9.693
   -10.635
   -10.394
   -10.739
   -10.677
   -12.632
   -11.882
   -11.802
   -13.454
   -13.350
   -12.935
   -13.040
   -13.842
   -13.278
   -11.427
   -10.613
   -11.048
    -9.237
    -7.403
    -6.784
    -4.681
    -4.679
    -3.250
    -0.758
     0.939
     0.280
     0.110
     1.174
     2.706
     4.635
     5.250
     6.010
     5.926
     6.644
     7.426
     7.010
     8.752
     8.361
     7.863
     9.000
     9.280
     9.899
    11.116
    12.879
    11.636
    11.199
    11.294
    10.161
     9.922
     8.997
     8.815
     7.047
     6.931
     6.276
     4.421
     4.633
     4.529
     4.183
     3.837
     2.471
     3.154
     4.331
     3.551
     4.510
     4.179
     2.373
     1.542
     1.251
     1.499
     0.631
     0.628
     0.161
     0.620
     0.205
     0.020
    -1.151
    -0.489
    -0.275
    -0.939
    -1.313
    -1.289
    -1.002
    -1.245
    -1.518
    -1.960
    -1.424
    -1.784
    -2.333
    -1.910
    -2.716
    -2.481
    -3.366
    -2.938
    -2.258
    -2.566
    -2.107
    -1.694
    -1.652
    -1.794
    -2.036
    -2.266
    -1.314
    -1.542
    -1.838
    -0.220
    -1.150
    -2.595
    -2.961
    -2.371
    -4.808
    -4.826
    -3.821
    -2.958
    -2.204
     0.775
     0.827
     1.132
     0.606
     2.215
     1.208
     2.483
     3.813
     2.220
     1.702
     4.358
     3.400
     2.523
     2.813
     2.926
     3.503
     4.170
     4.382
     2.506
     3.998
     2.943
     1.897
     2.881
     2.492
     1.585
     3.202
     3.608
     2.437
     0.022
    -2.237
    -0.150
     1.222
     3.067
     3.211
     1.883
     0.807
     2.658
    -0.493
    -1.427
    -2.672
    -5.302
    -6.074
    -2.981
    -0.465
    -2.346
    -3.013
    -3.631
    -4.508
    -6.207
   -10.225
   -10.093
   -10.240
    -9.303
    -9.606
    -8.738
   -11.051
    -9.473
    -6.587
    -8.955
    -9.633
    -8.438
    -5.961
    -5.996
    -3.543
    -2.559
    -1.845
     0.186
     2.252
     2.584
     6.428
     5.184
     5.288
     8.893
     8.019
     8.804
     8.812
     9.153
     7.864
     7.626
     7.396
     5.262
     3.192
     3.860
     2.683
     3.489
     3.421
     5.429
     0.968
     7.414
     2.565
    -2.660
     1.304
     2.000
     1.864
     1.711
     0.929
     0.281
    -0.322
     0.267
    -1.732
    -0.042
    -1.596
     0.212
    -2.296
    -0.845
    -1.249
    -0.329
    -0.347
     0.421
     0.175
    -0.563
    -0.744
    -0.178
    -1.074
    -1.580
    -3.227
    -2.886
    -1.941
    -4.020
    -4.691
    -4.412
    -3.313
    -3.757
    -4.063
    -2.999
    -4.271
    -1.998
    -3.191
    -3.157
    -2.913
    -3.647
    -3.462
    -4.078
    -3.126
    -4.079
    -4.169
    -3.247
    -3.441
    -2.993
    -1.808
    -0.049
    -0.530
    -0.636
    -1.275
    -1.163
    -1.736
    -2.167
     0.424
     2.541
     3.217
     2.307
     3.956
     2.830
     4.648
     5.882
     5.610
     5.504
     5.519
     4.325
     6.422
     6.358
     5.659
     6.433
     5.395
     5.130
     5.677
     5.121
     6.342
     4.709
     4.802
     3.879
     3.453
     3.069
     2.709
     2.879
     4.251
     2.678
     4.901
     4.220
     5.400
     3.013
     3.387
     2.679
     1.042
     1.089
     1.415
     0.678
    -1.826
     1.160
    -0.035
    -0.590
    -0.916
    -1.433
    -1.424
    -2.249
    -3.158
    -4.855
    -4.042
    -2.780
    -2.143
    -3.102
    -5.162
    -3.225
    -2.219
    -1.731
    -0.264
    -0.051
    -1.998
     0.660
    -0.470
    -0.425
     0.840
     0.455
     0.885
     1.308
     1.720
     0.044
     2.149
     1.258
     0.535
     0.222
     1.027
    -0.548
    -1.324
    -2.153
    -0.954
    -1.774
    -2.691
    -2.092
    -3.684
    -4.346
    -5.120
    -4.623
    -4.309
    -4.422
    -4.093
    -3.221
    -3.369
    -4.022
    -4.939
    -3.734
    -4.574
    -5.343
    -5.067
    -6.917
    -7.011
    -9.219
    -8.756
    -6.634
    -6.668
    -5.255
    -5.623
    -5.131
    -6.101
    -4.930
    -3.564
    -3.708
    -2.600
    -2.676
    -1.461
     0.611
     5.630
     6.639
     6.436
     3.733
     1.329
     1.239
     1.348
     2.834
     3.683
     4.304
     3.815
     3.390
     1.940
     1.571
     2.840
     3.182
     2.927
     1.149
     1.605
     2.261
     2.767
     3.696
     3.459
     3.640
     2.794
     1.420
     1.063
     1.700
     0.065
     1.175
     1.754
     1.622
     0.360
     0.695
     0.193
     0.999
     1.808
     4.011
     2.454
     2.789
     3.658
     4.011
     3.214
     2.330
     0.495
    -0.841
    -2.037
    -0.682
     0.590
     0.758
    -0.230
     0.310
     1.037
     0.808
     0.869
     0.721
     2.458
     0.020
     2.315
     1.703
     2.307
     2.019
     1.802
     1.372
     3.734
     3.475
     1.760
     3.117
     1.711
     2.013
     1.129
     1.958
     2.786
     3.208
     3.006
     0.695
     0.296
     0.346
    -0.281
     0.314
    -0.941
    -1.468
    -1.729
    -1.224
    -0.090
    -0.439
    -0.832
     0.048
    -1.181
    -0.268
     1.545
    -0.216
    -0.037
     0.745
     2.060
     1.358
     1.831
     2.762
     1.971
     1.927
     2.237
     3.492
     0.873
     0.930
     0.597
     1.338
     2.202
     2.252
     2.401
     0.346
    -0.093
    -0.944
     0.464
    -0.989
     0.862
    -1.221
    -0.193
    -1.044
    -2.393
    -3.390
    -2.169
    -0.863
    -0.504
     0.795
    -0.934
     1.507
     1.307
     2.092
     2.755
    -0.492
    -0.851
    -0.765
    -0.915
    -1.411
    -2.703
    -3.217
    -4.994
    -4.341
    -4.829
    -5.819
    -5.850
    -6.327
    -8.009
    -8.485
    -7.294
    -7.388
    -6.490
    -6.676
    -6.650
    -6.963
    -7.080
    -7.502
    -6.547
    -6.049
    -6.268
    -5.045
    -5.685
    -5.625
    -4.450
    -5.392
    -3.662
    -3.021
    -3.496
    -2.940
    -3.244
    -3.082
    -1.181
    -1.732
    -2.258
    -1.855
    -1.096
    -1.058
    -0.624
    -0.079
    -1.802
    -2.925
    -1.696
    -1.626
    -0.705
    -0.705
    -0.639
    -0.230
    -0.202
     0.020
     1.816
     2.454
     2.795
     3.425
     4.021
     5.088
     5.235
     5.125
     5.949
     6.065
     3.956
     5.126
     3.208
     4.237
     4.789
     3.889
     2.615
     2.227
     3.671
     3.461
     4.930
     5.231
     5.833
     4.890
     5.265
     3.853
     4.738
     5.378
     2.970
     5.162
     4.847
     4.245
     4.645
     4.163
     4.617
     5.750
     6.585
     6.386
     5.200
     5.070
     6.428
     5.489
     5.490
     5.272
     5.463
     7.318
     6.923
     5.022
     4.962
     5.435
     4.956
     4.825
     6.139
     4.499
     4.449
     3.935
     4.930
     5.375
     5.957
     6.000
     6.217
     6.181
     5.286
     3.729
     0.659
    -0.833
    -0.994
    -2.362
    -6.241
    -6.136
    -6.263
    -7.251
    -8.015
    -7.393
    -7.044
    -5.799
    -5.960
    -6.488
    -6.297
    -7.242
    -4.694
    -5.099
    -4.175
    -2.768
    -2.447
    -2.769
    -0.909
    -1.351
    -1.496
    -0.918
    -2.387
    -0.540
     0.318
    -1.917
    -0.739
    -0.517
    -0.928
    -0.472
    -1.335
    -2.057
    -2.808
    -1.447
    -3.772
    -3.975
    -5.335
    -4.833
    -6.249
    -6.179
    -7.577
    -6.772
    -6.809
    -8.204
    -6.701
    -6.026
    -4.906
    -6.214
    -4.529
    -4.270
    -2.343
    -3.481
    -3.798
    -3.592
    -2.871
    -3.187
    -4.069
    -3.923
    -4.423
    -3.648
    -4.083
    -3.822
    -3.956
    -5.016
    -5.646
    -4.448
    -5.047
    -5.985
    -6.090
    -4.335
    -6.505
    -5.023
    -6.870
    -6.294
    -7.906
    -7.739
    -5.287
    -4.095
    -2.646
    -1.893
    -2.754
    -2.454
    -3.131
    -2.188
    -0.891
    -0.047
     0.200
    -0.706
    -0.056
     1.108
     1.602
     1.710
     1.610
     0.777
     1.411
     1.113
     2.147
     2.510
     2.959
     5.785
     5.509
     6.179
     6.028
     6.400
     5.410
     6.112
     7.944
     6.299
     8.006
    10.054
    10.605
     9.224
     9.473
    10.284
    11.384
    10.346
    10.730
    10.896
    10.981
    10.347
    10.825
    10.552
    10.795
    10.561
     9.385
     9.311
     7.839
     9.343
     9.400
     9.561
    10.257
     8.977
     9.206
     8.750
     9.721
    11.338
     9.719
     9.249
     9.045
    11.017
    10.841
    10.601
    10.711
    10.463
    10.141
    10.242
    10.417
    10.149
     9.664
     9.444
     9.440
     9.090
     8.804
     8.520
     8.213
     7.154
     7.710
     8.021
     8.598
     5.059
     2.123
    -0.393
    -4.511
    -5.963
    -8.883
   -11.667
   -16.342
   -18.586
   -21.396
   -21.563
   -23.328
   -26.474
   -27.377
   -28.053
   -28.649
   -31.322
   -31.292
   -29.351
   -29.238
   -27.414
   -26.306
   -25.050
   -24.844
   -24.893
   -23.005
   -20.481
   -19.413
   -16.887
   -13.175
   -10.050
    -9.326
    -6.512
    -4.665
    -3.881
    -1.159
     1.935
     1.700
     3.523
     3.181
     2.216
     3.168
     2.321
     2.947
     1.907
     2.000
     2.399
     1.028
     1.031
     0.589
     1.365
     0.268
    -0.040
    -0.699
     1.774
     1.396
     2.378
     2.274
     2.636
     3.588
     1.921
     1.064
     2.294
     2.747
     3.019
     2.629
     4.270
     3.251
     2.588
     4.028
     4.340
     5.458
     6.230
     6.859
     6.896
     6.881
     4.296
     2.346
     0.569
    -1.124
    -1.256
     0.551
    -0.012
     2.564
     7.482
    12.022
    15.940
    16.851
    15.883
    16.451
    16.503
    18.101
    16.956
    16.627
    15.186
    14.254
    12.778
    10.575
     9.112
     5.033
     3.188
     3.380
     1.468
     1.469
    -0.496
    -1.331
    -2.155
    -4.406
    -5.085
    -3.475
    -5.268
    -4.536
    -5.388
    -4.159
    -3.175
    -1.524
    -3.055
    -2.821
    -2.352
    -2.912
    -1.935
    -1.212
     0.428
    -1.504
    -0.481
    -0.530
     0.797
     2.946
     2.396
     3.078
     4.181
     5.640
     3.684
     4.321
     4.932
     6.355
     4.927
     5.137
     3.715
     5.062
     5.416
     7.589
     7.068
     7.071
     7.835
     5.709
     4.322
     2.797
     2.412
     1.009
    -1.834
     0.209
    -0.628
    -3.613
    -5.320
    -6.351
    -4.511
    -6.204
    -4.890
    -5.255
    -3.798
    -3.323
    -3.773
    -4.362
    -5.296
    -3.774
    -1.503
    -1.536
    -1.203
    -0.680
    -1.556
    -1.218
    -0.362
     0.266
     0.846
     0.137
     1.391
     0.699
     2.651
    -0.359
    -1.228
    -0.775
    -1.108
    -0.534
    -1.798
    -1.095
     0.510
    -0.934
    -1.039
     1.676
    -1.545
     0.126
     0.631
    -0.502
    -1.418
    -4.097
    -6.945
    -8.619
    -8.289
    -7.432
    -8.072
    -8.539
   -10.225
   -10.701
   -12.425
   -10.848
    -9.115
    -9.642
   -12.183
   -11.552
   -13.525
   -16.344
   -16.646
   -16.593
   -16.928
   -18.665
   -18.755
   -16.301
   -17.189
   -17.577
   -19.325
   -20.305
   -23.328
   -24.348
   -26.095
   -28.631
   -31.559
   -30.463
   -29.575
   -29.105
   -29.118
   -29.025
   -30.090
   -40.557
    13.630
    24.576
    14.423
     9.931
    12.093
    12.114
    12.286
    11.865
    15.241
    16.670
    19.873
    15.975
    15.101
    16.624
    16.683
    18.403
    19.710
    21.738
    22.566
    29.918
    31.027
    23.432
    25.826
    27.633
    36.043
    41.559
    40.623
    39.653
    41.215
    41.826
    44.178
    43.407
    44.985
    42.617
    44.724
    43.276
    39.828
    35.359
    32.415
    32.662
    29.180
    29.796
    29.522
    28.502
    23.242
    24.290
    22.840
    20.485
    19.178
    18.343
    15.592
    14.315
     9.885
     7.912
     0.025
    -5.004
   -13.179
   -15.156
   -25.104
   -29.067
   -29.242
   -32.811
   -33.901
   -35.337
   -36.324
   -37.507
   -36.723
   -33.230
   -29.219
   -32.808
   -31.956
   -33.557
   -35.381
   -34.552
   -37.512
   -34.271
   -30.710
   -32.908
   -32.252
   -28.945
   -29.611
   -29.823
   -27.985
   -25.310
   -25.615
   -26.434
   -26.838
   -24.505
   -27.797
   -25.855
   -23.510
   -24.655
   -23.068
   -24.175
   -25.190
   -27.166
   -28.712
   -26.706
   -27.018
   -26.449
   -21.489
   -18.261
   -17.769
   -13.821
    -9.856
    -6.076
    -4.338
    -2.047
    -1.726
     0.589
     3.997
     7.011
     5.103
    10.234
    18.022
    21.611
    25.112
    28.211
    32.898
    37.465
    41.611
    38.950
    37.040
    46.471
    54.252
    51.581
    46.669
    55.299
    47.094
    40.557
    53.047
    54.528
    35.099
    18.007
    14.118
    33.702
    23.336
     8.096
    -3.600
     1.897
    -5.727
   -11.878
   -14.857
    -9.361
   -19.596
   -18.732
   -11.770
   -11.347
    -7.320
    -6.922
   -11.617
   -15.988
   -11.556
    -4.481
    -4.847
    -8.554
    -4.183
    -0.047
     0.157
    -0.955
    -0.946
     2.236
     2.469
     4.350
    -1.471
     0.924
     3.842
     2.177
     2.042
    -4.299
   -14.121
   -18.026
   -10.050
     5.843
    -1.175
    -7.898
    -9.484
    -7.908
    -6.497
    -5.463
     8.861
     3.514
    -9.586
   -14.796
   -14.404
   -24.175
   -24.343
   -18.060
   -10.692
    -7.652
    -4.688
     0.308
    -1.542
   -11.735
   -14.103
   -15.593
    -9.115
    -6.176
     0.958
     2.659
     2.075
     5.524
     2.459
    10.830
     9.386
     6.095
     7.925
    16.475
    20.293
    26.071
    23.104
    18.742
    17.150
    12.743
    14.520
    15.618
    11.411
    10.142
    10.078
     6.548
     4.808
    -1.054
     3.056
     0.178
     7.309
     2.577
     3.579
     5.707
     0.419
     1.007
     2.592
     1.321
     2.148
     5.312
     5.290
     3.508
     3.363
     1.967
    -2.224
    -3.380
    -6.575
    -3.581
    -3.311
     0.882
    -0.168
     1.296
    -1.910
    -3.325
    -3.234
    -7.041
    -6.510
    -4.081
    -7.633
   -11.116
    -8.042
    -3.460
    -5.863
   -17.006
   -15.313
   -13.320
    -6.788
    -8.854
   -10.175
    -6.908
    -5.187
     5.502
    13.691
    -1.528
    -4.986
   -10.187
    -7.558
    -4.881
    -3.053
   -11.570
   -19.482
   -13.322
   -15.781
   -19.789
   -21.140
   -21.129
   -19.619
   -16.026
   -13.064
   -11.256
   -12.469
   -11.821
    -9.182
    -4.453
   -11.176
    -9.656
    -7.550
    -2.923
    -4.185
    -8.046
    -5.405
    -9.586
    -3.584
    -7.868
    -1.684
    -2.762
    -0.297
     0.273
     9.807
     5.958
     9.630
     4.136
     2.800
     7.408
     5.309
     8.020
    10.832
    15.566
    10.398
     5.268
     6.797
     6.440
     7.096
     8.132
    12.247
    13.269
    18.124
    20.712
    18.232
    19.562
    21.772
    20.557
    22.157
    25.182
    19.133
    31.913
    22.216
    25.234
    14.826
    10.281
    16.504
    15.592
    14.514
    17.187
    15.057
    17.630
    12.181
     7.043
     9.179
     8.298
     4.634
     5.927
     4.354
     7.943
    11.266
     0.776
     0.014
     2.445
    -0.054
    -5.761
    -5.328
    -7.421
    -8.115
    -5.755
    -5.373
    -7.706
   -10.325
   -14.014
    -1.854
    -4.817
   -20.565
   -19.195
    -4.502
    -2.845
    -0.044
   -13.011
    -7.716
    -2.119
   -12.254
   -11.894
   -15.914
   -26.185
   -20.524
   -16.245
   -20.737
   -17.605
    -7.589
   -12.544
    -9.052
    -2.630
     0.134
    -3.424
    -4.111
    -6.282
    -7.636
    -8.245
    -9.966
    -9.279
    -9.173
    -7.754
    -8.999
    -3.087
    -3.849
    -4.128
    -4.176
     2.556
    -1.686
    -3.297
     0.797
     1.901
     4.338
     0.925
     2.636
    -1.501
     2.634
    -0.364
    -1.273
     3.260
     5.037
     3.136
    -2.078
    -2.013
     2.648
     3.411
     0.603
     3.639
     5.170
     8.793
     4.942
     2.900
     2.308
     2.191
     6.217
     2.776
     4.388
     3.982
    -1.206
     0.548
     0.398
    -0.543
    -0.731
    -4.439
    -2.481
     1.971
     2.289
     3.939
    -2.297
    -0.574
     2.635
     3.721
     3.601
     1.210
    -5.403
    -1.009
     1.404
     5.403
    -5.227
   -15.742
   -12.557
    -5.855
    -7.198
    -8.012
   -10.758
    -9.101
    -8.156
    -7.391
    -6.861
    -8.736
    -4.333
    -4.466
    -2.210
     1.030
     3.825
     1.935
    -4.440
    -0.614
     0.947
     1.722
     0.588
     0.120
     1.311
     1.838
     1.807
     2.584
     7.020
     3.743
     7.058
     7.540
     7.878
    10.734
     9.367
     8.749
     7.717
     7.801
     9.013
     9.257
    11.083
    11.095
    10.683
    10.511
    10.267
    13.023
    13.522
    12.211
    14.904
    15.611
    17.131
    15.240
    14.246
    14.480
    14.089
    13.775
    14.842
    11.994
    14.192
    11.940
     8.985
     9.139
     8.221
     7.410
     8.088
     6.022
     5.137
     3.832
     4.079
     2.722
     1.583
    -0.338
    -1.719
    -0.882
    -2.497
    -3.947
    -4.935
    -5.090
    -5.054
    -4.958
    -7.005
    -8.388
    -9.632
   -11.523
   -11.806
   -12.733
   -14.936
   -16.557
   -17.647
   -19.159
   -17.279
   -18.562
   -17.750
   -18.059
   -20.239
   -21.076
   -20.833
   -19.980
   -19.400
   -16.446
   -17.350
   -16.186
   -17.690
   -13.263
   -13.610
    -9.351
   -11.688
   -10.318
   -11.295
    -8.887
    -9.460
    -6.084
    -7.943
    -6.580
   -10.034
    -6.233
    -7.309
    -7.648
    -7.381
    -6.305
    -4.032
    -2.722
    -0.402
     0.647
     1.196
     1.205
     1.607
     2.854
     2.268
     4.564
     6.590
     8.272
     7.148
     7.249
    13.336
     6.581
     8.206
     9.394
    11.694
    11.578
    10.243
     9.550
    10.566
     9.621
    10.274
     8.503
     8.554
     8.895
     8.380
     8.086
     8.852
    10.076
     9.787
     7.481
     9.332
     7.152
     8.402
    11.468
    10.688
    10.342
     9.198
     9.170
    11.088
    11.306
     9.361
     8.325
     7.293
     6.568
     6.009
     6.057
     6.425
     5.103
     4.871
     5.276
     4.449
     5.418
     5.489
     6.618
     7.225
     7.622
     4.414
     4.890
     4.127
     2.051
     2.327
    -0.068
    -2.187
    -2.443
    -2.048
    -4.775
    -5.005
    -5.643
    -7.317
    -6.638
    -8.170
    -6.773
    -6.772
    -5.996
    -6.898
    -6.595
    -6.822
    -6.320
    -5.586
    -6.585
    -5.986
    -6.764
    -5.424
    -7.917
    -6.828
    -7.214
    -6.441
    -8.396
   -10.169
    -9.772
    -9.976
    -9.812
    -8.730
    -9.721
    -7.425
    -7.953
    -7.401
    -7.988
    -6.568
    -8.355
    -8.612
    -6.528
    -5.516
    -2.171
    -1.817
    -2.145
    -0.028
     2.441
     2.498
     4.525
     3.614
     2.833
     2.647
     1.812
     1.968
     0.568
    -0.481
    -1.046
    -3.018
    -1.782
    -0.665
    -1.963
    -2.072
    -0.915
    -0.906
     1.175
     1.808
     2.169
     1.896
     1.964
     2.956
     2.538
     4.255
     3.976
     3.341
     5.510
     7.061
     7.692
     4.372
     4.905
     5.689
     3.719
     5.219
     5.097
     6.642
     6.396
     6.888
     6.509
     7.518
     5.511
     6.355
     6.296
     6.271
     6.706
     6.279
     5.972
     5.287
     5.359
     6.139
     7.261
     4.753
     4.196
     2.663
     3.400
     3.008
    -0.103
     0.682
    -0.013
     1.281
    -1.463
    -3.225
    -3.977
    -2.080
    -4.732
    -3.600
    -5.146
    -6.068
    -6.276
    -4.650
    -4.059
    -4.246
    -3.832
    -3.521
    -3.186
    -3.946
    -4.843
    -5.664
    -4.627
    -5.354
    -4.545
    -6.638
    -7.456
    -5.578
    -6.630
    -3.200
    -3.245
     0.060
     1.353
    -0.427
    -2.840
    -1.876
    -3.729
    -6.126
    -5.219
    -3.731
    -1.626
    -0.962
     1.187
    -3.179
    -1.186
    -0.399
    -0.813
    -5.477
    -6.024
    -8.209
    -5.897
    -5.517
    -5.747
    -6.036
    -4.511
    -1.619
    -2.900
    -5.519
    -5.408
    -5.738
    -3.490
    -3.341
    -2.404
    -1.658
     1.368
     1.339
     2.966
     1.494
     2.290
     2.450
    -0.802
     1.206
     3.561
     4.880
     4.157
     7.021
     5.537
     7.231
     8.133
    10.354
    11.252
    11.580
    10.398
    12.117
    11.432
    12.167
    14.178
    12.315
    12.147
    12.260
    11.352
    11.751
     9.510
     7.651
     5.824
     5.878
     2.626
     2.504
     0.456
     0.484
    -3.135
    -2.479
    -2.047
    -2.547
    -0.377
    -0.778
    -2.408
    -1.257
     0.257
     3.305
     1.456
     0.818
     2.186
     2.479
     2.099
     1.187
     0.148
     0.075
     0.236
    -2.398
    -4.337
    -3.612
    -4.248
    -4.517
    -4.310
    -5.373
    -4.580
    -2.939
    -3.120
    -2.641
    -3.370
    -5.308
    -6.605
    -5.726
    -8.622
    -9.670
   -11.508
   -10.401
    -2.954
   -10.848
    -8.235
    -9.126
    -6.598
    -6.817
    -3.475
    -4.716
    -5.784
    -4.536
    -5.402
    -1.369
    -1.833
    -0.362
     0.471
    -0.902
     2.472
    -0.317
     2.141
     4.776
     2.800
     0.248
     2.303
     3.245
    -2.972
    -3.557
    -4.491
    -1.475
    -0.542
     1.365
     1.519
     1.222
     1.098
    -1.357
    -1.367
    -0.509
    -0.460
    -0.624
    -0.508
     0.012
    -2.071
    -0.881
    -0.764
     0.413
    -0.022
    -0.192
    -0.458
     0.805
     0.567
    -0.925
     0.885
    -0.255
     1.606
     0.610
     3.996
     1.059
    -1.123
    -0.954
     0.354
     2.593
     4.117
     4.766
     3.597
     5.556
     3.030
     2.045
     2.179
     2.260
     1.509
     1.211
     0.443
    -0.383
    -0.345
     1.451
     0.292
     1.212
     4.075
     4.733
     5.268
     3.600
     4.613
     3.319
     3.131
     5.600
     3.628
     6.608
     6.549
     5.551
     6.061
     4.127
     2.005
     2.855
     3.310
     4.754
     2.632
     0.568
     1.415
     3.216
     3.349
     3.294
     1.959
     1.440
     1.062
    -0.211
    -0.426
    -1.202
    -2.419
    -2.924
    -3.659
    -2.881
    -3.426
    -4.716
    -5.784
    -3.548
    -2.984
    -2.947
    -3.364
    -2.239
    -3.939
    -3.125
    -2.952
    -2.626
    -1.928
    -3.264
    -3.633
    -3.591
    -3.518
    -3.491
    -4.532
    -5.899
    -5.897
    -5.260
    -3.702
    -2.533
    -1.363
    -2.124
    -0.995
    -2.191
    -1.753
    -1.420
     0.974
    -0.375
    -0.174
     1.279
     3.029
     1.485
    -0.100
    -1.270
     1.872
     1.281
     2.966
     2.381
     0.096
    -0.553
    -0.140
     1.901
     4.091
     3.083
     2.608
     1.378
     1.247
     1.195
     2.062
     1.577
     1.434
     2.175
     1.003
     0.668
    -0.697
    -0.707
    -0.977
    -1.321
    -0.600
    -1.154
    -2.026
    -1.968
    -1.490
    -1.190
    -1.685
    -0.911
    -1.166
    -1.031
    -0.961
    -0.762
    -0.841
    -0.890
    -0.177
    -0.405
     0.950
     1.261
     0.140
    -0.055
     2.554
     1.305
     2.012
     2.294
     1.798
     1.016
     1.655
     0.133
     0.543
     0.957
     1.095
     0.649
     1.831
     1.725
     1.364
     0.107
     0.858
     0.763
     1.247
     2.383
     2.312
     1.551
     1.754
     0.741
     0.407
    -0.464
    -0.975
    -1.490
    -2.300
    -1.419
    -1.445
    -1.119
    -0.560
    -1.497
    -2.077
    -2.092
    -1.826
    -1.099
    -2.167
    -1.306
    -1.646
    -2.073
    -1.698
    -1.668
    -0.839
    -0.339
    -0.617
    -0.421
    -1.192
    -1.396
    -1.177
    -0.262
    -1.335
    -1.096
    -0.799
    -1.565
    -1.037
    -0.450
    -0.640
    -0.319
    -0.214
     0.664
     1.023
    -0.060
    -0.083
    -1.138
     0.464
     0.269
    -0.066
     0.661
     2.345
     1.076
     0.323
     0.730
    -0.327
    -0.064
     0.630
    -0.015
    -0.189
    -0.118
    -0.563
     0.221
     0.252
     0.724
     0.546
     0.259
    -0.361
     0.612
     1.733
     0.670
     1.265
     0.517
     0.173
    -0.593
    -0.437
    -1.119
    -0.248
    -0.231
    -0.590
    -0.745
     0.250
     0.299
    -0.431
    -0.993
     0.302
     0.496
     1.909
     1.781
     2.072
     4.359
     5.187
     5.975
     6.841
     7.224
     7.330
     6.918
     6.852
     5.077
     4.084
     3.277
     3.676
     2.517
     1.744
     0.519
     0.190
    -1.262
    -0.854
    -1.615
    -0.155
    -0.092
     0.183
    -0.628
    -0.471
     0.886
    -0.184
    -0.678
     0.907
    -0.430
    -1.123
    -0.204
    -2.149
    -1.499
    -2.394
    -1.548
    -2.127
    -1.798
    -2.810
    -2.890
    -2.974
    -3.784
    -2.587
    -3.009
    -2.591
    -2.223
    -2.272
    -2.481
    -2.277
    -1.895
    -2.514
    -3.539
    -3.744
    -3.733
    -2.585
    -4.066
    -4.205
    -3.640
    -3.985
    -3.644
    -3.010
    -3.080
    -3.556
    -4.722
    -3.579
    -3.157
    -2.265
    -2.046
    -3.182
    -1.777
    -1.612
    -1.413
    -0.634
    -0.542
     0.085
    -1.164
     0.426
     0.499
    -0.171
     0.356
    -0.169
    -0.247
    -0.199
     0.130
    -0.484
     0.422
     0.748
     0.990
     0.075
     0.617
    -0.329
     0.432
     1.118
     1.113
     2.452
     2.884
     2.803
     2.831
     2.921
     2.987
     3.470
     4.226
     2.293
     0.896
     0.398
    -0.588
     0.333
     0.175
     0.601
     1.807
     1.575
     2.606
     4.188
     4.279
     5.075
     4.662
     3.410
     4.520
     4.002
     2.962
     2.734
     1.009
     1.245
     1.172
     0.563
     0.567
     0.924
     0.460
     0.223
     0.801
     0.385
     0.380
     1.455
     1.034
     2.696
     1.846
     1.522
     0.503
     1.245
     0.379
    -0.176
     0.749
     0.369
     0.404
    -1.256
    -0.292
    -0.646
    -2.295
    -1.255
    -3.091
    -1.282
    -1.739
    -1.676
    -1.876
    -0.522
    -1.241
    -1.593
    -0.463
     0.826
     1.130
     0.288
     0.354
    -0.085
     0.454
     0.032
    -0.734
    -0.518
    -0.590
     0.070
     0.895
    -0.274
    -0.727
    -1.455
    -1.144
    -1.545
     1.521
    -0.010
    -0.445
    -0.440
    -0.712
    -0.933
    -0.726
    -0.161
    -0.301
    -0.479
    -0.863
     0.981
    -0.838
    -0.823
    -0.957
    -1.776
    -0.089
    -1.134
    -0.760
    -0.830
    -1.588
    -1.859
    -1.564
    -1.173
    -1.414
    -0.540
    -1.586
    -1.518
    -1.016
    -1.341
    -2.630
    -3.238
    -2.004
    -1.303
    -0.441
    -1.636
    -1.699
    -0.676
    -0.615
    -0.760
     0.949
    -0.350
     0.544
     0.301
    -0.671
    -2.107
    -1.817
    -1.710
    -2.177
    -1.565
    -1.064
    -1.680
    -0.267
    -0.655
    -0.944
    -1.570
    -0.739
    -0.444
     1.015
     1.149
     1.409
     1.233
     1.158
     1.272
     2.127
     1.333
     3.647
     3.710
     4.155
     2.990
     2.455
     1.821
     3.033
     4.728
     4.288
     4.033
     4.564
     5.674
     4.345
     2.937
     2.192
     3.064
     2.703
     2.623
     0.077
    -0.737
    -0.515
     0.678
    -0.657
    -2.832
    -2.431
    -2.344
    -2.587
    -2.851
    -2.407
    -1.574
    -3.114
    -1.213
    -0.824
     0.056
     0.273
    -0.768
    -0.080
    -1.849
    -0.644
    -0.540
    -0.597
     0.099
     0.715
     0.305
    -0.942
    -1.204
    -1.457
    -1.802
    -0.945
    -2.263
    -0.697
    -1.525
    -1.857
    -2.714
    -3.431
    -4.147
    -2.355
    -2.968
    -2.173
    -1.478
    -2.208
    -2.110
    -2.119
    -1.443
    -2.099
    -2.269
    -1.178
    -2.094
     0.084
     0.181
     0.321
     0.069
     0.957
    -0.144
     0.505
     0.003
     0.897
     0.738
     1.477
     1.820
     1.730
     2.308
     0.603
    -0.143
     1.057
     0.841
     1.381
     2.858
     2.487
     2.828
     3.382
     3.266
     3.172
     1.256
     3.272
     3.099
     3.631
     2.479
     2.354
     2.170
     1.629
     1.178
     0.474
    -0.522
     1.046
     1.077
     0.733
     1.259
     0.407
     0.410
     0.426
     0.955
     0.833
     1.570
     1.245
     0.128
     1.753
     0.070
     0.765
     1.226
     2.094
     1.251
     0.460
     1.465
     1.449
     1.056
     1.087
     2.068
     0.418
     0.737
    -0.466
    -0.016
     0.670
    -0.303
     0.884
     0.251
     0.266
     1.083
     1.328
     0.430
     0.271
     0.957
     0.260
    -0.416
    -0.274
     0.788
    -1.660
    -0.070
    -0.760
    -0.510
    -1.497
    -0.733
    -0.905
    -1.689
    -2.087
    -0.944
    -0.949
    -0.855
     0.434
     0.179
    -1.511
    -1.230
    -2.000
    -2.868
    -3.055
    -1.510
    -2.967
    -4.215
    -5.134
    -6.169
    -4.706
    -5.791
    -3.869
    -2.144
    -2.729
    -0.854
    -0.850
    -2.573
    -0.213
    -1.438
    -2.601
    -1.300
    -0.943
    -0.712
    -1.525
    -1.291
    -2.932
    -3.141
    -3.778
    -2.954
    -2.750
    -2.226
    -3.161
    -2.255
    -1.234
     0.453
     1.051
    -1.230
    -2.186
    -3.023
    -3.325
    -2.377
    -0.476
    -2.306
    -3.597
    -4.039
    -4.083
    -4.435
    -2.995
    -1.909
    -1.467
    -2.608
    -2.548
    -2.161
    -2.468
    -0.787
     0.918
    -0.662
    -1.307
    -1.835
    -1.623
    -1.666
    -1.205
     1.534
     0.211
     2.219
     4.439
    10.789
     8.064
     3.936
     5.467
    11.838
    12.940
    13.262
    10.714
     8.782
     9.253
     6.649
     6.186
     4.551
     0.710
    -0.459
    -3.165
    -1.640
    -2.383
    -0.317
    -1.792
    -1.757
     0.252
     2.874
     5.015
     8.685
     9.501
    10.072
     8.217
     6.712
     6.449
     9.877
     4.750
     0.020
     0.589
    -6.067
    -4.120
    -3.152
    -1.548
     1.831
     1.374
     3.255
     4.458
     4.816
     4.584
     4.697
     6.744
     8.105
     7.153
     8.809
     7.258
     6.616
     7.270
     9.881
    12.095
    13.705
    13.669
    13.442
    11.959
    11.566
     9.974
     8.186
     2.624
    -6.884
    -6.628
    -1.422
    -4.846
     0.142
   -13.375
    -9.311
    -0.352
    -5.436
   -10.839
   -11.686
   -14.710
   -18.203
   -22.119
   -26.882
   -28.166
   -24.601
   -21.016
   -17.659
   -19.085
   -19.822
   -16.478
   -15.106
   -14.238
   -15.287
   -14.602
   -10.442
    -7.071
    -6.473
    -5.807
    -8.293
    -8.026
    -8.268
    -7.524
    -8.983
    -9.785
    -7.732
    -4.389
    -4.889
    -4.102
    -3.737
    -3.117
     1.842
     3.286
     3.913
     5.104
     6.082
     4.244
     6.016
     6.404
     7.950
     5.983
     6.682
     7.610
     7.995
     6.865
     6.808
     5.512
     6.901
     3.776
     3.403
     2.433
     1.309
     1.674
     2.125
     1.965
     3.509
     3.593
     3.424
     4.414
     4.114
     4.130
     4.815
     4.748
     5.102
     5.325
     5.279
     5.710
     5.788
     5.880
     6.577
     6.644
     6.939
     6.588
     5.989
     6.295
     6.344
     6.357
     6.087
     6.108
     6.178
     6.087
     5.997
     5.982
     5.936
     5.909
     5.801
     5.736
     5.659
     5.595
     5.491
     5.399
     5.276
