       -2.50618         0.09616
       -2.32753         0.10224
       -2.46710         0.09990
       -2.28833         0.11355
       -2.42760         0.10059
       -2.24880         0.11385
       -2.38767         0.10327
       -2.20888         0.11186
       -2.34717         0.10384
       -2.16834         0.12031
       -2.30576         0.10881
       -2.12695         0.12217
       -2.26355         0.10986
       -2.08496         0.12816
       -2.21944         0.11561
       -2.03964         0.13460
       -2.17295         0.12047
       -1.99310         0.14492
       -2.12550         0.13121
       -1.94362         0.14812
       -2.07240         0.13532
       -1.88850         0.16335
       -2.01351         0.14968
       -1.83089         0.17459
       -1.95259         0.15918
       -1.76651         0.19135
       -1.88226         0.17745
       -1.69394         0.19590
       -1.80287         0.19274
       -1.60729         0.22769
       -1.72104         0.20461
       -1.53120         0.25045
       -1.64039         0.23454
       -1.42372         0.26777
       -1.51791         0.24172
       -1.31888         0.28055
       -1.41592         0.27004
       -1.23512         0.30648
       -1.31965         0.29480
       -1.10137         0.31642
       -1.19821         0.30846
       -0.97867         0.34988
       -1.03546         0.33861
       -0.86617         0.38341
       -0.99251         0.37039
       -0.84317         0.43086
       -0.91659         0.38940
       -0.69430         0.42552
       -0.75901         0.41686
       -0.55495         0.47883
       -0.63662         0.46673
       -0.35232         0.49535
       -0.37174         0.49184
       -0.13382         0.53159
       -0.11806         0.51236
        0.10619         0.56268
       -0.02194         0.56641
        0.19573         0.57096
        0.09275         0.56082
        0.28020         0.60823
        0.19324         0.60260
        0.45849         0.62194
        0.42962         0.61483
        0.70775         0.66881
        1.02743         0.62910
        1.52364         0.64492
        1.53608         0.63245
        1.77230         0.68439
        1.85100         0.62623
        2.14647         0.70281
        2.08117         0.66423
        2.17186         0.73014
        1.89071         0.69103
        1.85022         0.76830
        1.75014         0.67145
        2.11610         0.69699
        2.16278         0.70839
        2.22004         0.76306
        2.39556         0.69028
        2.42609         0.75361
        2.21352         0.68839
        2.67902         0.71067
        2.82531         0.68071
        2.96161         0.66988
        2.65212         0.71602
        2.77394         0.75209
        3.18857         0.63545
        2.93752         0.68163
        2.39396         0.71828
        2.27476         0.76450
        2.36938         0.68584
        3.17871         0.60055
        2.76876         0.62726
        2.95056         0.62149
        3.12897         0.57612
        3.40642         0.57779
        2.86055         0.67529
        3.13108         0.64281
        3.29123         0.59845
        3.59522         0.66506
        3.83915         0.58036
        4.51411         0.56347
        4.48224         0.55662
        4.76101         0.58074
        4.28834         0.53829
        5.03222         0.54700
        5.13408         0.59529
        5.08576         0.57210
        4.68492         0.53316
        5.00254         0.58650
        3.95998         0.44798
        4.63943         0.56058
        4.18591         0.61324
        4.04423         0.58097
        3.25095         0.41305
        4.74863         0.77267
        2.86290         0.56691
        1.57601         0.54008
        5.22762         1.14357
        3.10287         0.36412
        2.40340         0.40506
        8.13798         1.77095
        6.10037         1.96322
        1.18265         0.50120
        6.28623         1.75529
        7.31163         1.86389
        2.44797         0.52208
        2.27484         0.21072
        7.27368         1.89281
        3.88596         0.94149
        3.08846         0.55794
        5.63475         1.63631
        3.30162         0.77129
        1.86860         0.23024
        3.13017         0.67703
        2.41997         0.56063
        2.78539         0.55974
        3.64837         0.99621
        2.81708         0.66503
        2.76180         0.54179
        3.62687         1.12217
        2.88078         0.79863
        2.05551         0.53830
        2.50274         0.83563
        0.72032         0.45579
        0.22144         0.26624
        1.34119         0.72711
        0.61518         0.67042
        0.47592         0.51976
        0.85298         0.70730
        0.42972         0.42421
       -0.33648         0.39333
       -0.29375         0.28635
        0.58845         0.48974
        0.77977         0.63229
       -0.01295         0.38384
        0.01754         0.29900
        0.62078         0.46072
       -0.05185         0.41923
       -1.36655         0.33551
       -0.87726         0.31998
       -1.14476         0.31228
       -1.25808         0.24174
       -1.24111         0.32711
       -1.22793         0.30900
       -1.00882         0.34550
       -0.32470         0.62978
       -0.87498         0.56791
       -1.16115         0.46955
       -1.59902         0.34911
       -0.74381         0.62144
       -2.26866         0.38435
       -2.29415         0.45989
       -1.44048         0.42046
       -1.46885         0.45534
       -2.89102         0.48265
       -2.20811         0.58655
       -0.13648         0.66467
        0.97747         0.81394
        0.34909         0.69775
        1.65356         0.78191
        2.08074         1.22537
        0.75764         0.90347
        1.13657         1.26535
        0.65626         1.15099
       -1.27645         0.60975
       -1.39442         0.81421
       -0.72881         1.00660
       -2.48434         0.66121
       -3.81158         0.69335
       -4.94363         0.90355
       -4.32506         0.75046
       -4.44092         0.77810
       -4.07551         0.70696
       -2.55517         0.56338
       -2.95323         0.55393
       -3.62727         0.74466
       -2.33150         0.51643
       -2.34260         0.34111
       -0.97994         0.58642
        1.71027         1.18631
        3.45461         1.95674
        2.72480         1.49211
        2.90269         1.88889
        2.02773         1.69753
       -0.45700         1.14165
       -1.80919         0.73560
       -2.47872         0.67411
       -0.90514         1.04182
       -2.79752         0.71236
       -5.15024         1.10381
       -5.45557         1.14589
       -6.57398         1.32674
       -7.38336         1.69180
       -6.90531         1.72210
       -6.84160         1.56857
       -5.77182         1.38533
       -6.86236         1.72663
       -6.90021         2.08303
       -6.07633         1.31323
       -5.23517         0.86503
       -3.87396         0.59503
       -4.83513         0.54200
       -5.30313         0.80025
       -6.45159         1.09929
       -6.00118         1.07407
       -6.40462         1.27698
       -6.40590         1.12139
       -4.91612         0.77016
       -3.46238         0.48705
       -4.35902         0.61714
       -4.65637         0.63756
       -4.26009         0.55452
       -3.96227         0.51386
       -2.30647         0.43702
       -3.54646         0.33186
       -1.81850         0.70884
       -0.94941         0.91104
       -0.59155         0.79195
       -0.37919         1.11812
       -1.67627         0.84289
       -1.63425         0.75356
       -1.50218         0.79370
       -0.20634         0.96555
        0.41278         1.22636
       -1.11072         0.69489
       -0.91874         0.62429
       -1.16122         0.62143
        0.30888         1.03243
        0.27254         0.83059
        0.15927         0.71608
       -0.35652         0.66748
       -1.15628         0.43765
       -1.53657         0.52093
       -2.06585         0.40824
       -1.47437         0.62559
       -2.84362         0.68339
       -2.64387         0.70963
       -4.26375         1.10741
       -3.23233         0.99421
       -2.06192         0.59228
       -1.63292         0.50898
       -1.99108         0.80101
       -1.35338         0.71399
        0.72999         0.38053
       -0.60193         0.48613
       -2.27801         0.96369
       -2.01544         0.96492
        0.85426         0.26178
        0.37994         0.51837
       -2.99592         1.25430
       -7.14059         2.64326
       -7.14259         2.92366
       -5.63653         2.31169
       -4.08258         1.87937
       -4.36741         1.97853
       -4.89898         2.23144
       -6.63823         2.84936
       -6.83738         3.11729
       -5.37564         2.70700
       -2.77994         1.66078
       -2.41991         1.74581
       -3.59316         1.98647
       -3.63087         2.33791
       -2.39165         1.92578
        0.08537         1.17629
        0.92207         1.00304
        1.54573         0.69226
        2.48786         0.41080
        1.88138         0.48561
        3.07088         0.51850
        3.48362         0.46590
        5.24247         0.80373
        3.68816         0.43975
        2.16746         0.50461
        1.66297         0.93294
        3.43182         0.41784
        2.98843         0.75315
        4.09633         0.44514
        3.62089         0.68639
        7.06050         1.02481
        6.44581         1.36312
        5.21501         1.13407
        2.22920         0.75509
       -4.15832         2.86371
       -7.74750         3.60854
      -10.22853         5.35476
       -8.24438         4.68182
       -3.72580         3.16945
       -1.38440         2.61876
        1.72476         1.38399
        5.05980         0.86392
        6.10687         1.16676
        4.05588         0.69320
        5.68369         1.20581
        4.72099         0.80826
        7.41383         2.05056
        8.05492         2.15237
        7.47705         2.43291
        2.41857         0.64035
        1.73865         0.54732
        0.96972         0.96469
        4.99702         0.64964
        7.82589         1.14081
       16.50843         3.78551
       18.43498         5.48612
       16.88568         5.46219
        5.87846         1.67074
        1.28620         0.41214
       -2.27781         1.62024
       -0.81759         0.38350
       -0.58788         0.33014
       -1.13100         0.46550
       -1.96598         0.94879
        2.74563         0.49423
       -1.38052         1.39201
        6.20295         1.85450
        4.14445         1.02436
        6.39548         2.73071
       -0.14022         0.64561
        3.55844         2.36880
       -2.38555         0.94402
       -2.28323         0.79938
      -13.06338         4.48423
        2.49904         1.52733
      -32.96094         9.84859
      -11.02176        11.50373
       49.32759        18.24742
       43.79917        11.99124
       29.63168        13.60941
       -2.07182         1.97853
        8.86888         4.20415
       -2.14506         2.13112
        8.16930         2.83362
        5.82055         2.55634
        3.52333         1.98892
       -1.88858         2.37702
        3.65294         1.68121
       11.14716         3.43838
        3.34081         2.32015
       -3.23399         3.42722
       -5.84851         3.67710
      -11.44117         5.49222
       -8.91306         4.15166
      -10.47814         5.36356
      -12.44705         5.89407
      -11.38546         6.69522
       -2.26918         3.40090
        6.00355         2.12803
        7.00054         2.57469
       -6.67009         4.77308
       -5.05462         4.67148
       -2.88280         3.64413
        2.93492         3.13288
       21.25625         6.26343
       19.66873         6.77173
        8.60044         4.13766
      -11.61406         5.03425
       -7.35557         4.57313
       17.18006         6.46171
       13.66379         5.43505
        4.56614         2.87590
        7.16181         3.53966
        7.49071         3.73497
        7.00492         3.84397
       10.68842         4.84671
        2.96656         3.39276
       -0.63669         1.32371
        7.44638         4.28771
        3.52046         4.12728
        3.18899         3.25629
       10.66973         6.95934
       -6.01994         1.48015
       -2.19508         2.81073
       -6.39179         1.56992
       -6.22442         1.85682
       -3.87601         1.76302
       -8.37507         1.92365
      -21.99936         6.42910
      -11.26958         3.14353
      -10.73261         3.17277
       -2.20882         1.63039
       -4.54350         1.31922
      -11.12473         3.56446
        2.43560         1.03459
        4.41592         2.55853
       -5.02795         1.90014
       -2.17214         0.47104
       -8.67116         2.90513
       -5.23279         0.87782
      -13.86583         4.83427
       -5.75869         2.26106
        3.67176         1.72423
        2.17659         1.70035
      -13.42927         3.91853
       -9.28249         2.45387
       -8.92359         2.50603
       -4.26261         1.33725
        0.16627         1.32376
       -6.42653         1.31362
      -11.85822         2.90448
       -9.88989         2.53423
      -10.74264         2.97549
       -4.62168         1.90699
        3.30149         1.80404
        3.18831         1.22567
       -4.21607         1.30655
       -8.26610         3.48681
       -6.25242         2.25224
       -5.68111         2.70095
       -0.10917         1.65461
        6.52237         2.69420
       -1.21196         1.44832
        8.99309         4.63379
        1.81251         4.04953
       -0.68667         3.20609
       -5.89468         2.88584
       -2.11596         3.32130
       -4.53235         3.26161
        3.52400         5.58802
       -6.14389         3.80664
      -19.67034         5.68275
      -13.35974         4.79577
      -11.46083         4.18036
       -6.50234         3.55508
      -13.45982         4.90430
      -14.84092         5.76156
      -11.84613         4.59993
      -15.58166         6.82349
       -7.63894         5.07238
       -4.45960         4.21645
       -8.03498         5.55569
        0.81529         4.65049
        7.84736         2.37638
       10.35602         2.00209
       17.94587         3.39503
       17.63974         3.51369
       21.16827         4.84463
       17.37300         3.63163
       23.89750         4.46995
       43.40189        12.95613
       32.92497        10.06876
        8.94853         3.67602
        7.20191         2.45901
       16.88932         4.82610
       14.22162         4.41847
       22.62724         6.97930
       23.40971         9.43910
        0.64553         1.78245
        3.59275         1.45951
        9.24569         3.00407
        9.92905         3.75358
        8.55820         4.14352
       -0.57722         1.00500
        0.42742         1.22742
        1.17075         1.25508
        8.25676         2.32557
        7.32373         3.47119
        1.79170         1.26710
        3.42810         1.61485
        3.79182         1.05860
        3.97071         1.39428
        4.85067         1.04137
        6.30262         1.59614
        9.45995         2.54829
        7.13637         2.24310
        4.73345         1.22049
        5.59908         2.21213
        3.44180         1.21219
        5.91823         2.76305
        1.87523         1.40638
        0.34447         1.42695
       -0.38185         1.44445
       -3.46843         1.28063
       -6.09651         1.68897
       -8.19516         2.05648
       -7.25642         2.28898
       -7.28365         2.48140
       -6.69317         2.59419
       -7.24435         2.60232
       -7.00648         3.41827
       -7.25874         3.17680
       -8.64033         4.50402
       -7.63438         3.59661
       -4.90390         2.48045
       -2.01624         1.93999
        0.48223         1.40483
       -3.46568         1.73383
       -1.84159         2.10339
       -0.43530         1.41375
        1.16697         1.28016
       -6.52239         2.30830
       -4.81552         2.19901
       -4.46772         1.94205
       -5.41754         2.56334
       -2.70219         1.57673
       -6.18334         2.69796
       -6.20496         3.07181
       -3.78177         2.41781
       -5.77922         2.53327
      -12.72604         3.56861
      -20.84270         7.07631
      -14.07381         5.22055
       -8.40281         2.76326
      -19.31315         6.36951
      -22.61613         6.73180
      -15.17463         5.39432
      -25.55675         8.63886
      -20.73629         8.08834
       -8.92899         4.88112
       -6.77923         3.61507
       -7.50290         3.43586
       -0.01644         1.96283
        3.65475         1.64881
       -2.32071         2.17968
        4.67494         1.76302
        5.39129         1.57903
        6.54747         3.02513
        2.64267         1.98865
       -2.08891         0.88140
        7.07383         3.27083
        6.96931         3.63882
        1.06931         1.80715
        7.04366         3.53179
        7.03786         3.86409
        1.56874         2.04311
       -1.88013         1.15283
       -2.78554         1.11288
       -4.51289         1.11112
       -0.96864         0.97287
       -0.71833         0.74767
       -2.77649         0.83555
       -0.16852         0.80404
        6.65893         3.40258
       -4.48674         2.08284
      -19.51241         7.92113
       -4.68199         2.88445
        7.66316         2.49476
        5.65493         2.13228
       -8.37847         3.46864
      -15.37040         6.31077
       -5.77297         2.76570
        2.20537         1.23153
        0.18105         1.35071
       -4.80966         3.85296
        0.34487         1.98297
        0.57498         1.60207
        1.27528         2.28862
        7.77137         2.65201
        5.09582         2.64296
        4.42543         2.38078
       -2.11963         2.43302
       -4.38751         2.59279
       -0.54493         1.68543
        5.17584         2.35534
        8.47948         3.04899
        2.18177         2.09067
       -5.37872         2.71902
       -1.78299         1.51267
       -0.93705         1.73205
       -8.07958         2.80840
       -5.64417         2.12061
        1.42158         1.58922
       -0.59107         1.11897
       -3.36572         1.89695
       -2.31106         1.10713
       -5.82790         2.19728
       -2.61788         0.82751
       -4.59655         1.16755
       -7.12964         0.88095
       -8.49101         1.69817
       -8.47383         1.38666
       -8.57646         1.76711
      -10.43088         1.79514
      -11.19930         2.93295
       -9.93477         2.73503
       -3.56431         1.10723
       -4.78020         1.52175
       -6.72606         2.75440
       -4.74890         2.37373
       -1.61653         0.98512
       -4.48910         2.21477
       -6.95368         2.16341
       -4.08992         1.76690
       -0.38092         1.13447
        0.00816         1.26794
        2.77183         1.60508
        2.79673         1.99136
        2.32156         1.64014
        5.33803         2.20117
       10.81774         4.41571
        7.78050         3.10500
       10.13466         4.14940
       10.00614         5.02470
        6.48151         4.18519
        2.14726         3.31691
        1.33584         3.11185
        0.98296         2.86084
        0.82705         2.55452
        0.27480         2.65421
       -2.17667         1.81439
       -3.41601         1.29497
       -5.69963         0.45201
       -5.35174         0.30092
       -3.83606         0.68372
       -2.64886         0.93185
       -1.36687         1.25765
       -0.44716         1.30853
       -3.87528         0.67438
       -5.26435         1.14572
       -2.27197         0.60316
       -1.06515         0.75899
       -2.26640         1.11740
       -4.29684         1.48224
       -3.51269         1.50014
       -1.69137         1.25590
        0.10751         1.05021
        3.02585         0.61083
        3.04121         0.66616
        5.35209         0.93315
        3.73589         0.95911
        5.61084         1.06628
        3.94524         1.29573
        8.12527         1.40002
        6.89771         1.70428
        5.22313         1.36022
        7.95588         1.75588
       10.45704         2.34960
        8.98066         1.95078
        7.29783         1.71560
       12.69234         3.07651
       12.32265         2.78150
       10.52161         3.11900
        6.94941         1.67649
        4.99674         1.24288
        4.66238         0.79231
        6.96303         1.56137
        7.19825         1.63455
        7.79551         1.40715
        8.18083         1.73135
       10.08443         1.93384
        6.47051         1.00711
        9.28225         2.07234
       11.06148         3.10145
        9.06751         2.49028
        7.31415         1.63935
        5.39854         1.24514
        1.16352         0.80760
        2.79597         0.67045
        7.91833         1.33371
       11.46071         2.22808
       11.46467         2.77510
        9.96717         2.12823
        9.73402         2.06164
        6.76304         1.44357
        5.71516         0.91881
        3.48146         0.55542
        3.23681         0.43926
        3.11787         0.50753
        5.16851         0.45229
        4.84534         0.46536
        6.89345         1.19255
        6.37212         1.59909
        2.82383         0.47029
        3.82577         0.56641
        3.68696         0.65006
        2.12183         0.88228
        3.58936         0.89808
        5.20714         1.16297
        4.00228         0.84332
        5.91930         1.17918
        7.96966         1.78759
        5.31390         0.76628
        5.73397         1.07776
        3.34850         0.58019
        2.92621         0.82268
        4.30803         1.20634
        5.26790         1.01792
        8.57177         0.47133
       11.20352         1.77656
        9.72728         0.89728
        9.59383         0.85275
       12.79359         1.58887
       15.44016         2.33106
       17.41980         2.77850
       17.62128         3.01581
       17.08584         2.83976
       17.78584         2.39853
       17.73545         2.61235
       19.20417         2.74034
       17.56604         2.41186
       17.46167         2.84375
       16.27211         2.58927
       12.36096         1.26865
       10.85869         0.70759
       11.36875         0.44075
       12.65041         0.86326
       13.33911         0.92142
       13.08845         0.80687
       15.02211         1.76459
       12.86611         1.31182
       11.32814         1.07796
        8.61326         0.52300
        7.24832         0.82970
        8.11715         0.76736
        6.71657         0.90755
        4.89386         0.77991
        7.19419         0.74998
        7.69943         0.61380
        8.64874         0.61028
        8.98689         0.58185
        8.57677         0.69239
        8.14555         0.80732
        6.19709         0.71464
       -1.96074         0.90124
      -10.46303         0.83361
      -15.35861         1.05817
      -14.47837         0.80974
      -13.35300         0.90781
      -13.28598         0.93030
      -12.76860         0.83406
      -10.89099         1.02271
      -11.40542         0.62329
       -9.58646         1.44843
      -11.28761         0.89932
      -10.43704         1.07902
      -11.34185         1.00306
      -11.92261         1.66892
      -15.14267         1.05250
      -18.24139         1.06811
      -19.85994         1.69475
      -20.36748         1.34412
      -21.09847         1.94608
      -19.28770         1.52927
      -18.60745         1.44389
      -18.53247         1.64857
      -21.16237         1.88165
      -22.71406         1.95788
      -28.83393         3.20708
      -33.73416         4.69398
      -33.69650         5.33621
      -29.11170         4.66378
      -26.31577         3.92815
      -22.40941         2.82765
      -22.07105         2.71653
      -23.88285         2.96463
      -28.88514         4.22960
      -31.50241         5.15627
      -30.92516         5.27888
      -30.57927         5.73065
      -28.35500         5.35482
      -27.33311         5.09310
      -26.00785         5.14889
      -21.42447         3.87770
      -23.60990         4.19395
      -27.47089         6.17781
      -25.42224         5.89208
      -22.78873         6.50378
      -13.69396         4.41848
       -9.87146         3.90347
       -4.11222         2.09696
       -2.56060         1.36615
       -7.15811         1.92427
       -6.43674         1.60757
       -8.04575         2.57519
       -9.77014         3.16545
       -8.82481         3.63445
       -7.53865         2.44916
       -3.79684         0.71264
      -11.32248         2.90768
      -17.04529         5.47367
      -15.91213         5.97341
       -9.21710         4.42053
       -0.20186         1.95177
        1.43607         1.27140
        4.26331         0.68193
       -3.73100         0.88481
        0.70083         1.10267
       -0.32423         1.01129
       -1.12258         1.03267
       -4.41434         0.74799
       -8.98738         0.78898
      -12.87688         1.42844
      -14.93767         1.62403
      -15.30137         2.50144
      -15.09719         2.56633
      -14.35958         2.30612
      -14.54306         2.38133
      -14.15179         2.83021
      -14.65228         3.39879
      -13.20875         3.75134
      -10.52400         3.57591
       -5.12181         2.40808
       -2.94996         1.93691
       -3.49914         3.03164
        0.95459         1.56546
        1.52817         1.50714
       -1.00868         1.92770
       -3.96038         3.38316
       -1.33161         2.98650
       -0.95467         2.67428
       -0.87665         2.49072
       -4.22408         3.75240
       -1.38208         3.15963
       -1.29836         3.23504
       -1.13356         3.65668
        0.47390         3.39758
        1.43053         3.42690
        2.68550         3.92688
        9.07954         2.46677
       11.45638         2.46970
       15.49469         2.22731
       16.51399         1.94408
       16.11675         1.93748
       14.47497         2.14060
       17.08871         2.72813
       18.06634         3.14139
       21.13409         3.54576
       22.69165         3.47838
       24.32353         3.96401
       23.68360         4.71325
       24.68632         5.15227
       23.68615         5.50299
       23.54462         5.29155
       26.08880         5.37387
       26.60320         6.74828
       24.03659         5.98596
       24.39989         6.81505
       22.69144         6.11884
       21.16602         5.65591
       19.92758         5.46785
       22.10514         6.07226
       21.52077         5.63393
       19.71661         5.40890
       20.49995         6.06799
       19.09511         6.19858
       15.31070         4.63083
       17.67907         5.06094
       16.40452         5.19643
       17.33714         5.05785
       15.87789         4.90312
       16.79056         5.07530
       19.70829         5.71660
       15.61007         5.44026
       15.34997         5.05953
       13.74683         5.58189
       12.89716         5.83752
       12.71023         5.79978
        9.72935         5.93084
       10.04898         4.97861
       10.13051         4.96974
       10.84599         3.86925
       14.64320         4.73476
       12.92984         4.16456
       13.12158         4.22659
       11.03555         3.84200
        9.94654         3.36789
        8.52843         4.15747
        3.48297         3.13257
        6.06091         3.17145
        7.09487         3.73106
        7.57578         3.94634
        2.91099         4.04762
       -3.35129         4.15776
       -9.79908         4.46261
      -15.87098         4.60581
      -22.26597         4.68021
      -23.45548         4.83493
      -28.28550         6.19357
      -30.60925         7.51606
      -28.84932         7.67817
      -28.61886         7.49610
      -28.50730         7.68136
      -25.82319         8.28048
      -23.41615         7.83755
      -19.93351         6.84973
      -22.19685         6.61050
      -25.26180         6.98004
      -27.66322         7.46873
      -30.58335         7.95962
      -34.93573         9.03599
      -36.88993         9.45307
      -33.86743         9.87058
      -31.89250         9.73029
      -31.48957        10.80593
      -25.71809         9.30909
      -24.00903         9.57795
      -20.71295         8.87534
      -14.63036         8.28740
       -8.24984         7.75391
       -3.40241         6.96032
        3.49720         5.80193
        8.05142         4.11001
       12.83390         4.04210
       14.56033         3.82712
       21.19907         4.24844
       23.27541         3.93673
       26.05304         4.87545
       28.30289         4.96908
       29.40828         5.95880
       30.89878         5.94171
       34.12356         7.04939
       34.30208         7.32946
       34.56860         8.65840
       34.53829         8.24765
       33.45080         8.33955
       33.48246         9.25438
       33.92131         9.56590
       32.89264         9.84614
       33.99149         9.95495
       30.75154        10.05701
       28.67394        10.11957
       23.39663         9.96913
       22.06146         8.88264
       22.63308         8.81524
       22.63829         9.07080
       21.77986         8.72911
       21.67516         8.09496
       22.15584         8.54829
       21.01349         8.24135
       19.48170         7.43649
       21.84939         8.20228
       23.05438         8.34343
       23.66303         8.92842
       24.48292         8.91910
       24.58642         9.82234
       22.19797         9.14250
       19.61662         8.71778
       19.52026         8.42150
       20.06000         8.39620
       18.80550         7.65871
       17.64990         6.76182
       16.73616         6.76899
       14.41512         6.33240
        8.14211         3.90523
       12.45827         5.23463
       13.10936         5.27746
       13.49074         5.40779
       11.98855         5.08394
       10.26433         5.04426
        8.93452         4.43393
        7.09363         3.68055
        7.17790         3.77991
        7.75974         4.27267
        4.58861         3.03069
        4.85038         3.67164
        3.84347         2.59115
        3.76155         3.25275
       -0.38335         1.84209
        1.94595         2.85533
        1.65454         2.20889
       -0.55556         1.89041
       -4.26242         1.93731
       -6.46396         1.66711
       -6.66636         1.47477
      -11.74216         2.41718
      -10.68581         1.99203
       -9.65342         2.01938
      -13.04398         2.90302
       -7.82833         2.23591
       -8.03969         2.00759
       -5.42445         1.96443
       -9.81285         2.08524
      -12.21908         2.39208
      -13.94231         3.18712
      -12.44310         2.60666
      -13.61202         2.95614
      -17.25179         4.27832
      -14.35572         3.56717
      -14.01050         3.24208
      -12.67591         3.14953
      -18.77463         6.01034
       -9.36649         2.76743
      -14.52121         3.96334
       -9.06080         2.31336
      -14.27286         3.45006
      -22.89201         4.59804
      -20.98368         5.24121
      -23.52251         4.77651
      -18.88479         4.21868
      -20.79154         4.20363
      -20.13166         4.42740
      -23.93814         4.49218
      -24.64680         4.92261
      -23.60725         4.44829
      -17.16933         4.73339
      -22.93690         5.12958
      -11.12518         7.06546
       -7.62194         6.25461
      -13.40383         5.88049
      -16.73587         6.30571
      -19.66026         6.99121
      -19.46482         6.94781
      -29.89448         7.71651
      -33.75525         9.34720
      -38.53782        10.27893
      -42.95115        12.70319
      -46.31854        13.63918
      -51.65640        15.65249
      -49.38613        14.96823
      -48.53693        15.47762
      -42.82407        14.32476
      -41.24490        14.16877
      -38.73869        13.27511
      -37.49131        14.54223
      -29.76262        12.09600
      -27.39853        11.68554
      -22.28996        10.08725
      -19.19063         9.21670
      -14.39613         7.25722
      -12.98307         7.06269
      -12.42992         6.40871
      -12.66419         7.54738
      -12.33185         7.01919
      -10.48096         6.81102
       -7.70600         5.15915
      -10.01480         6.62535
       -6.38267         5.11307
       -6.88500         5.62513
       -2.40808         4.15149
       -0.60202         2.89213
       -1.93628         3.14271
        1.01253         2.82991
       -1.63731         2.95761
       -0.59532         3.25767
       -1.53728         3.80597
       -0.80214         3.99184
       -2.59130         3.95032
       -6.64112         3.84921
      -11.06458         4.71930
      -14.64404         5.00439
      -17.81506         5.86237
      -22.95060         7.16760
      -23.73417         7.92714
      -24.99031         8.56739
      -22.69318         8.61093
      -21.95564         8.82026
      -18.91174         8.17008
      -16.82873         8.03220
      -15.32571         7.52444
       -9.83766         5.89355
       -8.59531         5.68123
       -4.01739         4.46359
       -0.48926         3.44223
        2.46264         2.76558
        6.55317         2.24165
        8.23074         1.27489
        5.54205         0.77963
        1.87990         1.26570
        1.85415         1.03393
       -0.18274         1.37380
       -0.60038         1.09386
       -2.22662         1.24400
       -3.12729         1.83636
        1.71218         1.18620
        0.86963         0.88084
        0.21288         0.91692
       -0.92716         0.97516
       -2.76027         1.22194
       -4.25116         0.90476
      -10.60268         2.64965
      -12.98321         2.94212
      -14.98604         4.09763
      -15.10796         3.77861
      -13.71628         3.65148
      -11.72971         3.10725
      -10.41358         3.10166
       -9.21959         2.03390
       -9.63329         2.69467
       -9.11589         2.17060
       -8.60930         2.21314
       -8.54358         2.27343
       -7.85383         2.22744
       -7.15401         1.45752
      -10.80913         2.75292
      -12.49418         2.42786
      -14.82159         3.81080
      -16.24177         3.13792
      -16.99673         4.38244
      -21.92912         4.69326
      -25.32590         6.74724
      -28.90122         7.15377
      -30.40326         7.98681
      -31.98373         8.29424
      -33.77498         9.04942
      -38.02102         9.86294
      -37.33480        10.82254
      -40.54095        11.06376
      -37.27850        12.12727
      -37.00838        12.43298
      -31.45885        11.84101
      -35.53826        15.60770
      -25.94857        12.63122
      -31.08377        24.91321
       47.08656        21.76942
       74.85928        25.33502
      172.01844        30.62223
      158.55372        42.66718
      113.46177        30.31651
      107.21611        32.72762
      109.35660        28.21206
      132.34444        35.31700
      133.34531        36.10373
      130.04027        36.96612
      115.39674        34.99427
      109.69545        31.51387
      110.54721        32.03017
      106.35928        31.29365
       94.54927        31.29296
       90.47705        28.19860
       74.01280        25.05895
       80.83546        24.80872
       93.31976        27.40568
       93.23616        28.97115
       76.89132        28.27293
       61.27151        23.48140
       44.89389        21.70299
       52.20565        19.38971
       48.64962        18.54387
       57.11026        18.02739
       61.09267        17.22662
       59.52945        18.68066
       22.43095        16.17664
       42.32906        13.82037
       47.35081        13.13938
       53.73670        15.59281
       47.26796        17.64347
       36.83793        18.01225
       23.70978        13.75140
       21.36391        12.01013
       10.82222        10.23151
       16.85147         8.31879
       22.04994         9.44263
       24.32463        12.38746
        8.19987         9.38730
       17.60582         8.86163
        6.63115         6.68378
        7.12511         6.84183
       -9.01012         5.23908
       -9.06363         5.57366
      -11.08322         4.49710
        1.77869         7.07113
        4.41582         9.14314
       14.50208        12.38749
       14.63299         8.84012
       32.80473        12.58912
       25.80113         9.95634
       26.52863         9.62875
        4.59981         5.20452
       19.81907         6.18316
        5.63353         6.70001
       23.24593         5.09524
       -2.23875         6.76155
       21.03058         8.31047
       48.42695        17.46776
       15.81194         7.95201
       38.68367        18.58423
       23.03155        10.64219
      -25.41340        15.88268
      -42.92125        10.36233
      -36.44610        12.65698
      -56.13511        12.35872
      -58.36933        17.34897
      -69.69923        17.38299
      -99.73982        21.55318
      -98.16885        23.12986
     -111.59133        22.48123
     -102.55264        24.45299
      -63.31978        21.39251
      -69.62710        20.92841
      -74.66343        26.22002
      -47.38670        25.82831
      -46.11047        27.72253
      -47.67601        34.01171
      -52.21921        28.48091
      -66.01217        32.94588
      -49.25222        20.64570
       30.25059        14.06946
      -31.99141        17.22858
      -23.94565        14.72793
      -53.11976        31.73793
      -59.72650        40.26469
      -31.44076        32.99446
      -84.11315        43.26650
      -84.63861        52.44808
      -83.39336        25.78706
      -90.69248        24.13141
      -63.57438        15.96908
      -66.84404        22.80034
      -81.78331        14.19314
      -96.31138        15.78701
      -86.27626        13.83037
      -57.94127        13.49619
      -76.25666        16.62505
        3.90620        16.51700
      -52.22188         8.23937
       12.51214        22.83738
       -5.95629        10.99236
       26.05749        12.17033
      -28.69977        21.28157
      -15.66478        16.46923
       -6.80175        17.19395
      -11.02725        16.41101
        3.38507        10.43790
       16.04074         9.24120
       18.65716        10.96833
       13.60387         7.05452
       -6.03869         6.14437
      -11.06426         8.39487
        0.45489         8.74420
       11.18329         6.89361
       10.36649         4.34973
       -2.52336         4.30907
      -10.84879         8.00810
      -14.22318        10.50605
      -12.06790         8.82008
       -6.77771         8.46664
       -3.23526         8.70783
       -3.52628         9.17066
      -10.64963         7.89686
      -11.95966         8.32068
      -22.98250         9.68672
      -36.27442        11.82451
      -57.81026        17.64783
      -50.07787        16.68313
      -45.32746        16.91300
      -44.24805        12.93194
      -47.05944        13.04187
      -41.29185        14.70541
      -42.75221        12.24589
      -30.92122        11.76374
      -39.28491        12.60005
      -37.29657        12.80534
      -31.63028        10.81153
      -24.95161         9.23280
      -11.58354         7.22179
       15.12133         4.49859
       27.17685         6.18164
       35.46078         8.22677
       32.25969         9.29977
       28.98501         9.44128
       26.77957         9.73082
       12.44265         7.64800
       16.22887         4.82328
       17.95773         9.17042
        5.54464         4.73053
       13.56383         4.94673
        1.83663         3.02378
       -8.48380         3.45535
       -1.66551         2.55757
        9.55659         3.46429
       11.25894         3.31699
       -8.60335         2.46928
       -0.36966         3.48258
       17.10981         3.81830
        3.95997         2.04509
        6.83587         2.59032
       12.79106         3.52119
       19.49510         4.90219
       24.94375         6.60535
       22.98092         5.32331
       19.69225         4.67103
       21.07568         5.26814
       13.82633         3.74179
       11.92559         2.83585
       -0.11086         2.98101
        5.22468         2.87202
        7.92069         3.02745
       11.44031         3.39032
       15.17535         4.81708
       11.35512         4.24592
       25.36578         5.80834
       38.69078         8.65762
       36.28184        10.61194
       39.05774        11.00509
       20.16172         7.79207
        7.36014         5.14320
       16.61364         4.81785
        9.19622         4.92474
        3.44660         3.66783
        0.82618         4.31582
       -1.72050         4.08869
       16.63277         3.55512
       16.00742         4.79716
       -0.49372         4.01685
       -4.29446         4.73091
        5.92624         6.20401
       14.57238         5.62041
       27.34471         6.58758
       17.41833         6.27081
       29.45917         6.97472
       38.74900         9.66836
       43.41852        11.80175
       43.58311        12.90466
       45.61704        13.32474
       43.27896        14.65585
       37.38971        13.92774
       31.66179        12.07799
       24.56378        10.53729
       14.73006         8.54152
       12.60749         5.51340
       19.97433         6.61512
       12.33503         5.22758
        9.27986         4.64012
        6.04388         3.35607
       12.00365         4.07954
       20.70951         5.62861
       25.71244         8.41723
       29.67952         9.48248
       24.84927         9.04384
       20.80324         6.44255
       22.48922         7.38127
       25.97682         8.10872
       24.75114         9.00935
       22.62370         8.12947
       17.67031         8.53450
        6.75800         2.99707
        8.18626         4.16194
       13.93434         8.05616
      -11.94570         1.93668
       -4.82803         0.83683
       -0.44078         1.85734
        5.03454         1.54905
        6.08897         1.76599
       -4.68133         0.59029
       -0.80649         0.53786
        6.89418         2.15132
       -0.10768         1.43452
        1.92710         1.42790
        4.95097         0.62670
        2.77377         1.45981
        6.96592         2.38175
        9.14157         2.65407
        6.90451         3.69096
       10.12035         5.78198
        4.44945         3.72439
        7.01527         4.45029
        2.29766         1.70019
        1.93383         0.94365
        1.14091         0.74620
        0.66732         0.93086
       -5.54766         1.19225
       -3.76639         0.78460
       -3.60358         1.06546
       -3.48185         1.58714
       -3.88813         1.12446
       -2.37407         1.11137
       -2.79323         0.85763
       -0.35258         0.69755
       -1.84674         1.11091
        2.94557         1.60048
        1.41425         1.25038
        1.14903         1.11487
       -1.93744         1.23391
       -9.25172         2.23392
      -13.51058         3.97695
       -7.62279         1.77992
       -3.23251         1.12487
        2.10482         2.76182
       -2.13174         2.54674
       -3.29142         1.75662
       -2.49127         1.84245
        0.25358         2.11908
       -2.33210         1.77548
       -1.59351         1.92630
       -2.55321         2.13473
        2.89602         2.40268
        5.70855         2.75817
        7.21713         3.29964
        3.54750         2.85123
        3.48347         2.98640
       12.12613         4.36422
       24.66046         7.50539
       24.05323        10.17267
       23.02153         8.46913
       13.30285         7.41515
       13.64229         8.70388
       -4.47565         4.98391
       -6.15469         2.83702
       -4.40812         3.03924
       -7.13382         2.78762
      -15.00943         2.33310
      -21.07412         3.46836
      -23.33478         5.14035
      -25.50764         6.27828
      -21.65294         6.16729
      -12.45334         5.66368
      -10.23993         4.88358
       -5.80136         4.04480
       -1.55527         3.51453
        3.81987         2.76111
        4.44214         2.28028
        3.18568         2.04704
        3.66706         2.30175
        4.35002         2.19423
        4.58288         1.76971
        9.99531         2.56150
        9.38706         3.14819
       10.27859         2.89435
        5.58186         1.55357
        6.04208         1.50385
        7.71790         2.38775
        0.42805         1.97660
       -4.65622         2.18253
       -3.07839         2.32710
       -6.42810         2.86845
      -12.69839         2.91751
      -12.26952         2.88511
       -5.95530         2.82181
       -9.16768         3.44226
        3.18968         4.06045
        0.86286         4.75738
        4.01406         5.10523
        7.43705         6.30420
       -9.38791         3.17822
       -5.26809         3.09965
        2.33257         2.80844
       10.73294         6.63158
       24.70694         4.08470
       28.38764        10.71285
        5.07036        12.41802
       -8.82253         6.64876
      -34.28576         4.87941
      -25.46687        14.49335
      -25.83717        12.60571
      -27.59421        10.28949
      -30.44773         8.20540
      -28.13007         5.37220
      -34.15271         5.33779
      -39.44364        10.97541
      -51.31877         7.44854
      -57.85229        13.27764
      -53.15890        12.61570
      -68.08326        13.45583
      -88.69017        20.90373
      -78.43327        23.87056
      -50.19295        19.61144
      -31.95709        13.63322
      -29.56832        13.09972
      -21.34282        12.61548
       -9.75120         8.29057
       -5.55443         8.33582
       -1.72939         6.80572
        6.41464         4.17806
        7.26333         3.67999
        3.03846         4.38969
       -7.10769         5.42853
       -6.48031         5.05667
        2.70344         3.18713
        9.12001         1.85452
        6.38491         1.59880
        4.71742         1.44133
        7.08723         1.45403
       -0.70569         2.57009
        0.26271         2.83275
        6.84073         1.97137
       10.79840         2.39543
        9.40845         2.96217
        8.50553         2.15431
       11.56814         3.07620
       10.88613         2.87704
       11.98474         3.91781
        6.71106         2.65118
        2.21338         1.59081
       -1.55808         1.81053
        1.66578         2.27568
       12.20019         1.70270
       14.51009         3.03222
       -0.82184         2.51486
       -6.47876         4.14463
        3.22414         2.28522
        0.40818         2.08824
       -1.97841         1.90911
       -4.93995         1.30421
       -6.87030         1.22175
       -9.64709         1.47833
       -5.05395         4.26037
      -20.36858         2.67965
      -38.24091         6.00302
      -38.56264         8.28294
      -23.11624         5.82737
      -11.29875         2.33246
       -2.79037         3.20528
       12.45031         5.95517
       20.30540         7.25133
       38.79947        12.29803
       45.01873        14.33293
       35.32598        10.68676
       36.46032        10.33571
       43.36533        14.10034
       40.97446        11.93398
       37.00175        11.85129
       26.62443         7.85842
       27.11589         9.02337
       26.90437         8.16474
       27.26570         8.97465
       23.85793         8.51042
       15.98599         6.91677
       15.95640         6.52357
       12.51787         7.23809
        4.01867         5.79912
        1.56473         5.14724
       -0.77862         5.07859
       -8.76879         4.91238
       -5.54864         5.30469
       -0.54407         4.91633
        0.24391         5.24431
       -7.95833         5.44086
      -18.65867         6.68741
      -27.09687         6.25102
      -26.92473         7.69309
      -29.80904         9.29096
      -27.24158         8.21515
      -23.32793         7.22231
      -29.43169         7.05592
      -31.41658         7.88710
      -30.00252         8.08343
      -31.42082         8.74491
      -24.58286         7.84714
      -28.39052         8.51077
      -21.54236         9.88104
      -15.05977         7.90295
      -13.41027         9.57577
      -15.55080        10.33696
      -14.81435        10.76115
      -12.59741        11.00626
       -3.22089         8.12457
       -7.46424         6.96109
       -6.14957         7.49648
       -2.42095         4.22720
       -0.84659         4.11158
       10.45643         3.12523
       10.14553         4.48475
        1.34458         3.37169
       -0.90167         4.11222
        3.85461         4.47036
       18.79517         6.30011
       28.57653         6.78180
       33.58752        10.52520
       27.24199         8.77434
       39.85255        10.61101
       26.04732        10.46517
       21.13971         3.63942
       30.97268         7.84340
       53.78046        12.18180
       72.98978        21.39320
      107.51917        34.30095
       83.04204        15.56826
       22.94843         9.14942
        0.24332         6.45320
      -21.75122        11.36404
      -25.84211         4.31068
        6.88442        11.91958
       39.11375        43.08409
       28.03593         8.85144
       10.82815        18.42143
       -0.49177         9.64243
      -16.95882        11.11748
      -35.94533        20.59319
      -54.22488        15.78763
      -79.28078        20.88983
      -90.58033        24.19774
      -88.47459        14.05956
      -76.36836        12.34077
      -60.73393        11.81742
      -49.03676        11.27637
      -51.65398        11.28195
      -45.45335        12.60741
      -28.11264        17.25247
      -37.69704         9.65186
      -44.13236        10.28533
      -38.67739        11.88184
      -38.54833        17.74244
      -34.97173        10.79433
      -40.48865        16.33371
      -26.96798        24.77240
       -5.68037        15.43971
       -7.20206        11.00412
       -7.35492        14.18150
       16.81709        21.06944
       50.79364        18.40860
       78.03562        13.45512
      102.83765        13.95146
       98.90023        19.10865
       97.75428        22.93224
       80.63025        20.55255
       80.70727        28.68407
       77.95663        24.24454
       75.22486        22.18273
       77.55443        27.16580
       79.32702        25.65528
       83.82439        30.43511
       73.81951        28.23378
       66.42414        25.94379
       74.20947        31.45372
       69.43600        30.42703
       68.10514        27.58504
       59.26401        23.83995
       53.88412        22.28881
       39.95246        17.41147
       29.07559        14.08784
        3.37481        12.60354
      -12.79874        12.85981
      -23.36234        10.68656
      -34.37079        15.02632
      -36.77633        16.48573
      -25.34390        14.53722
      -25.24781        15.06074
      -29.76783        14.65795
      -17.83725         4.76054
      -29.51602         9.04652
      -35.13349        17.95230
      -41.29414        19.67224
      -34.01494        24.42053
      -44.53712        32.82761
      -51.76278        29.79462
      -62.33197        37.11059
      -53.31379        31.14694
      -48.85514        29.74687
      -36.35540        34.56050
      -34.60632        25.92950
       -7.51897        25.06195
        9.81853        17.57810
       32.11218         9.26793
       41.63239        17.29781
       50.08212        29.77583
       71.69098        38.08065
       83.99601        24.22060
       78.96196        17.04963
       64.64980        16.84307
       44.95249        15.84017
       32.87732        13.80482
       23.49314        13.88305
       17.50231        13.17155
        2.17881        13.43036
       -8.10044        12.20109
      -15.44720        14.44141
      -20.00220        12.74478
      -14.17662         8.89861
       -4.11738         9.87890
        0.46101        10.09069
      -10.99358         8.33861
      -15.88353        16.10901
        8.72283         8.72800
        2.84053         7.01111
       11.29288         9.84120
       26.74980        12.24511
       18.03891        17.07554
       18.32300        13.71279
        2.83059        14.41874
      -23.92370        10.65589
      -31.87837        17.93231
      -35.34260        39.16129
      -39.09787        40.14135
      -52.26847        29.06618
      -55.19141        26.23760
      -62.95799        30.97613
      -77.36624        17.34307
      -56.24797        17.65948
      -44.00317        16.60057
      -28.24779        14.12363
      -37.83737        13.59823
      -38.70996        17.75509
      -53.89555        18.10774
      -58.58324        23.71545
      -79.05977        38.52030
     -121.71273        60.00115
     -131.46514        22.07159
     -106.22307        36.63094
      -95.25168        20.15675
      -68.65115        22.24000
      -20.63479        52.66705
       46.60257        66.16968
       26.57681        29.66199
        4.89826        24.65197
      -43.38565        16.45561
     -102.70779        21.06201
     -101.04929        16.45820
      -72.63316        12.60751
      -35.49568        12.58038
       17.62588        32.96259
       63.99289        30.52581
      112.23714        14.82953
      141.33633        35.75350
      138.92761        23.37391
      109.50570        21.97233
       86.68344        12.38801
       91.02594        30.45975
       60.57348        13.07442
       66.90693        17.85700
       53.33543         6.81703
       41.89220        12.87566
       45.47394        18.99376
       45.94482         5.85372
       31.30991         7.44582
       46.68566        27.11493
       18.75289        10.58820
       24.38619         9.34233
       17.24927        18.01774
       14.40316        26.65379
       -4.25122         7.82039
      -19.31885        21.57622
       -6.78336        12.56192
       -0.44881         4.53969
        2.45910        16.96273
        0.33275         2.33711
       -3.24199         2.80828
       19.61558         7.56012
       34.15521        36.25943
       48.17204        25.24945
       37.93487        32.24960
       43.42920        36.60318
        2.77718        31.83914
      -30.43490         9.39084
      -20.80355         7.31514
      -51.63870        10.24315
      -64.51009         9.81618
      -68.60318        15.69746
      -85.79182        22.57750
      -89.12055        29.53215
      -90.11947        27.85810
     -104.48505        34.60278
      -76.90695        30.18408
      -71.95816        33.14250
      -63.82695        30.94270
      -55.49931        34.45684
      -39.34221        44.24217
      -49.09379        30.85711
      -33.09112        16.42626
      -16.48754        12.58256
       15.43228         6.05002
        9.71250         6.36173
       16.46826         7.30187
       15.83735         5.83499
       11.88067         5.70513
       13.32356         9.59680
       13.88074        11.63064
        3.53743         9.56000
       11.36702         9.21775
        2.65185         7.47894
       -3.80423         5.78631
        3.93156         7.20712
       12.43752        10.53526
       17.20900         5.62978
       19.44594         4.32697
       15.59511         6.20169
       -4.35886         5.02628
       -5.35082         6.60681
       -7.85923         2.94928
       -2.67536         2.86578
       28.91861         9.60576
       12.59754         8.97313
        6.95633         4.18384
      -24.77365         2.95519
      -27.54712         4.80373
       -1.26209         3.82991
       11.57068         4.96329
       26.71898        10.35166
       39.15082        14.97100
        8.71265         6.51353
      -16.14073        10.38675
      -19.79667        12.75375
      -27.16367        14.11933
      -34.70999        13.18143
      -11.17143        12.83314
      -11.70877        13.71598
        5.61956        17.38339
       -7.30517        17.83377
        2.99033        20.83492
        7.12635        18.95376
        9.95144        14.96180
        4.36255        12.47478
       11.91087        15.19617
       20.07833         9.84037
       45.43885        16.78777
       60.40170        18.56822
       51.55865        13.12421
       40.28852         6.80069
       30.05915         6.20441
       20.48492         6.91807
       20.47682         7.27668
       15.74435         7.78508
        2.61292         8.82136
      -12.75436        11.99553
        6.32385         6.57036
       18.60938         6.55077
       36.85724        10.61311
       41.80200        12.92126
       37.96941        16.27573
       28.83996        13.82712
       25.40711        17.02528
       40.95526        15.90153
       34.74520        18.99984
       14.12846        11.18997
        5.91954         9.05583
        3.91621         6.56113
        1.92838        10.42745
        0.25644         8.84131
        1.79734         6.90382
       -7.75022         5.85066
      -22.75954         4.38980
      -15.65054         4.29916
       -5.93770         3.39028
      -15.30433         4.74852
       -3.48798         4.20785
        8.45795         5.05430
       10.87587         5.39004
       13.45626         6.38049
       13.14602         6.42286
        9.41429         6.19355
       -1.25562         4.94387
       -1.91795         5.79499
        4.18595         4.77390
        7.90567         5.17685
       -1.92302         4.40164
       -2.21200         4.52592
       -5.32809         3.85453
       -1.86877         4.21518
       -4.22324         6.01434
       -4.44431         6.00030
       -7.75876         4.81704
        4.20680         4.05223
        9.84541         4.88959
       11.76192         4.87377
        0.32197         4.74635
        8.46161         4.10056
       18.23055         7.23656
        4.24843         4.74398
       -7.54330         3.95149
       -7.82060         3.56450
      -14.66761         2.08970
      -12.61509         3.34371
      -14.09833         3.43121
       -9.27280         2.31471
       -0.79214         1.99165
        2.49186         2.39377
       -3.02642         2.10022
       -8.24466         3.96953
      -12.26780         4.56151
       -1.45490         2.78140
        8.37095         2.17842
       10.58490         2.79313
        6.24990         4.21644
       -0.08369         2.33902
       -7.07622         1.51142
      -12.52110         5.76396
      -12.47426         4.23207
       -9.81775         5.91402
       -5.64287         2.91407
        2.68520         2.88553
        3.64769         1.78636
        3.05391         2.73853
       -8.11264         5.55488
       -2.80793         1.68640
       11.57983         2.45266
       19.42118         6.53025
        7.93925         3.35514
       -3.89536         2.22415
      -13.54536         5.98806
      -25.98790        12.59412
      -19.27422         7.24848
       -7.34740         6.15153
      -13.51763         4.85188
      -14.64218         8.36150
      -14.73326         5.45332
      -22.08831         8.64223
       -1.53794         3.86098
      -17.84199         5.10022
      -25.94620         5.55602
      -17.06654         7.96416
        0.85290         3.85282
       -2.63131         3.91817
        3.05339         2.07546
       19.94677         5.43723
        3.01290         2.90758
      -16.47285         4.14120
       -3.33669         2.07050
       -3.88672         2.96246
        4.47342         2.45248
        2.29641         0.91561
       12.66329         4.66488
        9.81777         3.19607
       -0.91197         2.32889
       -0.79561         2.63725
       -5.77416         6.08674
       14.78046         1.97641
       16.88088         3.01571
       22.02120         6.50958
       14.99611         4.44676
       21.77276         4.22720
       26.08618         5.05983
       24.48942         3.66499
       25.32807         6.23751
       24.31429         7.49555
       30.97647         9.44265
       29.04997         8.01067
       20.94608         5.94093
       22.10065         7.78906
        8.45158         5.75009
       17.54901         3.77058
       -4.26309         2.02043
       -2.06460         2.09021
        4.31241         1.14961
       -1.65017         1.38658
       -2.40574         2.51171
       12.56128         2.52006
       22.40216         8.16063
       25.24016         7.21473
       -3.41069         2.93577
       -8.40256         4.38824
        1.34824         1.13708
       14.96359         3.11437
       12.67736         3.41770
       19.47482         3.63780
       -0.72313         4.38945
        4.63340         5.56484
       -4.71585         5.44774
      -18.47189         5.42962
      -25.82751         7.42129
      -47.38388        11.04262
      -27.15823        12.30126
      -27.79022         9.71217
      -29.84347         8.34609
      -21.44537         9.24569
      -19.02935         5.13623
       -4.21425         4.26890
      -12.35273         4.05840
       -9.84858         4.57683
       -0.53456         6.31088
      -28.42471         6.48092
      -45.03173         8.44766
      -22.60079         8.30814
       -6.54167         6.50148
      -13.42710         6.15131
      -20.84150         6.97332
      -18.19561         6.29303
       -6.59854         4.69870
        3.76558         3.99262
       -3.23833         3.74708
      -14.09592         3.86001
      -12.69076         4.57503
      -23.05519         6.76990
      -31.68154         7.08991
      -29.96309         8.80678
      -29.84089         9.75207
      -25.68262         8.07491
      -29.06327        10.34193
      -23.31458         8.27571
      -23.05406         7.15316
      -20.60677         7.47026
      -19.59972         7.25925
      -14.22240         6.14661
       -4.69387         6.36422
       -4.81748         6.31018
       -8.29325         6.76162
      -12.72852         7.25797
      -18.42031         6.51119
      -13.29690         7.22016
       -0.44208         7.13330
        5.56441         8.05003
        6.24205         8.00222
        6.11096         8.76972
       12.98858         5.72303
        8.20147         3.86831
        4.25480         2.64833
       10.44626         4.02766
       18.00711         4.23593
       24.75858         4.06356
       20.73911         4.30643
       14.68929         3.44792
       25.01193         4.42473
       24.29077         4.51687
       14.44454         3.58391
       11.67609         3.70596
       11.74394         3.30296
       18.75231         3.96816
       11.81745         4.21226
        6.65159         3.10349
        2.69833         1.78934
        3.17813         0.97242
        2.09726         1.82165
        5.71560         1.41296
       13.33874         4.71044
        7.20711         3.40887
        6.85949         3.47642
       19.69845         7.30075
       16.48668         4.76826
       13.70080         5.47203
        4.18370         4.66869
        1.71646         2.19695
       -5.13413         1.33470
      -11.15899         2.49834
      -14.50295         3.81861
      -17.85168         3.36566
      -15.81861         3.69574
       -7.22809         2.78829
       -3.87243         1.98420
        0.53313         2.45419
        4.99394         1.61066
        4.19371         1.90773
       -3.27826         3.00813
        2.89188         1.79000
        6.63242         1.75896
       19.79614         5.83772
       16.50923         6.13067
       17.89784         6.26050
       13.38432         5.52070
        1.45967         2.75486
        7.26758         4.62390
        2.73761         2.19112
       -1.42109         1.40171
       -0.00108         1.05913
       -1.17298         2.08526
        0.41290         1.45001
        3.73786         2.68081
       -3.73344         1.45644
      -11.80653         3.77927
      -11.61997         3.76316
       -8.83950         2.39953
       -9.58208         3.72953
       -7.33294         2.58025
       -2.55671         1.68746
       -1.77175         1.49797
       -6.00661         3.30792
       -2.32527         1.98381
       -2.90431         2.23213
       -3.22386         1.57758
       -7.43077         3.17619
       -5.99414         2.95894
        2.25139         1.33982
        3.98169         2.05709
       -0.25601         1.56819
       -0.33754         0.89611
       -2.97274         1.42282
        0.15879         0.99341
        2.63783         1.25187
        2.07133         1.81445
        5.43755         2.15459
        6.92684         2.49149
        6.61098         3.11937
        7.18497         4.06680
       13.99128         5.76736
        5.88556         4.58929
       -3.46499         1.64924
       -1.31694         1.60293
        2.81527         3.50421
        0.46803         2.71550
        4.65756         3.13241
        5.26005         2.34995
        1.69491         1.06710
        0.31316         0.89213
       -2.62324         1.66606
        1.97072         0.62712
        0.14921         0.70873
        1.27901         0.66539
       -0.53632         1.94161
        6.28434         1.56163
        4.98570         1.10785
        5.45301         1.50853
       10.56697         1.89443
        3.62638         1.19773
        0.74989         1.19773
        2.88839         1.05472
        5.03185         1.08153
        1.33061         2.00872
        1.56851         1.65542
       -0.21880         1.94813
        0.32188         2.51398
        3.43479         1.63696
        2.58495         2.18488
        4.74795         1.64562
        5.56132         2.61277
        2.30382         2.44308
        4.57134         2.03958
        5.91242         1.93480
        5.70813         2.01397
        5.13295         2.31636
        7.95388         1.99924
        8.47748         2.48199
        8.42754         2.09334
        6.76806         2.82670
        9.23500         2.56442
       -2.35593         2.94756
        0.16237         2.65234
       -1.53346         2.35331
        6.15463         1.54599
       10.20217         2.98869
        2.88479         1.72757
        1.63388         1.43855
        1.66822         1.36456
        5.90727         1.40553
       11.17319         2.50231
       12.78137         2.35148
       10.21655         2.79146
        7.50578         2.55500
        7.32377         2.65125
        7.32746         2.55506
        9.96338         2.91016
        3.77711         3.42935
        3.81295         2.97911
        1.90247         2.61469
       -3.82592         3.97321
       11.04040         3.77064
       12.28384         5.91549
       12.34436         5.27565
       12.32715         6.32902
        8.54276         5.71244
        3.67654         4.30231
        8.12615         4.96280
        7.95883         5.49559
       -1.42246         2.50525
      -15.78498         6.28688
      -15.53537         3.73078
      -22.14377         7.19308
      -19.09036         6.09946
      -11.59970         2.94833
       -2.94003         2.11031
       -6.30044         2.03994
      -13.13331         4.22702
      -18.33232         6.54287
      -20.09461         8.21577
      -21.75192         8.89859
      -19.37600         8.51547
      -10.28396         7.23549
       -3.77383         5.61514
        5.46659         2.21006
        5.19126         2.07866
        3.37257         2.11478
        2.92866         3.33209
        7.03172         2.33025
        7.87781         2.10169
       11.17411         4.70335
        4.36107         2.53731
        0.37156         0.95941
       -2.20144         0.99988
       -8.78089         3.87775
      -14.59342         6.01635
       -4.97925         2.53973
        5.69648         2.81845
       -1.73527         1.50079
       -0.95134         1.67479
        8.44370         3.14017
       -2.77149         2.11057
       -6.68596         2.29917
        0.80509         1.98353
        4.68350         2.10514
        9.75974         6.26340
        0.66451         2.88347
      -27.70673        11.59185
      -26.19866         9.23500
      -26.34949         7.58277
      -25.94964         6.58707
      -15.40245         3.84910
      -12.17070         2.90766
       -4.78168         4.72247
       -8.47196         3.32311
      -15.68530         3.23960
       -8.35118         3.04626
       -5.28578         2.97258
       -4.68731         2.69248
       -1.29373         2.33403
        2.21048         2.29158
        8.35001         3.04556
        5.08255         1.14902
        7.24869         1.49263
        2.33978         1.33011
       -5.48032         3.26934
       -3.94379         1.12549
       -5.25505         2.49579
       -2.89810         1.40790
       -3.19225         1.89954
       -1.84456         1.42912
        3.53421         2.35437
        6.47634         3.48912
        5.78879         3.79186
        6.24316         3.54098
        2.45434         2.82715
        4.47197         4.81328
        0.58073         3.15043
        0.49109         5.36242
       -4.68492         2.90758
       -0.40336         4.96580
       -3.24166         2.76456
       -2.06475         3.61359
       -2.47365         2.62099
       -0.22952         2.22948
       -0.90778         2.20377
       -4.44037         2.11620
       -5.44093         2.72590
       -9.07100         3.34737
       -7.40177         3.85589
       -7.19408         3.32320
      -10.18674         4.03520
       -3.91950         3.96638
        0.48979         3.68631
        1.90016         3.68804
       -0.44115         2.60754
        3.60910         2.82764
        3.44486         2.59741
       -6.34792         3.66106
       -1.04690         2.03652
        0.97017         1.95292
       -1.48468         2.02362
       -4.05355         2.44942
       -6.63523         2.77149
       -5.94379         2.85870
       -8.12677         2.81668
       -7.53600         3.65610
       -3.26422         2.75158
        1.48061         1.96638
       -2.74470         1.06066
        4.36615         1.15195
        3.91924         1.26897
        5.63874         2.08935
        7.51187         3.11047
        3.93708         2.25073
       -3.24449         0.96895
        4.31546         1.54736
        1.49140         0.81721
        1.89697         0.66924
        2.32748         0.96890
        0.74796         1.59895
        3.17113         0.59961
        0.97039         1.01409
        4.51437         1.01903
        4.31458         1.39376
        6.91972         1.80572
        5.24593         1.65233
        6.32006         2.23307
        4.94373         1.18584
        7.35268         1.78838
        4.44012         1.66273
        0.20846         1.08338
        0.60807         0.78341
        2.49889         0.99531
       -0.81917         1.01995
       -4.67925         1.74249
       -6.16064         1.48813
       -5.13648         1.97064
       -1.16092         2.25510
       -0.95222         2.18455
        5.36875         2.20332
        8.81256         1.70178
       14.43100         2.34107
       20.68051         3.33854
       22.54207         4.14796
       20.21681         5.12428
       10.63564         5.05615
        9.49948         2.25400
        3.33546         2.45332
       -1.42346         2.25676
        0.27294         2.06091
        2.55037         0.85101
        9.91670         2.12175
        6.69431         2.21469
        4.59196         2.10882
       -0.02135         1.64609
       -4.30347         1.44503
       -8.32822         1.74355
       -7.62025         2.08791
       -6.69434         1.57040
       -6.85235         1.55781
       -6.14292         1.52139
       -3.02410         1.20801
        1.86861         0.85165
        2.34305         1.08782
        0.37190         0.79673
        0.61314         0.66513
       -2.30400         0.77928
       -3.32266         1.22419
       -2.63442         1.02452
        0.04917         0.95795
        2.37409         1.18495
        7.02773         2.55624
        6.53380         2.28971
       11.87938         3.32898
       19.25761         5.24341
       22.47339         5.86977
       22.17156         6.88424
       23.19415         6.06973
       24.87446         6.94042
       21.68305         6.70199
       16.36716         6.23731
        5.72759         5.22695
       -2.74110         3.13207
      -10.14030         2.93854
      -11.37874         1.69064
       -6.94943         1.26400
      -11.35482         2.51765
      -10.59118         2.40284
       -9.61669         2.22454
      -12.03297         3.18267
      -14.99441         4.25026
      -15.02976         4.60718
      -11.53019         4.74158
       -6.60435         3.37250
       -2.20832         2.55862
       -2.04050         2.21585
       -3.37449         2.20556
       -2.22037         1.55728
       -3.26396         2.08187
       -0.85186         1.16228
       -1.56399         1.45684
       -1.06223         1.29386
       -0.12495         1.19900
        0.01174         1.35924
       -2.62410         1.48036
       -6.12419         2.24072
       -9.18992         2.93957
       -9.21012         2.71420
       -7.80745         2.67416
       -6.24358         2.73535
       -3.81084         2.15671
       -3.27121         2.11651
       -0.88483         1.80644
        2.83228         1.02764
        4.52791         0.71495
        6.43635         0.86003
        6.24228         0.89175
        5.10964         1.25179
        5.84101         1.16380
        6.33536         1.17961
        7.45981         1.55848
        5.55525         1.37465
        3.96385         1.26676
        3.64565         1.22238
        4.03223         1.24494
        4.70902         1.54058
        0.58609         1.59403
       -2.28816         0.84855
       -6.33561         1.06777
       -9.47099         1.60637
       -9.46531         1.13848
       -8.65487         0.99727
       -9.11072         1.18828
       -5.92231         0.60925
       -2.82436         0.30062
       -2.58554         0.20257
       -4.50985         0.43400
       -5.08133         0.57363
       -6.26774         1.49042
       -5.79916         1.52062
       -5.73682         1.30328
       -5.55600         1.23180
       -5.29885         1.15679
       -2.30677         0.97082
       -1.11225         0.92699
       -0.41643         0.79020
        1.35080         0.94945
        3.75206         1.11294
        2.69976         1.52311
        0.01137         1.31889
       -1.22415         1.28476
       -1.16126         1.01011
       -1.35945         1.11896
       -2.95604         1.68591
       -6.06921         1.22499
       -6.93297         0.48479
       -7.16810         0.89280
       -6.33500         1.41084
       -4.28847         0.92377
       -3.00351         0.76649
       -3.00900         0.94544
       -2.96852         1.02937
       -2.46464         0.94431
       -2.36532         0.68328
       -2.09069         0.81098
       -1.64566         0.76243
       -1.64662         0.57939
       -3.49228         0.69654
       -3.67701         0.50197
       -4.35519         0.91063
       -6.55835         1.59608
       -4.62465         1.39545
       -3.20542         1.34684
       -1.23899         1.31324
        0.95036         1.67405
        6.12104         1.39564
        9.82629         1.82081
       12.82583         3.04890
       14.09704         3.67470
       15.33751         4.13054
       12.89819         4.91429
        6.16710         3.89881
        2.71123         2.62953
        2.01410         2.22099
        0.54759         1.46091
       -4.79800         1.49175
       -2.91347         1.37040
        3.14720         2.45740
        6.41965         2.09950
       10.77114         3.20336
        9.79063         3.75791
        5.02737         3.17587
       -2.08859         1.72009
       -3.54082         0.67526
       -3.79336         0.74121
       -3.44201         0.92563
       -0.70211         1.43864
       -0.20079         0.83913
        0.04327         0.82070
       -0.43983         0.53161
        0.20855         0.50780
       -0.30778         0.68304
       -2.20077         0.57803
       -2.76153         0.66583
       -2.56213         1.07903
        1.93214         1.71190
        3.21214         1.16352
        2.91288         1.54927
        0.47978         1.35728
       -2.61628         1.03598
       -4.20730         1.01408
       -4.20124         1.34994
       -4.59192         1.15786
       -1.89169         2.06830
        2.37879         2.64004
        6.65312         1.88573
       10.64375         2.71580
        6.63777         2.48790
        2.97491         1.60944
        1.59059         1.53921
       -0.42309         1.07483
        1.93414         1.46577
        5.37720         2.19707
        7.56820         2.30931
        7.78002         2.40166
        6.83902         2.03035
        6.93624         2.34187
        5.89118         1.96030
        4.50082         1.66344
        3.98486         2.04159
        0.66494         0.89033
       -1.36040         0.99591
       -4.10475         1.04189
       -4.24490         1.00529
       -5.70504         1.69243
       -5.77698         1.60905
       -5.74910         1.63827
       -5.57127         1.62678
       -6.99421         1.79694
       -8.63372         2.08856
       -8.38116         2.70392
       -6.48342         2.49986
       -3.07894         2.23447
        0.22177         1.76678
        1.19441         1.12437
        1.76832         0.83691
        1.57131         0.67194
        2.06989         0.51140
        2.07042         0.41208
        1.21929         0.32659
       -0.23934         0.29133
       -1.93676         0.72089
       -2.62335         0.76651
       -3.18635         1.02804
       -3.62161         1.37464
       -2.20398         0.84382
       -1.83222         1.07203
        0.68244         1.01462
        1.69567         0.56498
        1.63015         0.48267
       -0.44795         0.57900
       -1.23840         0.50978
       -2.30156         0.78340
       -2.95726         0.81264
       -3.24567         1.09632
       -2.16662         1.02175
       -1.43071         1.09731
       -0.90032         0.85444
       -0.32623         0.75874
       -0.67983         0.73177
       -0.74465         0.57881
       -1.22517         0.64199
       -1.93942         0.81353
       -3.08551         1.09583
       -5.50413         1.91585
       -3.93749         1.87151
       -3.05537         1.72338
       -0.86941         1.15798
        0.12316         1.03071
       -0.41756         0.54925
       -3.36739         1.50056
       -5.18835         2.03091
       -1.63856         2.27542
        2.69275         1.50175
        8.27594         1.63321
        9.52291         1.52655
        9.08874         1.80845
       11.12104         2.15844
       10.57092         2.47336
        6.78815         3.07299
        2.92967         2.18643
        4.94351         1.55307
        6.40712         1.69903
        5.24469         1.68901
        4.90155         1.71142
        3.52456         1.72191
        0.25196         2.09047
       -1.80139         1.50103
       -4.44507         1.21702
       -6.07273         1.63648
       -3.80842         1.84116
        0.87865         1.87348
        3.35130         0.62673
        4.36192         0.59696
        5.26923         0.77511
        6.14605         1.22295
        7.47594         1.57446
        7.85459         1.84252
        7.03081         1.66121
        6.61649         1.58563
        7.01061         1.71891
        5.14919         1.63863
        3.25688         1.07145
        4.40549         1.79626
       -2.11076         2.07970
      -10.57111         2.81600
      -15.70776         3.73676
      -15.46259         4.36688
      -12.27328         4.40239
       -7.57505         3.43787
       -3.55311         2.39288
       -1.28658         1.48211
       -0.22184         1.40393
        1.24756         0.86030
        2.44517         0.66181
        3.04831         0.71674
        1.53908         0.70752
       -0.03287         0.48217
       -1.98553         0.65999
       -3.37334         1.14501
       -3.89263         1.22693
       -3.42179         1.42864
       -2.76027         1.51978
       -2.05343         1.54237
        0.42501         1.24685
        2.58893         0.73212
        4.83465         0.68547
        5.66591         1.12575
        4.69175         0.91559
        5.42786         1.35603
        4.22437         1.60890
        2.89713         1.24365
        1.80151         0.95489
        0.72896         0.90620
       -0.21995         0.89543
       -1.63710         0.84337
       -3.99563         0.58273
       -4.98904         0.81408
       -5.91493         1.15345
       -4.55618         1.14526
       -3.97149         1.14163
       -2.05777         0.92567
       -0.75897         0.47181
       -0.14039         0.31988
       -1.01602         0.42313
       -2.26881         0.51282
       -3.13572         0.80775
       -4.24879         0.97519
       -4.80069         1.35399
       -5.03294         1.35763
       -5.22810         1.57632
       -4.92339         1.76313
       -4.55128         1.71747
       -4.73423         1.59609
       -3.78154         1.80794
       -0.03939         1.24323
        2.01553         0.67798
        3.05822         0.59515
        1.93248         0.55728
        2.31895         0.49335
        2.17945         0.49927
        2.23048         0.86673
        1.05176         1.16718
       -3.16283         1.11617
       -9.73079         2.16403
      -14.02267         3.01524
      -17.25479         4.24734
      -15.96110         4.85105
       -9.43215         3.85245
       -3.10790         2.26435
        0.71222         1.47901
        3.21361         1.50656
       -1.37408         0.91978
       -5.23086         1.97993
       -1.69511         2.79264
        4.52369         3.45142
       12.47414         3.60056
       20.84992         4.51345
       24.29825         5.67683
       23.10360         5.53543
       21.16044         5.52144
       19.42440         5.33643
       16.11091         4.83350
       14.45152         4.18854
       13.74342         4.36388
       10.10065         4.03249
        5.98012         3.87317
        1.30141         2.85913
       -3.40139         1.89636
       -5.03907         0.90350
       -3.01559         0.90081
        0.93158         0.88302
        4.34834         1.63381
        3.61375         1.70218
        4.66562         1.80125
        5.89959         2.15176
        5.93289         2.30576
        6.14618         3.11305
        0.51638         1.97848
       -0.52716         0.67591
        2.46710         1.46210
        2.54755         1.90069
       -0.96953         1.80341
       -3.60880         1.37378
       -8.29140         1.23401
       -9.79358         1.89568
       -7.29589         1.51239
       -3.84843         1.13451
       -0.83494         1.07757
        2.24890         1.39938
        4.71654         1.84696
        3.74493         2.14215
        1.36560         1.86241
       -2.90358         1.39742
       -6.83101         1.15188
       -9.93349         1.66030
      -10.83533         2.20212
       -7.69640         1.61222
      -13.47948         2.53766
      -16.79488         3.64043
      -14.68613         3.33891
      -15.62070         3.91474
      -14.41474         3.71484
      -11.78513         3.34015
       -9.28910         2.86576
       -7.80518         2.48059
       -5.37440         1.95043
       -4.64962         1.59754
       -3.77346         1.49401
       -1.78966         1.04236
        0.90072         0.99888
        2.55958         1.08182
        2.34041         0.74388
        3.02782         1.09123
        3.44830         1.20390
        3.32981         1.39147
        2.42730         1.17558
        0.81340         0.87317
        0.67972         0.52859
        1.03940         0.78049
        2.43603         1.22534
        3.55844         1.88702
        2.62636         1.47300
        2.13285         1.44508
        1.33478         1.47597
       -1.21380         1.03604
       -3.42646         0.54446
       -3.29660         0.67005
       -2.60670         0.78283
       -2.70004         1.12381
       -2.08313         1.24579
       -0.52100         1.23329
       -1.07173         0.81857
       -0.28778         1.00334
        0.04911         0.72467
        1.25836         1.00743
        0.55047         0.86286
        2.23132         1.30057
        2.93740         1.53582
        2.07023         1.41851
        0.37660         0.95015
       -2.14898         0.59113
       -2.07580         0.40350
       -1.75860         0.70427
       -6.73388         1.65412
       -4.15024         1.18403
       -3.93173         1.37985
       -2.00265         0.70646
       -1.08051         0.54690
       -0.10526         0.35296
       -0.04505         0.47608
        0.91596         0.46568
        3.45988         1.03969
        2.76505         0.85530
        4.52698         1.31607
        3.80130         1.22513
        2.17891         0.91873
        2.04511         1.00782
        0.61735         1.24033
        0.17851         1.53239
       -2.03740         1.75963
       -2.04778         1.76146
       -3.87669         2.38900
       -6.94911         2.98455
      -10.63391         3.73020
      -10.62180         3.24709
       -8.97492         3.54439
       -9.35600         3.02573
       -8.87169         3.23199
       -8.23581         3.48008
       -7.45153         3.30675
       -4.85239         2.68544
       -3.05761         2.24608
       -4.04228         3.28297
       -5.75746         3.60618
       -7.94499         4.33766
       -8.98486         4.40681
       -9.99972         5.09308
       -9.70181         5.35529
       -9.76478         5.52629
      -15.08307         7.53000
      -10.98743         6.88014
       -7.14297         5.80249
       -4.63777         5.27747
        0.00368         4.05449
        1.02079         4.04424
        3.08029         3.43187
        5.16580         3.26432
        6.80210         2.92192
        8.84805         2.90873
        8.81595         2.87071
        9.00765         2.74167
       13.54128         3.15701
       16.18466         4.32508
       20.98856         5.53637
       22.80058         6.52717
       22.55031         6.44829
       21.62558         6.07486
       21.66367         6.65982
       20.31126         6.46778
       20.55333         6.13419
       18.05101         5.70495
       16.01273         5.10545
       16.36298         5.80934
       10.72699         4.61961
        5.77044         3.38404
        2.55184         2.25260
        1.32048         1.82313
        1.34238         1.88237
        2.43145         2.28771
        2.51836         2.35132
        1.78624         2.16368
        0.69175         1.79283
        2.23552         2.04237
        4.69867         2.47161
        5.99485         2.73584
        6.50656         2.69720
        5.47316         2.36941
        5.10274         2.23378
        4.72716         2.21996
        3.65493         1.74286
        3.01254         1.61790
        1.74202         1.30331
        1.15183         1.37007
       -0.43700         1.27846
       -0.75216         1.29845
       -1.33739         1.38217
       -0.95755         1.24849
       -1.85872         1.40196
       -2.30403         1.42708
       -1.33955         1.35083
        0.47786         1.09089
        0.64376         0.90442
        0.03475         0.93707
       -0.33277         0.91470
       -0.98493         0.89556
       -0.76039         0.94407
        0.46537         0.95130
        0.70493         0.86048
        1.99572         0.93262
        2.76173         0.85415
        2.83508         0.87546
        2.61088         0.74292
        2.99263         0.77295
        2.65683         0.65963
        2.26589         0.66838
        2.11051         0.59808
        2.23994         0.69604
        2.47020         0.67732
        2.82809         0.81254
        2.33771         0.71520
        2.11230         0.77563
        1.12083         0.63076
        0.74131         0.70022
        0.36039         0.63057
       -0.32796         0.66272
       -1.37594         0.64402
       -2.04907         0.74208
       -2.29967         0.76322
       -2.14367         0.73419
       -2.00617         0.67353
       -2.07627         0.69193
       -1.99325         0.65978
       -1.58383         0.62650
       -1.83371         0.59078
       -2.16821         0.57436
       -2.88934         0.60770
       -3.19267         0.60887
       -3.49623         0.64053
       -3.37427         0.61682
       -3.14303         0.55600
       -2.73189         0.50314
       -2.60489         0.46024
       -2.43432         0.41244
       -2.51369         0.41910
       -2.39381         0.38173
       -2.62745         0.36550
       -2.59191         0.35089
       -2.81096         0.34060
       -2.71089         0.33121
       -2.85983         0.29598
       -2.72074         0.30397
       -2.99636         0.28257
       -2.87758         0.27131
       -2.98212         0.26117
       -2.87714         0.25242
       -3.09142         0.24152
       -2.93884         0.24393
       -3.00996         0.21510
       -2.81760         0.20506
       -2.93678         0.19292
       -2.78768         0.20063
       -2.91927         0.17600
       -2.77540         0.18322
       -2.91387         0.15757
       -2.76349         0.16561
       -2.89909         0.14363
       -2.74273         0.14650
       -2.87749         0.13191
       -2.73996         0.14662
       -2.89743         0.12668
       -2.74889         0.13185
       -2.89825         0.11623
       -2.73215         0.12488
       -2.87005         0.11749
       -2.70893         0.11240
       -2.84934         0.10501
       -2.68387         0.11112
       -2.83281         0.10238
       -2.66570         0.10355
       -2.80893         0.10048
       -2.63993         0.10539
       -2.78233         0.09452
       -2.61139         0.09369
       -2.75517         0.09096
       -2.58390         0.09650
       -2.72620         0.09261
       -2.55153         0.09411
       -2.69223         0.08928
       -2.51650         0.09564
       -2.65731         0.09058
       -2.48043         0.09597
       -2.62082         0.09359
       -2.44320         0.09609
       -2.58332         0.08917
       -2.40513         0.09895
       -2.54502         0.09154
       -2.36646         0.10229
