       -0.10309         0.12683
       -0.09288         0.12870
       -0.08862         0.12427
       -0.09524         0.12050
       -0.09599         0.12137
       -0.08531         0.12267
       -0.08539         0.13075
       -0.08295         0.12583
       -0.09213         0.12249
       -0.07884         0.12655
       -0.08294         0.12570
       -0.07832         0.12652
       -0.07902         0.12565
       -0.08024         0.12624
       -0.07970         0.12571
       -0.08593         0.12406
       -0.08631         0.12294
       -0.07800         0.12571
       -0.08055         0.12312
       -0.07750         0.12409
       -0.08152         0.12780
       -0.07454         0.12510
       -0.07963         0.12539
       -0.07853         0.12867
       -0.07966         0.12219
       -0.07959         0.12813
       -0.08010         0.12472
       -0.07825         0.12528
       -0.07522         0.12376
       -0.07434         0.12222
       -0.07921         0.12712
       -0.08143         0.12926
       -0.07897         0.12111
       -0.08361         0.12723
       -0.08115         0.12361
       -0.08305         0.12495
       -0.08158         0.12846
       -0.08796         0.12634
       -0.08168         0.12135
       -0.08566         0.12363
       -0.09101         0.12201
       -0.08462         0.12657
       -0.08223         0.12518
       -0.09007         0.12590
       -0.09056         0.12780
       -0.09384         0.12610
       -0.08351         0.13173
       -0.09301         0.12440
       -0.09087         0.11805
       -0.09117         0.12291
       -0.08654         0.12560
       -0.09066         0.12344
       -0.08615         0.12582
       -0.09583         0.12689
       -0.08864         0.13011
       -0.08763         0.12523
       -0.09882         0.12770
       -0.09494         0.11970
       -0.08854         0.12088
       -0.09308         0.12641
       -0.08361         0.12256
       -0.08304         0.12253
       -0.09093         0.12458
       -0.09259         0.12137
       -0.08423         0.12325
       -0.08748         0.12349
       -0.09197         0.12736
       -0.09311         0.12316
       -0.08398         0.12583
       -0.09533         0.12394
       -0.09639         0.12526
       -0.10645         0.12978
       -0.10433         0.12131
       -0.10603         0.12721
       -0.08668         0.11959
       -0.08305         0.11898
       -0.08656         0.11226
       -0.09776         0.12363
       -0.08449         0.11757
       -0.09809         0.12031
       -0.08918         0.11576
       -0.08975         0.12276
       -0.07411         0.11822
       -0.08597         0.12189
       -0.09908         0.12208
       -0.10949         0.12299
       -0.08068         0.12077
       -0.10297         0.12244
       -0.10799         0.11950
       -0.11889         0.11913
       -0.08469         0.11777
       -0.08389         0.12106
       -0.11505         0.12098
       -0.09556         0.12445
       -0.07596         0.12611
       -0.08748         0.11956
       -0.12544         0.11833
       -0.10292         0.12497
       -0.10042         0.12397
       -0.12485         0.13273
       -0.10916         0.12732
       -0.07659         0.12664
       -0.07927         0.12748
       -0.08011         0.12242
       -0.08468         0.13246
       -0.04883         0.12954
       -0.04445         0.13656
       -0.06759         0.12795
       -0.03286         0.13247
       -0.03146         0.13692
       -0.04860         0.12743
        0.00297         0.13294
        0.00749         0.13008
       -0.02523         0.12820
       -0.02070         0.13029
        0.07364         0.13703
       -0.07940         0.12688
       -0.03049         0.11804
        0.16237         0.14312
       -0.14430         0.14079
        0.01879         0.14333
        0.35649         0.21490
        0.06826         0.15872
       -0.13154         0.13918
        0.37620         0.20498
        0.17514         0.18283
       -0.15310         0.14617
        0.09754         0.13230
        0.36105         0.19378
        0.01303         0.13712
        0.07729         0.11568
        0.22863         0.16710
       -0.03092         0.14363
        0.00552         0.12140
        0.04981         0.12981
       -0.02056         0.13858
        0.06164         0.14013
        0.10473         0.15964
        0.05007         0.15040
        0.08384         0.14807
        0.17999         0.15852
        0.07103         0.17116
        0.09663         0.16259
        0.17064         0.16168
        0.08241         0.15685
        0.14351         0.16371
        0.23575         0.16669
        0.19485         0.16200
        0.17309         0.15458
        0.22537         0.16031
        0.12417         0.15202
        0.12190         0.13920
        0.09906         0.14188
        0.20889         0.15672
        0.17784         0.15984
        0.15696         0.15512
        0.15711         0.15074
        0.21455         0.16737
        0.16688         0.15522
        0.14184         0.14161
        0.12124         0.14013
        0.09674         0.13637
        0.07412         0.14143
        0.12678         0.14640
        0.12125         0.15613
        0.23812         0.17645
        0.24253         0.16746
        0.23466         0.16602
        0.19413         0.16470
        0.21772         0.16130
        0.26150         0.17439
        0.13391         0.14514
        0.20729         0.15694
        0.22521         0.15969
        0.20393         0.15937
        0.11151         0.13918
        0.15855         0.12302
        0.22913         0.12938
        0.12651         0.10987
        0.09217         0.11457
        0.17631         0.15620
        0.23810         0.18708
        0.19605         0.17637
        0.29417         0.19607
        0.26029         0.19287
        0.16751         0.18014
        0.30647         0.20009
        0.33853         0.20231
        0.21382         0.18221
        0.11987         0.17664
        0.13762         0.16583
        0.18033         0.15261
        0.08563         0.14992
        0.15847         0.14555
        0.16061         0.13948
        0.07737         0.13816
        0.02150         0.12851
        0.07944         0.10741
        0.00334         0.10021
        0.07679         0.09190
        0.19301         0.13077
        0.25912         0.16465
        0.19063         0.16264
        0.31123         0.18315
        0.24047         0.19060
        0.20129         0.18912
        0.19734         0.19371
        0.30911         0.20354
        0.35250         0.21418
        0.14746         0.19990
        0.10611         0.20169
        0.15727         0.18401
        0.02984         0.19212
       -0.02944         0.18763
       -0.00915         0.18116
       -0.00105         0.16588
       -0.00817         0.16628
       -0.11451         0.18085
       -0.08645         0.18557
       -0.04500         0.15559
        0.01540         0.14951
        0.04644         0.12523
       -0.04079         0.13874
       -0.08353         0.13880
       -0.15735         0.15748
       -0.10986         0.15001
       -0.16290         0.16713
       -0.14642         0.17136
       -0.04474         0.14164
        0.01325         0.12216
       -0.08371         0.14351
       -0.07382         0.13145
       -0.09609         0.13207
       -0.02058         0.13276
        0.00864         0.11874
       -0.07413         0.12458
        0.07077         0.12925
        0.13182         0.14403
        0.16778         0.15641
        0.15799         0.13648
        0.06744         0.13678
        0.09443         0.14255
        0.12430         0.13838
        0.22386         0.16692
        0.18846         0.15269
        0.08684         0.14422
        0.09532         0.14127
        0.07337         0.13802
        0.14692         0.15128
        0.08771         0.13462
        0.06888         0.13725
        0.03731         0.13509
        0.01895         0.13437
        0.04258         0.13006
        0.01234         0.14070
        0.10925         0.15609
        0.02242         0.16336
       -0.01127         0.17159
       -0.14325         0.19002
       -0.12788         0.17719
       -0.11426         0.17980
       -0.19458         0.17574
       -0.27285         0.18745
       -0.16344         0.16115
       -0.08933         0.15658
       -0.27187         0.17564
       -0.40322         0.20963
       -0.24620         0.15721
       -0.06510         0.12445
       -0.16997         0.14292
       -0.42983         0.21988
       -0.56128         0.26560
       -0.39328         0.22572
       -0.23391         0.18669
       -0.22938         0.19316
       -0.27943         0.20075
       -0.36565         0.22114
       -0.51651         0.28147
       -0.45755         0.27797
       -0.39578         0.23916
       -0.25570         0.19722
       -0.35627         0.21394
       -0.44658         0.25804
       -0.44172         0.24926
       -0.35376         0.24312
       -0.21641         0.19271
       -0.27275         0.19440
       -0.23062         0.19355
       -0.24438         0.19837
       -0.31546         0.21586
       -0.32892         0.21295
       -0.27012         0.18168
       -0.15486         0.15740
       -0.28586         0.18414
       -0.35082         0.19023
       -0.31324         0.18494
       -0.19659         0.17574
       -0.23321         0.17380
       -0.24177         0.18253
       -0.31233         0.20114
       -0.00774         0.15473
       -0.01814         0.15272
       -0.12419         0.11932
       -0.26972         0.16000
       -0.63893         0.25854
       -0.64006         0.29213
       -0.74770         0.36094
       -0.41015         0.27827
       -0.22371         0.21457
       -0.09746         0.21013
        0.03459         0.21300
        0.21076         0.22488
        0.07711         0.17853
       -0.03030         0.17451
        0.00703         0.17531
        0.02267         0.19101
        0.21256         0.21065
        0.22354         0.21080
        0.17011         0.18697
       -0.16585         0.13343
       -0.11870         0.15041
       -0.19369         0.16921
        0.02527         0.17882
        0.35208         0.25657
        0.85032         0.43924
        0.96874         0.45505
        0.65960         0.32391
        0.00597         0.11223
       -0.07149         0.08575
       -0.02066         0.07559
        0.34000         0.15167
        0.24635         0.11741
        0.07997         0.09082
        0.15563         0.14413
        0.21680         0.14175
        0.21402         0.13664
        0.60442         0.26635
        0.43064         0.20054
        0.63039         0.27682
        0.24854         0.10866
        0.65628         0.26593
        0.15232         0.09578
       -0.02519         0.10704
       -0.14451         0.12618
       -0.22624         0.23017
       -2.32905         1.01360
        0.76836         0.81231
        4.57558         2.03961
        2.76650         1.26974
        1.23705         0.69602
       -0.65979         0.38746
        0.21540         0.28266
       -0.49843         0.27958
        0.08472         0.25387
       -0.39875         0.32365
       -0.63381         0.32421
       -0.95657         0.40683
       -0.22074         0.23449
       -0.20899         0.28808
       -0.85712         0.45990
       -1.27595         0.57890
       -1.30407         0.53773
       -1.45372         0.61589
       -1.26510         0.55310
       -1.46588         0.60281
       -1.69618         0.69669
       -1.45971         0.64279
       -0.78820         0.38681
       -0.42949         0.30562
       -0.93876         0.43207
       -1.82651         0.72864
       -1.27065         0.55263
       -1.13482         0.51795
       -0.42827         0.39974
        0.57174         0.53267
       -0.06587         0.43953
       -1.08025         0.49166
       -1.99471         0.86117
       -0.48843         0.44753
        1.16856         0.66609
        0.25616         0.36611
       -0.33526         0.35664
        0.34065         0.40872
        0.36315         0.34537
        0.64551         0.42419
        0.58290         0.44287
        0.17360         0.30301
        0.32536         0.37777
        1.24615         0.61569
        0.85422         0.45682
        1.27498         0.58520
        1.48909         0.67772
        0.54739         0.35698
        1.04850         0.47302
        0.73265         0.36519
        0.90424         0.37457
        0.99102         0.42358
        0.22294         0.31759
       -0.51726         0.41531
        0.36319         0.21953
        0.30812         0.19597
        0.79362         0.30218
       -0.02655         0.19339
       -0.20934         0.21015
        0.80023         0.32838
        0.48867         0.23681
       -0.26143         0.23489
       -0.11867         0.19685
       -0.36600         0.25579
       -0.28030         0.23974
       -0.85255         0.44491
        0.20210         0.21656
        0.78299         0.35120
        0.15888         0.22687
       -0.80856         0.42523
       -0.20544         0.24556
       -0.09518         0.20425
        0.24078         0.19235
        0.29095         0.23489
       -0.22799         0.25103
       -0.37308         0.29857
       -0.19745         0.24501
       -0.22909         0.24394
        0.28891         0.20355
        0.55291         0.27829
        0.22184         0.20036
       -0.35892         0.24656
       -0.59135         0.33749
       -0.26790         0.25749
       -0.23475         0.29367
        0.40001         0.39554
        0.63858         0.42584
        0.65977         0.46504
        1.43281         0.69687
        1.25619         0.63967
        1.32243         0.59016
        1.29370         0.57655
        1.58684         0.68741
        1.56880         0.67481
        2.07703         0.88616
        0.87323         0.56062
        0.41743         0.45565
        0.96007         0.55067
        1.35540         0.61587
        0.93484         0.50225
        0.22487         0.48622
       -0.01981         0.43475
       -0.04768         0.39853
       -0.67922         0.52680
       -0.27673         0.36545
       -0.78794         0.42272
       -0.88330         0.51451
       -0.72980         0.44118
       -0.35458         0.32732
       -0.38871         0.27369
       -0.19580         0.28053
       -0.40754         0.27325
       -0.27051         0.28779
       -0.70640         0.33297
        0.46447         0.47619
        1.64893         0.89895
       -0.15059         0.41533
       -1.45336         0.54903
       -0.54462         0.24889
        0.29067         0.26481
       -0.00635         0.22380
        0.55892         0.44683
        0.23777         0.37820
       -1.05491         0.44133
       -0.39685         0.16798
        0.01684         0.21342
        0.31894         0.27639
       -0.22472         0.21896
       -0.62805         0.26546
       -0.59840         0.22046
       -0.20109         0.13559
        0.14733         0.15105
        0.02616         0.16772
       -0.43675         0.19672
       -0.10153         0.08908
       -0.20832         0.10590
       -0.16003         0.08442
       -0.23540         0.11373
        0.05695         0.09078
        0.10158         0.15484
       -0.16897         0.14407
       -0.13346         0.12538
        0.11614         0.14333
       -0.01161         0.10634
        0.24223         0.16908
       -0.27913         0.21657
        0.15727         0.10272
       -0.16124         0.20344
        0.05149         0.21246
       -0.05787         0.24660
       -0.00307         0.21582
       -0.01269         0.21236
        0.19262         0.21314
        0.13346         0.23980
        0.16536         0.22183
       -0.07213         0.23932
        0.15261         0.26370
       -0.26458         0.24931
       -0.15371         0.20603
        0.04807         0.14163
        0.26878         0.15413
        0.20943         0.11169
       -0.06420         0.21556
        0.38234         0.20863
        0.23575         0.09138
        0.15968         0.14377
       -0.14289         0.21973
        0.27949         0.19348
        0.29989         0.16582
        0.11044         0.12958
        0.35222         0.21720
        0.12899         0.22029
        0.33551         0.22449
        0.56072         0.24322
        0.26812         0.25970
       -0.17664         0.36059
       -0.44228         0.47687
        0.33752         0.23314
        0.46004         0.31391
       -0.20196         0.46033
        0.37577         0.43939
        0.30961         0.35320
       -0.39830         0.60317
        0.39783         0.58224
        0.67515         0.48345
        0.26611         0.37284
       -0.25267         0.27541
        0.51995         0.37001
        0.19014         0.28099
       -0.23583         0.33883
        0.23322         0.29379
        0.18671         0.24821
        0.37149         0.29980
       -0.05015         0.21125
       -0.10110         0.24063
        0.62167         0.37938
        0.15888         0.23723
        0.04020         0.23113
        0.51480         0.33706
        0.33470         0.28145
       -0.07722         0.18932
       -0.02709         0.20337
       -0.03224         0.21918
       -0.13303         0.25344
       -0.04361         0.23533
       -0.19364         0.22556
       -0.42569         0.24572
        0.08869         0.23424
        0.29971         0.29099
       -1.06427         0.51073
       -1.63767         0.75957
       -0.31703         0.35181
        0.27711         0.29570
       -0.34781         0.25157
       -1.33648         0.56030
       -1.12941         0.57017
       -0.17330         0.35900
       -0.26863         0.32226
       -0.86203         0.44467
       -1.25626         0.48957
       -0.50822         0.32506
       -0.67786         0.39177
       -0.68084         0.39459
       -0.40834         0.31989
       -0.62805         0.30390
       -0.48478         0.26686
       -0.97895         0.38933
       -0.76468         0.33531
       -0.43974         0.26791
        0.09422         0.24714
       -0.02279         0.22847
       -0.56900         0.27451
       -0.90809         0.41407
       -0.41119         0.25680
       -0.58061         0.26231
       -0.74198         0.29495
       -0.21083         0.17216
        0.18596         0.21501
       -0.34769         0.25519
       -0.57437         0.25961
       -0.41701         0.21927
       -0.52508         0.24495
        0.01481         0.14393
       -0.18062         0.11285
       -0.19491         0.15545
       -0.34299         0.17160
       -0.01728         0.09481
       -0.17395         0.13062
       -0.17188         0.11852
       -0.27961         0.17417
        0.01783         0.20168
        0.11643         0.14430
       -0.23362         0.15061
       -0.33084         0.29072
       -0.39676         0.24416
       -0.14772         0.17857
       -0.50011         0.20293
       -0.32786         0.24750
       -0.13428         0.24925
       -0.15146         0.23672
       -0.22963         0.27177
       -0.19636         0.25414
       -0.19269         0.21423
       -0.18566         0.25781
       -0.01616         0.31310
        0.16624         0.34987
       -0.24302         0.31163
        0.18253         0.37537
        0.16647         0.35253
        0.12599         0.31249
       -0.01839         0.25867
        0.19811         0.23759
        0.18017         0.26139
        0.30729         0.26116
        0.30877         0.24918
        0.26053         0.22438
        0.23369         0.18576
        0.26855         0.14629
        0.31687         0.16476
        0.40833         0.19248
        0.45210         0.20210
        0.45586         0.22885
        0.31516         0.20427
        0.14053         0.13287
        0.25407         0.14501
        0.45665         0.17832
        0.37280         0.15180
        0.25401         0.12309
        0.22009         0.11149
        0.19691         0.11600
        0.18740         0.12748
        0.14807         0.11724
        0.16494         0.12101
        0.04624         0.11973
       -0.03874         0.13381
       -0.20250         0.15365
       -0.18544         0.15632
       -0.30474         0.19504
       -0.04760         0.16374
       -0.16125         0.16941
       -0.12770         0.13671
        0.20275         0.16200
        0.27540         0.17313
       -0.10070         0.19685
       -0.32805         0.24160
        0.30110         0.25640
        0.14772         0.25292
        0.15951         0.25435
       -0.09046         0.20694
        0.00758         0.16778
        0.13134         0.15969
        0.27977         0.20111
        0.24324         0.20702
        0.27292         0.18412
        0.37094         0.24030
        0.37432         0.18611
        0.10718         0.22042
        0.49518         0.31064
        0.80536         0.33049
        0.43001         0.25729
        0.31598         0.21781
        0.20706         0.18656
        0.02447         0.13373
        0.30889         0.15467
        0.46134         0.20520
        0.46956         0.23947
        0.38945         0.21938
        0.26962         0.21484
        0.22892         0.21959
        0.17748         0.19255
        0.10411         0.17935
       -0.01581         0.17134
        0.00754         0.17020
        0.09329         0.17047
        0.23410         0.18125
        0.29558         0.18260
        0.36079         0.22725
        0.29933         0.22165
        0.11346         0.18658
        0.25996         0.21060
        0.25384         0.23953
        0.43687         0.23271
        0.49259         0.23940
        0.53789         0.23630
        0.31085         0.17098
        0.45991         0.20482
        0.35528         0.17477
        0.16706         0.17333
        0.25114         0.16369
       -0.00365         0.16123
        0.02039         0.16356
        0.05304         0.16263
        0.23158         0.13049
        0.15931         0.11008
        0.29395         0.15133
        0.02449         0.07113
        0.02459         0.07402
        0.22111         0.12413
        0.13602         0.12512
        0.12604         0.14173
        0.00029         0.13935
       -0.05187         0.12372
       -0.06730         0.13416
       -0.07688         0.14493
       -0.04058         0.14423
       -0.08513         0.18773
        0.03560         0.18537
       -0.05265         0.18298
       -0.23346         0.17797
       -0.18803         0.15705
       -0.14470         0.11287
       -0.03625         0.08793
       -0.17305         0.13778
       -0.08828         0.12496
        0.05868         0.16142
       -0.04884         0.15073
       -0.15192         0.16600
       -0.20033         0.15981
       -0.15926         0.18848
        0.06819         0.19103
        0.13342         0.13719
       -0.08422         0.14307
        0.03748         0.10533
       -0.11665         0.12916
       -0.01571         0.10910
       -0.10643         0.13838
       -0.11144         0.12920
       -0.14068         0.17816
        0.00511         0.13507
       -0.02746         0.14169
        0.10313         0.14872
       -0.02845         0.12421
        0.03636         0.14798
        0.13623         0.12983
        0.08282         0.11378
        0.12610         0.10668
        0.10068         0.08817
        0.00692         0.08665
        0.05675         0.08616
       -0.22043         0.12000
       -0.12777         0.11901
       -0.09051         0.12291
       -0.07554         0.15959
       -0.17428         0.17198
       -0.25857         0.18177
       -0.25117         0.19756
       -0.13286         0.15715
       -0.22573         0.17294
       -0.02862         0.12240
       -0.07897         0.16372
       -0.09356         0.21027
        0.01022         0.28068
        0.25851         0.29324
        0.06778         0.32741
       -0.02160         0.39220
        0.25512         0.35800
        0.45092         0.30795
        0.28385         0.20546
        0.33926         0.20649
        0.30291         0.22117
        0.20793         0.29593
        0.09642         0.31330
        0.04616         0.40345
        0.26278         0.36839
        0.16824         0.34950
        0.27146         0.33396
        0.15466         0.32835
        0.42576         0.31764
        0.45662         0.31389
        0.28988         0.39152
        0.15139         0.43376
        0.20717         0.47643
        0.28611         0.45397
        0.42715         0.38886
        0.22738         0.31064
        0.22543         0.17532
        0.06033         0.18731
       -0.14837         0.19655
       -0.09050         0.21110
       -0.21310         0.27073
       -0.46789         0.28823
       -0.51958         0.27317
       -0.31001         0.16291
       -0.00727         0.17296
       -0.42661         0.32226
       -0.53842         0.44199
       -0.59550         0.44391
       -0.18390         0.38098
       -0.16820         0.25648
       -0.27904         0.24014
       -0.28038         0.21152
       -0.38980         0.20572
       -0.26988         0.15838
       -0.20530         0.12831
       -0.14987         0.10825
       -0.17398         0.09979
       -0.08754         0.08667
       -0.05971         0.11592
        0.00674         0.11626
       -0.00265         0.16608
        0.08034         0.13686
        0.16539         0.19151
        0.37893         0.23902
        0.15979         0.19039
        0.00388         0.21479
       -0.01907         0.23314
        0.16020         0.25332
        0.34612         0.21947
        0.20525         0.19568
        0.06509         0.21417
        0.35570         0.19279
        0.18812         0.14912
        0.16191         0.21561
        0.06917         0.25660
        0.24756         0.22743
        0.19121         0.19129
        0.23030         0.27301
        0.23852         0.31377
        0.32651         0.31359
        0.32533         0.35059
        0.23851         0.37322
        0.26363         0.37284
        0.07965         0.41761
        0.04179         0.45277
        0.10478         0.40665
        0.07140         0.45719
        0.03279         0.43003
       -0.17491         0.38154
       -0.24420         0.38681
       -0.31408         0.38255
        0.01081         0.47947
       -0.12210         0.52321
       -0.27677         0.55551
       -0.57123         0.55289
       -0.78193         0.52314
       -0.67434         0.46099
       -0.46653         0.46050
       -0.39073         0.51110
       -0.68811         0.51258
       -0.49625         0.54478
       -0.62961         0.59519
       -0.88681         0.56322
       -0.56533         0.51550
       -0.78755         0.51475
       -1.00849         0.60955
       -1.04330         0.53937
       -0.84355         0.52031
       -0.86049         0.48067
       -0.78571         0.49176
       -0.60945         0.47118
       -0.70995         0.42687
       -0.58242         0.38888
       -0.44611         0.45508
       -0.80759         0.44642
       -0.55762         0.41398
       -0.65457         0.45463
       -0.53555         0.47606
       -0.61968         0.50274
       -0.84074         0.53271
       -0.87891         0.57049
       -1.16528         0.67122
       -1.15992         0.61664
       -0.99725         0.63444
       -1.10645         0.61980
       -0.47744         0.41559
       -0.50042         0.39650
       -0.06892         0.33312
       -0.29488         0.48071
       -0.34918         0.41595
       -0.31491         0.44854
       -0.35219         0.40624
       -0.19280         0.45535
       -0.46059         0.52480
       -0.36298         0.42932
       -0.03869         0.47967
       -0.14084         0.54935
       -0.09157         0.58488
       -0.35190         0.66707
       -0.29072         0.65597
       -0.08449         0.71530
        0.12846         0.73067
        0.62281         0.68913
        0.97610         0.71738
        1.03480         0.75196
        1.26446         0.74355
        1.07282         0.69064
        1.24147         0.73706
        1.21061         0.76257
        1.51165         0.74429
        1.38771         0.67999
        1.43161         0.67704
        1.11871         0.67847
        1.45480         0.75358
        1.34541         0.74537
        1.47387         0.82453
        1.40984         0.81881
        1.50439         0.86252
        1.70788         0.87082
        1.58135         0.90052
        1.74761         0.89606
        1.51476         0.80920
        1.34463         0.81976
        1.12987         0.71529
        1.24434         0.84915
        1.08076         0.73647
        0.79129         0.66876
        0.58071         0.63760
        0.26182         0.49363
        0.37679         0.53571
        0.16938         0.54855
        0.13415         0.57064
       -0.33610         0.50998
       -0.20464         0.54847
       -0.49510         0.52825
       -0.49479         0.57439
       -0.57145         0.64393
       -0.83574         0.65035
       -1.20492         0.69147
       -1.21862         0.70289
       -1.29272         0.73663
       -1.58071         0.79007
       -1.65185         0.78530
       -1.78407         0.81812
       -1.80731         0.87449
       -1.63002         0.84125
       -1.88421         0.84779
       -1.85901         0.88218
       -1.86014         0.80962
       -1.24758         0.61705
       -1.24857         0.65355
       -1.20481         0.62200
       -1.10231         0.56095
       -0.98828         0.56088
       -0.99393         0.63400
       -0.87723         0.53342
       -0.49253         0.39776
       -0.23479         0.45942
       -0.34216         0.46493
       -0.15910         0.48641
       -0.33809         0.57208
        0.08149         0.55565
        0.14589         0.47178
        0.22603         0.44493
        0.30959         0.49096
        0.48639         0.44632
        0.59599         0.45402
        0.29475         0.41370
        0.32939         0.49409
        0.07802         0.47397
        0.27326         0.30975
        0.82012         0.43170
        0.60441         0.39996
        0.57035         0.41115
        0.36861         0.44225
        0.46925         0.41843
        0.58706         0.39641
        0.50680         0.36185
        0.47158         0.38138
        0.45282         0.42020
        0.37815         0.34812
        0.64850         0.39173
        0.46675         0.37791
        0.50065         0.43807
        0.36614         0.37524
        0.99625         0.46340
        0.67494         0.44173
        0.55854         0.37197
        0.18144         0.42393
        0.38848         0.41660
        0.55381         0.40507
        0.20914         0.35693
        0.38144         0.35047
        0.36745         0.35733
        0.32021         0.32386
        0.48876         0.33368
        0.42802         0.33997
        0.49942         0.41090
        0.22706         0.43098
        0.57200         0.37427
        0.39906         0.36347
        0.51629         0.33204
        0.12002         0.39032
        0.07852         0.34895
        0.32993         0.32359
        0.30137         0.29098
        0.09525         0.34146
       -0.14706         0.33814
        0.13004         0.29158
       -0.09722         0.34484
        0.47682         0.36703
       -0.22085         0.53236
       -0.12248         0.46286
        0.29194         0.40382
        0.33714         0.40814
        0.36346         0.41474
        0.44678         0.47509
        0.61110         0.40192
        0.19361         0.44026
        0.32541         0.40859
        0.64828         0.48400
        1.11437         0.59375
        0.96834         0.52555
        1.97257         0.72240
        1.53891         0.72621
        1.45718         0.74998
        1.54550         0.75998
        1.64395         0.73497
        1.52858         0.78020
        1.10681         0.75971
        1.21519         0.74317
        1.00450         0.80672
        0.90818         0.80305
        0.56643         0.80159
        0.18381         0.83547
        0.32776         0.82058
        0.14460         0.82598
        0.17607         0.75135
       -0.31504         0.75058
       -0.40994         0.76292
       -0.57117         0.79952
       -0.25772         0.69021
       -0.61298         0.67314
       -0.67699         0.61949
       -0.94773         0.64153
       -0.90270         0.54340
       -0.93821         0.54629
       -0.85765         0.46044
       -1.08601         0.56860
       -0.74471         0.48806
       -0.88608         0.49165
       -0.59941         0.37706
       -0.98744         0.48429
       -0.52453         0.38621
       -0.68826         0.38125
       -0.21453         0.30169
       -0.27419         0.22138
       -0.24861         0.25185
       -0.34091         0.19701
       -0.35146         0.24846
       -0.08806         0.24186
        0.21241         0.25654
        0.38950         0.27173
        0.43325         0.30616
        0.38390         0.35884
        0.49728         0.38951
        0.55086         0.40150
        0.53082         0.47125
        0.55016         0.52352
        0.83303         0.60748
        0.83693         0.63120
        1.20908         0.71485
        0.88584         0.68070
        0.82250         0.63039
        0.34075         0.53016
        0.31603         0.53924
        0.10173         0.51434
       -0.11389         0.47302
       -0.09376         0.45479
       -0.09516         0.45355
       -0.27735         0.42790
       -0.19805         0.41595
       -0.54025         0.37253
       -0.77807         0.39235
       -0.77701         0.37690
       -0.48381         0.31613
       -0.75895         0.35087
       -0.38658         0.29881
       -0.57639         0.32055
       -0.18286         0.32615
       -0.07521         0.24534
       -0.16951         0.23831
       -0.30029         0.25865
       -0.24021         0.23178
       -0.46369         0.23863
       -0.54806         0.24849
       -0.80183         0.38521
       -0.32708         0.29142
       -0.51215         0.33474
       -0.06085         0.36115
       -0.08085         0.33116
        0.16221         0.33479
       -0.02094         0.28936
        0.14695         0.30898
       -0.03370         0.28991
        0.11455         0.32251
       -0.08349         0.29272
        0.02704         0.33035
       -0.42887         0.26463
       -0.02940         0.24107
       -0.63255         0.33016
       -0.00962         0.30585
       -0.19800         0.33907
        0.21211         0.39795
       -0.06564         0.45913
        0.22580         0.48043
       -0.17912         0.65106
        0.67573         0.74207
        0.02298         0.74986
        1.06699         0.96478
       -0.02920         0.75465
        0.81617         1.18231
        0.43812         1.15164
        0.81893         1.29815
        0.54120         1.39833
        1.31718         1.54739
        0.09719         1.63775
        1.99283         2.15409
       -0.92041         1.83983
        2.94210         3.99189
        1.58738         4.02051
        0.95174         4.47360
       -2.84490         4.22156
       -7.96926         3.79012
       -6.32269         2.80925
       -3.49834         2.05801
       -0.01058         2.34090
       -0.99703         2.16035
        0.18026         2.45375
       -3.79120         2.29679
       -2.32664         2.06956
       -3.39767         2.13647
       -1.05074         1.85336
       -2.31966         2.06303
       -2.16535         1.73257
       -2.39065         1.71549
       -2.51155         1.73299
       -2.01237         1.59654
       -0.45669         1.79514
       -2.79399         2.17614
       -3.66814         2.09781
       -4.78478         2.11050
       -3.81675         1.68800
       -2.74200         1.34200
       -1.83428         1.30493
       -1.74134         1.21028
       -0.27958         1.33884
       -2.49870         1.66814
       -3.14451         1.41830
       -1.10039         1.01388
       -0.70187         1.25498
       -1.02451         1.67290
       -3.14826         1.94692
       -3.63591         1.88525
       -2.95002         1.49388
       -2.24838         1.31519
       -2.06661         1.16996
       -1.47687         1.14586
       -0.78584         1.34082
       -1.44079         1.38619
       -0.95527         1.01014
        0.31699         0.93251
       -0.36021         1.04179
        0.40700         0.94194
        0.08306         0.99908
        0.67070         0.91549
        2.13160         0.97842
        2.48233         1.14368
        3.21311         1.27190
        2.66763         1.13993
        1.91506         1.07175
        2.28865         1.30286
        1.57417         1.07162
        1.67258         1.17913
        1.40981         0.95424
        2.41947         1.11149
        1.70904         1.22316
        0.00580         0.98279
        0.76732         1.16543
        2.34993         1.84322
        3.45059         2.14870
        1.26844         1.37785
        4.83221         2.04059
        2.59942         2.03729
        4.30287         2.41397
        2.99480         1.88177
        4.11886         2.01071
        1.59704         1.78491
        2.14074         1.84671
        3.01318         2.49144
        4.88010         2.76529
        5.99771         2.85795
        6.55174         2.97356
        6.65033         2.88554
        7.38160         3.04656
        6.99451         3.01680
        8.24441         3.43883
        7.64821         3.29169
        9.24619         3.97611
       10.33193         4.08931
        8.77581         3.89444
        3.46961         3.25652
        1.84214         2.08443
       -2.18812         2.10231
       -4.63425         2.19289
       -4.78427         2.96661
      -14.02513         5.80622
      -10.76022         4.26700
       -8.24237         3.38335
      -11.18565         4.88242
      -10.78178         4.74801
       -0.61209         1.58976
       -1.49145         1.52151
        0.31491         1.28378
       -0.18378         1.47501
       -0.68838         2.39670
        4.57685         2.24223
        2.38636         1.24995
       -0.59135         1.31739
        0.54248         1.04900
        1.90611         1.10459
       -3.21757         2.00735
        3.09843         1.43886
        0.63381         1.18527
        1.63856         1.37648
        3.88369         1.81847
        2.76584         1.50105
        1.33340         0.98981
        2.59965         1.34654
        1.49066         0.63982
        1.82636         0.82746
        2.28657         0.95145
        1.09849         0.92468
        1.87285         1.10814
        1.62464         0.95542
        2.65756         1.03210
        1.30457         0.62524
        1.57373         0.86835
        0.90083         0.69332
       -0.01319         0.76642
       -0.17710         0.75529
        0.67928         0.64976
       -0.23740         0.60838
       -0.57617         0.64884
       -0.62731         0.53008
       -1.31003         0.73378
       -0.62475         0.80364
       -0.34233         0.87774
       -0.66203         1.01706
       -1.25328         1.14928
       -1.21160         1.22261
       -1.47610         1.11214
       -1.83364         1.02203
       -2.26712         1.20302
       -1.48681         1.09045
       -1.67388         1.04416
       -1.49440         1.02183
       -1.99631         1.12441
       -2.13813         1.14528
       -1.95055         1.22042
       -2.06218         1.22148
       -1.77611         1.22493
       -1.56210         1.00430
       -1.42271         0.89194
       -1.24416         0.85715
       -0.53541         0.85403
        0.42459         0.92694
        0.83314         1.00829
        0.73208         0.77164
        0.64731         0.70383
        0.70314         0.78076
        0.18018         0.60059
        0.44482         0.65569
        0.33348         0.65683
       -0.31513         0.55318
       -0.09761         0.54627
        0.19199         0.59006
       -0.00622         0.59142
       -1.32182         0.77162
       -1.29226         0.77320
       -0.04370         0.60215
       -0.89635         0.60260
       -1.44663         0.70577
       -0.89876         0.62374
       -0.48055         0.57587
       -0.35336         0.60315
       -0.67668         0.59858
       -0.70008         0.55811
       -0.65506         0.55729
       -1.41448         0.59653
       -1.25864         0.59156
       -1.48689         0.63488
       -1.15117         0.59068
       -0.76164         0.50700
       -0.59629         0.52802
       -0.41083         0.55444
       -0.85525         0.60519
       -0.57320         0.61596
       -0.15120         0.63287
       -0.05599         0.67069
        0.24490         0.68408
       -0.34097         0.56092
       -1.52683         0.64532
       -0.92283         0.44250
       -0.74188         0.43547
       -1.01538         0.53178
       -1.46998         0.62295
       -1.67667         0.68831
       -0.95441         0.46942
       -0.32761         0.35200
       -1.11963         0.68360
       -2.36078         1.25613
       -1.62152         0.98121
       -1.17109         0.74497
       -1.58509         0.70817
       -1.71390         0.89068
       -1.50678         0.89097
       -0.38333         0.80983
       -0.98188         0.73623
       -0.33438         0.68754
        0.61742         0.83861
        0.45454         0.82500
        0.64167         0.79032
        0.76123         0.64833
        0.94538         0.63677
        0.55991         0.39101
        0.73831         0.37815
        1.23577         0.55952
        0.66475         0.43377
        0.05884         0.36564
       -0.31350         0.46221
       -0.57120         0.48309
       -0.25552         0.49380
        0.00649         0.50629
        0.44024         0.57643
        0.01374         0.44160
       -0.15902         0.38837
        0.48414         0.51411
        0.57936         0.49638
        1.12436         0.58381
        1.17384         0.61658
        0.97177         0.49478
        0.64335         0.34475
        1.05921         0.52705
        0.90984         0.52640
        0.19342         0.39237
        0.18925         0.46291
       -0.12610         0.34946
        0.43507         0.25440
        0.39683         0.18034
        0.19785         0.26444
        0.30941         0.21644
        0.86522         0.31750
        0.62478         0.29733
        0.54816         0.35609
        0.32036         0.30157
        0.09422         0.35750
       -0.01067         0.29257
        0.07159         0.28978
        0.22451         0.32519
        0.56758         0.32436
        0.56642         0.29305
        1.00008         0.41638
        0.70571         0.28667
        0.76494         0.31560
        0.61706         0.27101
        0.69400         0.28216
        0.30585         0.23749
        0.38409         0.23828
        0.32565         0.20485
        0.47583         0.28601
        0.17262         0.27067
       -0.10680         0.22660
       -0.03756         0.17672
        0.31637         0.20498
        0.02362         0.17320
        0.33494         0.22534
        0.06414         0.17141
        0.10935         0.16903
       -0.12987         0.19562
       -0.44459         0.29408
       -0.41012         0.32161
        0.22468         0.25953
        0.56019         0.31910
        0.71458         0.31691
        0.51108         0.23649
        0.29518         0.23646
        0.08399         0.27660
        0.06692         0.28426
       -0.23516         0.25079
       -0.28186         0.27269
       -0.46375         0.30219
       -0.25585         0.30309
        0.02962         0.30578
        0.20423         0.30168
       -0.00307         0.28510
       -0.41296         0.52622
       -0.54373         0.76339
       -0.44708         0.79489
       -0.11903         0.78297
       -0.10203         0.60452
        0.16027         0.62215
       -0.23009         0.67579
       -0.96920         0.61402
       -0.31574         0.41245
        0.12771         0.45325
        0.33704         0.46548
        0.18326         0.39456
        0.20216         0.34920
        0.06209         0.35133
       -0.09733         0.37975
       -0.40781         0.45305
       -0.32211         0.40928
       -0.60368         0.38327
       -0.61888         0.36964
       -0.57620         0.37505
       -0.48969         0.37392
       -0.61051         0.37544
       -0.62790         0.41067
       -0.63794         0.41209
       -0.56796         0.35571
       -0.21202         0.33882
        0.08599         0.41899
        0.02924         0.44185
        0.23510         0.39292
        0.11372         0.33679
        0.34774         0.43396
        0.16933         0.55058
        0.08508         0.45260
        0.08506         0.41140
        0.63367         0.48219
        0.68235         0.51680
        0.78266         0.48454
        0.65851         0.44802
        0.99394         0.50285
        1.25165         0.55677
        2.25616         0.90011
        2.10303         0.87328
        2.21003         0.86621
        1.24360         0.55980
       -0.16383         0.30314
        0.61284         0.35345
        1.04312         0.47234
        1.74420         0.77576
        1.45258         0.78615
        0.31786         0.67461
       -0.79205         0.83750
       -0.39364         0.69090
       -0.68963         0.73795
       -1.58419         0.95605
       -1.52176         0.88776
       -1.17338         0.82952
       -1.05307         0.76229
       -0.54799         0.70176
       -0.21703         0.68662
        0.72259         0.65633
       -0.29433         0.86362
       -0.52551         0.91464
       -0.09637         0.92211
       -0.44592         1.21161
       -1.07044         1.38315
       -0.21233         1.23486
        0.82675         0.96008
        0.70852         0.70484
       -0.03204         0.78714
        0.26062         0.66100
        0.04302         0.48521
       -0.25499         0.48194
       -0.24067         0.42780
       -0.00414         0.29806
       -0.00117         0.30063
       -0.08596         0.30303
       -0.56819         0.43046
       -0.60016         0.46309
       -0.55021         0.37416
       -0.46557         0.26305
       -0.50821         0.25046
       -0.77556         0.31149
       -0.84147         0.39659
       -0.76379         0.41618
       -0.71855         0.37384
       -0.17636         0.27285
       -0.18262         0.23586
       -0.37688         0.21778
       -0.79214         0.31552
       -0.55010         0.27631
       -0.42316         0.28275
       -0.17490         0.28065
       -0.35086         0.27077
       -0.54413         0.25218
       -0.69619         0.29349
       -0.50760         0.24522
       -0.09041         0.26417
       -0.07079         0.34892
       -0.79199         0.33986
       -0.65825         0.27077
       -0.28039         0.24495
       -0.25268         0.23643
       -0.45107         0.22997
       -0.42971         0.21451
       -0.43345         0.20380
       -0.34266         0.22938
       -0.30752         0.48019
       -0.69405         0.57843
       -1.05906         0.75460
       -0.58945         0.70871
       -0.11524         0.51044
       -0.13913         0.48006
        0.29128         0.58413
        0.61411         0.57717
        0.85947         0.70436
        1.59187         1.04811
        1.28317         0.91365
        0.72609         0.68644
        1.06426         0.78928
        1.44534         0.95117
        1.02107         0.81005
        0.98272         0.78146
        0.89636         0.64835
        1.52739         0.82346
        1.42686         0.78522
        1.77626         0.82475
        1.55912         0.79636
        1.29263         0.66615
        1.40170         0.64624
        1.34507         0.66699
        0.87009         0.56519
        1.06950         0.59397
        1.31377         0.62869
        1.18360         0.58230
        1.24287         0.58546
        1.42716         0.60769
        1.39240         0.69096
        1.18824         0.66862
        0.71163         0.63009
        0.74280         0.66460
        0.62590         0.66930
        0.35756         0.62149
        0.41328         0.59017
        0.38040         0.53879
       -0.16053         0.59172
       -0.60630         0.64935
       -0.96914         0.74151
       -0.97146         0.70865
       -1.04432         0.71029
       -1.68209         0.91883
       -1.66041         0.85597
       -1.55439         0.78008
       -1.72858         0.82113
       -1.87972         0.91976
       -1.91716         0.95447
       -1.52573         0.79563
       -1.29113         0.65366
       -1.44266         0.67429
       -1.19275         0.56968
       -0.78010         0.49004
       -0.26586         0.57139
       -0.07422         0.40677
       -0.29008         0.39471
       -0.67134         0.41142
       -0.92417         0.57864
       -0.40723         0.58444
       -0.09251         0.59273
        0.27095         0.66794
        0.39872         0.63783
        1.04765         0.80127
        1.42445         0.91376
        0.78572         0.63205
        0.56873         0.54644
        0.98822         0.75645
        2.32025         1.26655
        3.72787         2.09136
        4.26034         2.34199
       -0.15808         1.10522
       -1.68579         0.80329
       -0.64084         0.58683
        0.20905         0.62842
        0.15456         0.31414
        0.74710         0.29160
        4.19910         1.67728
       -0.42662         0.87508
       -1.44157         0.83077
       -0.22460         0.60917
       -0.34390         0.75711
       -0.36133         0.92908
        0.53605         0.94296
        0.38916         0.97371
        0.69151         1.25130
        2.42959         1.40713
        2.72732         1.34587
        2.40768         1.09696
        1.94393         0.85230
        1.09907         0.72205
        1.22787         0.80362
        1.49309         0.75001
       -0.35848         0.78231
       -1.21136         1.05321
       -0.95662         1.04984
       -2.30441         1.28759
       -0.42740         0.79039
       -1.33160         1.03850
       -2.10045         1.34242
       -0.16826         1.03846
        0.85216         1.11432
        0.74069         1.51879
        2.43114         2.06310
        0.76612         1.81306
       -0.75760         1.52084
       -0.75195         1.50259
       -0.91470         1.37132
       -0.59264         1.43121
       -1.77301         1.41995
       -1.32298         1.49981
       -2.14984         1.47621
       -1.48308         1.43021
       -1.05679         1.37220
       -0.79390         1.38416
       -0.52477         1.49456
       -0.97350         1.49068
       -0.83403         1.40485
       -0.00765         1.58640
        0.21815         1.62918
        0.60335         1.61629
        0.36575         1.46253
        0.87871         1.46977
        0.29315         1.29824
        0.26501         1.16338
       -0.04843         1.10390
       -0.47233         0.97092
        0.02738         0.88732
       -0.59952         0.82318
       -0.67052         0.78775
       -0.55185         0.75697
       -0.79632         0.79409
       -0.66860         0.77575
       -0.07516         0.67079
       -1.30693         1.02030
       -2.91398         1.53618
       -3.23108         1.68169
       -3.41144         1.74571
       -3.81267         1.82700
       -3.66092         1.85378
       -3.91384         1.93388
       -2.71855         1.50914
       -1.97404         1.17947
       -1.82544         1.16767
       -1.03703         1.31943
       -1.34965         1.33256
       -1.69404         1.29940
       -1.17327         1.18098
       -0.46971         1.06974
       -0.10833         1.35456
       -1.14378         1.67688
       -4.50197         2.35997
       -6.75707         2.91533
       -6.35615         2.70378
       -6.01869         2.36807
       -5.22276         2.22760
       -5.33903         2.27069
       -4.70133         2.05771
       -5.32746         2.37310
       -4.99226         2.23727
       -5.17715         2.34607
       -4.41652         2.07542
       -3.22481         1.85685
       -2.53712         1.80526
       -2.34816         1.76413
       -2.25176         1.68198
       -1.49960         1.74470
        1.79925         1.92764
        1.61039         1.66720
        3.29142         2.00276
        4.14363         2.39395
        5.59354         2.74542
        6.00228         3.06229
        7.11366         3.32359
        7.23081         3.24308
        8.46570         3.35106
        6.41833         3.02975
        7.36377         3.11959
        7.00725         2.87592
        8.78569         3.37654
        7.52261         2.80666
        5.43970         2.15464
        6.95708         2.54446
        6.30975         2.33947
        6.36361         2.42603
        5.08207         1.99022
        3.41047         1.50952
        3.37392         1.56960
        3.58613         1.91934
        3.79437         2.19921
        5.11277         2.65356
       10.60194         4.45546
       11.88832         4.68592
        8.70775         3.85685
        8.25368         3.53468
        9.45067         3.97993
        6.86745         3.42816
       -1.86191         2.06072
       -6.53628         2.83974
       -4.94044         2.31087
       -6.17872         3.10562
       -4.46786         2.89291
       -5.63408         2.67198
       -5.30937         2.73473
       -2.08830         2.35509
       -4.23035         2.55085
       -8.26644         3.52316
      -10.93515         4.29316
       -5.64550         2.35384
       -4.83478         2.04481
       -4.90548         1.83874
       -2.29980         1.16819
       -4.21764         1.70606
       -3.13113         1.31285
       -3.75350         1.42827
       -4.06551         1.56528
       -1.14771         0.72830
       -3.20768         1.45143
       -3.28153         1.37475
       -0.10583         0.82686
       -2.65364         1.35311
       -2.27669         1.10847
       -2.76499         1.35353
       -1.27716         1.21117
        1.03445         0.47218
       -2.47532         1.24239
       -2.09597         1.06179
       -0.71632         0.63631
        0.34215         0.61436
       -1.37010         0.75488
       -1.77034         0.99135
       -0.00073         1.02979
        4.49668         2.28720
        4.49898         2.60334
        6.09303         3.02098
        7.27220         3.09945
        4.83417         2.26671
        2.11861         1.67046
        3.45215         1.96015
        2.97755         1.62077
        3.07077         1.55219
        2.08531         1.49863
        0.36977         1.41370
       -0.64267         1.62868
        0.05079         1.65202
       -1.60835         1.88572
       -1.06040         1.49183
       -2.45789         1.68693
       -2.32514         1.48333
       -3.23745         1.70456
       -3.20092         1.89625
       -2.44509         1.65548
       -1.98304         1.47902
       -2.18421         1.31871
       -1.62387         1.03623
       -2.03767         0.98856
       -2.70301         1.09601
       -2.07819         0.84942
       -2.24473         0.91739
       -2.35646         0.95284
       -0.87451         0.61786
       -0.78655         0.60735
       -0.45285         0.66877
       -0.99838         0.59852
       -0.69835         0.48340
        0.35037         0.61811
        1.20796         0.74983
        0.54156         0.49026
        0.77883         0.65186
        0.04745         0.57222
        0.11665         0.59110
        0.62656         0.55118
        0.65899         0.48152
        0.80270         0.54636
        2.29927         1.06009
        2.20333         1.17721
        1.23896         0.90320
        0.43141         0.58972
        0.41205         0.57176
        1.67633         0.93772
        2.41872         1.32498
        4.47620         2.08092
        5.29487         2.44226
        3.47369         1.85985
        2.74278         1.44863
        3.72267         1.74182
        3.93624         2.01853
        4.99664         2.24391
        5.63676         2.39433
        6.35373         2.58074
        6.97236         2.96789
        6.92952         3.04541
        6.88560         2.84211
        5.47402         2.58840
        3.36307         1.87831
        1.53055         1.47197
        1.09854         1.59943
       -0.43678         1.39842
       -0.00266         1.24751
       -0.82447         1.16412
       -2.18064         1.30551
       -3.92662         1.56612
       -3.48047         1.44176
       -3.66597         1.50043
       -3.08153         1.23467
       -2.82809         1.13011
       -3.50480         1.49952
       -4.02213         1.72345
       -3.21926         1.56858
       -2.84009         1.29904
       -1.50916         0.98486
       -1.06134         0.94138
       -0.61204         0.93497
       -1.51268         0.77636
       -1.33657         0.72944
       -1.03888         0.69729
       -0.16642         0.81836
       -0.90927         0.77171
       -1.39071         0.65148
       -1.47375         0.59921
       -0.05650         0.44841
       -0.44867         0.43807
       -0.54109         0.39369
       -0.71395         0.42762
       -0.89915         0.48509
       -1.37297         0.71410
       -1.23247         0.69423
       -1.72135         0.73163
       -1.12168         0.54459
       -1.41874         0.61257
       -0.96846         0.53983
       -0.95996         0.50620
       -0.67008         0.44314
       -1.15281         0.51612
       -1.35675         0.59491
       -1.74060         0.73019
       -0.65500         0.37435
       -0.89253         0.39646
       -0.68558         0.33709
       -0.96717         0.43706
       -0.79552         0.38730
       -1.04362         0.50571
       -1.22219         0.52269
       -1.12300         0.49194
       -0.99507         0.49446
       -0.64707         0.37842
       -0.54022         0.38418
       -1.14558         0.53022
       -1.33019         0.59250
       -0.82518         0.51401
       -0.32845         0.43466
       -1.04113         0.45007
       -0.47981         0.27566
       -0.09814         0.18192
       -0.15181         0.18040
       -0.48287         0.31770
       -0.32814         0.29666
       -0.06105         0.25217
        0.05296         0.23650
       -0.19885         0.22701
       -0.48775         0.31703
       -1.13278         0.52720
       -1.19600         0.59394
       -0.40083         0.31327
        0.36183         0.28392
        0.51957         0.29061
        0.80695         0.34450
        0.32897         0.22239
        0.15982         0.23552
       -0.42800         0.43742
       -0.38861         0.40935
       -0.75568         0.49681
       -0.28666         0.45575
       -0.32705         0.34210
       -0.11625         0.27624
       -0.66139         0.39907
       -1.18217         0.49693
        0.26367         0.32433
        0.73269         0.45437
        1.09015         0.51466
        0.39739         0.32425
       -0.47115         0.35424
       -1.37040         0.69258
       -1.71503         0.90819
       -0.94936         0.71900
       -1.15662         0.61892
       -1.25093         0.59954
       -1.23432         0.62295
       -0.31058         0.38967
        0.15423         0.42113
        2.02506         0.75703
        0.40704         0.35640
        0.29796         0.47439
       -0.14201         0.48632
        0.52028         0.63685
       -0.48737         0.50062
       -0.07276         0.34447
        0.97763         0.54338
       -0.26116         0.25363
       -0.58342         0.37655
        0.17240         0.27271
        0.30829         0.26089
        0.70977         0.39144
        0.32207         0.22731
        1.06926         0.47476
        0.33648         0.18443
        0.43439         0.31284
        0.00103         0.27095
       -0.38166         0.32912
        0.56077         0.41549
        0.70802         0.53820
        0.91336         0.59629
        0.30460         0.33349
        0.15006         0.40700
        0.12545         0.44450
       -0.08151         0.50064
        0.61052         0.57000
        0.94141         0.60192
        0.78586         0.63294
        0.29241         0.60981
        0.31303         0.52117
        0.74865         0.56910
        0.17689         0.38372
       -0.13974         0.29999
       -0.16719         0.33399
        0.22082         0.29299
        0.03602         0.23789
        0.33761         0.23980
        0.00569         0.14133
        1.08807         0.54280
        1.22185         0.76939
       -0.36399         0.57169
       -1.05896         0.57013
       -0.57181         0.35068
        0.44374         0.27895
        0.50825         0.44740
       -0.27478         0.49027
       -0.16295         0.56362
        0.53017         0.60074
       -0.10324         0.64998
       -1.73903         0.99128
       -1.00569         0.73618
       -0.63095         0.61528
       -0.88140         0.73656
       -1.41922         0.90326
       -0.28408         0.56355
       -0.42962         0.57038
       -0.71141         0.67766
        0.46800         0.47406
        0.59618         0.43200
        0.71230         0.46944
        0.18144         0.51317
        0.38360         0.49387
        0.51313         0.56714
        0.24147         0.63807
        0.62256         0.56522
        0.50874         0.46479
        0.46471         0.47079
        0.43085         0.46691
        0.56450         0.46168
        1.24411         0.56095
        1.22190         0.54754
        0.99600         0.58030
        1.08254         0.59604
        1.22732         0.60783
        0.31718         0.58688
        0.87951         0.66661
        0.62414         0.66728
        1.06657         0.71367
        1.17294         0.61112
        0.45073         0.56937
        1.34849         0.65467
        1.07349         0.63085
        1.06437         0.60269
        0.62519         0.47982
        0.91460         0.60526
        2.11470         0.91858
        2.28045         1.05830
        2.42065         1.06465
        2.14302         0.90246
        1.36045         0.72764
        2.10904         0.92753
        1.92437         0.88207
        1.91179         0.81608
        1.67541         0.77263
        1.32672         0.66938
        0.65373         0.42376
        0.20432         0.30309
       -0.08340         0.35045
        0.16527         0.41779
       -0.21027         0.41578
       -0.41380         0.41983
       -0.90799         0.47868
       -1.19465         0.50404
       -0.31564         0.39128
       -0.48212         0.39079
       -0.30225         0.36584
       -0.14214         0.36576
       -0.20633         0.32535
       -0.04481         0.24594
        0.02902         0.31259
       -0.07944         0.29353
       -0.11419         0.27937
       -0.28756         0.21313
       -0.26875         0.13748
       -0.13953         0.19002
        0.33622         0.31036
       -0.57314         0.27910
       -0.46339         0.24029
       -0.28256         0.27102
       -0.70218         0.35772
        0.02020         0.34935
       -0.36409         0.38969
       -0.24293         0.32445
       -0.53857         0.35701
       -0.77356         0.42447
       -0.57869         0.35635
       -0.59115         0.38098
       -0.48671         0.33818
       -0.20410         0.26883
       -0.66690         0.34052
       -0.76949         0.31918
       -0.66270         0.24117
       -1.08968         0.39051
       -1.27140         0.48435
       -0.64404         0.27811
       -0.19972         0.19664
        0.41245         0.32497
       -0.07598         0.26607
        0.19968         0.32267
       -0.25257         0.41177
       -0.07773         0.38151
        1.10711         0.50873
        0.52545         0.34064
        0.56005         0.35689
        0.58805         0.39557
        0.72592         0.41523
        0.56198         0.34498
        0.31321         0.28009
       -0.68294         0.37426
       -0.83121         0.47422
       -0.37937         0.34832
       -0.43126         0.35546
       -0.78671         0.44143
       -0.65401         0.34820
       -0.64514         0.26522
       -0.74738         0.32707
       -1.13324         0.46049
       -0.72111         0.28945
       -0.79603         0.30908
       -0.89919         0.38492
       -1.20654         0.49490
       -0.73157         0.34607
        0.05821         0.15964
       -0.21787         0.09619
       -0.51365         0.23131
       -0.30731         0.16197
       -0.44298         0.21562
        0.15484         0.24133
        0.01768         0.13903
       -0.15058         0.16980
       -0.02148         0.14412
       -0.12553         0.12438
       -0.13389         0.11970
        0.17055         0.19139
        0.77364         0.41626
        0.07882         0.30599
        0.03399         0.29050
        0.69321         0.36866
        0.90895         0.42158
        0.31617         0.24143
        0.32862         0.22311
        0.07066         0.14855
       -0.04708         0.12951
       -0.15112         0.18433
       -0.03544         0.19355
        0.36226         0.23049
        0.15424         0.22120
        0.08628         0.23822
       -0.16825         0.31011
        0.21679         0.25428
       -0.30113         0.20990
        0.09872         0.25400
        0.03708         0.19396
       -0.39423         0.26853
       -0.50172         0.31250
       -0.21983         0.25035
       -0.27894         0.24667
       -0.73446         0.34350
       -0.56657         0.32906
       -0.77822         0.37830
       -0.63377         0.29914
       -0.47293         0.28289
       -0.60960         0.30483
       -0.51032         0.29159
       -0.93722         0.38326
       -0.64977         0.30770
       -0.52842         0.27548
       -0.34999         0.25127
       -0.58514         0.29239
       -0.64103         0.29825
       -0.30258         0.24685
       -0.33046         0.21024
       -0.40535         0.24192
       -0.28644         0.20335
       -0.39288         0.24398
       -0.93145         0.35987
       -0.49853         0.19483
       -0.24636         0.14725
        0.53168         0.29155
        0.45152         0.24606
        0.05037         0.11639
        0.00903         0.17439
        0.01298         0.23859
        0.04670         0.32826
        0.00320         0.31374
       -0.26116         0.27467
       -0.34797         0.27046
       -0.41849         0.26933
       -0.44925         0.26988
       -0.43190         0.24937
       -0.23406         0.25951
       -0.92669         0.37744
       -0.37850         0.22975
       -0.75632         0.34567
       -0.76439         0.35149
        0.38092         0.30269
        0.31632         0.32794
        0.32423         0.28357
        0.57509         0.37162
        0.43511         0.30449
        0.64127         0.28348
        0.91121         0.37807
        0.71328         0.37802
       -0.28819         0.36322
       -1.01768         0.51039
       -0.51025         0.34870
       -0.76855         0.43651
        0.16964         0.25630
        0.75134         0.33478
        0.93659         0.41995
       -0.06999         0.28567
       -0.72618         0.42005
       -0.97604         0.51086
       -1.00642         0.49080
       -1.03234         0.59803
       -0.93372         0.57358
       -0.82830         0.53466
       -0.53587         0.45307
       -0.31022         0.33364
       -0.49155         0.31737
       -0.65202         0.34354
       -0.35666         0.27089
        0.11488         0.30573
        0.06424         0.26708
        0.43495         0.39996
       -0.07760         0.23378
        0.24110         0.13677
       -0.10150         0.23830
       -0.85440         0.41095
       -0.78658         0.38777
        0.25144         0.25664
        0.40573         0.29979
       -0.54190         0.35794
       -0.04840         0.26200
        0.54812         0.37782
       -0.43118         0.31580
       -0.22179         0.24465
        0.54006         0.33546
        0.84629         0.39338
        1.40930         0.56498
       -0.46030         0.51482
       -2.27013         1.08447
       -0.68164         0.53445
       -0.06537         0.40100
        0.51720         0.47753
        1.56599         0.64022
        1.69056         0.66674
        1.93243         0.71656
        1.08384         0.41464
        0.71774         0.31444
        1.29804         0.49284
        1.12986         0.43320
        0.92966         0.36763
        0.93017         0.37964
        1.01004         0.42002
        0.71818         0.36204
       -0.06550         0.25509
       -0.07617         0.27838
       -0.49033         0.30884
       -0.50128         0.28822
       -0.06379         0.17251
        0.04215         0.16425
        0.11536         0.21512
        0.05728         0.22839
        0.35256         0.29777
        1.02611         0.46985
        0.95030         0.44435
        0.90846         0.39234
        0.76705         0.37754
        0.79328         0.37822
        1.02916         0.53167
        1.04436         0.51909
        1.51450         0.62087
        1.17291         0.46985
        1.35430         0.51516
        0.56704         0.26201
        0.72622         0.26829
        0.33624         0.20173
        0.23744         0.24287
        0.18466         0.32958
        0.36698         0.29133
        0.39330         0.27802
        0.23712         0.27742
        0.53906         0.25568
        0.18572         0.21624
        0.30393         0.25702
        0.84601         0.34088
        0.83865         0.32159
        0.59965         0.23503
        0.26919         0.13089
        0.61223         0.23629
        0.04639         0.15036
       -0.43211         0.23163
        0.23042         0.15083
        0.28123         0.17981
        0.15189         0.20175
        0.11239         0.18161
        0.09877         0.18863
        0.29157         0.19825
        0.04682         0.16075
       -0.01096         0.19562
        0.14032         0.12280
        0.03543         0.08895
       -0.41022         0.14782
       -0.05141         0.07730
       -0.16994         0.08407
        0.04278         0.10512
        0.05028         0.20364
       -0.45511         0.19987
       -0.66540         0.23950
       -0.14185         0.10242
       -0.58086         0.22615
       -0.55674         0.20336
       -0.70779         0.27701
       -0.71471         0.29874
       -0.46096         0.16687
       -0.52554         0.20991
       -0.11456         0.06960
       -0.16755         0.16569
       -0.10770         0.21771
        0.07944         0.18037
        0.18110         0.11725
       -0.36722         0.17706
       -0.26667         0.19527
       -0.45395         0.29778
       -0.20759         0.19928
        0.01591         0.11154
        0.02840         0.12056
       -0.40258         0.27923
       -0.29214         0.29060
        0.01253         0.15586
       -0.01652         0.23742
        0.39823         0.28561
        0.16209         0.23023
        0.12772         0.21057
       -0.29869         0.21968
       -0.37829         0.30453
       -0.53823         0.34595
       -0.62804         0.38399
       -1.00534         0.60285
       -0.95816         0.55929
       -0.01680         0.12283
       -0.43426         0.33610
       -0.37807         0.35413
        0.25099         0.22224
       -0.38076         0.16549
       -0.08582         0.11553
       -0.49585         0.30369
       -0.32538         0.28879
       -0.23073         0.27673
       -0.18551         0.26251
       -0.17276         0.21983
       -0.16240         0.24333
        0.05231         0.27540
        0.34349         0.25960
        0.01680         0.16153
        0.06004         0.11983
        0.21040         0.13482
       -0.00382         0.05803
       -0.36879         0.15651
       -0.25986         0.13575
       -0.39920         0.20060
       -0.30149         0.20228
       -0.01002         0.18334
        0.20105         0.18977
        0.28371         0.24207
        0.54061         0.32280
        0.03570         0.17746
        0.57936         0.40937
        0.36542         0.40843
        0.09844         0.35818
       -0.37687         0.40816
       -0.00719         0.27601
        0.14314         0.43610
       -0.45535         0.49598
       -0.40587         0.47474
       -0.76959         0.56457
       -0.41189         0.40199
       -0.45309         0.44616
        0.33364         0.29882
        0.28252         0.26281
       -0.04992         0.31668
        0.25259         0.29596
        0.30867         0.28674
       -0.02140         0.31731
       -0.16739         0.38956
        0.05864         0.42087
        0.30862         0.35373
        0.26227         0.23881
        0.33769         0.22501
        0.03099         0.16259
       -0.00240         0.19248
        0.12281         0.18504
        0.10635         0.18059
        0.13979         0.14227
        0.03860         0.16780
        0.08738         0.17167
        0.07826         0.13162
       -0.07321         0.15310
       -0.05327         0.20990
       -0.21641         0.22812
       -0.09904         0.27420
        0.06273         0.26916
        0.03298         0.27590
        0.03667         0.23595
        0.02130         0.24136
       -0.00829         0.24601
        0.01160         0.25205
        0.11586         0.23376
       -0.00795         0.19988
       -0.00808         0.19708
       -0.27716         0.19055
       -0.36564         0.18710
       -0.24936         0.18308
       -0.26954         0.17042
       -0.28825         0.14879
       -0.39628         0.17800
       -0.36016         0.15442
       -0.30831         0.13862
       -0.21318         0.10450
       -0.12688         0.08192
       -0.15882         0.10646
       -0.02865         0.10679
       -0.11484         0.14575
       -0.01184         0.17052
        0.04847         0.17125
        0.01421         0.15841
       -0.02537         0.16062
        0.14634         0.15218
        0.16671         0.12789
        0.03384         0.11248
       -0.14835         0.14262
       -0.13107         0.14416
       -0.14800         0.17496
        0.02058         0.19715
       -0.00679         0.19801
        0.02635         0.23086
       -0.09204         0.22047
       -0.14961         0.20653
       -0.31362         0.22174
       -0.24685         0.22851
       -0.28032         0.24749
       -0.26955         0.22198
       -0.34897         0.19949
       -0.38993         0.19574
       -0.38641         0.17949
       -0.17755         0.16213
       -0.23526         0.16229
       -0.30522         0.14174
       -0.17396         0.10704
        0.01210         0.12636
       -0.07719         0.13253
       -0.07977         0.13762
        0.03297         0.15041
       -0.02450         0.12884
       -0.07634         0.15717
       -0.16332         0.14947
       -0.14614         0.14911
       -0.11544         0.15399
       -0.13957         0.16481
       -0.07934         0.16061
       -0.08302         0.12167
       -0.02872         0.12987
       -0.04618         0.10117
       -0.11940         0.12044
       -0.13525         0.18835
        0.04762         0.20876
        0.03782         0.20982
        0.07291         0.29086
       -0.00633         0.36234
       -0.12067         0.34657
       -0.15441         0.36889
       -0.14670         0.39841
       -0.30815         0.39213
       -0.17424         0.40809
       -0.49434         0.47349
       -0.65778         0.34923
       -0.00682         0.17650
       -0.00520         0.15248
        0.13613         0.12388
       -0.19832         0.11500
        0.66597         0.32317
        0.77063         0.48280
        0.08851         0.39131
       -0.06982         0.42484
       -0.25833         0.39969
       -0.19517         0.28609
       -0.03443         0.13457
        0.30545         0.12967
        0.28070         0.12941
        0.52448         0.19698
        0.75869         0.29426
        0.37867         0.18466
        0.34941         0.17910
        0.17966         0.13732
        0.25478         0.12641
        0.18355         0.13295
        0.07778         0.08180
        0.15119         0.08053
        0.29295         0.16756
        0.43934         0.28733
        0.05215         0.23283
        0.07157         0.19242
        0.01245         0.17982
        0.02718         0.13285
        0.35860         0.14457
        0.42230         0.16740
        0.41259         0.15497
        0.60788         0.26628
        0.58796         0.32366
        0.31875         0.34260
        0.06888         0.37375
       -0.36733         0.32403
        0.15067         0.11546
        0.14850         0.09956
        0.19037         0.10236
        0.35723         0.18562
        0.37899         0.24135
        0.21496         0.24240
        0.14014         0.24420
       -0.01653         0.21573
        0.16486         0.21142
        0.00551         0.23068
        0.16670         0.17740
        0.14063         0.21722
       -0.07959         0.21132
       -0.09531         0.21193
       -0.09327         0.18854
       -0.00283         0.18053
       -0.06514         0.19836
        0.09115         0.17027
        0.23018         0.17748
        0.19477         0.18544
        0.28105         0.19311
        0.25636         0.18782
        0.45492         0.21497
        0.40824         0.17907
        0.39535         0.17582
        0.31045         0.14816
        0.07319         0.09645
        0.00320         0.09402
       -0.04700         0.10445
       -0.05065         0.12323
       -0.06567         0.14735
       -0.17466         0.16753
       -0.06831         0.14060
       -0.13635         0.16226
       -0.00019         0.10770
       -0.07401         0.13490
        0.02833         0.10059
        0.05726         0.10078
        0.05380         0.07519
        0.12419         0.10092
       -0.05386         0.14943
       -0.18867         0.20344
       -0.16057         0.18819
       -0.05608         0.17171
        0.03182         0.14186
        0.06338         0.14081
        0.09157         0.12904
        0.15597         0.10794
        0.05859         0.09352
       -0.01693         0.09616
       -0.06908         0.11822
       -0.07378         0.13707
       -0.04970         0.13997
        0.02504         0.14322
        0.01039         0.15509
       -0.04107         0.18862
        0.00505         0.18240
        0.22894         0.15987
        0.13557         0.10582
        0.06720         0.07150
        0.05303         0.05226
       -0.19534         0.16251
       -0.19749         0.20935
        0.08696         0.20334
        0.23770         0.21709
        0.03484         0.14326
       -0.04736         0.15063
       -0.49953         0.25752
       -0.47178         0.20313
       -0.05014         0.15976
       -0.59658         0.35956
       -0.83837         0.46793
       -0.26714         0.24983
        0.32221         0.14019
       -0.17871         0.16796
       -0.54865         0.26839
       -0.39932         0.21999
       -0.40262         0.26733
       -0.50559         0.33929
       -0.16731         0.27261
       -0.12557         0.26719
        0.02772         0.28682
        0.55441         0.28939
        0.43235         0.18311
       -0.08725         0.07550
       -0.10691         0.09414
       -0.07314         0.09054
       -0.02675         0.08869
       -0.02118         0.11290
       -0.10691         0.16846
       -0.09852         0.18785
        0.05172         0.15647
        0.15399         0.16745
       -0.20267         0.25917
        0.03404         0.21027
        0.17863         0.25358
       -0.37644         0.46925
       -0.30932         0.52470
        0.23083         0.50916
        0.73994         0.50708
        0.66598         0.39958
        0.24951         0.24915
        0.01466         0.12449
       -0.12649         0.12126
       -0.10207         0.11541
       -0.08353         0.07270
       -0.13505         0.08354
       -0.15234         0.16369
       -0.06535         0.19883
        0.09993         0.20115
        0.06588         0.20961
        0.11377         0.19951
        0.11924         0.20727
        0.14541         0.22147
        0.11588         0.21085
       -0.05313         0.16361
       -0.10907         0.13273
       -0.18116         0.09699
       -0.11664         0.07674
       -0.18173         0.09325
       -0.22269         0.09669
       -0.21023         0.08405
       -0.42165         0.19702
       -0.18920         0.14070
       -0.11857         0.12023
       -0.07178         0.11586
       -0.05254         0.14762
       -0.02009         0.18968
        0.06334         0.19557
        0.12689         0.19641
        0.12518         0.19728
        0.20263         0.19628
        0.22022         0.18010
        0.17797         0.13850
        0.04852         0.08674
       -0.00269         0.07963
       -0.08409         0.12202
       -0.02600         0.15467
        0.07532         0.16568
        0.04059         0.18260
        0.06258         0.19665
        0.00114         0.18211
       -0.03277         0.18477
       -0.03002         0.15686
       -0.09039         0.15691
       -0.08836         0.21012
        0.14932         0.25385
        0.24826         0.22692
       -0.02273         0.10233
       -0.20254         0.10648
       -0.12004         0.11724
       -0.00091         0.10291
        0.01710         0.08664
       -0.00958         0.05642
       -0.07408         0.09690
       -0.23226         0.20052
       -0.25939         0.32902
        0.06298         0.35000
        0.27984         0.44641
        0.50587         0.51679
        0.70305         0.48507
        0.40848         0.35286
        0.32578         0.28718
        0.16601         0.18436
       -0.14946         0.23546
        0.07919         0.40627
        0.68848         0.61682
        0.70468         0.65456
        0.43326         0.58827
        0.09546         0.52494
       -0.27852         0.49476
       -0.58431         0.44984
       -0.51671         0.41870
       -0.56197         0.37751
       -0.52550         0.32603
       -0.43829         0.31000
       -0.47314         0.32206
       -0.67274         0.35400
       -0.56870         0.29604
       -0.42817         0.22655
       -0.12892         0.17235
        0.15455         0.22517
        0.19092         0.28169
        0.03112         0.24969
       -0.17723         0.20615
       -0.37464         0.18890
       -0.13845         0.15972
       -0.03740         0.17050
        0.03218         0.19524
       -0.26873         0.21767
       -0.41269         0.17240
       -0.01523         0.11794
        0.07142         0.15656
       -0.04270         0.14371
       -0.15794         0.13239
       -0.10125         0.09049
       -0.12017         0.10198
        0.09151         0.11186
        0.43029         0.22207
        0.48818         0.23994
        0.40577         0.24182
        0.30300         0.24557
        0.14871         0.20167
       -0.05971         0.19324
        0.00836         0.14240
        0.04367         0.12849
        0.12089         0.11731
        0.17897         0.14295
        0.37349         0.18515
        0.23479         0.13037
       -0.19743         0.20726
        0.08680         0.21731
        0.28602         0.21205
        0.32189         0.24076
        0.40709         0.27367
        0.56334         0.30345
        0.47154         0.26974
        0.42598         0.27313
        0.32919         0.24216
        0.19653         0.22327
        0.11829         0.22473
        0.09250         0.22418
        0.15004         0.24303
        0.05294         0.21674
       -0.10460         0.19450
       -0.08695         0.18940
       -0.07378         0.18110
       -0.01042         0.16150
       -0.04504         0.14102
       -0.04197         0.11531
        0.06331         0.14710
        0.04984         0.16775
        0.10591         0.17335
        0.11062         0.18129
        0.06250         0.15009
        0.14280         0.17132
        0.13456         0.13977
        0.14003         0.09275
        0.15587         0.06819
        0.32416         0.12633
        0.39721         0.15305
        0.43449         0.17416
        0.43318         0.18489
        0.38678         0.19009
        0.23382         0.13526
        0.24092         0.14715
        0.23358         0.15144
        0.25718         0.15085
        0.22772         0.15030
        0.38431         0.20356
        0.37282         0.20202
        0.21544         0.16601
        0.09029         0.11935
       -0.01691         0.11810
        0.06738         0.10341
       -0.01143         0.10764
       -0.21047         0.14011
        0.03198         0.14103
       -0.14264         0.15122
       -0.08948         0.11708
       -0.06424         0.11422
       -0.01140         0.10470
       -0.05377         0.11978
        0.02388         0.12574
        0.08771         0.16043
       -0.06895         0.16003
        0.03145         0.16899
       -0.17039         0.19271
       -0.29519         0.21578
       -0.37794         0.26246
       -0.45775         0.26274
       -0.61370         0.31189
       -0.60901         0.29829
       -0.48450         0.27892
       -0.64444         0.32500
       -0.69679         0.33913
       -0.74752         0.38097
       -0.53135         0.29619
       -0.41161         0.23609
       -0.38682         0.24763
       -0.35489         0.24208
       -0.37683         0.22968
       -0.33339         0.20588
       -0.32127         0.22255
       -0.40856         0.23236
       -0.68670         0.32656
       -0.71399         0.32659
       -0.78628         0.35518
       -0.78677         0.36849
       -0.85554         0.39942
       -0.74535         0.34840
       -0.80224         0.39548
       -1.10488         0.55423
       -0.89268         0.48008
       -1.13479         0.54930
       -1.28848         0.61177
       -1.38957         0.60185
       -1.61024         0.68617
       -1.54357         0.63763
       -1.55813         0.64222
       -1.43730         0.63177
       -1.38025         0.62045
       -1.33012         0.57629
       -1.09457         0.52450
       -0.84318         0.48145
       -0.60250         0.46075
       -0.35390         0.44358
       -0.19052         0.47972
       -0.22806         0.51026
       -0.03845         0.49585
        0.10644         0.48401
        0.23799         0.47009
        0.32777         0.49703
        0.33695         0.48216
        0.47298         0.49375
        0.67064         0.51909
        0.42920         0.45754
        0.45865         0.41636
        0.54194         0.40493
        0.67178         0.40246
        0.81209         0.41995
        0.88979         0.42292
        0.82165         0.41307
        0.82275         0.40879
        0.78342         0.38920
        0.95810         0.42437
        1.05335         0.44823
        1.04781         0.45975
        1.01655         0.45514
        1.00851         0.47133
        1.01315         0.44890
        1.03171         0.47030
        1.00910         0.45165
        1.01425         0.44740
        0.94977         0.41645
        0.92494         0.40005
        0.78551         0.36199
        0.77979         0.34160
        0.70594         0.32392
        0.68241         0.30857
        0.58085         0.28277
        0.53099         0.27683
        0.53612         0.25554
        0.57690         0.26000
        0.47221         0.24566
        0.41831         0.22992
        0.37171         0.21806
        0.34432         0.21456
        0.39737         0.22013
        0.44883         0.23825
        0.40932         0.22424
        0.46744         0.23315
        0.43605         0.22910
        0.40725         0.21337
        0.35588         0.20216
        0.36862         0.19478
        0.31325         0.19535
        0.30478         0.19413
        0.28757         0.19880
        0.29346         0.19240
        0.30122         0.19309
        0.31144         0.19926
        0.28036         0.19542
        0.28068         0.18895
        0.22718         0.19540
        0.24176         0.19741
        0.21047         0.18379
        0.19756         0.18563
        0.14844         0.17728
        0.14129         0.16826
        0.12711         0.17314
        0.13341         0.17094
        0.10145         0.15592
        0.09495         0.16248
        0.06898         0.15457
        0.09002         0.15265
        0.02791         0.15544
        0.02565         0.15028
       -0.00818         0.15881
       -0.02323         0.14990
       -0.04945         0.15426
       -0.03295         0.14719
       -0.04976         0.14521
       -0.03327         0.14843
       -0.06754         0.14789
       -0.05890         0.13767
       -0.07994         0.14175
       -0.07978         0.14342
       -0.11444         0.14858
       -0.09244         0.14689
       -0.10885         0.14572
       -0.10715         0.14103
       -0.11467         0.14035
       -0.11076         0.13716
       -0.12563         0.14773
       -0.11913         0.13803
       -0.14078         0.14596
       -0.11784         0.13874
       -0.14883         0.14149
       -0.12479         0.13973
       -0.15479         0.13964
       -0.12728         0.13749
       -0.15697         0.13770
       -0.13114         0.13488
       -0.13406         0.13927
       -0.13301         0.13538
       -0.14661         0.13598
       -0.14096         0.13280
       -0.14921         0.12904
       -0.14348         0.13517
       -0.14193         0.12939
       -0.14456         0.13304
       -0.15378         0.13804
       -0.14246         0.13453
       -0.14752         0.13383
       -0.13940         0.13114
       -0.14171         0.13680
       -0.12916         0.13004
       -0.14170         0.13563
       -0.13403         0.12766
       -0.14253         0.12616
       -0.12422         0.12786
       -0.13696         0.13226
       -0.12277         0.13109
       -0.12701         0.12744
       -0.12028         0.12751
       -0.12371         0.12560
       -0.11734         0.13010
       -0.12749         0.12235
       -0.11653         0.12491
       -0.11415         0.12959
       -0.10520         0.12724
       -0.10894         0.12741
       -0.10455         0.12667
       -0.11543         0.11958
       -0.10176         0.12169
       -0.10455         0.12512
       -0.09156         0.12204
       -0.10329         0.12381
       -0.09741         0.12121
