30089
30088
30088
30087
30088
30088
30088
30088
30088
30088
30089
30088
30087
30088
30088
30087
30085
30084
30084
30083
30083
30082
30081
30079
30080
30079
30078
30079
30077
30077
30077
30077
30075
30073
30074
30072
30072
30072
30071
30070
30069
30068
30068
30067
30067
30066
30066
30066
30064
30063
30063
30063
30063
30064
30063
30063
30062
30062
30064
30065
30065
30064
30065
30066
30068
30069
30070
30073
30076
30077
30077
30079
30080
30080
30081
30082
30083
30084
30086
30086
30087
30087
30089
30090
30094
30096
30097
30097
30095
30094
30094
30093
30092
30090
30090
30088
30088
30089
30090
30093
30095
30098
30099
30101
30103
30102
30103
30103
30104
30107
30108
30108
30108
30108
30109
30110
30110
30110
30111
30112
30114
30115
30114
30116
30117
30117
30119
30119
30120
30121
30122
30123
30123
30124
30125
30126
30127
30128
30129
30130
30132
30132
30132
30134
30135
30135
30136
30135
30137
30136
30136
30138
30140
30141
30141
30141
30141
30142
30146
30146
30146
30146
30147
30148
30148
30149
30150
30150
30150
30151
30150
30151
30149
30151
30150
30149
30149
30149
30149
30149
30149
30149
30148
30148
30149
30150
30150
30150
30151
30154
30153
30152
30151
30150
30149
30150
30150
30152
30155
30156
30156
30157
30157
30155
30154
30154
30156
30157
30158
30159
30160
30161
30162
30163
30164
30165
30164
30163
30165
30164
30163
30164
30162
30158
30157
30157
30153
30152
30148
30148
30146
30146
30144
30145
30144
30143
30143
30141
30138
30137
30136
30136
30134
30134
30134
30133
30134
30134
30133
30132
30134
30135
30135
30136
30132
30128
30128
30129
30130
30129
30129
30130
30130
30130
30132
30133
30132
30134
30134
30136
30137
30136
30136
30136
30137
30139
30140
30138
30139
30140
30140
30140
30141
30140
30141
30141
30142
30142
30143
30143
30144
30144
30144
30144
30144
30144
30144
30144
30143
30144
30143
30145
30145
30145
30146
30144
30146
30144
30144
30143
30142
30142
30142
30140
30141
30143
30142
30141
30142
30142
30142
30142
30141
30141
30141
30140
30141
30143
30142
30141
30140
30140
30139
30138
30137
30138
30138
30139
30138
30138
30139
30138
30138
30138
30139
30139
30140
30139
30135
30135
30136
30137
30136
30134
30135
30134
30134
30133
30132
30131
30130
30129
30129
30127
30130
30129
30128
30126
30124
30124
30123
30123
30123
30123
30123
30122
30121
30121
30120
30119
30119
30119
30120
30120
30121
30120
30120
30119
30119
30121
30121
30121
30121
30122
30122
30122
30122
30122
30122
30123
30124
30125
30124
30125
30123
30124
30124
30125
30124
30125
30123
30122
30123
30125
30123
30123
30122
30123
30122
30120
30118
30120
30120
30119
30121
30121
30124
30125
30125
30125
30123
30121
30120
30119
30120
30121
30120
30119
30118
30117
30116
30115
30114
30113
30113
30114
30114
30117
30117
30119
30119
30119
30117
30116
30116
30118
30121
30123
30124
30124
30123
30123
30126
30126
30124
30123
30123
30122
30119
30119
30118
30116
30115
30115
30115
30115
30114
30113
30111
30110
30109
30108
30108
30106
30106
30105
30104
30103
30102
30100
30100
30100
30100
30100
30102
30102
30103
30102
30101
30102
30101
30101
30101
30102
30103
30102
30100
30100
30100
30100
30100
30101
30099
30097
30101
30101
30103
30103
30103
30103
30104
30104
30104
30103
30104
30104
30105
30106
30105
30105
30105
30105
30106
30107
30108
30108
30107
30107
30105
30105
30106
30107
30107
30109
30108
30110
30110
30110
30110
30110
30111
30111
30113
30115
30116
30114
30113
30114
30114
30115
30115
30116
30116
30116
30116
30116
30117
30117
30118
30118
30118
30117
30116
30117
30116
30116
30114
30115
30116
30114
30115
30115
30116
30116
30115
30114
30112
30111
30110
30110
30109
30107
30107
30107
30107
30107
30107
30107
30108
30110
30110
30111
30110
30110
30111
30110
30112
30112
30112
30112
30112
30112
30112
30112
30112
30112
30111
30110
30110
30111
30111
30109
30109
30108
30108
30108
30108
30107
30107
30107
30107
30108
30107
30107
30107
30107
30108
30109
30110
30110
30111
30110
30110
30110
30111
30112
30113
30114
30114
30114
30114
30116
30116
30116
30117
30117
30117
30118
30118
30119
30119
30119
30120
30119
30119
30119
30118
30119
30119
30120
30120
30122
30121
30122
30125
30126
30127
30128
30128
30128
30129
30129
30129
30129
30130
30129
30130
30130
30130
30129
30128
30128
30127
30126
30126
30126
30126
30127
30126
30126
30126
30127
30127
30127
30128
30128
30127
30127
30126
30127
30127
30127
30127
30126
30127
30126
30124
30123
30123
30123
30122
30122
30120
30119
30119
30119
30119
30117
30116
30115
30115
30116
30115
30115
30114
30114
30114
30114
30114
30113
30114
30113
30113
30112
30113
30113
30113
30113
30116
30115
30116
30118
30118
30117
30116
30116
30117
30118
30118
30118
30118
30118
30116
30114
30114
30114
30114
30115
30114
30115
30116
30116
30118
30117
30119
30120
30121
30121
30121
30122
30123
30123
30126
30126
30126
30126
30126
30126
30124
30124
30125
30126
30127
30128
30128
30127
30127
30126
30125
30124
30123
30123
30123
30124
30124
30123
30120
30119
30120
30119
30119
30119
30116
30118
30119
30120
30121
30121
30121
30120
30121
30120
30121
30121
30121
30121
30121
30121
30121
30121
30121
30122
30122
30121
30121
30121
30120
30122
30123
30125
30127
30127
30126
30128
30130
30132
30131
30132
30133
30133
30134
30134
30132
30133
30132
30132
30132
30130
30130
30130
30130
30130
30130
30130
30129
30129
30130
30130
30131
30128
30127
30127
30126
30124
30125
30125
30125
30124
30123
30123
30123
30122
30121
30122
30121
30121
30121
30119
30121
30121
30122
30121
30122
30120
30119
30120
30119
30120
30119
30118
30118
30118
30117
30117
30117
30117
30116
30116
30117
30116
30116
30115
30115
30117
30119
30121
30121
30120
30120
30120
30121
30120
30118
30117
30116
30116
30116
30115
30115
30116
30116
30116
30116
30119
30121
30122
30125
30124
30126
30127
30128
30128
30128
30128
30129
30130
30133
30134
30134
30136
30136
30136
30134
30136
30136
30135
30135
30134
30132
30133
30135
30136
30135
30134
30133
30133
30135
30136
30136
30136
30136
30136
30133
30132
30130
30129
30127
30127
30126
30127
30126
30125
30125
30125
30125
30124
30123
30123
30121
30123
30125
30127
30128
30127
30126
30125
30124
30124
30124
30124
30127
30127
30127
30127
30127
30127
30127
30128
30127
30127
30125
30125
30125
30124
30123
30124
30124
30124
30124
30126
30126
30126
30127
30127
30127
30126
30127
30125
30124
30120
30121
30123
30123
30125
30127
30127
30127
30128
30127
30127
30127
30124
30123
30123
30123
30123
30124
30126
30126
30127
30128
30130
30130
30128
30126
30127
30127
30127
30125
30125
30122
30122
30123
30124
30123
30122
30123
30124
30126
30128
30183
30192
30179
30176
30176
30174
30175
30173
30176
30178
30176
30171
30172
30167
30166
30163
30163
30166
30162
30158
30148
30141
30143
30143
30147
30141
30138
30135
30134
30133
30130
30126
30122
30119
30122
30119
30114
30112
30107
30107
30105
30108
30110
30112
30113
30114
30110
30109
30113
30117
30116
30114
30111
30111
30113
30115
30119
30123
30127
30128
30122
30120
30123
30122
30122
30121
30121
30126
30123
30122
30121
30118
30117
30118
30117
30118
30117
30111
30113
30114
30115
30115
30117
30117
30116
30117
30116
30112
30111
30112
30111
30111
30110
30110
30109
30108
30105
30104
30100
30101
30105
30108
30107
30107
30107
30103
30100
30100
30098
30097
30096
30096
30095
30096
30097
30096
30095
30096
30098
30098
30099
30101
30105
30110
30108
30106
30108
30114
30116
30121
30123
30120
30125
30133
30143
30143
30132
30131
30131
30134
30134
30131
30131
30130
30130
30131
30129
30131
30130
30129
30129
30129
30131
30130
30129
30129
30133
30126
30123
30124
30125
30126
30127
30127
30127
30130
30133
30143
30145
30126
30118
30126
30130
30125
30124
30125
30126
30124
30122
30121
30124
30108
30106
30115
30118
30114
30116
30117
30114
30115
30116
30115
30112
30117
30118
30118
30117
30118
30118
30123
30122
30121
30123
30124
30122
30121
30119
30122
30119
30118
30118
30118
30117
30117
30114
30115
30116
30115
30116
30114
30114
30111
30112
30112
30112
30113
30113
30111
30110
30111
30112
30112
30110
30112
30113
30112
30113
30114
30112
30111
30112
30112
30110
30110
30108
30106
30109
30109
30108
30106
30106
30105
30106
30106
30103
30107
30108
30112
30113
30108
30105
30105
30104
30103
30101
30099
30103
30106
30102
30097
30092
30093
30098
30095
30091
30089
30089
30088
30088
30088
30089
30088
30088
30089
30088
30088
30085
30086
30086
30083
30081
30079
30079
30079
30076
30075
30074
30072
30074
30070
30070
30070
30073
30071
30071
30069
30067
30068
30067
30070
30070
30071
30068
30068
30070
30071
30071
30070
30070
30071
30074
30073
30073
30076
30078
30077
30075
30074
30071
30076
30075
30076
30074
30069
30069
30069
30071
30073
30073
30073
30070
30071
30074
30075
30074
30074
30074
30078
30080
30078
30077
30077
30074
30073
30072
30072
30073
30073
30074
30072
30070
30073
30074
30075
30074
30069
30075
30074
30075
30072
30071
30073
30069
30071
30071
30068
30069
30070
30070
30070
30072
30069
30070
30069
30069
30070
30068
30067
30064
30065
30065
30066
30064
30064
30062
30064
30065
30064
30063
30064
30062
30061
30062
30062
30064
30061
30062
30061
30061
30062
30060
30061
30063
30064
30063
30061
30061
30059
30060
30060
30059
30059
30062
30062
30060
30061
30061
30061
30062
30062
30062
30063
30063
30065
30063
30062
30064
30065
30064
30064
30063
30062
30065
30064
30065
30065
30064
30061
30062
30065
30066
30066
30063
30065
30066
30067
30068
30067
30066
30066
30066
30065
30065
30065
30064
30065
30065
30066
30064
30064
30063
30064
30065
30064
30066
30066
30068
30067
30067
30068
30070
30069
30067
30067
30068
30068
30068
30068
30069
30070
30068
30069
30069
30069
30071
30072
30072
30071
30070
30071
30070
30072
30071
30071
30070
30070
30069
30068
30068
30070
30068
30068
30068
30069
30070
30069
30068
30067
30068
30068
30068
30069
30069
30071
30071
30071
30071
30072
30071
30072
30073
30072
30072
30073
30075
30077
30077
30077
30078
30079
30080
30081
30080
30082
30083
30084
30085
30085
30086
30087
30087
30086
30085
30083
30081
30081
30079
30078
30077
30076
30075
30075
30075
30077
30077
30079
30079
30081
30081
30081
30083
30083
30083
30080
30080
30080
30082
30082
30083
30085
30087
30088
30088
30085
30086
30079
30073
30071
30068
30065
30067
30064
30065
30066
30067
30066
30067
30064
30066
30067
30068
30069
30070
30070
30070
30073
30074
30077
30078
30077
30076
30076
30077
30077
30077
30076
30074
30072
30073
30073
30073
30072
30071
30070
30070
30069
30070
30070
30070
30070
30070
30072
30073
30075
30074
30073
30072
30072
30072
30070
30069
30068
30067
30066
30066
30066
30067
30067
30067
30067
30067
30067
30068
30068
30069
30070
30071
30071
30071
30071
30072
30074
30075
30077
30079
30082
30085
30087
30089
30088
30090
30090
30088
30089
30090
30091
30095
30100
30101
30101
30101
30106
30109
30109
30110
30111
30113
30111
30111
30110
30107
30105
30102
30102
30100
30100
30099
30099
30104
30105
30107
30107
30105
30104
30105
30105
30105
30105
30106
30107
30109
30110
30109
30107
30106
30105
30104
30104
30103
30105
30105
30105
30104
30103
30102
30101
30101
30101
30100
30099
30099
30098
30100
30100
30099
30097
30094
30093
30091
30088
30086
30086
30087
30087
30084
30083
30083
30084
30086
30086
30087
30087
30087
30088
30090
30091
30093
30092
30094
30094
30093
30094
30094
30093
30092
30090
30093
30094
30098
30098
30099
30103
30103
30102
30102
30099
30097
30097
30100
30101
30104
30108
30107
30106
30107
30105
30104
30108
30108
30107
30108
30108
30107
30107
30110
30106
30104
30099
30099
30099
30098
30095
30095
30095
30096
30096
30093
30089
30087
30084
30079
30078
30081
30080
30082
30084
30082
30082
30082
30081
30082
30080
30078
30081
30079
30084
30084
30084
30088
30088
30087
30088
30089
30089
30089
30091
30092
30095
30097
30096
30097
30098
30097
30098
30098
30096
30093
30094
30092
30088
30086
30085
30083
30083
30082
30083
30082
30085
30085
30084
30083
30082
30082
30082
30083
30086
30087
30087
30084
30085
30083
30081
30080
30075
30074
30070
30065
30071
30077
30079
30080
30080
30076
30075
30075
30074
30074
30075
30077
30082
30087
30092
30091
30089
30080
30073
30070
30069
30069
30073
30081
30083
30085
30083
30083
30080
30080
30080
30078
30078
30077
30077
30078
30079
30079
30079
30079
30078
30078
30078
30080
30080
30081
30081
30081
30080
30080
30080
30078
30078
30078
30081
30087
30088
30090
30092
30092
30093
30093
30091
30090
30088
30087
30086
30085
30085
30086
30087
30087
30087
30088
30088
30087
30087
30088
30088
30088
30087
30087
30087
30087
30087
30087
30086
30086
30087
30087
30089
30088
30086
30086
30087
30088
30087
30086
30086
30087
30088
30088
30088
30088
30090
30091
30090
30088
30088
30089
30090
30090
30090
30090
30090
30090
30090
30089
30088
30088
30087
30086
30087
30087
30087
30087
30088
30086
30087
30087
30089
30089
30089
30090
30092
30094
30095
30094
30094
30094
30093
30093
30091
30093
30094
30092
30092
30092
30092
30091
30090
30090
30088
30085
30081
30080
30079
30079
30079
30081
30081
30081
30080
30081
30081
30080
30080
30081
30081
30081
30081
30082
30083
30084
30085
30086
30086
30086
30086
30086
30086
30086
30086
30086
30086
30087
30087
30087
30087
30087
30088
30088
30088
30088
30087
30088
30087
30086
30086
30086
30086
30086
30087
30087
30089
30089
30090
30090
30089
30089
30089
30088
30089
30089
30089
30090
30091
30091
30092
30092
30093
30093
30094
30094
30095
30095
30095
30095
30095
30095
30095
30096
30096
30096
30097
30097
30097
30097
30097
30098
30099
30097
30096
30097
30097
30096
30096
30095
30095
30096
30096
30095
30095
30095
30095
30096
30096
30096
30095
30095
30095
30095
30096
30095
30095
30094
30094
30093
30094
30095
30096
30096
30097
30097
30098
30098
30097
30096
30096
30096
30096
30095
30095
30094
30094
30094
30093
30093
30093
30092
30093
30093
30094
30095
30095
30095
30095
30096
30095
30094
30095
30095
30095
30094
30093
30094
30095
30095
30095
30095
30095
30096
30097
30096
30096
30095
30094
30092
30092
30093
30093
30093
30092
30093
30092
30093
30093
30093
30093
30093
30092
30092
30091
30091
30092
30092
30092
30092
30092
30092
30093
30092
30093
30093
30093
30092
30093
30093
30092
30093
30093
30092
30092
30093
30093
30093
30093
30093
30094
30094
30094
30094
30093
30094
30094
30094
30094
30094
30094
30095
30095
30094
30094
30095
30094
30094
30094
30095
30094
30094
30093
30094
30094
30094
30094
30093
30093
30094
30093
30094
30094
30094
30095
30095
30096
30096
30095
30096
30097
30098
30098
30098
30098
30101
30102
30102
30104
30105
30106
30109
30109
30109
30109
30110
30110
30109
30109
30108
30109
30109
30108
30108
30108
30108
30109
30110
30110
30109
30109
30109
30109
30109
30109
30109
30111
30110
30109
30109
30109
30109
30108
30108
30109
30109
30108
30108
30107
30107
30106
30106
30107
30107
30107
30107
30107
30107
30108
30108
30109
30109
30107
30108
30108
30108
30106
30106
30106
30108
30109
30110
30107
30104
30102
30102
30103
30104
30104
30105
30105
30104
30104
30103
30102
30102
30104
30103
30105
30104
30103
30104
30104
30103
30103
30104
30104
30104
30105
30106
30105
30105
30105
30105
30104
30105
30105
30104
30105
30104
30104
30104
30105
30105
30105
30103
30102
30102
30102
30103
30102
30102
30102
30102
30102
30103
30103
30104
30103
30103
30104
30105
30103
30104
30102
30102
30103
30103
30102
30102
30102
30102
30103
30103
30103
30103
30103
30104
30104
30104
30104
30103
30102
30101
30102
30103
30104
30105
30106
30106
30106
30105
30106
30106
30107
30106
30106
30105
30105
30104
30104
30105
30104
30105
30105
30105
30106
30106
30106
30107
30106
30105
30105
30105
30106
30105
30105
30104
30104
30105
30105
30104
30104
30104
30104
30104
30104
30104
30104
30104
30104
30103
30103
30103
30104
30103
30103
30103
30104
30104
30104
30103
30103
30103
30102
30102
30103
30103
30103
30104
30104
30105
30106
30106
30105
30106
30106
30106
30106
30107
30105
30106
30106
30106
30106
30106
30106
30107
30107
30107
30107
30107
30106
30106
30107
30107
30107
30108
30108
30107
30108
30108
30108
30108
30108
30108
30109
30107
30107
30108
30108
30109
30108
30109
30109
30110
30110
30110
30110
30110
30110
30110
30111
30110
30110
30111
30110
30110
30110
30110
30110
30110
30111
30111
30111
30111
30111
30111
30111
30112
30112
30112
30113
30113
30113
30114
30113
30113
30113
30114
30115
30113
30114
30114
30114
30116
30115
30116
30114
30115
30115
30115
30115
30115
30115
30113
30112
30113
30113
30113
30113
30113
30113
30114
30113
30113
30113
30113
30114
30114
30114
30113
30113
30113
30113
30115
30114
30113
30113
30112
30113
30112
30111
30110
30110
30109
30109
30110
30110
30109
30110
30110
30110
30109
30110
30109
30109
30109
30109
30107
30107
30106
30106
30106
30105
30104
30104
30104
30103
30102
30101
30105
30102
30103
30103
30104
30103
30103
30103
30105
30104
30105
30104
30105
30105
30105
30106
30106
30106
30104
30104
30105
30105
30104
30101
30103
30105
30104
30105
30105
30105
30104
30108
30106
30107
30110
30107
30109
30108
30108
30111
30112
30112
30113
30112
30114
30115
30117
30118
30117
30118
30118
30120
30121
30121
30122
30122
30121
30122
30121
30128
30132
30132
30128
30127
30124
30137
30132
30128
30131
30130
30131
30132
30132
30131
30133
30131
30131
30130
30130
30131
30129
30129
30129
30128
30129
30130
30129
30127
30128
30127
30128
30128
30128
30127
30129
30128
30129
30127
30126
30128
30128
30125
30122
30123
30122
30116
30119
30123
30121
30118
30113
30115
30112
30113
30116
30115
30113
30114
30112
30117
30117
30118
30118
30119
30120
30120
30119
30122
30121
30122
30121
30121
30121
30121
30120
30122
30121
30119
30118
30117
30112
30111
30109
30112
30112
30111
30111
30114
30115
30115
30115
30116
30119
30119
30119
30119
30120
30121
30122
30120
30119
30120
30121
30122
