2559
2559
2561
2561
2562
2562
2563
2565
2565
2566
2567
2568
2565
2565
2564
2562
2561
2560
2559
2559
2556
2556
2555
2557
2559
2558
2560
2560
2558
2558
2559
2559
2558
2557
2556
2555
2555
2556
2557
2557
2559
2560
2559
2558
2559
2558
2559
2559
2560
2559
2560
2560
2560
2561
2561
2559
2561
2561
2561
2560
2562
2563
2563
2564
2567
2569
2569
2572
2577
2579
2584
2584
2586
2589
2591
2591
2591
2593
2594
2593
2594
2595
2595
2596
2597
2598
2599
2599
2599
2599
2600
2600
2600
2601
2602
2601
2599
2599
2598
2599
2598
2598
2597
2597
2596
2595
2596
2596
2596
2597
2596
2597
2597
2596
2597
2596
2596
2596
2596
2596
2595
2595
2595
2595
2596
2595
2595
2596
2596
2596
2597
2596
2596
2597
2596
2597
2597
2598
2598
2598
2598
2598
2598
2599
2600
2600
2600
2601
2601
2601
2602
2603
2603
2603
2603
2603
2604
2605
2606
2605
2605
2606
2607
2608
2609
2611
2611
2611
2612
2612
2613
2615
2614
2614
2615
2616
2616
2616
2617
2618
2619
2619
2618
2620
2621
2621
2621
2622
2623
2623
2623
2623
2623
2622
2623
2624
2625
2627
2628
2628
2630
2629
2629
2628
2627
2628
2629
2631
2632
2632
2634
2633
2633
2631
2633
2632
2633
2633
2634
2633
2636
2637
2637
2637
2637
2639
2640
2642
2643
2644
2646
2647
2648
2651
2651
2651
2652
2653
2653
2653
2654
2654
2654
2654
2655
2654
2653
2653
2654
2655
2656
2654
2656
2655
2653
2654
2654
2655
2654
2655
2655
2655
2656
2655
2656
2656
2657
2657
2658
2659
2659
2660
2660
2660
2661
2661
2660
2661
2661
2661
2662
2661
2662
2661
2661
2662
2662
2663
2663
2664
2664
2664
2664
2665
2666
2665
2665
2666
2666
2666
2667
2667
2668
2669
2669
2670
2670
2669
2670
2671
2671
2672
2672
2674
2674
2675
2674
2676
2676
2677
2677
2678
2677
2678
2678
2678
2679
2679
2679
2678
2679
2679
2679
2679
2678
2678
2679
2679
2679
2679
2679
2679
2679
2680
2679
2679
2678
2678
2678
2678
2677
2676
2676
2677
2676
2675
2676
2676
2675
2674
2675
2674
2673
2675
2675
2674
2673
2674
2675
2675
2675
2676
2676
2675
2675
2676
2676
2675
2675
2676
2675
2675
2675
2675
2675
2675
2674
2674
2674
2674
2673
2674
2673
2673
2672
2672
2672
2672
2672
2672
2672
2671
2672
2670
2670
2670
2670
2669
2669
2668
2667
2666
2667
2667
2668
2666
2667
2666
2667
2667
2668
2667
2666
2666
2669
2670
2672
2671
2671
2669
2670
2669
2669
2670
2669
2669
2668
2668
2667
2667
2668
2666
2666
2665
2664
2665
2664
2664
2663
2663
2662
2662
2661
2661
2660
2661
2661
2661
2661
2659
2659
2660
2660
2660
2659
2660
2659
2658
2657
2657
2656
2656
2656
2656
2656
2655
2655
2655
2654
2654
2654
2654
2653
2653
2653
2652
2651
2651
2651
2650
2650
2649
2649
2650
2649
2649
2649
2648
2649
2648
2647
2647
2646
2645
2645
2645
2644
2644
2644
2644
2643
2643
2643
2643
2643
2644
2644
2644
2644
2644
2644
2644
2644
2644
2644
2644
2644
2642
2642
2641
2644
2643
2643
2642
2642
2642
2640
2641
2641
2641
2641
2641
2640
2639
2640
2640
2640
2638
2638
2638
2638
2638
2639
2638
2638
2637
2637
2636
2636
2636
2634
2634
2632
2633
2632
2632
2631
2631
2631
2631
2631
2631
2631
2631
2630
2630
2630
2630
2630
2630
2631
2631
2631
2631
2631
2632
2631
2631
2631
2632
2633
2632
2632
2632
2632
2633
2632
2634
2634
2632
2631
2632
2632
2634
2633
2633
2633
2634
2634
2634
2635
2635
2635
2636
2636
2636
2637
2637
2637
2636
2636
2636
2635
2636
2635
2635
2635
2637
2636
2636
2637
2637
2637
2636
2637
2637
2637
2636
2636
2636
2636
2636
2635
2635
2636
2636
2637
2636
2636
2636
2636
2636
2636
2636
2637
2637
2636
2636
2636
2636
2636
2636
2635
2635
2635
2635
2635
2635
2635
2635
2635
2635
2634
2633
2632
2631
2630
2628
2629
2627
2627
2625
2625
2626
2627
2627
2627
2626
2626
2626
2627
2627
2628
2628
2628
2628
2629
2629
2628
2628
2629
2628
2628
2629
2629
2629
2628
2628
2628
2628
2627
2626
2625
2625
2625
2624
2624
2622
2622
2622
2623
2623
2623
2623
2622
2623
2623
2624
2624
2623
2624
2624
2624
2623
2622
2622
2622
2622
2622
2622
2622
2620
2621
2620
2620
2620
2621
2621
2620
2620
2619
2618
2618
2619
2620
2620
2621
2621
2621
2620
2620
2620
2621
2619
2620
2620
2620
2621
2621
2621
2621
2620
2621
2621
2621
2622
2623
2623
2623
2623
2623
2623
2622
2623
2623
2623
2624
2624
2624
2623
2624
2624
2623
2623
2623
2623
2622
2622
2623
2623
2622
2621
2621
2620
2620
2620
2621
2620
2621
2620
2620
2619
2620
2620
2619
2620
2620
2620
2620
2620
2619
2619
2620
2620
2620
2620
2619
2619
2619
2619
2619
2618
2618
2618
2618
2618
2618
2616
2614
2611
2611
2609
2607
2605
2605
2602
2602
2599
2599
2597
2597
2595
2595
2594
2595
2596
2596
2597
2597
2598
2599
2600
2601
2602
2604
2606
2607
2609
2610
2613
2614
2615
2617
2617
2618
2618
2619
2619
2619
2620
2620
2620
2619
2619
2620
2620
2619
2619
2620
2620
2620
2621
2622
2622
2622
2623
2622
2622
2622
2623
2623
2624
2624
2624
2624
2625
2624
2626
2627
2626
2627
2628
2626
2625
2625
2622
2622
2622
2623
2625
2627
2629
2631
2631
2632
2632
2633
2633
2632
2632
2632
2631
2630
2628
2628
2625
2623
2623
2622
2622
2621
2620
2619
2618
2617
2618
2618
2617
2617
2617
2617
2619
2618
2617
2618
2619
2618
2619
2619
2619
2618
2620
2621
2621
2620
2621
2622
2622
2622
2622
2622
2623
2623
2622
2623
2622
2623
2624
2624
2624
2624
2623
2623
2622
2621
2620
2619
2619
2619
2618
2617
2617
2616
2617
2617
2618
2618
2618
2619
2618
2618
2619
2620
2621
2622
2622
2621
2622
2622
2624
2623
2624
2624
2625
2626
2625
2626
2626
2626
2625
2625
2627
2627
2627
2627
2629
2628
2628
2629
2629
2628
2628
2626
2625
2625
2626
2626
2625
2625
2625
2625
2625
2626
2625
2624
2625
2625
2623
2623
2623
2623
2622
2622
2624
2624
2624
2623
2622
2621
2620
2618
2616
2615
2615
2616
2616
2617
2617
2617
2609
2646
2654
2651
2649
2651
2652
2652
2653
2654
2654
2656
2655
2654
2655
2656
2657
2658
2659
2661
2663
2663
2660
2660
2660
2665
2667
2666
2666
2666
2667
2668
2667
2668
2667
2669
2668
2665
2664
2661
2660
2658
2658
2658
2657
2654
2655
2653
2652
2651
2650
2649
2649
2646
2644
2640
2635
2632
2628
2621
2619
2617
2612
2612
2611
2609
2609
2608
2610
2611
2610
2610
2609
2608
2607
2605
2607
2609
2607
2608
2610
2610
2609
2610
2611
2612
2611
2612
2611
2610
2610
2611
2611
2611
2611
2611
2610
2609
2611
2610
2611
2613
2614
2616
2618
2621
2623
2623
2625
2628
2628
2631
2633
2633
2636
2640
2643
2645
2648
2650
2653
2654
2653
2652
2656
2659
2657
2654
2655
2654
2650
2655
2655
2647
2640
2635
2643
2638
2631
2624
2624
2622
2618
2616
2617
2613
2613
2616
2617
2619
2618
2617
2615
2616
2619
2621
2620
2623
2624
2625
2624
2625
2627
2628
2629
2628
2628
2630
2630
2628
2625
2621
2617
2620
2628
2626
2623
2621
2621
2620
2623
2628
2625
2617
2612
2609
2604
2603
2607
2610
2613
2616
2618
2617
2612
2611
2607
2610
2613
2618
2619
2620
2621
2620
2625
2625
2625
2626
2630
2632
2636
2634
2633
2631
2629
2629
2629
2626
2624
2622
2620
2617
2614
2614
2612
2614
2612
2610
2610
2607
2607
2605
2604
2606
2607
2605
2603
2603
2602
2599
2597
2594
2594
2593
2595
2595
2595
2591
2590
2590
2588
2587
2586
2582
2580
2583
2584
2582
2575
2575
2574
2578
2575
2576
2575
2576
2582
2589
2581
2578
2572
2572
2574
2575
2570
2563
2565
2564
2559
2558
2557
2558
2560
2561
2563
2562
2561
2564
2565
2562
2563
2562
2565
2566
2565
2565
2562
2565
2564
2566
2565
2565
2566
2572
2571
2573
2570
2569
2571
2570
2572
2573
2577
2573
2572
2570
2570
2571
2571
2573
2576
2579
2581
2580
2580
2580
2581
2582
2582
2581
2587
2583
2583
2579
2575
2577
2578
2578
2581
2579
2580
2577
2575
2576
2576
2573
2573
2573
2575
2576
2572
2570
2571
2570
2566
2566
2564
2565
2565
2564
2564
2562
2558
2564
2563
2554
2553
2561
2563
2567
2559
2563
2563
2560
2559
2555
2549
2551
2553
2551
2553
2557
2557
2559
2563
2563
2562
2562
2561
2560
2558
2557
2557
2557
2558
2557
2561
2561
2562
2562
2565
2563
2563
2564
2566
2566
2566
2566
2564
2565
2565
2564
2566
2568
2566
2565
2565
2568
2568
2568
2569
2569
2571
2570
2569
2569
2569
2571
2570
2572
2571
2570
2570
2570
2569
2569
2567
2568
2571
2571
2572
2569
2571
2572
2573
2572
2571
2569
2571
2574
2576
2571
2565
2565
2570
2569
2568
2567
2567
2568
2570
2570
2570
2571
2571
2574
2575
2579
2578
2576
2578
2579
2581
2580
2580
2582
2582
2583
2584
2586
2586
2588
2589
2590
2592
2592
2591
2592
2593
2595
2595
2595
2594
2596
2596
2597
2598
2600
2601
2602
2604
2605
2605
2605
2606
2606
2606
2606
2606
2607
2607
2606
2605
2606
2606
2606
2606
2605
2605
2605
2606
2605
2604
2604
2604
2604
2604
2603
2603
2604
2604
2603
2603
2602
2602
2602
2602
2601
2600
2601
2600
2601
2601
2603
2603
2604
2604
2603
2604
2606
2609
2609
2609
2609
2612
2612
2614
2614
2615
2616
2618
2619
2619
2620
2621
2619
2622
2621
2623
2623
2625
2626
2628
2629
2630
2631
2632
2633
2633
2634
2637
2639
2639
2639
2639
2642
2639
2639
2641
2642
2642
2642
2642
2642
2643
2644
2643
2643
2644
2645
2644
2645
2647
2646
2645
2647
2647
2648
2651
2650
2651
2651
2653
2654
2654
2653
2654
2653
2652
2653
2654
2653
2653
2652
2653
2653
2654
2654
2655
2656
2656
2656
2656
2656
2656
2656
2653
2653
2653
2653
2651
2652
2651
2650
2650
2649
2650
2650
2652
2652
2653
2653
2653
2654
2654
2654
2654
2656
2655
2655
2655
2656
2655
2656
2656
2657
2658
2659
2660
2661
2661
2662
2663
2664
2664
2665
2666
2668
2671
2673
2672
2675
2677
2679
2679
2680
2680
2682
2681
2682
2680
2680
2680
2679
2680
2680
2679
2679
2679
2682
2683
2685
2685
2685
2684
2686
2686
2687
2687
2687
2689
2689
2690
2689
2689
2689
2689
2690
2690
2690
2692
2693
2692
2692
2692
2692
2692
2693
2693
2693
2693
2692
2692
2694
2694
2693
2692
2691
2691
2690
2688
2686
2687
2687
2686
2685
2684
2684
2684
2684
2682
2682
2682
2682
2683
2681
2683
2683
2683
2682
2681
2682
2682
2682
2681
2679
2679
2679
2680
2681
2680
2683
2683
2682
2680
2680
2679
2677
2677
2677
2678
2678
2679
2678
2678
2678
2677
2674
2673
2671
2673
2672
2671
2671
2671
2672
2671
2668
2668
2667
2669
2667
2666
2668
2668
2669
2668
2667
2665
2664
2663
2663
2663
2664
2663
2665
2665
2665
2665
2665
2666
2666
2665
2665
2665
2665
2666
2665
2665
2665
2663
2662
2661
2660
2659
2658
2656
2656
2655
2655
2651
2651
2652
2651
2650
2650
2647
2647
2646
2648
2645
2646
2644
2644
2642
2642
2641
2641
2641
2639
2637
2636
2635
2634
2633
2634
2633
2634
2633
2634
2632
2632
2630
2629
2626
2625
2623
2624
2627
2625
2625
2626
2626
2625
2626
2626
2625
2626
2626
2628
2629
2631
2632
2631
2632
2630
2630
2632
2631
2629
2629
2632
2630
2628
2628
2629
2630
2631
2631
2631
2630
2629
2630
2630
2630
2630
2630
2630
2629
2630
2630
2630
2631
2630
2632
2632
2631
2631
2632
2632
2632
2633
2635
2634
2634
2633
2634
2636
2637
2637
2638
2638
2638
2637
2637
2637
2637
2637
2636
2636
2637
2637
2637
2637
2639
2639
2639
2639
2641
2641
2641
2641
2641
2642
2642
2642
2642
2642
2642
2640
2642
2643
2641
2641
2642
2642
2641
2642
2641
2641
2642
2642
2641
2640
2639
2638
2638
2639
2639
2638
2638
2637
2638
2638
2638
2638
2637
2638
2637
2638
2638
2639
2638
2638
2638
2638
2638
2637
2637
2637
2638
2639
2640
2640
2640
2639
2639
2640
2641
2640
2640
2641
2642
2642
2640
2640
2640
2641
2641
2640
2639
2638
2637
2639
2640
2641
2640
2639
2639
2637
2638
2639
2639
2638
2637
2637
2636
2637
2636
2636
2636
2636
2635
2635
2636
2636
2636
2634
2635
2636
2635
2636
2635
2635
2636
2635
2636
2636
2636
2635
2636
2636
2636
2636
2635
2635
2634
2634
2633
2633
2634
2633
2633
2633
2632
2632
2632
2632
2632
2633
2633
2633
2632
2632
2632
2632
2631
2630
2629
2629
2629
2629
2629
2629
2628
2628
2628
2628
2628
2628
2628
2629
2627
2628
2628
2628
2628
2627
2628
2627
2627
2627
2627
2628
2626
2628
2627
2628
2627
2626
2628
2627
2627
2627
2627
2628
2628
2628
2628
2627
2628
2629
2629
2628
2628
2628
2628
2628
2628
2628
2628
2628
2628
2628
2627
2627
2628
2629
2629
2628
2629
2628
2627
2627
2627
2627
2627
2627
2627
2627
2627
2628
2628
2628
2628
2628
2630
2629
2630
2630
2632
2633
2634
2634
2634
2634
2634
2634
2633
2633
2632
2632
2631
2630
2630
2629
2629
2628
2629
2630
2629
2629
2629
2629
2629
2629
2630
2629
2629
2628
2628
2628
2628
2628
2627
2627
2627
2627
2626
2626
2625
2626
2627
2626
2627
2626
2626
2625
2625
2626
2625
2624
2625
2625
2625
2625
2625
2624
2624
2624
2624
2623
2624
2624
2625
2624
2624
2624
2624
2624
2625
2625
2625
2625
2626
2626
2626
2626
2626
2625
2625
2626
2626
2625
2626
2626
2626
2626
2625
2625
2626
2626
2626
2627
2627
2627
2627
2625
2628
2627
2626
2626
2625
2625
2625
2624
2624
2625
2624
2625
2625
2627
2625
2626
2626
2626
2626
2626
2626
2626
2625
2625
2626
2625
2625
2625
2625
2625
2625
2625
2625
2626
2626
2626
2626
2626
2626
2626
2626
2626
2626
2626
2626
2626
2624
2625
2625
2625
2625
2626
2625
2625
2626
2626
2625
2626
2628
2628
2627
2626
2627
2627
2627
2628
2627
2627
2627
2628
2628
2627
2627
2625
2626
2627
2627
2627
2627
2626
2626
2627
2625
2627
2626
2626
2626
2626
2627
2626
2626
2627
2627
2627
2627
2627
2626
2626
2626
2627
2627
2627
2627
2626
2626
2626
2627
2626
2627
2627
2627
2627
2626
2627
2626
2626
2627
2627
2628
2627
2626
2625
2626
2626
2626
2626
2627
2626
2626
2626
2626
2626
2627
2627
2627
2628
2628
2627
2628
2628
2628
2629
2629
2629
2629
2629
2628
2628
2629
2629
2630
2630
2631
2631
2629
2630
2631
2630
2629
2627
2627
2627
2627
2626
2626
2626
2626
2625
2625
2626
2627
2625
2627
2627
2627
2627
2627
2627
2626
2626
2626
2627
2627
2627
2627
2627
2626
2626
2626
2626
2625
2625
2625
2624
2624
2624
2624
2625
2625
2624
2626
2626
2626
2626
2626
2626
2625
2626
2626
2626
2626
2627
2627
2628
2627
2627
2627
2628
2627
2627
2628
2628
2628
2628
2627
2628
2629
2628
2629
2629
2629
2629
2629
2630
2629
2629
2629
2630
2630
2630
2629
2629
2629
2629
2627
2628
2628
2628
2628
2628
2629
2628
2628
2629
2629
2629
2629
2629
2629
2628
2627
2628
2628
2629
2629
2628
2628
2629
2629
2629
2628
2627
2627
2627
2628
2626
2626
2626
2627
2627
2626
2626
2626
2626
2625
2625
2625
2625
2624
2624
2624
2624
2624
2624
2623
2623
2623
2623
2623
2622
2623
2622
2622
2622
2620
2620
2621
2620
2619
2618
2619
2618
2617
2617
2619
2619
2620
2618
2618
2618
2618
2617
2618
2618
2618
2617
2617
2616
2615
2614
2614
2614
2615
2615
2614
2614
2616
2616
2615
2614
2613
2613
2613
2614
2613
2613
2612
2611
2611
2611
2611
2611
2611
2611
2611
2611
2611
2611
2611
2610
2608
2609
2609
2608
2610
2609
2611
2611
2615
2615
2612
2612
2614
2617
2617
2616
2614
2615
2614
2612
2611
2608
2606
2603
2603
2602
2602
2601
2600
2601
2601
2604
2606
2607
2608
2607
2606
2605
2607
2604
2604
2601
2598
2596
2598
2598
2600
2601
2603
2603
2604
2603
2604
2605
2606
2606
2607
2607
2606
2606
2607
2610
2611
2610
2612
2611
2610
2610
2610
2605
2596
2594
2597
2597
2595
2587
2588
2594
2592
2587
2584
2581
2577
2571
2564
2562
2564
2567
2568
2567
2567
2567
2569
2569
2568
2569
2573
2576
2577
2578
2575
2574
2572
2571
2569
2568
2570
2575
2575
2574
2575
2576
2583
2589
2587
2592
2594
2590
2593
2595
2598
2594
2597
2598
2599
2597
2597
2593
2596
2589
2585
2581
2576
2573
2574
2573
2575
2575
2575
2577
2577
2575
2578
2578
2578
2580
2579
2580
2580
2582
2588
2589
2593
2590
2582
2584
2587
2587
2582
2583
2584
2582
2581
2581
2579
2582
2577
2574
2573
2576
2580
2580
2582
