26716
26714
26715
26713
26713
26714
26714
26714
26712
26713
26713
26711
26710
26710
26710
26709
26707
26705
26705
26705
26703
26702
26701
26700
26700
26699
26699
26700
26696
26697
26697
26696
26694
26693
26694
26693
26691
26693
26691
26691
26691
26688
26689
26688
26688
26686
26686
26686
26685
26684
26685
26684
26684
26684
26685
26684
26683
26683
26684
26687
26686
26686
26687
26691
26692
26692
26694
26698
26700
26700
26702
26704
26704
26706
26706
26707
26708
26708
26709
26709
26709
26710
26712
26714
26718
26720
26722
26720
26720
26719
26718
26715
26715
26713
26712
26711
26710
26710
26713
26716
26720
26721
26725
26727
26728
26728
26730
26730
26732
26735
26736
26736
26735
26735
26737
26738
26739
26739
26740
26741
26743
26744
26743
26745
26746
26747
26749
26751
26753
26753
26754
26755
26756
26756
26757
26759
26760
26762
26763
26764
26764
26765
26768
26769
26771
26770
26770
26771
26772
26771
26772
26772
26775
26775
26775
26778
26776
26777
26781
26781
26780
26780
26783
26784
26785
26785
26785
26785
26785
26785
26785
26786
26785
26786
26785
26785
26785
26785
26784
26784
26784
26784
26782
26783
26783
26785
26784
26784
26785
26788
26786
26786
26784
26783
26782
26784
26782
26785
26788
26788
26790
26791
26790
26787
26786
26786
26790
26791
26790
26792
26793
26796
26796
26797
26798
26800
26798
26798
26799
26798
26798
26797
26795
26791
26789
26790
26784
26783
26779
26778
26775
26775
26772
26773
26772
26772
26772
26770
26765
26764
26762
26761
26759
26758
26760
26759
26760
26759
26759
26755
26760
26760
26759
26761
26757
26752
26753
26754
26755
26753
26754
26756
26756
26757
26758
26759
26759
26761
26761
26762
26764
26764
26763
26764
26764
26767
26766
26767
26768
26768
26769
26769
26770
26771
26769
26772
26771
26772
26773
26774
26774
26775
26775
26775
26776
26776
26777
26777
26776
26776
26777
26779
26780
26780
26782
26781
26782
26781
26780
26780
26780
26779
26779
26777
26777
26781
26780
26779
26778
26780
26781
26780
26780
26779
26779
26780
26782
26784
26783
26782
26782
26782
26782
26781
26781
26780
26783
26783
26785
26782
26784
26784
26782
26782
26786
26785
26787
26787
26783
26783
26785
26787
26785
26784
26784
26783
26785
26785
26782
26782
26781
26781
26780
26776
26783
26781
26780
26777
26775
26773
26774
26774
26772
26772
26773
26772
26771
26769
26769
26768
26767
26768
26769
26769
26770
26770
26770
26770
26769
26771
26772
26772
26771
26772
26772
26773
26774
26774
26775
26774
26776
26777
26778
26777
26774
26776
26775
26777
26776
26777
26777
26776
26775
26777
26776
26775
26774
26775
26774
26772
26771
26770
26770
26770
26770
26770
26773
26775
26777
26778
26775
26772
26771
26771
26771
26772
26773
26772
26772
26769
26769
26768
26767
26766
26766
26765
26766
26769
26770
26771
26773
26773
26771
26771
26769
26773
26776
26780
26782
26782
26780
26779
26782
26782
26780
26778
26780
26777
26776
26777
26776
26774
26773
26772
26771
26771
26771
26769
26768
26767
26765
26765
26763
26761
26760
26760
26758
26758
26757
26754
26754
26754
26753
26755
26756
26757
26756
26756
26755
26756
26756
26755
26756
26756
26757
26756
26754
26754
26753
26753
26753
26754
26752
26750
26753
26756
26756
26757
26757
26757
26757
26758
26757
26757
26757
26756
26759
26760
26759
26758
26758
26758
26759
26760
26762
26762
26761
26760
26758
26758
26759
26762
26762
26763
26762
26764
26764
26764
26765
26765
26766
26765
26767
26769
26769
26768
26767
26767
26767
26769
26770
26771
26771
26770
26771
26771
26772
26773
26774
26774
26773
26772
26772
26772
26772
26772
26770
26770
26769
26770
26770
26770
26771
26771
26771
26769
26767
26765
26765
26764
26763
26762
26761
26762
26762
26762
26761
26762
26762
26764
26765
26766
26766
26765
26765
26765
26767
26767
26766
26766
26766
26766
26766
26765
26765
26765
26764
26763
26764
26764
26765
26763
26762
26761
26761
26761
26761
26760
26760
26761
26760
26760
26760
26760
26761
26761
26762
26762
26763
26764
26764
26764
26764
26764
26764
26765
26767
26767
26767
26767
26767
26769
26770
26770
26770
26770
26772
26772
26771
26772
26772
26772
26773
26773
26772
26773
26772
26772
26774
26774
26774
26775
26775
26777
26781
26781
26782
26784
26785
26785
26786
26787
26787
26786
26786
26787
26786
26787
26787
26787
26786
26785
26784
26782
26782
26781
26781
26782
26782
26782
26781
26782
26782
26782
26784
26784
26783
26782
26781
26782
26784
26783
26783
26782
26782
26783
26780
26780
26778
26778
26777
26778
26776
26776
26774
26774
26773
26770
26769
26769
26769
26770
26770
26769
26767
26768
26768
26767
26767
26769
26767
26768
26768
26768
26768
26768
26769
26769
26772
26772
26773
26774
26775
26773
26772
26772
26773
26775
26775
26774
26774
26773
26773
26770
26768
26769
26770
26770
26769
26772
26773
26772
26773
26774
26774
26776
26776
26776
26776
26776
26779
26779
26780
26779
26780
26780
26779
26779
26777
26777
26778
26780
26780
26780
26781
26780
26781
26779
26778
26777
26777
26777
26777
26778
26779
26777
26775
26772
26772
26772
26773
26772
26770
26770
26774
26776
26776
26775
26775
26775
26775
26775
26775
26775
26775
26774
26775
26775
26775
26776
26776
26776
26776
26776
26776
26776
26775
26776
26779
26781
26783
26785
26783
26786
26790
26790
26791
26793
26795
26796
26797
26795
26794
26796
26794
26793
26793
26792
26792
26794
26792
26793
26792
26791
26790
26790
26790
26789
26789
26786
26786
26785
26783
26780
26781
26780
26781
26780
26779
26778
26778
26777
26777
26776
26776
26776
26775
26775
26776
26777
26777
26776
26777
26775
26774
26774
26774
26775
26774
26773
26772
26772
26771
26772
26771
26771
26770
26771
26771
26770
26769
26769
26769
26772
26776
26778
26777
26776
26775
26773
26776
26774
26770
26767
26768
26766
26766
26764
26764
26765
26765
26765
26767
26769
26772
26772
26775
26775
26777
26778
26780
26779
26779
26781
26782
26782
26784
26787
26787
26788
26788
26787
26786
26786
26789
26787
26787
26787
26785
26785
26788
26789
26789
26787
26785
26786
26787
26788
26787
26789
26787
26787
26786
26785
26783
26782
26780
26780
26779
26779
26779
26777
26777
26776
26778
26777
26776
26776
26773
26776
26778
26780
26781
26780
26779
26778
26778
26777
26777
26779
26780
26781
26780
26780
26779
26779
26780
26781
26781
26781
26779
26779
26778
26777
26777
26779
26779
26780
26780
26781
26781
26781
26782
26783
26783
26782
26781
26781
26779
26776
26775
26778
26779
26782
26784
26784
26783
26785
26784
26783
26783
26779
26778
26777
26778
26778
26780
26782
26784
26784
26785
26788
26787
26785
26783
26783
26783
26784
26784
26781
26779
26778
26780
26782
26782
26780
26781
26781
26784
26788
26841
26847
26830
26828
26829
26826
26831
26826
26828
26829
26826
26821
26824
26819
26816
26817
26815
26819
26814
26809
26798
26790
26793
26791
26796
26788
26784
26779
26779
26778
26776
26772
26767
26766
26769
26766
26762
26760
26756
26756
26752
26757
26759
26760
26761
26762
26760
26760
26764
26769
26769
26768
26766
26767
26767
26773
26776
26780
26785
26787
26783
26781
26783
26784
26783
26782
26785
26789
26784
26783
26785
26781
26781
26782
26782
26783
26782
26776
26779
26780
26779
26779
26781
26781
26780
26781
26782
26777
26776
26777
26777
26775
26777
26776
26775
26775
26773
26771
26769
26770
26774
26776
26775
26775
26773
26770
26767
26764
26763
26764
26764
26762
26760
26760
26760
26758
26756
26758
26760
26760
26761
26762
26766
26771
26765
26762
26764
26770
26768
26775
26778
26767
26774
26784
26797
26794
26781
26784
26787
26789
26788
26786
26788
26789
26787
26791
26788
26789
26790
26786
26786
26789
26790
26787
26787
26791
26794
26784
26781
26781
26783
26784
26784
26784
26785
26788
26788
26799
26803
26781
26774
26784
26788
26781
26778
26781
26783
26779
26777
26776
26780
26756
26752
26767
26767
26763
26764
26766
26764
26763
26763
26764
26761
26763
26770
26768
26766
26770
26766
26770
26773
26771
26770
26771
26770
26769
26770
26772
26768
26767
26768
26769
26767
26767
26765
26765
26765
26764
26765
26762
26762
26760
26762
26759
26761
26760
26759
26757
26757
26757
26759
26759
26757
26757
26757
26757
26758
26758
26756
26756
26756
26757
26754
26753
26752
26752
26753
26755
26752
26751
26749
26747
26749
26749
26746
26749
26753
26760
26757
26750
26746
26749
26749
26746
26744
26742
26747
26752
26744
26740
26734
26734
26741
26738
26734
26728
26728
26727
26727
26727
26728
26727
26728
26729
26727
26725
26723
26725
26724
26722
26719
26719
26717
26717
26716
26715
26713
26710
26711
26707
26707
26705
26709
26707
26705
26703
26702
26702
26703
26706
26703
26705
26700
26699
26701
26702
26700
26700
26702
26701
26707
26704
26704
26706
26708
26706
26705
26703
26702
26705
26704
26705
26703
26695
26699
26699
26701
26705
26704
26703
26701
26702
26706
26705
26707
26705
26704
26710
26711
26710
26711
26709
26707
26704
26704
26705
26706
26705
26704
26703
26701
26705
26705
26705
26707
26701
26707
26706
26708
26705
26707
26706
26702
26704
26704
26702
26700
26701
26702
26704
26705
26701
26703
26702
26704
26704
26701
26700
26698
26697
26698
26699
26698
26697
26695
26700
26699
26699
26701
26701
26697
26696
26699
26697
26699
26696
26701
26697
26697
26699
26697
26699
26702
26701
26700
26699
26698
26697
26697
26699
26698
26696
26700
26700
26697
26700
26700
26698
26700
26699
26700
26701
26703
26704
26703
26701
26704
26702
26701
26702
26700
26699
26703
26702
26703
26702
26704
26701
26702
26703
26702
26705
26703
26704
26705
26706
26705
26704
26705
26704
26704
26704
26703
26703
26701
26702
26702
26703
26702
26702
26701
26701
26701
26701
26703
26703
26705
26705
26705
26706
26707
26705
26706
26706
26705
26705
26703
26706
26705
26706
26705
26706
26706
26707
26710
26710
26711
26710
26709
26709
26710
26709
26709
26708
26707
26707
26707
26706
26706
26707
26706
26706
26707
26706
26706
26707
26706
26704
26705
26705
26705
26707
26707
26709
26709
26709
26710
26710
26710
26710
26711
26710
26712
26711
26713
26715
26717
26718
26719
26721
26723
26724
26725
26726
26728
26729
26730
26732
26732
26734
26734
26733
26731
26730
26728
26728
26724
26724
26724
26723
26720
26719
26721
26723
26722
26725
26726
26728
26728
26729
26730
26730
26729
26726
26725
26726
26727
26728
26729
26732
26734
26736
26735
26732
26733
26724
26719
26717
26712
26709
26710
26709
26709
26711
26710
26710
26711
26710
26711
26712
26713
26715
26716
26717
26717
26720
26722
26726
26727
26726
26725
26727
26727
26727
26726
26726
26723
26720
26722
26723
26721
26720
26720
26719
26717
26716
26717
26716
26717
26716
26719
26720
26720
26723
26721
26720
26718
26718
26718
26716
26715
26712
26711
26709
26708
26708
26708
26710
26709
26709
26708
26709
26709
26709
26709
26711
26711
26712
26713
26711
26713
26712
26715
26718
26720
26723
26726
26727
26730
26730
26732
26733
26730
26731
26733
26733
26737
26744
26743
26746
26743
26750
26753
26753
26755
26756
26758
26758
26757
26755
26753
26749
26747
26745
26743
26744
26741
26741
26747
26748
26749
26750
26748
26748
26746
26746
26746
26748
26749
26750
26752
26753
26753
26750
26749
26748
26748
26747
26746
26748
26749
26748
26747
26745
26744
26744
26744
26743
26743
26743
26740
26740
26742
26743
26741
26739
26736
26735
26735
26731
26730
26728
26730
26729
26727
26726
26726
26727
26729
26731
26732
26732
26732
26733
26735
26737
26740
26737
26740
26739
26740
26742
26741
26742
26741
26737
26741
26743
26747
26748
26749
26754
26754
26755
26754
26752
26749
26750
26752
26754
26759
26762
26763
26762
26761
26760
26759
26764
26766
26766
26766
26766
26766
26766
26771
26766
26764
26757
26757
26757
26758
26752
26753
26754
26754
26755
26752
26745
26743
26742
26735
26735
26738
26737
26739
26741
26740
26740
26740
26740
26740
26738
26736
26739
26735
26744
26743
26744
26748
26749
26748
26749
26752
26750
26754
26755
26758
26762
26766
26764
26765
26766
26766
26765
26765
26763
26759
26758
26756
26749
26746
26745
26742
26742
26740
26741
26741
26741
26742
26742
26739
26739
26739
26738
26740
26742
26744
26745
26740
26740
26740
26738
26737
26732
26729
26725
26718
26724
26733
26734
26737
26737
26734
26732
26730
26730
26730
26730
26734
26739
26744
26749
26748
26745
26738
26728
26725
26723
26722
26725
26733
26738
26740
26740
26739
26736
26735
26733
26732
26733
26731
26733
26734
26734
26734
26733
26734
26733
26732
26732
26733
26735
26734
26736
26735
26735
26733
26733
26733
26732
26731
26734
26740
26743
26746
26747
26747
26747
26745
26743
26741
26740
26739
26739
26737
26738
26737
26739
26739
26739
26740
26740
26740
26739
26741
26741
26741
26739
26739
26739
26739
26740
26739
26738
26738
26739
26740
26741
26741
26739
26737
26740
26741
26741
26740
26739
26739
26740
26740
26741
26741
26741
26743
26744
26741
26741
26742
26743
26744
26744
26744
26743
26743
26743
26742
26742
26741
26740
26740
26740
26740
26740
26740
26738
26738
26740
26740
26741
26741
26742
26743
26746
26747
26747
26748
26748
26747
26746
26745
26744
26746
26746
26744
26743
26745
26744
26743
26741
26740
26740
26737
26732
26731
26730
26729
26731
26731
26730
26730
26731
26730
26729
26729
26729
26730
26731
26731
26732
26733
26733
26735
26736
26736
26737
26737
26738
26738
26738
26738
26738
26737
26738
26737
26737
26739
26738
26739
26740
26740
26739
26739
26739
26739
26737
26737
26737
26738
26738
26738
26738
26739
26739
26740
26741
26741
26741
26740
26740
26740
26741
26740
26741
26742
26742
26742
26742
26743
26745
26745
26744
26745
26746
26746
26746
26747
26746
26747
26747
26748
26747
26748
26747
26748
26748
26748
26749
26749
26749
26748
26747
26747
26746
26746
26747
26746
26747
26745
26747
26746
26745
26746
26747
26747
26747
26747
26747
26745
26746
26745
26747
26745
26746
26744
26744
26746
26745
26746
26746
26747
26747
26747
26747
26748
26747
26748
26745
26746
26747
26745
26746
26746
26744
26744
26743
26742
26742
26742
26742
26742
26743
26744
26744
26746
26744
26745
26745
26745
26745
26745
26744
26742
26743
26744
26744
26744
26745
26744
26745
26746
26746
26745
26745
26745
26745
26745
26744
26744
26744
26744
26746
26745
26744
26743
26743
26744
26743
26743
26743
26743
26742
26744
26744
26743
26743
26744
26745
26745
26746
26746
26745
26745
26745
26745
26744
26746
26745
26746
26745
26746
26746
26746
26746
26746
26746
26747
26746
26746
26746
26746
26746
26747
26747
26746
26747
26747
26748
26748
26747
26747
26748
26748
26748
26748
26747
26747
26746
26746
26747
26746
26745
26745
26747
26747
26746
26746
26747
26747
26746
26747
26747
26747
26747
26747
26747
26747
26748
26748
26748
26748
26750
26751
26752
26753
26753
26754
26755
26759
26758
26758
26758
26758
26759
26758
26758
26758
26757
26756
26757
26756
26757
26756
26759
26760
26759
26759
26758
26759
26759
26758
26757
26758
26760
26760
26759
26758
26758
26758
26758
26759
26759
26759
26758
26758
26756
26756
26756
26756
26756
26756
26756
26756
26756
26758
26756
26758
26758
26758
26756
26757
26758
26757
26755
26755
26755
26756
26757
26758
26755
26753
26751
26751
26753
26754
26755
26756
26755
26755
26752
26752
26751
26750
26753
26754
26753
26755
26753
26753
26754
26753
26752
26753
26753
26755
26755
26755
26755
26755
26755
26754
26755
26755
26754
26754
26753
26755
26755
26756
26755
26755
26755
26753
26751
26752
26752
26754
26753
26752
26752
26753
26753
26752
26754
26754
26754
26754
26754
26754
26753
26754
26753
26753
26755
26754
26752
26753
26753
26753
26754
26753
26754
26753
26755
26755
26754
26755
26755
26753
26752
26750
26752
26753
26755
26755
26756
26757
26757
26756
26756
26757
26758
26756
26756
26756
26756
26755
26756
26756
26756
26756
26757
26756
26755
26755
26757
26758
26757
26756
26754
26756
26756
26756
26756
26756
26756
26756
26755
26756
26755
26755
26755
26755
26756
26756
26755
26755
26755
26755
26755
26755
26754
26756
26755
26756
26756
26755
26756
26756
26756
26756
26754
26754
26754
26754
26754
26755
26756
26757
26758
26756
26756
26755
26758
26759
26759
26758
26756
26756
26757
26757
26758
26758
26758
26758
26758
26758
26757
26757
26756
26757
26758
26757
26758
26758
26758
26757
26757
26758
26758
26757
26758
26758
26759
26758
26759
26757
26757
26758
26758
26757
26758
26758
26759
26758
26758
26758
26759
26759
26759
26759
26760
26759
26758
26759
26759
26761
26760
26760
26760
26760
26761
26761
26761
26761
26761
26761
26762
26762
26762
26763
26763
26763
26764
26764
26763
26762
26763
26763
26763
26763
26763
26763
26763
26764
26764
26763
26762
26763
26762
26763
26762
26762
26761
26761
26761
26761
26761
26761
26761
26762
26762
26761
26760
26761
26761
26762
26761
26761
26760
26760
26760
26761
26761
26760
26759
26759
26758
26760
26758
26757
26756
26755
26756
26755
26755
26755
26756
26754
26753
26754
26755
26753
26752
26752
26752
26750
26749
26748
26746
26746
26745
26745
26745
26744
26744
26741
26740
26746
26742
26743
26741
26743
26743
26744
26742
26744
26743
26744
26742
26743
26743
26742
26745
26745
26744
26742
26740
26741
26742
26740
26737
26739
26742
26740
26741
26742
26743
26740
26744
26742
26741
26744
26739
26742
26740
26741
26744
26743
26746
26746
26746
26747
26751
26752
26753
26752
26754
26753
26756
26757
26757
26757
26757
26756
26757
26756
26765
26768
26767
26761
26759
26757
26774
26767
26758
26765
26762
26762
26766
26762
26762
26761
26762
26761
26760
26760
26760
26756
26757
26753
26753
26753
26755
26754
26752
26750
26749
26750
26749
26749
26747
26750
26748
26749
26746
26747
26749
26748
26743
26740
26742
26741
26735
26739
26743
26739
26736
26731
26734
26732
26733
26737
26735
26732
26733
26732
26736
26734
26735
26736
26735
26736
26737
26737
26738
26737
26739
26738
26737
26737
26739
26736
26738
26740
26737
26735
26733
26729
26729
26727
26728
26728
26730
26729
26731
26731
26733
26734
26734
26736
26734
26736
26736
26735
26738
26738
26737
26735
26736
26739
26739
