3277
3279
3282
3281
3282
3283
3283
3287
3287
3286
3288
3288
3285
3285
3285
3281
3281
3281
3278
3276
3278
3274
3275
3276
3278
3278
3279
3280
3279
3279
3280
3280
3279
3277
3276
3275
3275
3275
3277
3278
3278
3282
3281
3280
3279
3279
3279
3280
3283
3280
3280
3280
3280
3282
3282
3281
3281
3283
3282
3282
3283
3284
3286
3286
3290
3292
3294
3295
3301
3304
3309
3311
3312
3315
3316
3318
3318
3319
3321
3320
3321
3322
3321
3323
3325
3325
3327
3326
3325
3325
3324
3325
3326
3325
3325
3326
3324
3323
3323
3324
3324
3324
3323
3323
3322
3321
3321
3322
3321
3322
3322
3323
3322
3322
3323
3323
3322
3321
3322
3323
3323
3324
3323
3323
3323
3322
3324
3324
3324
3324
3326
3325
3324
3324
3326
3325
3326
3326
3326
3327
3326
3326
3328
3328
3329
3330
3330
3331
3331
3332
3333
3332
3334
3333
3335
3335
3335
3335
3337
3335
3335
3336
3339
3339
3340
3343
3343
3344
3345
3346
3346
3348
3348
3349
3350
3351
3351
3352
3352
3354
3354
3355
3355
3355
3356
3357
3358
3359
3359
3361
3362
3360
3360
3360
3361
3363
3364
3366
3367
3367
3369
3369
3369
3367
3367
3368
3370
3372
3373
3374
3375
3375
3376
3373
3373
3375
3375
3376
3376
3377
3377
3379
3379
3378
3380
3382
3382
3384
3384
3386
3387
3389
3390
3394
3394
3396
3398
3399
3398
3398
3399
3399
3399
3399
3398
3398
3398
3398
3399
3398
3401
3399
3401
3401
3396
3396
3398
3398
3399
3399
3399
3399
3399
3398
3399
3400
3400
3400
3401
3401
3401
3403
3402
3403
3402
3403
3402
3403
3403
3403
3402
3403
3403
3402
3402
3403
3403
3403
3405
3404
3405
3406
3406
3406
3406
3405
3406
3406
3405
3405
3405
3406
3406
3406
3407
3406
3407
3407
3407
3407
3407
3407
3407
3408
3408
3409
3409
3409
3409
3410
3411
3410
3410
3411
3411
3411
3410
3411
3411
3410
3410
3410
3409
3409
3409
3408
3408
3409
3409
3407
3407
3409
3409
3408
3408
3407
3406
3405
3405
3405
3404
3403
3404
3403
3403
3402
3402
3402
3401
3400
3399
3399
3399
3399
3400
3398
3398
3399
3398
3399
3400
3399
3400
3400
3401
3400
3400
3400
3400
3400
3400
3400
3400
3399
3399
3398
3399
3398
3397
3397
3397
3397
3397
3397
3396
3396
3397
3396
3396
3395
3396
3396
3395
3394
3395
3393
3393
3394
3392
3392
3390
3389
3389
3391
3391
3389
3390
3390
3390
3390
3390
3390
3390
3390
3391
3395
3396
3396
3396
3394
3393
3392
3392
3393
3392
3393
3391
3391
3389
3391
3391
3390
3388
3388
3388
3387
3388
3387
3387
3387
3386
3386
3385
3384
3383
3384
3385
3384
3384
3384
3381
3382
3383
3383
3382
3382
3382
3382
3381
3380
3380
3377
3378
3378
3378
3378
3378
3378
3378
3377
3376
3377
3375
3376
3376
3375
3375
3375
3375
3375
3376
3375
3374
3374
3374
3374
3373
3373
3374
3374
3373
3372
3372
3372
3372
3372
3369
3369
3369
3369
3370
3369
3369
3368
3371
3371
3371
3371
3372
3372
3372
3372
3372
3372
3372
3372
3372
3372
3371
3371
3371
3372
3373
3373
3371
3370
3370
3370
3371
3372
3371
3371
3370
3369
3368
3370
3370
3369
3369
3369
3370
3369
3369
3371
3368
3368
3368
3368
3368
3367
3367
3365
3363
3363
3363
3363
3362
3361
3361
3361
3361
3360
3361
3362
3361
3359
3361
3361
3361
3360
3361
3362
3362
3363
3363
3363
3364
3363
3362
3363
3364
3363
3364
3364
3363
3364
3363
3365
3365
3364
3364
3362
3362
3363
3363
3363
3364
3365
3365
3365
3365
3365
3366
3366
3368
3368
3367
3368
3368
3366
3365
3365
3365
3365
3367
3366
3366
3366
3368
3368
3367
3368
3368
3367
3366
3367
3366
3367
3367
3367
3367
3367
3365
3367
3368
3368
3368
3367
3368
3367
3367
3367
3367
3367
3368
3367
3367
3366
3366
3367
3367
3367
3366
3365
3366
3366
3366
3366
3367
3366
3366
3366
3366
3363
3363
3361
3362
3359
3359
3359
3357
3356
3355
3356
3357
3357
3358
3357
3357
3358
3357
3358
3359
3359
3359
3360
3360
3359
3359
3360
3360
3360
3360
3359
3359
3359
3359
3358
3358
3358
3357
3356
3356
3355
3354
3354
3353
3353
3352
3352
3351
3351
3351
3352
3352
3351
3352
3353
3352
3352
3353
3352
3353
3351
3351
3350
3351
3350
3351
3350
3350
3349
3349
3349
3348
3348
3349
3349
3348
3348
3348
3346
3346
3347
3349
3350
3350
3350
3348
3349
3350
3350
3349
3349
3349
3349
3350
3350
3349
3350
3351
3350
3349
3349
3350
3351
3352
3352
3352
3353
3353
3352
3353
3352
3353
3352
3354
3355
3354
3353
3354
3354
3353
3354
3354
3353
3352
3352
3353
3353
3351
3351
3351
3350
3350
3350
3351
3350
3350
3350
3350
3350
3350
3350
3351
3350
3350
3350
3350
3350
3350
3350
3350
3350
3350
3350
3350
3350
3350
3350
3350
3350
3349
3349
3350
3350
3349
3347
3344
3342
3340
3337
3336
3334
3333
3330
3329
3328
3326
3325
3325
3323
3322
3321
3323
3323
3325
3325
3326
3326
3327
3329
3329
3331
3333
3334
3337
3338
3341
3342
3344
3346
3347
3348
3349
3350
3351
3350
3350
3350
3349
3349
3349
3349
3349
3350
3350
3350
3350
3350
3351
3351
3352
3353
3352
3353
3353
3352
3352
3352
3352
3353
3354
3354
3354
3355
3355
3355
3357
3356
3357
3356
3356
3355
3354
3351
3350
3350
3352
3354
3355
3358
3362
3362
3362
3361
3361
3363
3361
3360
3361
3360
3360
3358
3357
3355
3354
3355
3353
3353
3352
3352
3352
3349
3349
3351
3350
3350
3350
3350
3351
3351
3351
3351
3350
3351
3351
3352
3352
3352
3351
3352
3352
3353
3352
3353
3355
3355
3355
3355
3355
3355
3355
3355
3354
3354
3353
3355
3356
3355
3355
3355
3354
3353
3352
3350
3348
3349
3350
3348
3348
3347
3347
3347
3347
3347
3348
3348
3349
3349
3348
3349
3351
3353
3353
3354
3354
3353
3353
3354
3355
3355
3355
3356
3358
3357
3358
3357
3358
3358
3358
3359
3360
3359
3359
3361
3360
3360
3361
3360
3360
3359
3358
3357
3356
3357
3357
3357
3356
3355
3355
3355
3356
3356
3354
3356
3356
3355
3354
3354
3354
3353
3353
3354
3355
3354
3354
3353
3351
3349
3348
3346
3344
3344
3344
3346
3346
3347
3347
3348
3363
3394
3390
3385
3383
3386
3385
3386
3387
3388
3386
3386
3385
3385
3384
3386
3390
3390
3390
3391
3393
3389
3387
3388
3391
3395
3394
3395
3394
3395
3396
3394
3394
3395
3396
3397
3394
3391
3387
3387
3387
3387
3388
3388
3385
3384
3384
3382
3381
3381
3379
3378
3377
3375
3373
3365
3362
3359
3351
3345
3345
3342
3339
3339
3338
3336
3337
3340
3341
3341
3339
3340
3338
3337
3337
3337
3339
3338
3339
3341
3342
3341
3341
3344
3344
3343
3342
3344
3341
3341
3343
3343
3344
3343
3342
3342
3340
3341
3341
3341
3344
3347
3348
3349
3352
3353
3355
3356
3357
3358
3361
3362
3362
3364
3368
3372
3372
3374
3377
3382
3385
3384
3384
3388
3393
3391
3393
3395
3393
3386
3392
3400
3388
3377
3370
3382
3380
3368
3359
3359
3357
3354
3350
3353
3351
3348
3354
3357
3359
3362
3357
3352
3355
3365
3364
3363
3364
3366
3368
3369
3367
3367
3368
3371
3365
3370
3365
3374
3368
3356
3349
3349
3347
3358
3363
3354
3351
3350
3354
3357
3356
3349
3343
3337
3333
3326
3325
3326
3332
3337
3339
3347
3345
3344
3334
3336
3331
3340
3344
3351
3349
3349
3351
3352
3356
3353
3353
3357
3361
3364
3366
3364
3358
3358
3354
3358
3354
3350
3348
3344
3342
3338
3335
3334
3338
3334
3334
3331
3331
3329
3332
3328
3326
3329
3332
3326
3326
3326
3322
3322
3315
3315
3317
3317
3320
3319
3317
3314
3314
3311
3309
3308
3307
3304
3302
3306
3308
3299
3302
3296
3300
3301
3299
3300
3298
3301
3316
3314
3301
3295
3292
3297
3302
3294
3284
3285
3285
3283
3278
3280
3279
3280
3284
3286
3286
3284
3287
3290
3289
3286
3286
3289
3291
3290
3288
3288
3288
3288
3292
3290
3287
3289
3297
3300
3296
3293
3291
3294
3295
3291
3296
3300
3300
3291
3293
3290
3292
3297
3294
3300
3300
3304
3306
3304
3305
3303
3304
3306
3304
3310
3309
3307
3300
3298
3298
3296
3295
3294
3298
3296
3294
3291
3294
3294
3289
3289
3290
3290
3296
3291
3288
3290
3287
3285
3283
3280
3280
3285
3283
3281
3281
3278
3279
3286
3274
3271
3278
3288
3291
3281
3281
3287
3280
3282
3280
3270
3269
3276
3272
3274
3280
3280
3283
3284
3289
3287
3286
3285
3282
3281
3281
3281
3279
3280
3281
3284
3287
3286
3285
3288
3288
3285
3288
3291
3291
3291
3290
3289
3288
3289
3286
3289
3294
3296
3291
3290
3296
3295
3295
3295
3296
3297
3298
3296
3296
3296
3298
3297
3298
3298
3297
3296
3296
3295
3295
3294
3294
3296
3296
3297
3295
3296
3300
3300
3299
3298
3296
3294
3297
3306
3300
3292
3288
3292
3296
3294
3293
3293
3294
3296
3296
3296
3296
3299
3300
3302
3306
3307
3302
3303
3303
3306
3307
3307
3307
3310
3311
3311
3313
3314
3317
3315
3316
3320
3320
3320
3319
3320
3321
3323
3324
3325
3325
3328
3328
3330
3331
3332
3334
3336
3336
3336
3336
3337
3337
3337
3337
3337
3337
3340
3338
3337
3336
3338
3339
3338
3336
3336
3336
3337
3337
3336
3335
3336
3336
3336
3335
3335
3337
3337
3336
3336
3335
3335
3336
3336
3336
3334
3334
3335
3335
3336
3338
3339
3338
3340
3340
3339
3341
3344
3344
3346
3344
3347
3348
3350
3349
3350
3350
3351
3351
3354
3354
3356
3354
3356
3357
3356
3357
3358
3359
3360
3362
3363
3364
3363
3365
3366
3367
3369
3372
3372
3373
3370
3373
3372
3368
3369
3370
3370
3371
3370
3372
3371
3371
3371
3372
3371
3371
3372
3373
3374
3375
3373
3373
3376
3377
3380
3380
3381
3380
3381
3382
3382
3382
3382
3381
3379
3380
3380
3379
3380
3379
3379
3378
3379
3380
3381
3383
3383
3381
3382
3382
3383
3380
3380
3378
3377
3378
3376
3375
3374
3374
3372
3372
3372
3373
3374
3373
3374
3374
3374
3375
3375
3375
3375
3376
3375
3376
3376
3377
3377
3377
3377
3378
3378
3380
3381
3383
3384
3384
3384
3385
3385
3386
3387
3391
3393
3395
3395
3395
3399
3400
3403
3401
3403
3402
3402
3402
3401
3400
3400
3399
3399
3399
3400
3399
3400
3402
3405
3405
3406
3406
3406
3408
3408
3408
3408
3409
3411
3412
3413
3412
3411
3413
3411
3411
3412
3414
3415
3416
3416
3415
3414
3415
3416
3416
3416
3416
3417
3417
3417
3417
3418
3417
3417
3414
3413
3413
3411
3410
3410
3411
3409
3408
3406
3407
3407
3407
3406
3405
3405
3405
3406
3405
3405
3406
3405
3404
3405
3404
3405
3404
3404
3402
3401
3402
3402
3404
3403
3404
3406
3405
3404
3403
3402
3399
3399
3400
3400
3401
3403
3401
3400
3399
3399
3395
3395
3394
3394
3394
3394
3392
3392
3395
3393
3390
3389
3389
3390
3388
3388
3389
3390
3391
3391
3390
3386
3385
3384
3383
3383
3386
3384
3385
3386
3385
3386
3386
3386
3387
3386
3385
3387
3386
3386
3386
3385
3384
3384
3383
3381
3379
3379
3376
3374
3374
3373
3372
3371
3370
3371
3371
3370
3370
3368
3366
3368
3368
3366
3364
3366
3364
3365
3362
3362
3361
3362
3361
3359
3357
3356
3356
3356
3356
3356
3356
3356
3355
3354
3354
3352
3352
3349
3348
3347
3344
3351
3351
3346
3347
3348
3348
3350
3351
3350
3350
3350
3353
3355
3355
3358
3356
3358
3355
3355
3358
3359
3359
3357
3361
3357
3354
3353
3356
3357
3358
3359
3358
3358
3357
3356
3357
3357
3357
3357
3357
3357
3357
3358
3359
3359
3359
3360
3361
3360
3360
3361
3361
3361
3361
3363
3366
3362
3361
3362
3363
3365
3366
3366
3366
3366
3365
3365
3366
3367
3366
3365
3365
3364
3366
3366
3366
3368
3369
3368
3368
3368
3368
3369
3369
3370
3370
3370
3370
3371
3371
3369
3369
3369
3370
3371
3369
3369
3370
3369
3370
3369
3369
3369
3367
3368
3367
3367
3364
3364
3364
3365
3365
3363
3363
3364
3365
3365
3365
3364
3364
3365
3365
3365
3365
3365
3364
3364
3365
3364
3364
3363
3363
3364
3365
3366
3368
3367
3366
3365
3366
3367
3368
3367
3368
3369
3368
3367
3366
3367
3367
3368
3368
3364
3363
3362
3363
3365
3367
3366
3365
3366
3366
3365
3365
3366
3365
3365
3364
3364
3364
3362
3363
3363
3363
3363
3362
3362
3363
3364
3363
3363
3363
3363
3363
3362
3363
3363
3363
3363
3362
3363
3363
3363
3362
3364
3364
3363
3363
3362
3361
3361
3360
3361
3360
3360
3360
3360
3360
3360
3360
3360
3360
3360
3360
3360
3360
3360
3359
3359
3358
3358
3358
3358
3357
3358
3358
3358
3357
3357
3356
3356
3357
3356
3356
3356
3356
3356
3356
3355
3355
3355
3355
3355
3355
3355
3355
3355
3354
3355
3354
3355
3355
3355
3355
3355
3356
3356
3354
3356
3356
3356
3356
3356
3356
3356
3356
3356
3356
3356
3355
3356
3356
3355
3356
3356
3356
3355
3356
3356
3356
3356
3356
3356
3356
3356
3357
3356
3355
3355
3355
3355
3356
3356
3356
3356
3357
3356
3358
3359
3358
3359
3360
3361
3362
3362
3363
3364
3363
3363
3363
3362
3362
3361
3361
3360
3359
3359
3358
3358
3358
3358
3358
3358
3359
3359
3358
3358
3358
3358
3359
3357
3357
3357
3357
3357
3357
3356
3357
3356
3355
3354
3354
3354
3354
3355
3355
3356
3355
3355
3354
3354
3354
3354
3353
3354
3354
3354
3354
3354
3354
3353
3353
3353
3353
3353
3354
3354
3353
3354
3354
3354
3354
3354
3355
3355
3355
3356
3355
3355
3356
3356
3355
3355
3354
3355
3356
3356
3355
3355
3355
3356
3356
3356
3355
3355
3355
3355
3355
3355
3356
3355
3356
3355
3355
3354
3354
3355
3355
3355
3356
3356
3356
3357
3357
3357
3357
3356
3357
3357
3356
3356
3356
3356
3355
3354
3354
3355
3355
3355
3356
3356
3355
3355
3356
3355
3356
3357
3356
3356
3355
3355
3356
3356
3356
3356
3355
3354
3353
3354
3353
3354
3354
3354
3355
3355
3354
3355
3356
3357
3357
3358
3357
3357
3357
3356
3357
3356
3356
3356
3356
3356
3355
3355
3356
3356
3357
3358
3357
3357
3356
3357
3357
3358
3358
3357
3357
3357
3357
3357
3356
3357
3357
3357
3356
3357
3357
3357
3356
3357
3357
3357
3357
3357
3356
3356
3356
3356
3356
3357
3358
3358
3357
3356
3357
3356
3357
3357
3356
3357
3357
3357
3356
3356
3355
3355
3356
3356
3356
3356
3356
3355
3356
3356
3358
3358
3359
3359
3358
3358
3359
3359
3359
3359
3359
3359
3359
3359
3358
3359
3359
3359
3361
3359
3360
3359
3359
3359
3359
3358
3357
3356
3356
3356
3355
3354
3354
3354
3353
3353
3353
3354
3354
3354
3355
3355
3356
3355
3356
3355
3354
3355
3354
3355
3355
3355
3355
3354
3353
3354
3353
3353
3352
3353
3353
3353
3352
3353
3353
3353
3353
3353
3354
3353
3354
3354
3353
3354
3354
3354
3355
3355
3356
3355
3356
3355
3355
3356
3356
3357
3356
3356
3356
3356
3356
3355
3356
3356
3356
3357
3357
3358
3358
3359
3357
3357
3357
3358
3358
3358
3357
3357
3358
3357
3357
3356
3357
3357
3355
3356
3356
3356
3356
3356
3356
3356
3356
3356
3356
3357
3356
3357
3357
3357
3356
3356
3356
3355
3354
3355
3355
3354
3353
3353
3353
3353
3354
3353
3353
3354
3353
3353
3352
3353
3352
3352
3352
3352
3351
3350
3350
3350
3350
3349
3350
3349
3349
3347
3349
3349
3348
3348
3346
3346
3345
3345
3344
3344
3343
3342
3341
3340
3339
3339
3339
3340
3342
3342
3342
3341
3341
3341
3340
3340
3340
3340
3340
3339
3338
3338
3337
3337
3335
3336
3335
3334
3334
3336
3338
3337
3334
3332
3331
3331
3332
3333
3331
3329
3328
3328
3329
3328
3330
3329
3327
3327
3327
3327
3327
3328
3325
3325
3323
3323
3322
3322
3323
3324
3327
3331
3335
3329
3329
3331
3336
3337
3336
3335
3334
3333
3332
3329
3329
3324
3321
3322
3320
3320
3319
3318
3319
3322
3323
3324
3330
3331
3329
3329
3328
3327
3329
3326
3323
3317
3315
3315
3315
3319
3320
3322
3324
3324
3325
3325
3327
3329
3330
3330
3330
3330
3331
3333
3336
3338
3339
3339
3338
3338
3338
3341
3336
3325
3316
3320
3323
3333
3313
3312
3320
3324
3317
3313
3305
3305
3298
3290
3284
3289
3292
3295
3295
3292
3294
3296
3298
3296
3295
3297
3303
3306
3305
3304
3303
3301
3296
3296
3293
3295
3296
3300
3298
3298
3300
3307
3306
3318
3322
3323
3317
3318
3319
3323
3323
3322
3326
3328
3326
3324
3322
3322
3316
3312
3308
3302
3297
3299
3298
3301
3304
3303
3308
3306
3304
3306
3307
3307
3314
3310
3310
3310
3313
3316
3321
3326
3329
3310
3315
3317
3321
3315
3313
3317
3315
3311
3311
3311
3309
3309
3305
3303
3306
3311
3309
3313
