5046
5046
5048
5049
5051
5050
5053
5054
5054
5054
5056
5056
5052
5054
5052
5050
5049
5049
5045
5046
5045
5044
5044
5045
5050
5047
5050
5052
5048
5051
5052
5051
5050
5048
5049
5047
5047
5049
5049
5052
5052
5054
5053
5054
5053
5053
5055
5055
5057
5055
5057
5056
5058
5059
5060
5057
5061
5060
5059
5062
5063
5065
5066
5068
5072
5075
5078
5081
5086
5089
5095
5096
5096
5099
5101
5103
5103
5105
5106
5107
5108
5108
5109
5112
5114
5116
5116
5116
5113
5113
5113
5114
5113
5114
5112
5111
5112
5113
5114
5115
5116
5117
5117
5117
5116
5116
5118
5118
5119
5119
5120
5121
5120
5121
5122
5122
5121
5122
5122
5123
5123
5124
5123
5123
5124
5123
5125
5125
5126
5126
5126
5127
5127
5128
5127
5128
5129
5130
5130
5131
5131
5131
5132
5132
5134
5134
5134
5135
5135
5135
5136
5137
5139
5138
5140
5140
5143
5143
5145
5143
5144
5145
5147
5147
5150
5151
5151
5151
5153
5154
5154
5155
5154
5156
5155
5156
5156
5157
5158
5159
5159
5160
5158
5160
5160
5161
5161
5162
5163
5165
5163
5164
5162
5162
5162
5164
5166
5167
5168
5169
5169
5169
5169
5167
5167
5169
5172
5173
5173
5174
5176
5177
5177
5175
5176
5177
5176
5177
5177
5177
5178
5179
5178
5175
5177
5178
5178
5178
5178
5180
5181
5182
5183
5187
5187
5188
5189
5187
5186
5187
5187
5186
5186
5186
5185
5184
5185
5184
5184
5185
5188
5184
5188
5186
5181
5181
5182
5182
5182
5182
5183
5183
5182
5182
5182
5183
5182
5183
5184
5184
5185
5184
5184
5184
5185
5184
5183
5183
5182
5182
5182
5182
5182
5181
5180
5181
5180
5181
5182
5182
5182
5182
5181
5180
5181
5181
5180
5180
5179
5179
5179
5179
5179
5180
5180
5180
5180
5179
5179
5178
5178
5178
5177
5176
5176
5177
5176
5177
5177
5177
5178
5177
5176
5176
5177
5176
5177
5177
5176
5175
5175
5175
5174
5173
5172
5172
5172
5173
5172
5171
5171
5172
5171
5172
5172
5171
5170
5168
5167
5168
5168
5166
5165
5166
5165
5166
5165
5163
5161
5161
5161
5162
5160
5162
5161
5159
5158
5159
5158
5160
5159
5159
5159
5161
5160
5159
5159
5159
5159
5159
5159
5158
5159
5159
5158
5158
5157
5157
5156
5157
5157
5157
5157
5156
5156
5156
5156
5156
5157
5156
5157
5155
5155
5154
5154
5154
5152
5153
5151
5151
5149
5150
5149
5151
5151
5149
5150
5149
5149
5150
5149
5150
5149
5149
5150
5153
5156
5155
5155
5152
5151
5151
5151
5151
5152
5151
5150
5149
5147
5147
5149
5147
5146
5145
5145
5145
5146
5147
5147
5146
5145
5144
5144
5142
5143
5143
5145
5144
5144
5143
5142
5144
5146
5145
5143
5143
5143
5143
5142
5143
5142
5142
5143
5143
5143
5143
5142
5141
5141
5140
5140
5141
5141
5140
5141
5141
5139
5140
5140
5139
5139
5139
5138
5139
5139
5138
5138
5139
5138
5139
5138
5137
5137
5137
5136
5136
5136
5135
5135
5135
5135
5134
5134
5134
5137
5137
5137
5137
5137
5139
5139
5139
5138
5138
5137
5138
5138
5137
5138
5137
5138
5138
5139
5139
5137
5137
5136
5135
5137
5137
5137
5137
5136
5135
5135
5136
5133
5133
5133
5133
5133
5134
5134
5135
5133
5131
5132
5133
5133
5132
5131
5130
5130
5128
5129
5129
5129
5127
5127
5128
5127
5127
5129
5128
5128
5128
5128
5128
5127
5127
5128
5129
5128
5129
5128
5129
5128
5127
5127
5127
5127
5127
5128
5127
5126
5127
5127
5128
5128
5127
5126
5127
5127
5129
5128
5128
5129
5129
5129
5128
5129
5129
5129
5130
5129
5129
5129
5130
5130
5129
5128
5126
5127
5127
5128
5128
5128
5128
5128
5128
5129
5129
5128
5128
5128
5128
5128
5128
5127
5128
5128
5127
5128
5128
5128
5129
5129
5129
5129
5129
5129
5129
5129
5130
5130
5130
5130
5128
5128
5129
5130
5130
5130
5130
5129
5129
5130
5130
5130
5131
5130
5130
5129
5128
5126
5127
5126
5123
5125
5124
5124
5123
5123
5123
5124
5124
5123
5123
5123
5123
5122
5124
5124
5123
5123
5125
5125
5124
5124
5124
5125
5125
5126
5124
5126
5125
5125
5123
5124
5124
5125
5123
5123
5123
5123
5121
5121
5120
5119
5120
5119
5119
5118
5118
5117
5117
5117
5117
5116
5115
5115
5115
5115
5113
5112
5111
5111
5111
5111
5110
5110
5110
5110
5108
5108
5108
5109
5110
5109
5108
5108
5107
5109
5110
5111
5112
5112
5112
5111
5111
5111
5112
5112
5111
5110
5112
5111
5112
5111
5112
5112
5112
5111
5114
5113
5116
5116
5116
5117
5118
5117
5116
5116
5116
5117
5117
5119
5121
5117
5117
5118
5119
5120
5120
5119
5119
5119
5118
5117
5117
5117
5117
5117
5116
5117
5116
5116
5116
5115
5116
5116
5115
5116
5116
5117
5117
5117
5117
5117
5118
5118
5118
5118
5118
5118
5118
5119
5118
5119
5119
5119
5118
5117
5117
5118
5119
5116
5113
5111
5108
5105
5103
5101
5099
5096
5094
5093
5091
5089
5090
5090
5088
5088
5086
5087
5088
5090
5090
5091
5093
5093
5094
5096
5099
5100
5101
5104
5106
5108
5108
5110
5111
5112
5112
5114
5116
5117
5116
5116
5116
5116
5116
5117
5115
5117
5115
5115
5116
5116
5117
5117
5119
5119
5119
5118
5120
5118
5118
5118
5119
5119
5119
5119
5119
5119
5120
5121
5121
5124
5124
5124
5124
5122
5120
5119
5118
5118
5118
5117
5118
5120
5125
5127
5128
5125
5125
5126
5126
5125
5125
5125
5125
5125
5124
5123
5123
5124
5124
5124
5125
5125
5126
5126
5126
5126
5127
5129
5129
5128
5130
5130
5131
5131
5129
5128
5128
5127
5129
5128
5125
5126
5126
5126
5127
5126
5127
5129
5129
5127
5127
5127
5127
5126
5126
5125
5124
5125
5125
5124
5123
5124
5123
5121
5119
5119
5117
5116
5117
5114
5116
5114
5115
5115
5114
5115
5116
5117
5117
5116
5116
5118
5119
5120
5121
5120
5122
5122
5121
5122
5122
5122
5121
5122
5124
5124
5126
5125
5126
5125
5126
5127
5128
5128
5128
5128
5130
5128
5129
5128
5128
5127
5128
5127
5125
5127
5126
5126
5127
5125
5124
5123
5124
5124
5124
5122
5123
5123
5122
5123
5123
5124
5123
5124
5124
5124
5124
5122
5120
5119
5117
5114
5113
5112
5114
5115
5115
5115
5115
5116
5118
5169
5180
5165
5161
5163
5161
5160
5158
5159
5159
5159
5155
5154
5153
5152
5153
5156
5157
5155
5159
5157
5151
5152
5155
5160
5160
5158
5156
5156
5157
5154
5152
5151
5152
5156
5155
5151
5149
5146
5150
5148
5154
5156
5158
5154
5155
5153
5152
5152
5154
5151
5149
5149
5150
5144
5141
5134
5139
5128
5126
5123
5118
5118
5118
5116
5114
5115
5120
5118
5114
5114
5112
5107
5108
5107
5110
5110
5107
5112
5118
5117
5115
5117
5115
5115
5113
5115
5114
5110
5112
5116
5114
5116
5113
5111
5110
5108
5109
5105
5107
5111
5113
5111
5112
5112
5110
5108
5108
5106
5108
5107
5105
5104
5105
5108
5109
5107
5111
5119
5126
5126
5125
5128
5147
5143
5135
5143
5158
5145
5148
5161
5152
5138
5130
5144
5154
5138
5122
5119
5129
5123
5113
5116
5123
5118
5118
5126
5125
5133
5128
5121
5118
5123
5131
5134
5133
5134
5132
5131
5134
5130
5135
5137
5132
5128
5132
5126
5134
5130
5103
5094
5106
5103
5118
5115
5106
5108
5101
5110
5101
5099
5072
5073
5078
5069
5058
5066
5071
5078
5081
5086
5088
5085
5086
5079
5076
5079
5088
5089
5101
5096
5092
5094
5099
5097
5094
5096
5105
5108
5109
5109
5105
5103
5100
5097
5101
5095
5093
5091
5086
5084
5079
5081
5078
5083
5082
5076
5078
5075
5073
5077
5075
5073
5076
5075
5071
5073
5073
5068
5066
5063
5066
5063
5065
5067
5067
5065
5065
5062
5055
5058
5054
5057
5052
5053
5058
5064
5059
5056
5052
5058
5059
5055
5056
5057
5065
5079
5067
5054
5047
5047
5056
5059
5049
5036
5039
5041
5037
5034
5034
5039
5042
5046
5044
5043
5040
5044
5048
5045
5043
5042
5047
5047
5043
5045
5043
5044
5042
5047
5045
5043
5045
5055
5052
5048
5044
5043
5052
5049
5051
5049
5054
5045
5044
5044
5046
5048
5051
5056
5058
5063
5062
5066
5065
5065
5064
5065
5067
5064
5072
5066
5066
5058
5051
5053
5053
5055
5058
5056
5054
5052
5055
5058
5058
5053
5053
5053
5059
5061
5055
5054
5055
5053
5049
5049
5044
5047
5047
5050
5044
5045
5045
5053
5056
5041
5041
5055
5062
5059
5050
5055
5058
5050
5053
5049
5041
5044
5049
5048
5051
5056
5056
5058
5061
5065
5062
5059
5057
5054
5055
5054
5054
5053
5054
5054
5062
5062
5062
5064
5066
5063
5061
5065
5066
5068
5065
5067
5064
5064
5064
5063
5070
5077
5076
5073
5074
5076
5074
5075
5078
5077
5080
5079
5078
5077
5078
5079
5076
5079
5077
5077
5077
5078
5079
5076
5075
5077
5079
5078
5079
5075
5079
5082
5081
5079
5079
5077
5076
5083
5084
5079
5073
5071
5076
5078
5078
5077
5078
5077
5079
5079
5078
5079
5081
5083
5083
5086
5085
5083
5085
5084
5088
5088
5088
5090
5092
5093
5092
5095
5094
5096
5096
5099
5098
5100
5100
5101
5102
5102
5102
5104
5106
5107
5109
5110
5112
5113
5113
5114
5116
5117
5116
5116
5116
5117
5116
5116
5117
5119
5118
5116
5116
5117
5117
5117
5116
5115
5116
5116
5116
5116
5114
5114
5116
5115
5116
5116
5116
5116
5117
5116
5115
5115
5117
5117
5118
5116
5116
5118
5118
5118
5119
5120
5122
5122
5123
5124
5124
5126
5129
5129
5129
5129
5132
5132
5132
5131
5132
5131
5133
5131
5135
5134
5136
5135
5138
5138
5138
5140
5142
5143
5144
5145
5145
5145
5145
5147
5147
5149
5153
5155
5156
5155
5154
5157
5150
5150
5150
5150
5150
5150
5148
5150
5150
5150
5150
5150
5151
5152
5153
5153
5156
5155
5155
5155
5158
5159
5163
5162
5162
5161
5164
5164
5164
5162
5162
5160
5159
5161
5159
5159
5159
5158
5158
5157
5158
5158
5160
5160
5160
5160
5161
5161
5162
5160
5159
5157
5158
5158
5155
5155
5154
5152
5152
5152
5153
5155
5155
5155
5155
5155
5155
5155
5155
5155
5156
5156
5156
5156
5156
5156
5156
5157
5157
5158
5160
5161
5162
5163
5165
5165
5165
5165
5165
5165
5168
5170
5173
5173
5173
5175
5178
5180
5180
5180
5181
5181
5179
5179
5177
5176
5174
5174
5173
5173
5173
5173
5173
5176
5177
5178
5179
5177
5177
5179
5179
5179
5179
5179
5181
5182
5182
5181
5180
5181
5179
5179
5179
5180
5181
5182
5181
5181
5180
5178
5180
5179
5180
5178
5179
5178
5178
5179
5180
5178
5176
5173
5174
5174
5171
5170
5170
5170
5169
5167
5165
5167
5166
5167
5165
5164
5163
5163
5164
5164
5165
5165
5164
5163
5162
5162
5163
5161
5160
5157
5156
5157
5158
5160
5159
5161
5163
5161
5159
5159
5157
5154
5155
5156
5157
5158
5158
5156
5156
5156
5155
5151
5153
5151
5150
5150
5150
5148
5149
5154
5150
5148
5148
5148
5150
5148
5149
5149
5150
5151
5151
5149
5145
5145
5142
5143
5143
5144
5143
5144
5144
5143
5144
5144
5144
5144
5143
5145
5146
5145
5144
5141
5142
5142
5138
5135
5134
5129
5127
5126
5125
5125
5125
5126
5124
5125
5127
5128
5130
5130
5129
5128
5130
5130
5126
5126
5126
5126
5125
5122
5122
5122
5124
5122
5119
5119
5118
5118
5119
5120
5120
5121
5119
5120
5120
5118
5116
5115
5112
5112
5110
5111
5120
5113
5112
5111
5112
5113
5116
5117
5114
5114
5116
5119
5119
5121
5120
5120
5122
5119
5122
5125
5125
5124
5123
5126
5120
5117
5116
5120
5122
5125
5124
5123
5122
5121
5120
5120
5120
5120
5121
5122
5121
5121
5122
5123
5123
5123
5123
5123
5124
5124
5124
5125
5126
5126
5130
5128
5125
5124
5125
5127
5130
5129
5130
5129
5129
5128
5129
5129
5129
5129
5128
5128
5128
5130
5129
5129
5131
5132
5132
5131
5131
5130
5131
5130
5130
5133
5131
5132
5132
5130
5130
5129
5130
5131
5131
5130
5130
5131
5131
5130
5130
5130
5129
5128
5129
5128
5127
5125
5125
5127
5127
5127
5125
5125
5127
5127
5128
5127
5126
5126
5126
5126
5126
5128
5127
5125
5126
5127
5126
5126
5125
5125
5127
5127
5130
5131
5132
5129
5128
5128
5129
5129
5129
5131
5132
5130
5128
5128
5128
5128
5129
5127
5125
5122
5122
5124
5125
5126
5125
5124
5125
5124
5125
5124
5124
5124
5122
5123
5123
5122
5122
5122
5123
5123
5123
5123
5123
5124
5124
5122
5122
5123
5123
5122
5122
5122
5122
5122
5122
5122
5123
5122
5122
5123
5122
5123
5123
5122
5121
5121
5121
5120
5120
5120
5120
5121
5122
5121
5121
5121
5120
5121
5121
5121
5121
5121
5119
5120
5120
5120
5121
5120
5120
5120
5121
5122
5120
5119
5119
5120
5119
5119
5120
5121
5120
5120
5120
5119
5119
5120
5118
5119
5118
5118
5118
5118
5118
5117
5118
5118
5119
5118
5119
5119
5119
5119
5119
5119
5119
5119
5119
5121
5120
5120
5120
5119
5120
5119
5119
5120
5119
5119
5119
5119
5120
5121
5119
5119
5119
5119
5119
5120
5120
5120
5119
5119
5120
5118
5119
5119
5120
5120
5121
5122
5121
5122
5122
5124
5125
5124
5125
5125
5128
5127
5129
5129
5130
5129
5129
5128
5128
5127
5127
5126
5125
5125
5125
5124
5124
5125
5125
5125
5125
5125
5125
5125
5125
5125
5124
5124
5124
5123
5122
5122
5123
5122
5121
5121
5120
5122
5121
5120
5120
5120
5120
5120
5121
5120
5120
5120
5120
5120
5119
5120
5120
5120
5119
5120
5120
5119
5120
5120
5120
5120
5120
5120
5120
5121
5119
5120
5121
5121
5120
5122
5122
5120
5122
5121
5121
5121
5122
5121
5120
5121
5121
5120
5120
5120
5120
5121
5121
5122
5122
5122
5122
5124
5123
5123
5124
5124
5125
5126
5125
5125
5127
5126
5129
5129
5131
5132
5132
5132
5132
5133
5133
5132
5131
5131
5130
5131
5128
5129
5128
5128
5129
5129
5128
5129
5128
5127
5128
5127
5127
5128
5128
5129
5127
5126
5127
5126
5126
5127
5126
5125
5126
5125
5126
5124
5125
5125
5126
5126
5126
5126
5125
5126
5125
5127
5128
5128
5128
5126
5128
5128
5126
5125
5125
5126
5125
5127
5126
5126
5125
5126
5126
5127
5127
5127
5125
5126
5125
5126
5126
5126
5126
5126
5126
5126
5126
5126
5126
5126
5126
5126
5125
5126
5125
5125
5125
5126
5125
5126
5127
5125
5126
5125
5126
5126
5128
5128
5127
5127
5126
5126
5125
5126
5127
5127
5127
5126
5126
5126
5125
5125
5125
5126
5125
5126
5125
5125
5126
5125
5126
5126
5126
5127
5126
5126
5127
5128
5128
5128
5128
5129
5129
5128
5128
5128
5129
5126
5128
5128
5127
5127
5128
5128
5128
5126
5125
5124
5123
5123
5124
5123
5122
5123
5121
5123
5122
5122
5123
5123
5124
5123
5124
5125
5124
5125
5124
5124
5124
5124
5124
5124
5124
5123
5123
5122
5122
5122
5123
5121
5121
5121
5120
5120
5120
5121
5121
5121
5121
5122
5121
5122
5122
5122
5122
5122
5123
5122
5123
5123
5124
5123
5122
5123
5123
5123
5123
5124
5125
5124
5122
5123
5123
5123
5124
5124
5125
5125
5125
5124
5124
5123
5122
5123
5123
5123
5122
5122
5122
5122
5122
5121
5121
5122
5122
5122
5122
5123
5122
5120
5119
5119
5119
5118
5119
5121
5120
5121
5122
5120
5119
5117
5119
5119
5116
5117
5117
5118
5119
5116
5117
5119
5119
5119
5119
5119
5120
5119
5118
5118
5116
5117
5116
5116
5116
5114
5114
5114
5114
5114
5114
5114
5113
5113
5113
5113
5113
5112
5112
5110
5110
5109
5109
5108
5110
5106
5104
5104
5102
5103
5104
5104
5106
5106
5107
5107
5105
5107
5105
5105
5104
5104
5105
5104
5105
5101
5102
5100
5101
5100
5101
5099
5099
5100
5100
5101
5099
5098
5096
5095
5096
5097
5096
5093
5093
5091
5091
5094
5091
5093
5094
5092
5092
5090
5090
5090
5088
5086
5084
5084
5083
5083
5085
5085
5088
5087
5098
5097
5090
5093
5096
5101
5101
5100
5099
5101
5100
5099
5097
5094
5090
5090
5089
5086
5086
5084
5083
5084
5087
5087
5089
5096
5094
5093
5093
5093
5094
5091
5090
5085
5079
5080
5079
5080
5083
5085
5087
5088
5089
5091
5092
5093
5098
5095
5097
5098
5101
5100
5105
5109
5108
5110
5109
5108
5108
5108
5110
5106
5093
5089
5094
5096
5098
5081
5086
5100
5093
5088
5082
5079
5072
5069
5059
5061
5065
5071
5070
5066
5064
5065
5067
5068
5065
5063
5068
5072
5070
5069
5067
5064
5062
5065
5062
5059
5060
5063
5066
5065
5063
5065
5074
5078
5075
5088
5084
5079
5080
5079
5086
5081
5086
5090
5088
5087
5084
5083
5088
5076
5075
5068
5064
5063
5065
5064
5070
5071
5068
5074
5071
5070
5075
5073
5076
5079
5076
5078
5076
5076
5086
5083
5094
5090
5077
5082
5086
5086
5081
5078
5083
5080
5078
5076
5076
5079
5076
5072
5073
5075
5075
5075
5080
