24416
24415
24415
24415
24415
24415
24414
24416
24416
24416
24417
24415
24412
24413
24411
24409
24407
24405
24402
24403
24401
24399
24397
24396
24398
24396
24396
24397
24393
24395
24393
24393
24391
24389
24389
24386
24386
24386
24384
24385
24384
24383
24382
24380
24380
24379
24379
24379
24377
24376
24376
24377
24376
24376
24375
24373
24372
24373
24373
24376
24375
24375
24378
24381
24384
24385
24387
24391
24395
24398
24401
24404
24406
24407
24409
24411
24413
24413
24416
24416
24418
24418
24420
24423
24428
24429
24430
24429
24426
24426
24424
24424
24422
24421
24419
24418
24416
24419
24421
24422
24426
24428
24430
24430
24430
24429
24431
24431
24432
24434
24433
24434
24433
24433
24435
24435
24435
24435
24436
24437
24438
24438
24438
24438
24439
24439
24441
24443
24443
24443
24444
24444
24445
24446
24445
24446
24448
24449
24449
24450
24450
24451
24453
24453
24454
24454
24454
24454
24454
24453
24454
24456
24457
24457
24456
24457
24457
24456
24460
24457
24456
24457
24459
24460
24462
24463
24462
24461
24463
24463
24462
24462
24460
24460
24460
24459
24458
24458
24458
24458
24459
24457
24455
24456
24457
24458
24457
24457
24458
24460
24457
24457
24454
24453
24451
24453
24453
24458
24459
24459
24459
24459
24456
24453
24451
24454
24458
24459
24457
24458
24458
24460
24460
24459
24461
24463
24460
24459
24461
24460
24460
24460
24456
24451
24450
24450
24449
24445
24443
24442
24441
24442
24439
24442
24438
24438
24439
24436
24432
24431
24430
24428
24427
24426
24426
24424
24426
24423
24424
24422
24428
24424
24430
24429
24422
24421
24423
24423
24425
24423
24423
24425
24426
24426
24428
24428
24429
24431
24432
24433
24437
24433
24433
24434
24437
24438
24437
24438
24440
24439
24440
24442
24442
24441
24440
24442
24443
24444
24446
24446
24447
24448
24449
24448
24447
24448
24449
24450
24448
24449
24451
24453
24454
24455
24456
24454
24457
24456
24455
24456
24454
24454
24455
24454
24454
24457
24455
24455
24457
24458
24460
24458
24456
24457
24456
24457
24460
24460
24460
24459
24459
24459
24458
24458
24457
24457
24459
24462
24461
24461
24460
24460
24460
24460
24463
24465
24465
24463
24459
24462
24464
24464
24464
24463
24461
24462
24464
24462
24460
24459
24458
24459
24458
24457
24462
24460
24459
24455
24453
24453
24453
24453
24452
24454
24453
24452
24451
24451
24449
24448
24448
24449
24450
24449
24450
24450
24449
24448
24448
24450
24450
24450
24451
24451
24452
24453
24453
24454
24454
24455
24456
24456
24456
24456
24455
24455
24455
24458
24458
24460
24458
24458
24458
24460
24461
24457
24460
24460
24457
24456
24453
24455
24456
24453
24454
24457
24459
24462
24462
24462
24459
24456
24455
24455
24456
24457
24457
24455
24453
24453
24451
24453
24449
24449
24448
24450
24451
24455
24454
24458
24458
24458
24457
24455
24455
24458
24463
24465
24467
24467
24466
24465
24470
24468
24466
24466
24466
24464
24460
24460
24459
24458
24455
24455
24454
24454
24453
24450
24447
24447
24445
24444
24441
24440
24440
24439
24435
24433
24432
24430
24431
24429
24429
24430
24433
24433
24431
24431
24429
24430
24430
24430
24431
24431
24431
24429
24428
24429
24427
24427
24427
24428
24424
24423
24426
24428
24429
24429
24428
24428
24429
24429
24429
24427
24427
24428
24429
24429
24429
24428
24427
24427
24430
24431
24432
24432
24431
24429
24427
24427
24429
24431
24431
24431
24431
24432
24432
24434
24434
24434
24436
24437
24438
24439
24440
24438
24437
24437
24438
24439
24442
24444
24442
24443
24443
24443
24445
24445
24446
24446
24445
24444
24444
24444
24444
24442
24441
24441
24442
24441
24441
24442
24443
24443
24442
24439
24438
24436
24436
24435
24434
24431
24430
24432
24433
24432
24430
24431
24432
24434
24435
24437
24436
24436
24437
24436
24438
24437
24436
24436
24436
24436
24437
24436
24436
24436
24435
24434
24434
24435
24434
24434
24432
24430
24431
24431
24430
24430
24430
24432
24430
24430
24431
24432
24430
24430
24431
24433
24433
24434
24435
24433
24434
24435
24434
24438
24438
24438
24437
24439
24439
24440
24442
24441
24442
24441
24443
24443
24443
24444
24445
24444
24445
24446
24445
24445
24446
24445
24445
24446
24446
24448
24446
24449
24450
24449
24452
24452
24454
24454
24456
24455
24455
24455
24456
24455
24455
24456
24457
24456
24454
24455
24454
24453
24452
24453
24454
24453
24453
24452
24453
24454
24454
24454
24455
24454
24454
24454
24453
24454
24455
24455
24455
24455
24456
24455
24454
24452
24452
24452
24450
24451
24449
24448
24447
24445
24444
24442
24441
24440
24440
24440
24440
24438
24436
24437
24437
24436
24435
24436
24436
24435
24435
24434
24434
24435
24436
24435
24438
24437
24438
24440
24440
24440
24439
24440
24441
24443
24441
24441
24441
24441
24440
24437
24437
24437
24439
24439
24439
24440
24439
24440
24441
24441
24443
24444
24446
24443
24445
24445
24446
24446
24448
24448
24449
24449
24448
24450
24448
24448
24449
24451
24451
24452
24452
24452
24452
24450
24449
24449
24448
24448
24448
24450
24450
24448
24445
24444
24444
24443
24444
24442
24442
24444
24444
24447
24449
24448
24448
24448
24448
24447
24447
24448
24448
24448
24449
24450
24450
24449
24450
24451
24451
24451
24449
24449
24449
24448
24448
24450
24451
24450
24449
24451
24451
24452
24453
24452
24453
24455
24455
24454
24453
24453
24453
24451
24452
24451
24452
24453
24453
24453
24454
24453
24454
24453
24455
24455
24455
24453
24453
24452
24451
24449
24450
24451
24450
24449
24449
24449
24448
24447
24446
24445
24446
24445
24445
24444
24445
24445
24445
24447
24445
24445
24444
24444
24444
24445
24443
24442
24441
24441
24441
24441
24440
24441
24440
24441
24441
24441
24439
24441
24440
24442
24445
24447
24446
24445
24444
24444
24444
24445
24443
24442
24440
24439
24439
24438
24437
24439
24438
24438
24440
24442
24445
24447
24448
24448
24451
24452
24454
24456
24456
24456
24457
24459
24462
24463
24464
24465
24466
24465
24464
24465
24466
24463
24463
24461
24459
24459
24462
24463
24462
24459
24458
24458
24461
24462
24461
24461
24461
24460
24457
24457
24455
24453
24452
24451
24449
24449
24449
24447
24446
24446
24446
24445
24443
24444
24442
24445
24446
24448
24449
24448
24447
24446
24446
24444
24444
24446
24448
24448
24447
24448
24448
24448
24448
24449
24448
24448
24447
24445
24445
24444
24443
24446
24446
24447
24447
24449
24448
24448
24449
24449
24450
24450
24448
24447
24445
24443
24444
24446
24446
24449
24451
24451
24450
24452
24451
24450
24449
24447
24445
24445
24445
24446
24446
24447
24450
24450
24452
24454
24453
24452
24448
24449
24449
24449
24448
24446
24443
24443
24444
24445
24445
24444
24445
24446
24448
24452
24519
24522
24503
24502
24503
24503
24502
24500
24504
24506
24503
24498
24498
24492
24492
24488
24490
24492
24485
24483
24474
24468
24475
24475
24480
24477
24471
24468
24468
24466
24462
24456
24452
24450
24452
24448
24444
24441
24437
24439
24437
24443
24446
24448
24448
24448
24445
24444
24449
24452
24450
24446
24444
24445
24447
24452
24454
24461
24460
24460
24454
24453
24454
24453
24452
24450
24453
24459
24454
24450
24449
24444
24443
24442
24444
24445
24441
24436
24440
24442
24441
24441
24444
24443
24442
24443
24443
24440
24436
24438
24438
24436
24437
24437
24436
24433
24431
24428
24424
24426
24430
24433
24427
24427
24426
24420
24415
24413
24409
24411
24408
24407
24405
24404
24406
24403
24401
24402
24403
24404
24405
24406
24411
24423
24422
24419
24425
24435
24435
24442
24447
24448
24450
24456
24470
24473
24455
24449
24449
24455
24452
24444
24444
24445
24443
24442
24443
24442
24442
24441
24438
24436
24440
24440
24439
24439
24441
24434
24432
24433
24433
24437
24438
24435
24437
24441
24444
24453
24455
24431
24421
24434
24436
24436
24432
24430
24434
24431
24431
24432
24435
24414
24414
24427
24426
24420
24423
24426
24426
24426
24426
24425
24422
24427
24424
24427
24427
24429
24429
24436
24433
24432
24435
24435
24432
24429
24430
24435
24434
24430
24431
24430
24427
24429
24426
24425
24426
24425
24426
24424
24422
24418
24421
24418
24422
24423
24420
24421
24419
24419
24423
24422
24421
24424
24426
24424
24427
24426
24423
24423
24423
24425
24424
24424
24423
24423
24424
24424
24422
24420
24419
24418
24421
24418
24416
24420
24423
24424
24422
24417
24418
24418
24415
24414
24412
24414
24424
24419
24411
24406
24402
24407
24413
24403
24395
24397
24397
24394
24393
24394
24396
24398
24401
24401
24399
24397
24397
24402
24398
24395
24393
24395
24393
24388
24389
24386
24385
24381
24389
24384
24381
24382
24390
24385
24382
24378
24377
24382
24380
24385
24384
24387
24380
24379
24380
24382
24381
24383
24387
24385
24391
24390
24394
24395
24397
24396
24396
24395
24392
24399
24395
24396
24391
24385
24388
24385
24390
24393
24390
24387
24384
24388
24393
24393
24391
24390
24390
24398
24398
24393
24394
24393
24391
24388
24388
24385
24387
24388
24388
24382
24385
24389
24392
24392
24385
24384
24397
24401
24394
24388
24391
24394
24387
24390
24388
24385
24388
24390
24389
24390
24394
24390
24391
24391
24394
24392
24391
24388
24387
24388
24387
24388
24387
24386
24384
24391
24389
24389
24389
24392
24390
24387
24391
24391
24392
24390
24393
24390
24390
24390
24388
24393
24396
24397
24393
24394
24395
24394
24392
24396
24395
24396
24397
24395
24393
24394
24395
24392
24395
24393
24392
24393
24395
24396
24392
24391
24395
24396
24395
24394
24389
24391
24396
24392
24393
24391
24389
24387
24393
24395
24390
24389
24386
24390
24392
24392
24391
24390
24389
24390
24389
24389
24389
24389
24388
24390
24391
24390
24387
24387
24386
24387
24386
24386
24388
24387
24389
24388
24392
24391
24390
24390
24390
24390
24389
24388
24388
24389
24387
24389
24388
24387
24388
24389
24391
24390
24391
24390
24390
24390
24391
24389
24389
24388
24388
24387
24386
24385
24386
24386
24385
24383
24383
24383
24384
24382
24380
24380
24381
24381
24380
24381
24381
24383
24382
24383
24383
24383
24384
24384
24384
24383
24383
24383
24386
24388
24386
24386
24388
24390
24391
24392
24392
24393
24395
24397
24398
24398
24401
24403
24402
24400
24399
24398
24397
24398
24393
24392
24393
24394
24390
24392
24390
24393
24391
24395
24397
24398
24398
24397
24399
24398
24398
24397
24396
24396
24397
24396
24397
24401
24404
24407
24405
24403
24406
24393
24392
24389
24385
24383
24383
24379
24379
24380
24381
24380
24380
24380
24381
24382
24382
24385
24386
24385
24388
24390
24392
24396
24395
24394
24393
24394
24396
24395
24393
24393
24390
24388
24390
24389
24389
24389
24386
24385
24383
24383
24383
24384
24384
24385
24385
24388
24388
24389
24386
24385
24383
24383
24384
24382
24380
24379
24376
24375
24375
24375
24376
24378
24379
24378
24379
24379
24381
24381
24382
24383
24384
24385
24386
24386
24388
24387
24391
24394
24397
24400
24403
24405
24408
24409
24412
24412
24411
24412
24412
24415
24421
24427
24428
24429
24431
24438
24438
24440
24441
24443
24443
24443
24443
24440
24437
24435
24432
24430
24429
24429
24428
24428
24433
24435
24436
24437
24435
24433
24435
24434
24434
24435
24437
24438
24440
24442
24441
24438
24438
24437
24436
24435
24436
24437
24439
24437
24436
24434
24434
24433
24433
24434
24433
24432
24430
24431
24431
24432
24431
24428
24425
24424
24422
24419
24416
24416
24417
24416
24413
24412
24412
24413
24416
24417
24417
24417
24418
24421
24423
24426
24427
24425
24427
24428
24428
24428
24428
24427
24426
24424
24428
24428
24434
24433
24437
24442
24441
24440
24439
24436
24434
24435
24441
24442
24447
24450
24449
24450
24450
24448
24444
24448
24450
24450
24450
24451
24448
24451
24457
24452
24447
24442
24442
24445
24444
24441
24442
24442
24443
24443
24439
24432
24432
24427
24423
24424
24424
24424
24428
24428
24427
24429
24428
24427
24427
24424
24424
24430
24424
24429
24427
24430
24434
24432
24428
24432
24429
24428
24430
24428
24431
24434
24435
24435
24438
24441
24441
24444
24444
24443
24440
24442
24440
24434
24432
24430
24427
24426
24425
24426
24426
24427
24425
24424
24422
24422
24421
24421
24423
24426
24427
24427
24425
24425
24422
24420
24419
24415
24412
24406
24401
24414
24417
24418
24420
24420
24415
24415
24413
24411
24410
24410
24416
24419
24425
24430
24426
24425
24412
24405
24403
24400
24398
24405
24415
24416
24418
24415
24416
24412
24412
24411
24410
24408
24408
24408
24409
24408
24409
24408
24407
24407
24406
24406
24407
24408
24408
24409
24408
24407
24406
24406
24405
24404
24404
24409
24414
24416
24418
24419
24418
24419
24418
24417
24415
24412
24411
24410
24409
24409
24409
24410
24410
24410
24411
24412
24410
24411
24412
24413
24412
24411
24410
24409
24409
24410
24409
24408
24409
24410
24410
24411
24409
24409
24408
24410
24410
24410
24409
24410
24411
24411
24411
24412
24412
24413
24414
24413
24413
24413
24413
24414
24414
24414
24415
24415
24416
24415
24414
24413
24413
24411
24412
24413
24411
24411
24411
24410
24410
24410
24411
24411
24413
24413
24415
24417
24418
24420
24419
24419
24418
24418
24417
24416
24419
24418
24416
24416
24418
24418
24416
24415
24414
24412
24407
24406
24405
24404
24402
24404
24404
24404
24405
24405
24404
24404
24404
24404
24404
24405
24404
24405
24405
24407
24407
24409
24409
24409
24409
24410
24410
24409
24410
24409
24409
24409
24408
24409
24409
24409
24410
24410
24410
24411
24411
24409
24410
24409
24409
24409
24409
24409
24409
24410
24411
24411
24411
24412
24412
24412
24412
24412
24411
24412
24411
24411
24412
24414
24414
24414
24415
24415
24417
24416
24418
24418
24417
24418
24418
24418
24418
24418
24418
24419
24419
24420
24419
24420
24419
24419
24419
24419
24419
24418
24417
24416
24416
24416
24416
24416
24416
24416
24416
24416
24417
24417
24417
24417
24417
24417
24417
24417
24417
24416
24416
24415
24415
24415
24415
24416
24416
24417
24417
24418
24418
24419
24419
24418
24418
24417
24416
24417
24416
24416
24415
24415
24415
24414
24413
24413
24414
24414
24414
24416
24416
24416
24416
24416
24416
24417
24417
24416
24415
24415
24414
24416
24417
24417
24417
24417
24416
24416
24417
24418
24417
24417
24418
24418
24418
24418
24417
24418
24418
24418
24418
24417
24416
24417
24417
24417
24417
24416
24416
24416
24416
24416
24417
24416
24416
24416
24416
24417
24417
24417
24417
24417
24417
24416
24417
24417
24417
24417
24417
24416
24417
24417
24417
24417
24417
24417
24418
24417
24418
24418
24418
24419
24418
24418
24418
24419
24418
24418
24418
24418
24418
24419
24419
24419
24418
24418
24418
24418
24417
24417
24417
24417
24417
24418
24418
24418
24418
24418
24418
24418
24419
24417
24418
24417
24418
24418
24419
24420
24420
24421
24423
24426
24426
24429
24429
24432
24435
24436
24436
24437
24437
24437
24436
24434
24434
24433
24433
24433
24432
24432
24432
24433
24434
24434
24433
24433
24434
24434
24433
24433
24434
24435
24434
24433
24432
24432
24432
24432
24432
24432
24431
24431
24431
24430
24429
24429
24429
24430
24430
24431
24431
24430
24430
24430
24431
24431
24430
24430
24430
24430
24430
24429
24427
24428
24430
24431
24431
24428
24424
24422
24423
24424
24425
24426
24426
24426
24425
24424
24422
24422
24421
24424
24424
24426
24424
24424
24424
24423
24424
24423
24424
24425
24426
24426
24426
24426
24426
24427
24425
24425
24426
24426
24425
24425
24425
24425
24426
24426
24426
24426
24422
24422
24422
24423
24422
24422
24422
24423
24423
24423
24423
24424
24424
24424
24424
24425
24425
24424
24423
24423
24422
24423
24422
24422
24421
24421
24422
24422
24422
24423
24423
24424
24423
24423
24424
24423
24422
24420
24420
24421
24423
24425
24426
24426
24427
24427
24426
24425
24426
24426
24425
24424
24425
24425
24424
24423
24424
24424
24423
24424
24425
24425
24426
24426
24426
24425
24425
24424
24425
24426
24425
24425
24424
24424
24425
24424
24424
24424
24424
24424
24424
24425
24423
24423
24423
24423
24423
24422
24423
24422
24423
24423
24423
24423
24423
24423
24423
24422
24422
24422
24422
24421
24422
24423
24423
24424
24425
24425
24425
24425
24424
24425
24426
24426
24426
24425
24425
24425
24425
24425
24425
24425
24427
24426
24426
24426
24426
24426
24425
24425
24425
24426
24427
24427
24427
24427
24428
24426
24426
24427
24427
24426
24426
24426
24427
24427
24427
24427
24428
24428
24428
24429
24428
24428
24428
24428
24428
24429
24429
24429
24429
24428
24428
24428
24429
24429
24429
24430
24430
24431
24431
24430
24430
24430
24430
24432
24432
24432
24431
24434
24434
24434
24434
24434
24434
24434
24434
24434
24435
24436
24436
24435
24436
24436
24435
24435
24435
24437
24436
24435
24435
24436
24435
24435
24436
24436
24438
24437
24438
24437
24437
24438
24438
24438
24440
24439
24439
24439
24439
24439
24439
24439
24439
24437
24438
24436
24438
24435
24435
24435
24435
24435
24434
24434
24434
24434
24434
24434
24434
24434
24434
24434
24432
24432
24431
24429
24429
24428
24428
24427
24427
24427
24426
24426
24423
24426
24429
24426
24428
24429
24430
24429
24429
24429
24431
24432
24431
24431
24430
24431
24429
24431
24429
24429
24428
24427
24427
24428
24427
24426
24428
24428
24428
24429
24429
24430
24427
24429
24427
24426
24428
24426
24426
24426
24427
24430
24431
24431
24432
24433
24435
24438
24437
24438
24438
24440
24440
24443
24445
24444
24446
24446
24445
24446
24446
24452
24452
24449
24445
24444
24446
24453
24445
24442
24452
24446
24447
24447
24446
24442
24442
24436
24437
24437
24440
24438
24433
24433
24433
24432
24434
24433
24432
24432
24433
24432
24433
24433
24433
24433
24437
24435
24434
24431
24431
24431
24431
24427
24425
24428
24427
24422
24428
24428
24427
24423
24417
24421
24417
24418
24422
24420
24418
24415
24416
24423
24415
24416
24412
24410
24411
24410
24410
24413
24413
24411
24413
24412
24410
24413
24412
24411
24411
24409
24410
24407
24400
24403
24400
24406
24403
24397
24403
24405
24405
24404
24401
24406
24405
24405
24406
24405
24406
24405
24404
24403
24407
24403
24405
24407
