4145
4144
4145
4146
4147
4147
4149
4151
4151
4151
4152
4152
4149
4149
4148
4147
4146
4144
4143
4142
4141
4140
4140
4141
4144
4142
4145
4146
4143
4144
4145
4144
4143
4142
4141
4140
4140
4141
4142
4143
4143
4145
4145
4145
4143
4143
4145
4146
4147
4145
4146
4146
4147
4147
4148
4146
4148
4149
4147
4148
4150
4151
4151
4153
4156
4159
4161
4163
4167
4171
4175
4177
4178
4182
4183
4185
4184
4187
4189
4190
4192
4193
4193
4195
4197
4198
4199
4199
4197
4197
4198
4198
4199
4200
4199
4197
4197
4198
4198
4199
4198
4199
4198
4198
4197
4197
4198
4198
4198
4198
4198
4199
4199
4200
4201
4200
4199
4200
4200
4200
4201
4201
4201
4201
4201
4201
4202
4202
4203
4202
4204
4204
4205
4204
4204
4205
4205
4206
4206
4207
4206
4207
4208
4209
4209
4209
4210
4210
4211
4211
4212
4212
4214
4214
4215
4216
4216
4216
4218
4217
4216
4218
4221
4221
4223
4224
4225
4226
4228
4228
4229
4230
4231
4232
4233
4233
4235
4235
4236
4237
4238
4239
4238
4240
4241
4242
4242
4243
4243
4246
4246
4246
4246
4245
4246
4247
4249
4251
4251
4252
4253
4253
4253
4253
4252
4254
4255
4258
4259
4259
4260
4261
4261
4259
4260
4260
4260
4262
4261
4261
4262
4264
4263
4262
4263
4264
4264
4265
4266
4267
4267
4269
4271
4272
4273
4273
4274
4273
4273
4272
4272
4272
4272
4272
4271
4270
4271
4269
4270
4270
4271
4269
4272
4271
4266
4268
4268
4266
4266
4267
4267
4267
4267
4266
4266
4266
4267
4266
4267
4267
4268
4268
4267
4267
4267
4268
4266
4267
4268
4266
4267
4266
4266
4265
4265
4265
4265
4266
4266
4266
4266
4266
4266
4267
4265
4265
4265
4266
4265
4265
4265
4266
4266
4266
4267
4267
4267
4266
4266
4265
4265
4266
4267
4269
4269
4270
4269
4269
4269
4270
4271
4270
4270
4270
4271
4270
4272
4271
4270
4269
4269
4269
4269
4268
4268
4268
4267
4267
4266
4267
4267
4267
4267
4267
4266
4265
4265
4263
4263
4264
4263
4262
4262
4261
4261
4260
4260
4260
4259
4259
4257
4257
4257
4258
4258
4256
4256
4256
4256
4257
4257
4257
4257
4258
4258
4257
4257
4257
4257
4257
4256
4256
4256
4255
4256
4256
4256
4256
4255
4254
4255
4254
4254
4254
4254
4253
4252
4252
4253
4253
4252
4253
4252
4252
4251
4250
4251
4250
4249
4249
4248
4247
4247
4248
4248
4248
4247
4248
4247
4248
4248
4247
4247
4247
4249
4252
4253
4253
4252
4251
4250
4250
4250
4249
4251
4251
4250
4248
4247
4247
4249
4247
4246
4246
4246
4245
4245
4245
4246
4245
4244
4243
4244
4242
4242
4242
4243
4242
4242
4241
4241
4242
4243
4243
4241
4242
4242
4242
4241
4239
4238
4236
4237
4238
4239
4238
4238
4237
4237
4237
4236
4237
4237
4236
4236
4237
4236
4235
4236
4235
4235
4235
4234
4234
4234
4234
4235
4233
4233
4234
4233
4232
4232
4232
4232
4231
4231
4230
4230
4230
4230
4229
4230
4230
4231
4232
4231
4232
4232
4233
4233
4233
4233
4233
4232
4233
4232
4232
4232
4232
4232
4233
4233
4233
4232
4231
4231
4231
4231
4232
4231
4231
4231
4230
4229
4230
4230
4229
4230
4230
4230
4231
4231
4231
4229
4229
4228
4229
4228
4228
4227
4225
4225
4225
4224
4224
4223
4223
4223
4223
4223
4223
4223
4224
4223
4223
4223
4222
4222
4222
4223
4223
4223
4224
4224
4224
4224
4224
4224
4225
4226
4224
4225
4224
4223
4224
4225
4225
4226
4224
4223
4223
4224
4224
4225
4224
4224
4225
4225
4225
4226
4225
4226
4227
4227
4227
4227
4227
4227
4227
4225
4225
4225
4225
4225
4225
4225
4225
4225
4224
4225
4225
4226
4225
4225
4225
4224
4225
4224
4224
4224
4224
4223
4224
4224
4225
4225
4225
4225
4224
4224
4224
4224
4224
4225
4226
4224
4224
4224
4224
4225
4225
4225
4224
4223
4224
4224
4224
4225
4225
4224
4225
4223
4222
4219
4219
4220
4218
4217
4216
4215
4215
4215
4216
4216
4216
4216
4216
4216
4217
4217
4218
4218
4218
4218
4218
4220
4219
4218
4219
4218
4219
4218
4219
4219
4219
4219
4218
4218
4218
4217
4217
4217
4216
4216
4215
4214
4213
4213
4213
4213
4213
4213
4212
4212
4212
4213
4212
4211
4211
4211
4210
4210
4209
4209
4209
4208
4208
4208
4207
4207
4206
4207
4206
4204
4204
4206
4206
4205
4205
4204
4204
4205
4206
4206
4207
4208
4207
4207
4207
4208
4208
4207
4207
4207
4207
4208
4208
4208
4208
4207
4207
4208
4208
4208
4209
4211
4210
4211
4212
4212
4212
4212
4212
4212
4213
4215
4216
4215
4214
4215
4216
4215
4215
4215
4214
4214
4214
4214
4214
4213
4212
4212
4212
4211
4211
4211
4211
4211
4211
4211
4211
4211
4211
4212
4211
4211
4211
4211
4211
4211
4211
4212
4212
4212
4212
4212
4211
4212
4211
4212
4212
4211
4211
4213
4213
4211
4209
4207
4203
4200
4199
4197
4194
4192
4189
4188
4187
4186
4184
4184
4182
4181
4180
4181
4182
4183
4184
4184
4183
4185
4185
4187
4189
4190
4193
4195
4197
4200
4200
4203
4205
4207
4206
4208
4208
4209
4209
4209
4209
4209
4210
4209
4211
4209
4210
4209
4209
4209
4211
4211
4211
4212
4212
4212
4213
4212
4212
4213
4213
4213
4214
4213
4213
4214
4214
4215
4215
4216
4217
4217
4218
4217
4216
4214
4212
4211
4211
4211
4211
4215
4217
4222
4222
4221
4222
4223
4221
4220
4221
4220
4221
4220
4219
4218
4216
4215
4217
4218
4217
4216
4217
4216
4216
4216
4217
4216
4217
4217
4217
4219
4219
4219
4218
4218
4219
4217
4219
4218
4217
4216
4216
4217
4218
4218
4218
4220
4221
4220
4220
4220
4220
4220
4220
4219
4219
4219
4220
4220
4219
4218
4219
4217
4216
4215
4212
4211
4213
4212
4211
4210
4210
4211
4209
4210
4210
4211
4211
4212
4211
4213
4213
4214
4215
4215
4216
4216
4216
4217
4218
4217
4217
4218
4219
4221
4220
4219
4220
4220
4221
4221
4221
4222
4222
4222
4224
4222
4223
4224
4223
4222
4222
4220
4220
4220
4220
4220
4220
4219
4218
4218
4218
4219
4219
4218
4219
4217
4216
4217
4217
4216
4216
4215
4218
4217
4217
4216
4214
4213
4213
4210
4208
4207
4206
4208
4208
4209
4209
4209
4211
4236
4253
4250
4247
4248
4249
4249
4248
4249
4250
4251
4249
4248
4247
4247
4248
4251
4251
4252
4255
4255
4252
4251
4252
4256
4258
4258
4258
4258
4258
4259
4257
4258
4258
4260
4260
4256
4255
4252
4253
4251
4253
4254
4254
4252
4252
4250
4249
4247
4248
4245
4245
4244
4244
4238
4234
4227
4228
4218
4215
4213
4209
4208
4207
4205
4204
4203
4207
4208
4206
4206
4205
4203
4201
4199
4202
4203
4202
4203
4207
4208
4205
4207
4208
4208
4206
4207
4207
4205
4206
4208
4208
4209
4208
4207
4205
4204
4205
4204
4204
4210
4213
4213
4215
4216
4217
4216
4217
4217
4218
4217
4217
4217
4219
4223
4224
4225
4227
4233
4238
4239
4239
4240
4250
4253
4250
4252
4263
4254
4253
4262
4263
4249
4238
4241
4254
4245
4231
4224
4230
4226
4218
4218
4224
4217
4218
4223
4224
4229
4229
4224
4219
4221
4231
4231
4230
4231
4232
4234
4234
4232
4234
4236
4235
4229
4233
4229
4233
4230
4215
4207
4209
4207
4221
4220
4213
4211
4208
4212
4214
4215
4200
4193
4193
4187
4177
4180
4184
4190
4194
4196
4201
4198
4196
4193
4189
4190
4198
4201
4207
4206
4206
4207
4209
4211
4209
4209
4216
4219
4223
4222
4220
4217
4215
4212
4215
4210
4207
4207
4203
4200
4195
4195
4193
4196
4195
4191
4192
4189
4187
4189
4188
4185
4188
4187
4184
4184
4183
4179
4179
4175
4177
4174
4175
4178
4177
4175
4174
4172
4168
4168
4166
4167
4163
4163
4167
4167
4158
4157
4154
4159
4159
4156
4157
4157
4164
4174
4166
4157
4153
4151
4156
4158
4151
4141
4143
4142
4139
4136
4136
4137
4140
4143
4143
4142
4140
4142
4147
4144
4143
4142
4146
4145
4144
4144
4143
4144
4141
4147
4144
4144
4145
4153
4151
4150
4146
4144
4150
4149
4149
4150
4155
4150
4145
4147
4146
4147
4150
4152
4154
4158
4159
4161
4162
4161
4162
4162
4163
4162
4168
4164
4164
4158
4153
4157
4155
4154
4157
4156
4155
4153
4152
4155
4155
4151
4151
4152
4154
4157
4152
4150
4152
4151
4147
4147
4144
4144
4145
4145
4144
4144
4140
4146
4150
4137
4137
4146
4152
4155
4144
4147
4152
4146
4146
4144
4135
4136
4141
4139
4141
4147
4146
4148
4151
4154
4153
4153
4150
4148
4147
4147
4146
4147
4147
4148
4152
4152
4152
4154
4156
4155
4152
4156
4157
4158
4157
4158
4156
4156
4157
4155
4160
4161
4162
4159
4158
4162
4161
4161
4162
4164
4166
4165
4164
4164
4165
4167
4163
4164
4166
4163
4163
4163
4163
4162
4161
4162
4164
4164
4165
4161
4164
4167
4166
4166
4166
4163
4163
4166
4171
4166
4160
4159
4162
4164
4164
4162
4162
4164
4164
4166
4165
4165
4166
4169
4170
4173
4173
4170
4173
4172
4174
4175
4175
4177
4178
4179
4181
4182
4181
4184
4184
4186
4187
4188
4188
4188
4189
4190
4191
4193
4194
4195
4196
4198
4198
4199
4201
4203
4204
4206
4205
4205
4205
4205
4206
4206
4205
4207
4207
4206
4205
4205
4205
4206
4205
4204
4204
4205
4206
4204
4204
4203
4204
4204
4204
4203
4203
4204
4204
4205
4203
4203
4203
4204
4203
4203
4203
4205
4204
4205
4205
4206
4207
4207
4208
4208
4209
4211
4213
4213
4215
4215
4218
4218
4219
4219
4220
4220
4223
4220
4224
4224
4225
4224
4226
4226
4227
4228
4229
4230
4232
4234
4234
4235
4235
4236
4237
4238
4242
4243
4244
4243
4243
4247
4242
4242
4242
4243
4243
4243
4242
4243
4243
4243
4243
4243
4244
4244
4244
4245
4246
4246
4246
4246
4249
4250
4253
4252
4253
4253
4254
4254
4255
4255
4254
4253
4252
4253
4252
4252
4252
4251
4251
4250
4251
4251
4252
4252
4252
4251
4252
4252
4252
4251
4250
4248
4248
4248
4246
4245
4244
4242
4241
4241
4241
4241
4242
4242
4241
4241
4241
4242
4241
4241
4242
4242
4242
4241
4241
4241
4240
4240
4241
4242
4242
4243
4243
4245
4246
4246
4247
4248
4248
4247
4249
4251
4254
4254
4255
4256
4258
4260
4260
4261
4260
4260
4260
4261
4260
4259
4257
4257
4258
4258
4257
4256
4257
4259
4261
4261
4261
4262
4261
4263
4263
4264
4264
4264
4265
4265
4266
4266
4264
4265
4265
4266
4267
4267
4268
4269
4268
4268
4268
4267
4268
4268
4268
4267
4268
4267
4267
4268
4269
4268
4266
4265
4264
4264
4262
4262
4262
4261
4260
4259
4258
4260
4258
4259
4258
4256
4258
4257
4257
4257
4258
4256
4256
4255
4254
4253
4255
4254
4254
4253
4253
4254
4253
4254
4253
4253
4253
4253
4252
4253
4253
4252
4252
4251
4251
4251
4249
4248
4250
4249
4249
4249
4244
4244
4245
4244
4243
4241
4241
4242
4241
4241
4241
4241
4241
4241
4243
4242
4243
4244
4243
4242
4240
4240
4238
4239
4239
4239
4239
4239
4240
4238
4239
4240
4240
4240
4239
4240
4240
4241
4239
4239
4238
4237
4236
4235
4233
4230
4227
4226
4224
4224
4223
4223
4221
4221
4221
4221
4223
4222
4222
4221
4223
4223
4221
4221
4222
4221
4221
4219
4219
4217
4218
4217
4215
4215
4213
4211
4213
4213
4212
4215
4213
4213
4213
4211
4209
4209
4208
4207
4205
4205
4211
4206
4205
4205
4207
4207
4211
4212
4210
4211
4210
4213
4213
4215
4216
4215
4216
4217
4218
4220
4221
4220
4219
4220
4215
4213
4213
4216
4217
4219
4220
4220
4219
4218
4217
4218
4218
4218
4218
4218
4218
4218
4219
4219
4219
4219
4219
4220
4220
4220
4221
4221
4222
4222
4224
4224
4221
4221
4222
4224
4225
4224
4226
4226
4226
4225
4225
4225
4225
4225
4225
4224
4224
4226
4225
4225
4228
4228
4228
4228
4228
4228
4227
4227
4228
4229
4229
4229
4229
4228
4228
4227
4228
4229
4228
4227
4227
4228
4228
4228
4227
4227
4226
4226
4225
4225
4225
4224
4223
4224
4224
4223
4222
4222
4223
4224
4223
4225
4224
4223
4223
4224
4223
4223
4223
4223
4223
4223
4222
4222
4222
4222
4223
4223
4224
4226
4226
4225
4224
4224
4226
4225
4225
4226
4226
4226
4225
4224
4225
4225
4227
4226
4224
4223
4222
4224
4224
4226
4224
4223
4223
4223
4222
4222
4223
4223
4221
4221
4220
4220
4220
4220
4219
4220
4219
4220
4219
4219
4219
4219
4219
4220
4219
4219
4219
4219
4219
4219
4219
4219
4219
4219
4220
4219
4219
4220
4219
4219
4219
4218
4217
4217
4217
4216
4217
4217
4217
4216
4217
4217
4216
4217
4217
4217
4217
4216
4216
4216
4215
4216
4215
4214
4215
4216
4216
4216
4215
4215
4215
4214
4214
4214
4214
4214
4214
4214
4214
4215
4215
4215
4215
4215
4215
4215
4216
4215
4216
4214
4215
4215
4215
4215
4215
4216
4216
4215
4215
4215
4216
4216
4216
4216
4217
4217
4216
4215
4216
4217
4217
4216
4216
4216
4216
4216
4216
4216
4216
4216
4216
4216
4216
4217
4217
4216
4216
4216
4216
4216
4216
4216
4216
4216
4217
4217
4218
4217
4218
4218
4220
4220
4221
4222
4222
4223
4224
4224
4225
4226
4226
4224
4224
4223
4223
4223
4222
4221
4220
4218
4219
4218
4219
4218
4219
4220
4219
4219
4219
4218
4219
4218
4218
4217
4217
4216
4216
4216
4216
4216
4215
4214
4214
4214
4214
4214
4215
4215
4215
4215
4215
4215
4215
4214
4214
4214
4214
4214
4214
4214
4214
4214
4213
4213
4213
4213
4213
4214
4214
4214
4214
4214
4215
4214
4215
4215
4214
4215
4215
4215
4215
4215
4215
4215
4215
4215
4215
4215
4215
4215
4215
4215
4215
4216
4216
4216
4216
4217
4217
4216
4216
4216
4217
4216
4218
4217
4217
4216
4218
4219
4218
4220
4220
4220
4221
4221
4221
4221
4221
4221
4221
4221
4220
4219
4219
4219
4219
4218
4219
4219
4219
4219
4219
4219
4219
4219
4219
4220
4220
4219
4219
4218
4217
4217
4218
4217
4218
4218
4217
4217
4217
4217
4217
4218
4217
4217
4217
4217
4217
4218
4219
4220
4219
4220
4219
4219
4219
4218
4218
4218
4218
4219
4219
4217
4217
4217
4217
4219
4218
4218
4218
4218
4217
4218
4217
4218
4218
4218
4218
4218
4219
4218
4218
4218
4217
4218
4218
4218
4217
4217
4218
4218
4218
4218
4218
4218
4218
4218
4218
4218
4218
4219
4219
4219
4218
4218
4217
4218
4219
4219
4219
4218
4218
4217
4217
4217
4218
4218
4218
4219
4218
4218
4217
4219
4218
4218
4219
4219
4219
4218
4219
4219
4220
4220
4221
4221
4221
4221
4220
4220
4221
4222
4221
4221
4221
4221
4221
4220
4220
4219
4219
4218
4217
4216
4216
4216
4215
4215
4215
4215
4215
4215
4215
4215
4215
4216
4217
4216
4216
4216
4216
4216
4216
4216
4217
4217
4216
4216
4215
4216
4215
4215
4215
4215
4214
4214
4214
4213
4214
4214
4214
4215
4215
4215
4215
4215
4215
4215
4215
4215
4216
4216
4216
4216
4216
4216
4216
4216
4216
4217
4216
4217
4217
4217
4217
4217
4216
4216
4216
4217
4219
4219
4219
4219
4219
4219
4219
4218
4218
4218
4218
4218
4218
4218
4217
4217
4217
4217
4217
4217
4217
4217
4217
4216
4216
4216
4215
4215
4215
4216
4216
4216
4216
4216
4216
4215
4214
4215
4214
4214
4214
4214
4214
4213
4213
4214
4214
4214
4213
4214
4214
4214
4213
4213
4211
4211
4211
4210
4210
4210
4209
4209
4209
4209
4208
4208
4208
4207
4207
4206
4206
4206
4207
4205
4205
4204
4204
4203
4203
4202
4201
4199
4199
4199
4200
4199
4200
4201
4202
4201
4201
4201
4200
4199
4199
4200
4199
4199
4199
4197
4196
4195
4195
4195
4196
4194
4194
4193
4195
4195
4194
4192
4191
4190
4190
4191
4190
4189
4189
4186
4187
4187
4187
4188
4188
4186
4186
4185
4185
4186
4185
4183
4182
4181
4180
4179
4181
4182
4184
4186
4192
4193
4188
4189
4191
4196
4197
4196
4196
4197
4196
4195
4194
4190
4187
4184
4184
4183
4182
4181
4180
4181
4184
4184
4186
4190
4191
4190
4189
4189
4190
4189
4186
4183
4177
4178
4176
4176
4179
4181
4182
4184
4184
4185
4186
4188
4190
4190
4192
4192
4192
4193
4196
4199
4200
4201
4202
4201
4201
4201
4202
4198
4186
4182
4187
4187
4191
4175
4179
4187
4185
4179
4175
4171
4166
4161
4153
4153
4154
4158
4159
4157
4154
4157
4158
4159
4155
4155
4159
4162
4162
4161
4159
4159
4157
4156
4154
4151
4153
4157
4159
4157
4156
4158
4166
4168
4171
4178
4178
4173
4174
4175
4181
4177
4179
4183
4183
4181
4179
4177
4180
4171
4168
4164
4158
4156
4156
4155
4160
4161
4159
4164
4160
4160
4164
4165
4165
4168
4166
4167
4168
4168
4176
4176
4183
4182
4168
4173
4175
4177
4171
4170
4174
4171
4169
4168
4169
4170
4168
4164
4165
4165
4167
4167
4171
