4345
4348
4349
4350
4351
4352
4356
4358
4357
4360
4361
4357
4354
4356
4351
4351
4348
4346
4342
4343
4339
4341
4342
4346
4343
4347
4348
4346
4347
4348
4350
4348
4346
4345
4343
4341
4343
4344
4345
4347
4349
4349
4351
4348
4349
4350
4352
4352
4351
4349
4353
4352
4354
4354
4353
4353
4353
4353
4354
4356
4357
4359
4362
4364
4367
4372
4374
4383
4386
4394
4398
4399
4402
4405
4409
4410
4410
4414
4414
4416
4418
4419
4420
4424
4423
4424
4423
4421
4419
4420
4420
4422
4420
4421
4420
4419
4418
4419
4418
4419
4419
4416
4415
4414
4413
4412
4412
4412
4412
4411
4412
4412
4411
4412
4411
4410
4410
4410
4410
4410
4410
4409
4409
4409
4408
4409
4409
4410
4409
4409
4409
4409
4409
4408
4409
4409
4409
4409
4408
4409
4408
4409
4409
4411
4411
4411
4412
4411
4412
4414
4415
4416
4416
4416
4418
4417
4417
4420
4419
4417
4418
4419
4422
4423
4425
4426
4425
4428
4428
4428
4430
4429
4430
4431
4431
4431
4433
4433
4435
4437
4437
4435
4435
4436
4438
4438
4439
4438
4441
4440
4440
4438
4439
4436
4439
4442
4443
4445
4445
4446
4446
4445
4444
4441
4442
4444
4447
4449
4448
4449
4450
4450
4446
4445
4447
4446
4448
4449
4448
4447
4450
4452
4452
4452
4454
4454
4456
4455
4457
4458
4461
4462
4466
4469
4471
4472
4475
4474
4474
4474
4475
4475
4475
4473
4471
4471
4469
4472
4471
4474
4472
4475
4476
4470
4470
4471
4471
4472
4472
4471
4471
4471
4470
4470
4470
4469
4470
4471
4472
4472
4472
4472
4472
4472
4471
4469
4470
4469
4470
4469
4471
4469
4467
4468
4468
4469
4469
4469
4469
4469
4469
4469
4468
4469
4468
4467
4467
4468
4467
4467
4468
4468
4467
4470
4469
4471
4470
4471
4470
4470
4469
4471
4472
4470
4471
4471
4472
4471
4471
4472
4473
4472
4471
4472
4470
4472
4472
4470
4471
4470
4469
4468
4468
4466
4466
4465
4466
4464
4464
4464
4464
4465
4466
4465
4464
4464
4462
4460
4460
4458
4458
4456
4457
4457
4457
4457
4456
4453
4453
4451
4451
4452
4452
4454
4451
4450
4451
4452
4453
4454
4454
4454
4455
4456
4455
4455
4455
4455
4455
4454
4454
4453
4454
4455
4454
4454
4453
4452
4452
4452
4450
4451
4449
4449
4447
4447
4447
4448
4447
4448
4447
4447
4446
4445
4444
4444
4444
4443
4442
4440
4440
4439
4441
4443
4442
4444
4444
4442
4444
4443
4444
4443
4444
4445
4447
4453
4453
4453
4449
4447
4445
4446
4447
4447
4447
4445
4443
4442
4441
4442
4443
4440
4440
4439
4438
4439
4441
4440
4440
4439
4439
4438
4435
4435
4435
4435
4435
4434
4434
4433
4435
4434
4434
4433
4432
4433
4432
4430
4430
4430
4429
4428
4428
4430
4429
4428
4428
4427
4426
4425
4425
4427
4424
4426
4425
4424
4424
4423
4422
4423
4424
4422
4423
4423
4422
4422
4422
4422
4422
4421
4420
4418
4418
4418
4418
4417
4417
4417
4417
4416
4416
4415
4415
4416
4417
4416
4417
4416
4417
4418
4419
4418
4417
4416
4417
4417
4417
4416
4415
4415
4417
4417
4418
4416
4414
4413
4412
4414
4415
4416
4417
4417
4416
4414
4415
4415
4414
4415
4415
4416
4416
4416
4418
4417
4416
4414
4414
4414
4414
4412
4412
4411
4409
4409
4409
4409
4407
4407
4406
4407
4406
4407
4407
4407
4406
4406
4406
4406
4405
4407
4407
4408
4408
4408
4408
4408
4408
4409
4408
4409
4409
4410
4409
4408
4408
4408
4409
4409
4410
4409
4408
4408
4409
4410
4410
4410
4410
4410
4410
4411
4410
4412
4412
4412
4412
4413
4414
4413
4411
4411
4410
4409
4409
4409
4411
4412
4411
4412
4412
4411
4412
4412
4411
4411
4410
4410
4410
4410
4410
4410
4410
4410
4411
4411
4412
4412
4412
4412
4412
4412
4411
4411
4411
4411
4413
4412
4411
4410
4410
4411
4411
4412
4412
4412
4411
4411
4411
4412
4413
4413
4411
4411
4409
4406
4402
4402
4399
4396
4396
4394
4394
4393
4394
4394
4395
4396
4396
4397
4397
4398
4399
4401
4401
4401
4403
4402
4401
4401
4401
4401
4403
4401
4401
4400
4400
4400
4399
4399
4400
4400
4400
4399
4399
4399
4397
4397
4396
4396
4396
4395
4395
4396
4395
4395
4395
4394
4395
4394
4394
4391
4392
4391
4390
4387
4386
4385
4384
4385
4384
4384
4382
4381
4381
4380
4379
4380
4381
4380
4380
4380
4378
4378
4381
4381
4383
4384
4385
4382
4384
4384
4384
4385
4384
4384
4384
4386
4386
4385
4385
4386
4385
4385
4385
4385
4387
4390
4392
4393
4393
4393
4392
4392
4393
4393
4393
4395
4398
4397
4395
4396
4397
4397
4398
4397
4396
4397
4396
4395
4395
4395
4394
4393
4393
4393
4394
4394
4393
4392
4393
4393
4393
4393
4393
4394
4394
4394
4394
4394
4394
4395
4395
4395
4396
4396
4396
4397
4396
4396
4396
4397
4396
4396
4393
4396
4396
4393
4392
4386
4379
4374
4371
4368
4362
4358
4352
4349
4347
4345
4343
4343
4341
4341
4339
4340
4341
4344
4347
4349
4351
4355
4356
4359
4361
4365
4368
4371
4376
4380
4382
4385
4387
4390
4392
4392
4395
4397
4397
4397
4397
4398
4398
4398
4398
4397
4397
4397
4397
4397
4397
4397
4398
4400
4400
4400
4400
4400
4400
4401
4400
4401
4400
4400
4402
4401
4402
4402
4404
4405
4407
4408
4409
4407
4404
4401
4398
4396
4396
4397
4399
4400
4406
4411
4412
4414
4414
4414
4415
4416
4414
4414
4414
4414
4412
4411
4409
4407
4406
4408
4407
4406
4407
4407
4406
4406
4407
4408
4407
4409
4410
4410
4410
4411
4409
4407
4408
4407
4407
4408
4406
4405
4404
4405
4407
4406
4405
4407
4409
4409
4407
4406
4407
4407
4405
4405
4404
4403
4404
4405
4403
4405
4404
4402
4400
4399
4396
4393
4393
4395
4392
4391
4389
4389
4389
4389
4391
4393
4393
4393
4392
4391
4392
4396
4397
4398
4398
4399
4398
4399
4399
4399
4400
4400
4401
4402
4404
4405
4404
4405
4405
4405
4407
4409
4407
4408
4409
4410
4409
4409
4410
4408
4407
4404
4402
4402
4404
4404
4405
4403
4401
4401
4401
4402
4403
4401
4401
4401
4399
4397
4399
4397
4396
4398
4400
4401
4399
4398
4396
4393
4393
4391
4387
4382
4383
4386
4387
4386
4387
4387
4388
4389
4461
4464
4451
4446
4451
4446
4446
4448
4452
4452
4454
4448
4446
4445
4445
4445
4447
4448
4450
4455
4454
4449
4456
4464
4471
4470
4474
4472
4471
4472
4468
4468
4467
4468
4469
4466
4461
4455
4458
4459
4460
4465
4468
4463
4464
4462
4459
4455
4455
4450
4445
4440
4438
4437
4426
4426
4420
4410
4398
4397
4390
4388
4387
4383
4379
4377
4381
4389
4385
4381
4382
4374
4372
4371
4370
4373
4370
4369
4377
4383
4377
4380
4380
4379
4379
4377
4381
4376
4375
4382
4380
4378
4382
4384
4380
4378
4378
4377
4372
4381
4389
4387
4388
4389
4389
4389
4385
4384
4382
4384
4382
4381
4380
4388
4392
4392
4396
4400
4408
4410
4410
4411
4424
4443
4440
4440
4456
4462
4447
4463
4485
4465
4449
4435
4471
4461
4432
4414
4420
4423
4409
4396
4401
4402
4389
4394
4402
4400
4409
4399
4386
4392
4406
4407
4403
4406
4411
4412
4412
4408
4409
4410
4418
4402
4411
4406
4411
4411
4402
4374
4374
4372
4389
4404
4388
4384
4387
4392
4375
4376
4372
4358
4349
4347
4339
4338
4342
4349
4357
4359
4368
4365
4368
4355
4354
4348
4360
4366
4377
4370
4368
4375
4374
4380
4376
4371
4379
4389
4391
4391
4391
4379
4385
4376
4379
4377
4371
4372
4364
4364
4360
4354
4354
4360
4357
4356
4352
4353
4351
4354
4352
4350
4354
4359
4353
4353
4355
4349
4348
4340
4342
4345
4345
4349
4348
4348
4343
4343
4339
4333
4333
4330
4327
4324
4329
4334
4328
4333
4325
4333
4333
4330
4332
4325
4330
4354
4351
4333
4328
4323
4332
4337
4329
4315
4315
4317
4315
4309
4310
4313
4315
4320
4324
4324
4321
4323
4329
4329
4322
4322
4327
4329
4328
4324
4325
4324
4323
4331
4332
4322
4327
4340
4341
4337
4333
4329
4331
4335
4330
4338
4340
4349
4332
4341
4334
4336
4343
4341
4352
4346
4354
4360
4360
4360
4360
4362
4363
4361
4370
4371
4369
4359
4358
4354
4360
4359
4358
4360
4357
4355
4353
4357
4358
4354
4351
4352
4353
4364
4356
4349
4352
4350
4347
4343
4339
4339
4344
4343
4341
4341
4336
4346
4355
4338
4331
4338
4352
4364
4341
4339
4350
4346
4345
4343
4335
4331
4341
4337
4340
4347
4348
4351
4353
4361
4359
4359
4357
4353
4352
4350
4351
4349
4350
4353
4355
4358
4360
4358
4362
4364
4357
4361
4367
4365
4365
4359
4361
4360
4360
4354
4359
4367
4368
4365
4358
4369
4364
4365
4364
4369
4371
4373
4369
4366
4367
4367
4367
4368
4369
4364
4363
4362
4362
4361
4358
4359
4364
4362
4366
4362
4360
4367
4367
4371
4367
4363
4358
4362
4376
4367
4356
4349
4354
4359
4359
4358
4356
4357
4359
4360
4360
4361
4363
4366
4367
4371
4375
4368
4370
4371
4373
4375
4371
4375
4376
4377
4377
4379
4381
4385
4383
4385
4388
4387
4386
4387
4387
4389
4389
4391
4393
4393
4396
4396
4397
4399
4399
4402
4404
4405
4404
4405
4404
4404
4404
4404
4403
4403
4406
4403
4400
4400
4401
4402
4401
4400
4398
4399
4400
4400
4398
4396
4396
4396
4396
4396
4395
4395
4396
4395
4394
4393
4392
4391
4392
4393
4389
4388
4389
4388
4390
4390
4391
4391
4392
4392
4392
4393
4397
4397
4400
4399
4402
4404
4407
4407
4407
4408
4411
4411
4412
4413
4414
4412
4415
4416
4417
4417
4419
4420
4422
4425
4427
4430
4427
4428
4429
4429
4431
4435
4438
4438
4435
4440
4440
4436
4438
4440
4440
4440
4437
4438
4439
4437
4437
4437
4437
4439
4439
4438
4441
4441
4441
4440
4442
4442
4445
4445
4444
4444
4444
4445
4446
4445
4445
4444
4441
4441
4441
4442
4441
4440
4440
4439
4439
4441
4441
4442
4443
4441
4442
4442
4443
4441
4440
4439
4437
4437
4437
4439
4439
4437
4436
4438
4437
4439
4439
4440
4440
4440
4441
4441
4442
4442
4443
4443
4444
4444
4444
4444
4445
4445
4443
4444
4445
4447
4448
4449
4450
4451
4452
4453
4453
4451
4454
4457
4460
4462
4463
4463
4468
4469
4473
4471
4472
4472
4470
4470
4470
4468
4466
4467
4466
4466
4469
4468
4467
4468
4471
4472
4473
4474
4474
4475
4476
4476
4477
4478
4478
4480
4481
4481
4478
4480
4480
4478
4478
4476
4476
4478
4478
4477
4478
4477
4478
4479
4478
4479
4478
4478
4477
4477
4478
4478
4477
4475
4473
4473
4472
4469
4470
4470
4468
4467
4465
4465
4464
4464
4463
4461
4460
4460
4461
4462
4460
4461
4461
4460
4460
4458
4458
4458
4456
4455
4452
4454
4451
4453
4454
4454
4457
4456
4453
4452
4451
4449
4447
4447
4448
4448
4450
4449
4447
4445
4446
4441
4435
4435
4434
4434
4434
4432
4431
4432
4433
4435
4434
4436
4438
4439
4441
4440
4442
4443
4444
4444
4442
4441
4439
4437
4438
4440
4439
4439
4439
4438
4438
4438
4438
4438
4438
4438
4440
4439
4436
4435
4432
4431
4431
4428
4422
4417
4415
4411
4404
4401
4397
4396
4393
4393
4395
4398
4400
4404
4404
4406
4408
4412
4411
4411
4412
4413
4414
4411
4411
4410
4411
4410
4407
4405
4404
4404
4403
4404
4404
4405
4405
4404
4405
4404
4401
4401
4398
4397
4395
4393
4402
4401
4393
4392
4394
4393
4396
4398
4397
4395
4395
4397
4399
4398
4400
4398
4399
4400
4401
4406
4406
4406
4405
4406
4401
4397
4393
4395
4399
4402
4405
4405
4403
4402
4401
4400
4400
4400
4401
4401
4401
4400
4401
4402
4401
4401
4401
4402
4403
4402
4403
4404
4404
4406
4407
4410
4405
4404
4402
4404
4407
4408
4410
4410
4410
4409
4409
4409
4409
4408
4408
4406
4405
4408
4409
4409
4410
4412
4414
4413
4412
4412
4414
4413
4414
4414
4416
4415
4416
4414
4413
4412
4413
4413
4414
4413
4412
4414
4415
4414
4415
4414
4413
4412
4411
4411
4410
4408
4407
4407
4407
4408
4407
4407
4408
4408
4409
4408
4410
4408
4409
4410
4409
4409
4409
4409
4409
4410
4410
4408
4406
4406
4408
4409
4411
4412
4412
4411
4410
4411
4411
4412
4412
4413
4415
4415
4414
4412
4412
4413
4414
4414
4411
4410
4410
4412
4414
4416
4414
4413
4412
4412
4410
4412
4411
4411
4409
4410
4407
4408
4407
4408
4407
4406
4407
4407
4406
4407
4406
4405
4405
4405
4405
4404
4403
4404
4405
4405
4405
4404
4405
4405
4405
4405
4406
4406
4406
4404
4404
4404
4404
4403
4402
4402
4402
4403
4402
4402
4400
4401
4402
4402
4403
4403
4402
4402
4402
4401
4399
4399
4399
4399
4400
4400
4400
4400
4400
4400
4399
4399
4398
4396
4395
4396
4395
4396
4396
4396
4395
4396
4395
4395
4395
4395
4395
4395
4395
4395
4395
4395
4395
4395
4395
4395
4395
4396
4395
4396
4396
4397
4397
4397
4397
4398
4398
4398
4397
4397
4397
4397
4397
4397
4397
4397
4397
4398
4397
4397
4397
4397
4398
4398
4399
4399
4399
4398
4398
4398
4398
4398
4398
4398
4399
4400
4400
4402
4401
4402
4404
4403
4404
4406
4406
4408
4409
4410
4411
4410
4410
4410
4409
4407
4407
4407
4406
4405
4405
4405
4404
4404
4404
4404
4405
4405
4405
4405
4405
4404
4404
4404
4404
4403
4402
4401
4401
4401
4401
4401
4399
4399
4399
4398
4397
4399
4399
4399
4398
4399
4399
4399
4398
4398
4397
4397
4397
4397
4397
4397
4397
4397
4397
4397
4397
4397
4397
4397
4397
4398
4398
4398
4398
4398
4399
4399
4399
4399
4399
4400
4400
4399
4399
4399
4399
4399
4399
4399
4399
4399
4399
4399
4399
4399
4399
4399
4399
4400
4401
4400
4400
4400
4400
4402
4402
4402
4403
4403
4406
4407
4408
4411
4411
4412
4413
4414
4413
4412
4411
4411
4411
4409
4408
4407
4408
4406
4406
4406
4408
4407
4407
4406
4407
4407
4406
4406
4406
4407
4406
4405
4405
4405
4403
4404
4403
4403
4404
4405
4404
4402
4403
4403
4404
4404
4404
4404
4404
4404
4404
4405
4406
4407
4407
4406
4405
4407
4405
4405
4405
4405
4406
4406
4408
4405
4403
4402
4402
4403
4404
4403
4403
4403
4403
4402
4402
4402
4402
4403
4403
4403
4403
4402
4403
4403
4403
4403
4402
4403
4402
4402
4403
4403
4403
4403
4403
4403
4403
4402
4402
4402
4402
4403
4404
4403
4403
4404
4402
4403
4402
4403
4404
4404
4402
4402
4401
4402
4401
4401
4402
4403
4402
4402
4401
4401
4402
4403
4403
4403
4403
4402
4402
4403
4404
4403
4404
4403
4404
4403
4402
4401
4403
4404
4405
4406
4406
4406
4405
4405
4405
4405
4404
4403
4401
4400
4399
4400
4398
4397
4396
4397
4397
4397
4398
4398
4398
4398
4400
4400
4399
4401
4400
4399
4401
4400
4400
4400
4400
4400
4399
4398
4398
4398
4398
4398
4396
4396
4396
4396
4396
4396
4396
4396
4396
4397
4396
4397
4397
4396
4396
4398
4397
4397
4398
4398
4398
4398
4398
4398
4398
4398
4399
4399
4401
4401
4400
4398
4399
4399
4399
4399
4400
4401
4400
4399
4399
4399
4397
4398
4400
4400
4400
4399
4399
4399
4397
4396
4396
4397
4397
4398
4397
4398
4397
4395
4395
4395
4393
4393
4394
4395
4397
4396
4397
4396
4396
4394
4394
4395
4393
4392
4393
4393
4393
4392
4392
4393
4394
4393
4393
4393
4393
4393
4394
4392
4392
4391
4391
4391
4389
4389
4389
4387
4389
4389
4388
4388
4389
4387
4387
4388
4387
4387
4388
4387
4385
4384
4384
4382
4384
4383
4382
4379
4378
4378
4378
4379
4380
4383
4384
4385
4383
4384
4383
4383
4383
4383
4384
4383
4383
4382
4380
4379
4379
4380
4380
4379
4378
4379
4380
4381
4380
4377
4375
4376
4375
4375
4376
4375
4373
4372
4371
4372
4373
4373
4375
4372
4372
4374
4372
4372
4374
4371
4370
4368
4369
4367
4369
4370
4373
4378
4381
4385
4380
4380
4382
4389
4393
4393
4391
4392
4392
4390
4389
4386
4383
4380
4376
4374
4374
4374
4372
4374
4375
4379
4381
4387
4388
4386
4386
4385
4381
4388
4384
4379
4372
4368
4370
4366
4373
4373
4378
4380
4379
4380
4381
4384
4384
4386
4385
4385
4387
4389
4391
4396
4399
4398
4401
4402
4401
4403
4406
4401
4385
4376
4379
4382
4395
4368
4366
4376
4386
4375
4372
4360
4362
4350
4340
4333
4339
4344
4348
4346
4342
4345
4347
4350
4348
4347
4352
4357
4362
4359
4360
4359
4359
4354
4355
4350
4353
4351
4355
4353
4353
4357
4364
4366
4376
4381
4386
4377
4377
4378
4383
4381
4380
4385
4387
4385
4382
4378
4378
4373
4366
4359
4351
4343
4344
4342
4344
4351
4350
4352
4352
4348
4352
4354
4352
4360
4355
4356
4356
4361
4359
4370
4378
4383
4355
4360
4364
4372
4364
4358
4362
4361
4358
4357
4354
4354
4357
4349
4345
4346
4357
4356
4356
4351
