26632
26633
26634
26633
26635
26634
26635
26637
26637
26638
26637
26637
26634
26635
26633
26631
26629
26626
26624
26624
26623
26620
26619
26619
26621
26618
26620
26620
26616
26618
26619
26618
26615
26613
26613
26611
26610
26610
26608
26609
26609
26609
26608
26607
26606
26607
26607
26606
26607
26605
26605
26604
26604
26604
26604
26602
26602
26604
26603
26603
26605
26606
26607
26608
26613
26615
26619
26622
26628
26631
26637
26637
26637
26641
26643
26644
26645
26647
26649
26649
26649
26650
26650
26654
26658
26659
26659
26657
26654
26654
26653
26652
26650
26651
26648
26647
26644
26646
26647
26649
26650
26653
26652
26653
26653
26651
26651
26652
26653
26654
26653
26653
26653
26653
26655
26654
26652
26651
26653
26654
26654
26654
26653
26654
26655
26654
26656
26656
26658
26657
26659
26658
26657
26658
26658
26659
26660
26662
26662
26662
26662
26663
26664
26665
26665
26665
26665
26665
26665
26664
26665
26665
26667
26666
26666
26666
26666
26667
26671
26669
26668
26669
26672
26673
26675
26675
26675
26674
26674
26674
26673
26674
26671
26672
26671
26670
26672
26670
26670
26671
26672
26670
26668
26668
26670
26670
26670
26671
26672
26674
26672
26670
26666
26665
26664
26668
26668
26672
26673
26674
26673
26672
26670
26666
26663
26664
26668
26671
26670
26670
26671
26670
26672
26667
26670
26672
26669
26669
26669
26668
26668
26669
26667
26660
26660
26661
26659
26656
26657
26656
26655
26654
26654
26657
26654
26653
26654
26651
26647
26646
26646
26644
26642
26641
26641
26637
26639
26637
26639
26637
26643
26638
26645
26644
26634
26633
26636
26638
26638
26637
26637
26638
26637
26637
26640
26639
26640
26642
26643
26645
26647
26646
26644
26644
26647
26647
26646
26646
26647
26647
26647
26649
26649
26647
26646
26648
26648
26650
26651
26651
26652
26652
26652
26652
26652
26652
26652
26651
26652
26653
26655
26654
26654
26655
26656
26656
26656
26656
26655
26654
26652
26654
26655
26655
26655
26656
26654
26654
26653
26654
26655
26655
26653
26653
26652
26653
26654
26655
26653
26652
26652
26652
26651
26650
26649
26650
26651
26653
26650
26650
26650
26651
26651
26652
26653
26654
26654
26648
26648
26649
26650
26650
26649
26648
26647
26646
26649
26647
26644
26644
26643
26643
26642
26644
26645
26644
26641
26641
26638
26640
26639
26639
26638
26641
26639
26637
26638
26637
26636
26635
26636
26636
26637
26636
26638
26637
26636
26636
26635
26637
26638
26638
26639
26639
26639
26638
26639
26640
26640
26640
26642
26641
26641
26640
26640
26640
26641
26643
26641
26642
26640
26639
26641
26644
26644
26641
26642
26642
26640
26641
26640
26640
26640
26641
26643
26646
26650
26651
26651
26647
26645
26643
26642
26642
26645
26645
26644
26641
26636
26638
26639
26639
26635
26635
26634
26636
26638
26640
26641
26643
26644
26641
26638
26638
26640
26642
26647
26647
26649
26647
26648
26648
26652
26652
26649
26649
26648
26647
26644
26643
26640
26639
26638
26638
26639
26638
26637
26634
26632
26631
26629
26628
26627
26626
26625
26624
26621
26620
26619
26616
26618
26617
26617
26618
26619
26620
26618
26617
26618
26619
26618
26618
26618
26618
26618
26616
26615
26615
26615
26615
26616
26613
26612
26611
26616
26617
26618
26617
26617
26618
26619
26620
26618
26617
26616
26618
26620
26619
26617
26618
26616
26618
26620
26621
26622
26621
26620
26617
26617
26617
26619
26620
26620
26620
26620
26620
26620
26622
26623
26624
26625
26626
26627
26629
26628
26626
26625
26627
26627
26628
26628
26629
26627
26628
26628
26628
26629
26629
26629
26629
26629
26627
26627
26628
26627
26626
26626
26625
26625
26625
26625
26626
26628
26628
26625
26625
26622
26621
26619
26619
26618
26618
26617
26618
26618
26617
26617
26618
26619
26621
26622
26621
26621
26621
26622
26621
26623
26623
26622
26623
26622
26623
26623
26622
26623
26623
26622
26622
26621
26622
26620
26619
26617
26618
26618
26619
26620
26619
26619
26620
26618
26619
26617
26618
26618
26618
26620
26621
26621
26620
26622
26622
26623
26621
26622
26625
26624
26626
26625
26624
26626
26628
26627
26628
26629
26629
26630
26630
26629
26631
26632
26632
26632
26632
26632
26630
26630
26632
26633
26633
26634
26635
26635
26636
26634
26635
26637
26636
26638
26637
26638
26637
26638
26637
26640
26640
26640
26640
26640
26640
26639
26640
26637
26637
26637
26638
26638
26639
26638
26639
26639
26639
26639
26639
26640
26640
26639
26639
26639
26639
26640
26639
26639
26639
26638
26638
26637
26636
26636
26636
26635
26634
26634
26633
26632
26631
26630
26629
26629
26627
26627
26629
26628
26625
26624
26623
26624
26623
26623
26623
26622
26621
26621
26621
26621
26621
26622
26623
26624
26623
26625
26626
26626
26625
26626
26625
26627
26629
26627
26627
26626
26626
26625
26624
26622
26624
26625
26625
26625
26626
26626
26626
26627
26628
26630
26631
26633
26632
26633
26634
26635
26635
26636
26636
26637
26637
26638
26638
26635
26635
26638
26639
26640
26641
26640
26641
26639
26638
26636
26637
26636
26636
26636
26636
26635
26634
26632
26630
26630
26631
26630
26628
26628
26631
26633
26634
26634
26633
26633
26634
26634
26634
26634
26634
26635
26636
26636
26636
26636
26636
26635
26636
26636
26635
26635
26635
26635
26633
26634
26634
26633
26633
26632
26633
26632
26631
26632
26631
26633
26634
26633
26631
26630
26629
26629
26630
26631
26631
26632
26633
26634
26635
26636
26635
26637
26638
26639
26642
26642
26640
26642
26642
26640
26640
26641
26642
26642
26641
26640
26640
26639
26638
26638
26638
26637
26636
26636
26636
26636
26636
26637
26639
26636
26635
26636
26637
26635
26636
26634
26633
26633
26632
26632
26633
26633
26632
26632
26633
26634
26633
26633
26632
26632
26634
26636
26636
26635
26636
26635
26636
26639
26641
26640
26641
26640
26639
26639
26639
26639
26639
26639
26640
26641
26641
26642
26643
26645
26644
26646
26646
26645
26645
26645
26645
26645
26646
26648
26649
26650
26651
26652
26652
26652
26652
26651
26653
26652
26652
26651
26652
26654
26656
26654
26653
26652
26653
26657
26658
26657
26657
26657
26656
26653
26652
26650
26647
26647
26645
26644
26645
26644
26644
26642
26642
26641
26640
26639
26639
26637
26638
26640
26640
26640
26640
26639
26638
26637
26638
26638
26640
26641
26642
26642
26642
26643
26643
26645
26645
26642
26644
26643
26641
26641
26640
26640
26640
26641
26641
26641
26642
26642
26641
26642
26644
26643
26643
26642
26642
26638
26636
26637
26639
26639
26640
26641
26640
26642
26642
26642
26641
26639
26637
26637
26637
26637
26637
26638
26639
26639
26641
26642
26643
26642
26641
26638
26640
26640
26638
26637
26635
26631
26630
26632
26633
26633
26632
26633
26635
26636
26646
26724
26737
26714
26708
26706
26707
26704
26703
26711
26713
26711
26707
26703
26696
26695
26692
26698
26698
26692
26690
26679
26674
26680
26680
26686
26684
26680
26676
26676
26676
26672
26667
26661
26661
26660
26655
26648
26641
26636
26636
26634
26639
26641
26644
26642
26642
26640
26639
26643
26644
26640
26637
26632
26630
26632
26634
26632
26643
26638
26634
26629
26626
26626
26625
26626
26625
26626
26634
26629
26627
26625
26621
26617
26618
26618
26619
26614
26609
26613
26616
26615
26614
26617
26618
26617
26617
26617
26614
26609
26611
26610
26610
26610
26608
26606
26605
26599
26596
26591
26596
26602
26609
26607
26608
26608
26604
26600
26601
26597
26597
26596
26595
26593
26595
26599
26601
26600
26602
26606
26610
26614
26616
26623
26633
26633
26631
26639
26646
26645
26647
26652
26659
26656
26655
26663
26666
26652
26641
26638
26639
26633
26627
26625
26624
26620
26617
26622
26621
26619
26620
26617
26615
26618
26619
26618
26617
26618
26614
26612
26614
26613
26615
26616
26616
26619
26623
26630
26640
26635
26614
26603
26611
26614
26618
26614
26611
26613
26612
26612
26613
26620
26606
26603
26611
26613
26607
26609
26610
26609
26611
26611
26610
26609
26612
26611
26611
26613
26615
26616
26622
26620
26621
26623
26623
26621
26617
26618
26622
26622
26620
26619
26616
26616
26615
26615
26615
26613
26612
26613
26611
26611
26609
26610
26607
26611
26613
26611
26612
26612
26612
26615
26615
26615
26617
26619
26617
26619
26620
26616
26616
26615
26620
26617
26616
26616
26616
26616
26616
26616
26612
26615
26613
26615
26612
26612
26618
26618
26618
26616
26612
26614
26615
26612
26610
26608
26614
26625
26616
26608
26602
26598
26604
26609
26603
26591
26595
26595
26590
26591
26594
26595
26595
26599
26599
26599
26596
26596
26598
26595
26593
26592
26593
26591
26586
26588
26584
26584
26581
26587
26584
26582
26585
26591
26587
26587
26585
26581
26585
26583
26587
26589
26593
26590
26591
26591
26592
26590
26591
26595
26596
26600
26600
26602
26604
26605
26605
26605
26602
26600
26609
26607
26606
26601
26594
26597
26595
26598
26601
26601
26599
26595
26596
26599
26600
26597
26596
26598
26607
26608
26601
26598
26598
26597
26594
26593
26590
26593
26594
26596
26591
26593
26595
26603
26602
26588
26588
26601
26605
26600
26592
26594
26600
26590
26593
26592
26588
26589
26594
26593
26595
26600
26597
26596
26598
26602
26600
26597
26596
26593
26595
26594
26595
26593
26592
26590
26597
26596
26596
26595
26598
26595
26594
26596
26596
26598
26595
26596
26594
26594
26594
26591
26596
26600
26601
26596
26596
26599
26595
26595
26598
26598
26600
26601
26598
26597
26597
26597
26594
26597
26595
26594
26594
26594
26596
26593
26592
26593
26595
26594
26596
26591
26591
26595
26595
26594
26592
26588
26584
26591
26596
26591
26583
26581
26587
26590
26589
26587
26587
26586
26588
26589
26588
26588
26589
26589
26589
26593
26591
26586
26587
26587
26589
26588
26586
26589
26590
26591
26590
26593
26592
26594
26590
26592
26592
26592
26591
26592
26591
26592
26593
26592
26590
26590
26593
26593
26594
26593
26592
26593
26594
26594
26593
26592
26591
26590
26590
26589
26586
26588
26588
26586
26584
26584
26585
26585
26584
26582
26582
26582
26583
26583
26582
26581
26584
26582
26583
26582
26581
26583
26583
26583
26580
26580
26582
26582
26583
26583
26582
26583
26584
26585
26586
26585
26587
26588
26589
26590
26589
26590
26593
26593
26593
26590
26589
26588
26590
26587
26586
26585
26587
26585
26588
26586
26590
26587
26591
26593
26592
26592
26593
26595
26594
26595
26593
26594
26594
26596
26593
26593
26598
26602
26602
26600
26599
26601
26590
26586
26586
26584
26581
26579
26577
26579
26579
26579
26579
26579
26578
26580
26581
26581
26584
26585
26585
26585
26588
26589
26592
26592
26590
26591
26591
26592
26592
26590
26590
26588
26586
26589
26587
26588
26588
26586
26584
26582
26584
26584
26585
26587
26586
26586
26590
26590
26591
26588
26586
26584
26585
26584
26582
26581
26580
26577
26576
26577
26577
26579
26582
26583
26582
26583
26584
26584
26585
26586
26587
26587
26589
26589
26589
26590
26590
26591
26594
26598
26599
26603
26605
26606
26606
26607
26607
26607
26607
26607
26609
26615
26621
26622
26621
26624
26630
26633
26633
26633
26635
26633
26632
26631
26627
26624
26620
26619
26619
26617
26619
26616
26619
26620
26624
26624
26625
26622
26620
26622
26621
26622
26622
26623
26625
26627
26628
26627
26623
26623
26621
26620
26619
26619
26621
26621
26620
26619
26617
26617
26618
26617
26617
26615
26614
26613
26613
26614
26616
26612
26608
26605
26604
26602
26598
26597
26598
26598
26598
26594
26591
26593
26595
26597
26597
26596
26596
26596
26600
26601
26603
26604
26603
26604
26605
26606
26607
26605
26605
26603
26602
26606
26606
26612
26611
26615
26619
26618
26615
26614
26613
26610
26611
26614
26616
26622
26625
26622
26622
26621
26620
26615
26618
26620
26620
26622
26622
26618
26620
26625
26620
26614
26612
26612
26616
26611
26610
26611
26612
26614
26613
26610
26602
26602
26598
26595
26597
26599
26598
26602
26602
26600
26603
26603
26602
26602
26599
26600
26606
26600
26604
26604
26607
26610
26608
26606
26606
26604
26603
26605
26603
26606
26607
26609
26606
26607
26609
26611
26612
26611
26609
26606
26609
26608
26603
26602
26601
26600
26600
26598
26601
26599
26603
26600
26597
26596
26597
26596
26597
26599
26601
26604
26602
26601
26601
26599
26596
26595
26590
26586
26580
26577
26595
26594
26595
26596
26598
26594
26593
26593
26591
26590
26592
26598
26601
26608
26610
26607
26604
26590
26585
26583
26582
26582
26588
26599
26599
26599
26597
26596
26592
26592
26592
26592
26591
26590
26590
26591
26590
26591
26590
26590
26590
26588
26590
26590
26591
26591
26592
26590
26590
26589
26589
26588
26588
26588
26595
26600
26601
26603
26602
26604
26604
26603
26602
26599
26597
26596
26595
26596
26594
26595
26595
26596
26596
26597
26598
26596
26598
26599
26600
26601
26599
26598
26597
26598
26597
26595
26596
26596
26597
26597
26598
26595
26595
26594
26596
26596
26596
26595
26597
26596
26597
26596
26597
26598
26600
26600
26598
26597
26597
26597
26600
26599
26598
26598
26599
26601
26600
26599
26598
26597
26597
26597
26597
26598
26597
26596
26596
26597
26597
26596
26598
26599
26600
26602
26605
26607
26608
26605
26605
26605
26605
26604
26604
26607
26606
26604
26605
26606
26604
26604
26603
26601
26600
26594
26594
26593
26593
26593
26592
26592
26593
26593
26594
26593
26593
26593
26594
26593
26592
26593
26593
26593
26594
26595
26596
26596
26596
26597
26598
26597
26596
26598
26597
26596
26596
26597
26597
26597
26597
26598
26599
26599
26597
26598
26597
26597
26596
26596
26595
26597
26596
26596
26597
26598
26598
26599
26599
26599
26599
26599
26599
26599
26599
26599
26599
26600
26600
26600
26600
26601
26601
26602
26603
26604
26604
26605
26604
26604
26603
26604
26604
26604
26606
26606
26606
26606
26607
26606
26607
26607
26607
26607
26606
26605
26605
26605
26605
26603
26605
26605
26605
26605
26604
26605
26605
26605
26605
26605
26605
26605
26606
26605
26605
26605
26605
26604
26604
26605
26605
26606
26607
26607
26608
26607
26609
26609
26608
26606
26607
26607
26607
26607
26606
26606
26605
26604
26603
26604
26602
26603
26603
26604
26604
26605
26606
26606
26607
26607
26607
26607
26607
26607
26606
26606
26606
26608
26608
26608
26608
26606
26607
26608
26607
26606
26606
26606
26606
26605
26606
26605
26604
26605
26605
26606
26605
26604
26605
26605
26604
26604
26603
26603
26603
26604
26604
26605
26603
26604
26603
26604
26603
26604
26603
26604
26604
26604
26604
26605
26605
26604
26604
26605
26604
26605
26604
26604
26604
26605
26604
26605
26604
26604
26605
26606
26606
26606
26606
26606
26605
26607
26606
26606
26606
26606
26606
26606
26606
26606
26606
26606
26607
26606
26606
26605
26606
26605
26606
26606
26607
26606
26607
26607
26607
26607
26607
26606
26605
26606
26607
26608
26608
26609
26610
26610
26613
26614
26615
26617
26620
26621
26622
26623
26625
26627
26626
26624
26624
26622
26621
26621
26620
26620
26620
26620
26621
26621
26622
26620
26620
26621
26621
26621
26622
26622
26624
26623
26621
26621
26620
26620
26620
26620
26621
26620
26619
26619
26618
26617
26618
26618
26618
26618
26619
26619
26618
26619
26620
26621
26622
26621
26620
26621
26621
26620
26619
26617
26620
26621
26622
26623
26619
26615
26615
26616
26618
26619
26620
26619
26619
26619
26617
26615
26615
26615
26617
26618
26618
26618
26617
26616
26616
26616
26616
26616
26619
26620
26620
26620
26619
26620
26620
26620
26619
26619
26619
26618
26619
26619
26619
26620
26620
26619
26618
26617
26616
26616
26617
26617
26618
26618
26617
26617
26616
26616
26617
26618
26619
26619
26619
26618
26617
26615
26616
26616
26616
26616
26615
26616
26615
26616
26616
26617
26617
26617
26618
26618
26617
26618
26618
26617
26614
26615
26615
26617
26617
26618
26620
26621
26620
26618
26619
26619
26619
26618
26617
26617
26616
26616
26616
26616
26616
26617
26617
26618
26618
26618
26619
26619
26617
26616
26617
26617
26618
26618
26617
26617
26616
26617
26616
26617
26617
26615
26616
26616
26616
26617
26616
26616
26615
26617
26615
26616
26615
26615
26615
26616
26617
26617
26617
26615
26616
26615
26615
26615
26614
26615
26616
26617
26617
26618
26619
26618
26618
26618
26618
26619
26619
26619
26617
26618
26617
26617
26617
26618
26618
26618
26619
26618
26618
26618
26617
26617
26616
26616
26618
26618
26618
26616
26618
26618
26618
26618
26618
26618
26617
26615
26617
26617
26617
26619
26618
26620
26619
26619
26620
26619
26619
26619
26619
26620
26620
26619
26620
26619
26619
26618
26618
26618
26619
26620
26620
26620
26620
26620
26620
26620
26620
26620
26619
26620
26621
26621
26622
26623
26623
26623
26623
26623
26624
26624
26624
26624
26625
26625
26625
26625
26626
26625
26624
26624
26624
26623
26624
26623
26623
26624
26624
26624
26625
26626
26625
26625
26624
26625
26626
26625
26627
26627
26628
26626
26627
26627
26627
26628
26627
26626
26625
26626
26625
26626
26624
26623
26623
26622
26623
26623
26622
26622
26623
26623
26623
26623
26625
26625
26624
26623
26623
26622
26622
26622
26622
26622
26621
26621
26621
26621
26621
26618
26621
26624
26621
26624
26624
26625
26625
26625
26624
26625
26625
26624
26624
26625
26624
26624
26627
26627
26628
26627
26627
26627
26629
26628
26628
26630
26629
26630
26629
26629
26631
26630
26632
26630
26629
26632
26630
26630
26631
26633
26635
26636
26636
26636
26637
26638
26641
26640
26640
26641
26643
26642
26644
26647
26647
26648
26648
26647
26647
26647
26653
26655
26649
26644
26645
26647
26653
26645
26643
26653
26649
26648
26645
26645
26643
26643
26635
26635
26636
26641
26642
26640
26637
26638
26641
26643
26641
26640
26641
26644
26645
26646
26645
26644
26644
26646
26642
26641
26640
26641
26643
26640
26636
26633
26637
26638
26632
26640
26639
26636
26633
26629
26630
26627
26627
26629
26626
26626
26624
26622
26629
26621
26620
26617
26613
26613
26612
26612
26617
26617
26615
26617
26614
26614
26615
26616
26615
26613
26611
26612
26611
26604
26606
26606
26614
26610
26598
26607
26608
26611
26605
26603
26609
26608
26609
26608
26607
26611
26608
26606
26605
26606
26606
26608
26611
