        0.70716
        0.77729
        0.85072
        0.91853
        0.98990
        1.05595
        1.12489
        1.18581
        1.25156
        1.30955
        1.36972
        1.42298
        1.48320
        1.53595
        1.59621
        1.64379
        1.69654
        1.73980
        1.77746
        1.82758
        1.86346
        1.88610
        1.91976
        1.93990
        1.97387
        1.97965
        1.97664
        1.97924
        1.98173
        1.95569
        1.94736
        1.97364
        1.99315
        1.97010
        1.92006
        1.88509
        1.83453
        1.81876
        1.77258
        1.68219
        1.64085
        1.62831
        1.58034
        1.60551
        1.65938
        1.71362
        1.70790
        1.69732
        1.69091
        1.73168
        1.78057
        1.80083
        1.79858
        1.85161
        1.82050
        1.78299
        1.84679
        1.91041
        1.94788
        1.94721
        2.02549
        2.10387
        2.07376
        2.11802
        1.96264
        1.79466
        1.75351
        1.79538
        1.66176
        1.61121
        1.61138
        1.65660
        1.80915
        2.11777
        2.18355
        2.14110
        2.31916
        2.38900
        2.40959
        2.65692
        2.62445
        2.70559
        2.67229
        2.63303
        2.72271
        2.87468
        2.64551
        2.66858
        3.03239
        3.19807
        3.09613
        2.84586
        2.87724
        2.97680
        3.01014
        2.96536
        3.14865
        3.33162
        3.13863
        3.24720
        3.20491
        2.99741
        2.86983
        2.81590
        2.76496
        2.62508
        2.40278
        2.42520
        2.28148
        2.13037
        2.06775
        1.99931
        1.75734
        1.77387
        1.79493
        1.54049
        1.55964
        2.39869
        1.31679
        1.51509
        1.99995
        0.32675
       -0.60584
        1.19829
       -0.02579
       -1.36212
        0.27653
        0.76527
       -0.58097
       -0.67651
        0.01320
       -1.15964
       -0.95912
       -0.07212
       -0.36241
       -0.26286
       -0.25823
       -0.55696
       -0.55408
       -0.55633
       -1.05390
       -1.35775
       -0.75861
       -1.06413
       -0.96615
       -0.67346
       -0.97708
       -1.08594
       -0.99109
       -1.10146
       -1.00811
       -0.71997
       -0.72808
       -0.84138
       -1.25093
       -1.06565
       -0.97660
       -1.19271
       -1.20503
       -1.02251
       -1.13617
       -1.05498
       -0.96996
       -0.69007
       -0.60634
       -0.82772
       -1.24526
       -1.36789
       -1.18666
       -1.11052
       -1.53050
       -1.35556
       -1.17673
       -1.20296
       -1.22529
       -0.95267
       -0.87614
       -1.70464
       -2.02923
       -2.05884
       -2.38452
       -2.91521
       -3.04196
       -3.47371
       -3.80150
       -3.13429
       -2.86311
       -3.39691
       -3.02674
       -2.26154
       -1.99235
       -2.12812
       -1.85989
       -1.79661
       -1.92932
       -2.46697
       -1.90060
       -2.23915
       -2.47368
       -3.01312
       -3.94852
       -5.38883
       -5.52509
       -5.96623
       -6.10332
       -5.54529
       -5.38318
       -4.92594
       -4.76462
       -4.30816
       -3.04760
       -2.39188
       -1.73205
       -0.57706
       -0.21794
       -0.06365
        0.09478
        0.64841
        1.10619
        0.55917
        0.21632
       -0.23131
       -0.27477
       -0.32298
        0.13300
        0.48423
        0.93967
        0.99038
        0.34532
       -0.20446
       -0.05000
       -0.20023
       -0.24620
       -0.49685
       -1.04322
       -1.19425
       -1.84099
       -2.49236
       -3.03941
       -3.69108
       -3.93841
       -3.59034
       -3.83791
       -4.39006
       -4.93782
       -4.59014
       -4.83805
       -4.59048
       -5.03849
       -5.29100
       -5.13906
       -5.09159
       -4.63964
       -4.29215
       -3.54014
       -3.79256
       -3.34045
       -2.89273
       -2.14045
       -1.59253
       -2.14002
       -2.59184
       -2.03905
       -2.19055
       -2.43741
       -2.08853
       -1.83497
       -1.08565
       -1.83161
       -1.28177
        0.27281
        2.32323
        3.87844
        4.12950
        4.38540
        4.53719
        4.99384
        6.14643
        7.10392
        7.05738
        6.61578
        6.37019
        6.42958
        6.58501
        6.64547
        5.30201
        5.06361
        4.02134
        3.28417
        3.34317
        2.80730
        1.96765
        1.63318
        1.69497
        1.96198
        2.32529
        1.79386
        1.85877
        1.62900
        1.19560
        1.06756
       -0.26405
        0.50974
        1.48000
        4.55570
        7.52791
       10.30561
       11.77988
       11.25967
        9.93607
        8.11804
        5.79666
        3.88090
        3.56184
        2.34844
        1.53178
        0.42082
       -0.69335
       -1.40177
       -0.61336
        0.48085
        1.17193
        1.26884
       -0.33733
       -3.73762
       -6.44095
       -7.03835
       -4.93876
       -1.53320
        1.16940
        1.87801
        1.68371
        1.99545
        2.10432
        1.71927
        2.93139
        2.04964
        0.46509
       -0.01330
        0.80555
        1.23061
        0.85294
        3.48151
        6.30740
        6.03956
       11.26906
       21.50487
       -0.36193
      -10.72240
      -13.58546
       -7.74214
       -6.20138
       -4.75422
       -5.60959
       -7.15853
       -4.40997
       -2.05495
       -1.60241
       -4.44339
       -2.68682
        0.77626
        3.23691
        5.70409
        7.26886
        8.54017
        9.70910
       10.78460
        9.55772
        5.73742
        3.31477
        6.19872
        7.78032
        6.56854
        5.05442
       -1.95308
       -4.56290
       -2.56609
        3.22840
        4.62953
       -1.87165
       -4.66619
       -2.86304
       -3.15324
       -4.14576
       -5.03163
       -5.91980
       -5.00134
       -3.08519
       -3.56240
       -5.34193
       -4.61484
       -7.19006
       -4.55867
       -3.62961
       -2.49394
       -2.46062
       -3.02070
       -2.58315
        2.36099
        2.50274
        1.35106
        0.09698
       -0.65056
        2.19949
       -0.24395
       -2.88983
       -0.72922
       -0.47107
        1.59354
        2.45566
        3.72422
        4.39025
        0.76269
       -0.86743
        2.30883
        3.68250
        3.36250
        3.13988
        0.62356
        2.80457
        4.69185
        5.77642
        6.76721
        6.25525
        3.44948
        2.94091
        3.33848
        6.13321
        6.23403
        5.53196
        4.43593
        1.33698
        1.74401
        0.14806
       -1.24196
       -1.03501
       -0.02217
       -0.91242
       -1.09684
       -3.58440
       -2.56618
        1.04884
        3.06957
        1.28706
        0.41020
        2.23003
        4.95547
        5.67753
        7.50514
        7.62931
        6.05897
        7.08513
        5.61672
        2.64476
       -0.42185
       -2.49207
       -4.35699
       -6.12560
       -7.08896
       -8.05607
      -15.71800
      -17.68374
      -13.04437
       -9.40886
      -10.96831
      -12.83169
      -13.79009
      -15.75248
      -12.30995
       -9.37148
      -10.42815
      -11.18894
      -11.84493
       -9.80511
       -8.06055
       -7.72024
       -9.37525
      -10.63457
       -8.68928
       -8.04836
       -7.90288
       -8.16183
       -7.61629
       -7.67523
       -8.42974
       -8.38879
       -7.34346
       -8.10273
       -7.35767
       -7.81727
       -6.67261
       -5.53265
       -5.18847
       -3.34906
       -2.70548
       -1.26671
       -0.82383
        0.61420
        0.75629
        0.89348
        1.93468
        2.07093
        2.51116
        4.34640
        2.88557
        1.51970
        0.05773
        1.19068
       -0.07251
       -0.94081
       -0.50530
        1.22507
        1.75923
        0.38821
        0.92095
        1.54848
        1.57974
        2.50576
        1.43548
        2.25995
        3.38809
        5.91096
        6.53748
        5.65870
        7.48356
        9.00311
        8.02628
        9.94412
        9.86557
        6.98168
        5.00140
        5.51577
        4.53373
        2.14634
        1.86254
        0.77339
       -0.21218
       -1.30309
       -1.69042
       -0.48309
       -2.57217
       -3.26659
       -2.75740
       -3.95355
       -5.04609
       -3.74394
       -2.03817
       -1.23770
       -0.43359
       -1.13476
       -1.23227
       -0.33504
       -0.03413
       -1.83846
       -0.33907
        4.05509
        3.65300
        1.34572
        0.64222
        3.53356
        6.42871
        5.51873
        3.01260
        2.50139
        4.99405
        5.68168
        3.77322
        3.65977
        2.05028
        3.33584
        3.62541
        4.51007
        5.29880
        4.68266
        3.47064
        2.25381
        2.64115
        4.52373
        5.41053
        5.49263
        6.87902
        6.76076
        5.04683
        4.02833
        5.31422
        5.79560
        6.88143
        6.46280
        6.04870
        6.43021
        6.71630
        6.89806
        6.38448
        6.86663
        7.25351
        7.03619
        5.22367
        4.90702
        4.59522
        5.57938
        5.46845
        5.85355
        6.34364
        6.02983
        4.82108
        4.40849
        3.80103
        3.48981
        2.78380
        2.27409
        0.56967
        0.26162
       -0.34108
       -1.44733
       -1.54816
       -0.95247
       -1.05129
       -0.85352
       -0.55018
       -0.45019
        0.25544
        0.85780
        1.36586
        1.37071
        0.78134
        0.68883
        0.70215
        0.41241
        1.52857
        2.34172
        1.86083
        1.57701
        1.79921
        1.81853
        1.64394
        1.26653
        0.69527
        0.02124
       -0.34658
       -0.71711
       -0.48138
       -0.44830
       -0.20891
       -0.37213
       -0.12898
        0.81161
       -0.14139
       -1.19689
       -2.14594
       -1.29746
       -1.54247
       -2.38992
       -2.13082
       -2.07411
       -1.41083
       -1.04989
       -1.68235
       -1.91714
       -2.44528
       -2.27571
       -2.29948
       -3.02552
       -3.04486
       -3.66646
       -4.38134
       -4.19845
       -3.50883
       -2.62142
       -2.42728
       -3.63534
       -4.53664
       -5.44014
       -4.83689
       -4.23582
       -4.02800
       -3.22237
       -2.70998
       -2.49979
       -2.28284
       -2.26810
       -2.64662
       -2.92735
       -3.50135
       -2.77758
       -2.24710
       -2.01887
       -1.88395
       -1.85131
       -2.01200
       -2.17499
       -2.63134
       -3.19003
       -2.64212
       -2.69657
       -1.84446
       -1.49475
       -0.83852
       -1.78474
       -2.12448
       -2.56672
       -3.10253
       -3.44089
       -3.87287
       -4.80745
       -5.43571
       -5.76663
       -5.69130
       -5.61868
       -6.03988
       -6.36385
       -6.38171
       -6.60241
       -6.81707
       -6.13465
       -5.84625
       -5.86085
       -5.86956
       -6.18134
       -6.18731
       -6.49644
       -6.69984
       -6.70649
       -5.80748
       -5.31182
       -5.01061
       -5.71282
       -5.70957
       -6.20984
       -5.70475
       -5.90328
       -5.59654
       -5.39352
       -5.48533
       -5.28097
       -5.07154
       -5.16604
       -5.25558
       -4.74915
       -4.73787
       -5.43074
       -5.91886
       -6.11123
       -6.69897
       -6.99107
       -7.37865
       -7.37071
       -7.85836
       -7.55060
       -7.03855
       -5.63121
       -4.91969
       -3.91300
       -3.90224
       -3.89643
       -3.98667
       -3.38198
       -2.47345
       -1.77011
       -0.36305
        1.33870
        1.64405
        1.04398
        0.14738
        0.04525
        0.34647
        1.04204
        1.94084
        3.53388
        4.33003
        5.02030
        5.71357
        6.50083
        5.89099
        5.77502
        6.16183
        7.14241
        7.72564
        7.40254
        5.88198
        4.35496
        4.03039
        3.69925
        3.87044
        4.43496
        5.10170
        5.56167
        6.22376
        7.37897
        7.03620
        8.48645
       10.13862
       10.78371
        9.23063
        6.97037
        6.71185
        5.64606
        5.58191
        5.71041
        5.54045
        6.06307
        6.88715
        7.20370
        7.72165
        8.13200
        8.94365
        9.74763
       10.05284
        9.85031
        9.94895
       10.83977
       11.13169
       10.81573
        9.90081
        9.17795
        9.25607
        9.42620
        8.99725
        9.66026
       10.22415
       10.97994
       10.93656
       11.18505
       11.13433
       11.27544
       11.41730
       11.35096
       11.58533
       11.61147
       11.23831
       10.05688
        9.57613
        8.28710
        7.99873
        7.70205
        7.50602
        6.90169
        5.69799
        3.88597
        2.87459
        2.45490
        1.93583
        1.50846
       -0.01828
       -1.15332
       -1.78770
       -3.63038
       -3.57240
       -4.12268
       -4.27228
       -4.13013
       -3.78727
       -4.15263
       -4.71725
       -4.39006
       -4.56211
       -4.94230
       -4.42169
       -5.50919
       -5.69584
       -5.69055
       -5.98437
       -6.38621
       -7.48709
       -7.59595
       -7.50380
       -7.41956
       -6.93425
       -6.55679
       -5.47821
       -5.00740
       -4.63541
       -5.37113
       -6.40558
       -5.84768
       -5.98843
       -5.83675
       -5.48366
       -5.83805
       -5.19095
       -5.75125
       -6.10996
       -6.57600
       -5.74037
       -3.91197
       -2.28181
       -0.25879
        1.26608
        2.38390
        3.20367
        3.11649
        3.43135
        4.03936
        4.34951
        4.45291
        4.05855
        3.85755
        4.25888
        5.45368
        6.55092
        7.94173
        9.13509
       10.42212
       10.01181
       10.09527
       10.08151
        9.36163
        9.14463
        9.32163
        8.50161
        6.97570
        5.95288
        4.82428
        3.89889
        2.66782
        1.54007
       -0.69325
       -2.02313
       -3.35848
       -4.39028
       -4.72743
       -6.06094
       -7.59968
       -8.13467
       -8.37479
       -8.91104
       -9.15232
       -9.38964
       -9.93187
      -10.07003
      -10.11300
      -10.25180
       -9.29531
       -7.33454
       -7.17839
       -7.01786
       -6.36185
       -7.00136
       -6.94530
       -7.48466
       -7.12835
       -7.16738
       -8.71065
       -9.74917
      -10.59183
      -11.62966
      -11.57155
      -12.20852
      -12.64947
      -13.28542
      -13.32527
      -14.06004
      -14.19864
      -14.03209
      -13.46929
      -12.70127
      -14.03694
      -15.06732
      -15.40132
      -15.32996
      -14.06217
      -14.18897
      -14.21928
      -14.24412
      -13.27241
      -12.49519
      -12.32137
      -12.34199
      -12.46597
      -11.78435
      -11.80604
      -12.32210
      -10.94144
      -10.05511
       -7.77204
       -8.28326
       -6.89771
       -6.30644
       -6.51837
       -5.32456
       -5.93394
       -6.43756
       -5.84436
       -5.04539
       -4.34959
       -4.24802
       -4.04962
       -3.34544
       -1.94443
       -3.03765
       -3.43405
       -3.92469
       -2.51852
       -4.50660
       -2.99789
       -3.88345
       -2.87223
       -0.45531
       -0.54164
       -1.52229
       -1.90623
       -0.98452
       -3.16612
       -2.04211
       -1.02146
       -0.09524
       -1.27242
       -1.14408
       -4.21918
       -6.08880
       -4.36192
       -3.92963
       -3.30088
       -2.16677
        1.26372
        4.09952
        5.83164
        8.86900
       11.20262
       14.54140
       16.07637
       17.81644
       18.75262
       19.99382
       21.13106
       22.37324
       22.51138
       23.45437
       23.99324
       24.33688
       24.57631
       24.52043
       24.46025
       24.20466
       24.04469
       23.08922
       22.42926
       22.17372
       21.61360
       19.65779
       18.09731
       16.14104
       15.18000
       13.52308
       13.06129
       13.00351
       12.84076
       11.68192
       11.21801
       10.95791
       11.39263
       12.33106
       13.96421
       15.10097
       16.03234
       16.46721
       15.69660
       15.22938
       14.85657
       14.28706
       14.11184
       13.03983
       12.76201
       11.98728
       10.70665
        9.62902
        8.34538
        7.16463
        7.77777
        8.09371
        8.20345
        8.51588
        8.12201
        7.83075
        7.73309
        6.53793
        6.33630
        6.13707
        5.63128
        6.82780
        8.01767
        9.50978
       11.39514
       12.68266
       13.26334
       13.64611
       13.32197
       13.39983
       12.97070
       12.84351
       12.20925
       12.27686
       12.83735
       12.89962
       12.35471
       12.91153
       12.96111
       12.91235
       12.75630
       13.00186
       14.24007
       14.87985
       15.51223
       16.04614
       15.97261
       16.20056
       17.72103
       17.74296
       19.55737
       19.47321
       19.58151
       19.19121
       19.29335
       18.59686
       17.69280
       -2.70989
      -17.02017
      -13.42910
      -18.54561
      -17.26078
      -20.78353
      -32.10493
      -39.13392
      -50.36154
      -47.69674
      -52.13056
      -48.47194
      -53.01192
      -53.95944
      -52.20554
      -50.35914
      -46.61128
      -43.67091
      -48.42904
      -48.19460
      -44.85863
      -37.93005
      -32.69988
      -30.17705
      -30.85259
      -29.83540
      -30.61652
      -32.30485
      -18.29143
      -14.38515
      -21.07703
      -21.87599
      -22.07305
      -21.17709
      -20.67915
      -19.68811
      -18.19500
      -19.60870
      -20.52023
      -18.23849
      -20.35447
      -23.47708
      -22.89732
      -21.02408
      -19.44835
      -18.57903
      -20.80712
      -23.04151
      -26.47318
      -27.71102
      -28.24604
      -27.28710
      -30.02520
      -27.96923
      -27.21016
      -26.15689
      -24.20039
      -18.84955
      -18.29535
       -9.74666
      -19.99447
      -21.24764
      -27.59718
      -27.65193
      -32.10289
      -30.05893
      -30.81102
      -31.06803
      -27.12094
      -26.57862
      -26.33205
      -27.09009
      -26.34371
      -26.90178
      -29.75528
      -33.21307
      -31.76612
      -28.32330
      -27.07558
      -22.23182
      -12.18300
        0.46202
       14.31227
       26.15890
       41.61091
       61.55947
       77.61358
       81.36440
       85.52095
       87.07437
       87.13369
       83.89004
       79.85245
       81.41207
       75.97792
       63.74113
       51.11074
       49.77789
       49.05159
       49.42298
       48.80110
       41.07708
       34.15993
       26.44081
       23.32872
       18.71481
       15.10809
        8.49970
        7.39867
        6.99611
        5.50106
        4.50464
        1.51586
        3.12587
        8.54367
       11.06039
       13.78504
       13.90875
       11.74054
        8.17152
        7.61070
        8.34921
        9.59606
        9.74235
        9.29711
       11.45144
       14.01434
       16.27694
       18.44823
       25.61932
       29.09922
       29.77902
       31.56773
       32.65645
       33.85417
       35.25200
       35.35893
       35.06605
       34.38235
       30.09893
       25.52478
       22.55098
       18.08652
       11.62248
        5.46785
       -0.08629
       -3.53096
       -8.67509
      -10.20969
       -8.14370
       -9.96814
       -9.49193
       -9.50612
      -12.21962
       -9.22349
       -9.72664
      -10.62013
      -10.41289
       -8.09595
       -7.27827
       -7.55089
       -5.72276
       -6.68492
       -9.74633
      -10.59803
      -12.94899
      -13.29025
      -10.23078
       -8.76164
       -8.49179
       -5.61229
       -4.93210
       -4.24230
       -4.35185
       -5.35183
       -9.15120
      -10.74105
      -11.23034
      -13.61016
      -16.08949
      -17.85941
      -16.82890
      -14.38905
      -12.54885
       -9.79938
       -6.54964
       -1.79071
       -1.53160
        0.43660
        2.10489
        2.98218
        4.25946
        8.64562
       12.83167
        9.22650
        5.52110
        5.72436
        3.22727
       -2.86128
       -6.55031
       -9.53094
      -12.91216
      -14.88512
      -16.75883
      -17.62441
      -18.09087
      -16.54935
      -17.50888
      -16.06057
      -14.11345
      -11.25867
       -9.50523
       -9.84429
      -11.38486
      -13.01809
      -13.25301
      -10.68075
      -10.81035
      -14.03296
      -17.35760
      -19.37542
      -20.09547
      -16.20887
      -13.12468
      -16.63404
       -9.84599
       -6.15168
       -4.56015
       -4.06255
       -6.16793
       -6.06743
       -4.27010
       -6.46709
       -7.16746
       -5.66234
       -4.76079
       -2.55396
       -2.65090
       -3.84276
       -3.23860
       -5.52955
       -5.02468
       -5.31514
       -4.00997
       -3.70034
       -4.39529
       -4.48597
       -3.68143
       -3.37283
       -2.76922
       -1.86175
       -2.55946
       -3.25352
       -3.25297
       -3.94896
       -2.75054
       -1.64887
       -2.15298
       -2.15403
       -1.86106
       -0.06522
        2.42443
        2.21677
        0.40273
       -1.90882
       -2.82693
       -2.94275
       -3.06530
       -2.58574
       -2.21310
       -1.93853
       -1.97105
       -2.70182
       -3.13987
       -3.17632
       -3.92022
       -4.26270
       -6.51278
       -9.26161
      -11.91821
      -13.17370
      -13.23712
      -13.69958
       -8.67012
       -3.93986
       -3.31781
       -3.79509
       -3.38073
       -0.16585
        3.24056
        5.54736
        7.44555
        8.44402
        9.83376
       10.32366
        9.80473
        9.38584
        8.15801
        7.63013
        7.09321
        6.45614
        5.50993
        4.06350
        3.10785
        2.45188
        1.68663
        1.62098
       -0.15402
       -0.82948
        0.08565
        1.60026
        1.20540
        2.20999
        1.80505
        0.99951
        1.38442
        0.46870
        0.04339
        1.51742
        0.08185
        1.34560
       -0.30026
       -3.94681
       -9.60299
      -13.15984
      -19.92632
      -20.79347
      -21.97024
      -18.54766
      -18.73467
      -20.22232
      -20.61954
      -18.51735
      -19.52469
      -17.63260
      -15.04999
       -9.96789
       -3.29523
       -0.22302
        6.83981
       19.30225
       27.25538
       27.60819
       23.55177
       21.99510
       21.82929
       19.76332
       19.58829
       19.11320
       18.02915
       18.64514
       20.65227
       21.05955
       20.95808
       19.55688
       18.54704
       19.13759
       19.51965
       19.50221
       20.87640
       21.55124
       20.71784
       19.98523
       18.74454
       18.60477
       18.35707
       17.91045
       15.75604
       14.20288
       14.14209
       15.18271
       16.21587
       14.95060
       12.97804
       14.80722
       16.92929
       15.15327
       13.97032
       14.78947
       16.40187
       18.01655
       18.82466
       18.43524
       21.73945
       28.44631
       31.74699
       29.75052
       26.04806
       22.54865
       16.64345
       11.54150
        2.33395
       -5.47015
       -7.67964
      -10.88548
      -17.99652
      -21.40370
      -23.41586
      -22.42397
      -23.93686
      -26.64549
      -29.25870
      -31.96744
      -31.18055
      -31.08899
      -30.60160
      -29.70934
      -26.12104
      -23.52765
      -21.53803
      -22.24313
      -24.35178
      -25.55495
      -22.66148
      -17.76232
      -12.16633
       -8.56445
       -3.86554
       -0.66054
        1.64168
        5.55017
        9.85609
       13.16846
       18.27845
       21.69508
       26.90951
       32.63076
       34.65000
       36.87624
       38.90064
       40.33222
       41.26212
       40.29939
       40.03514
       41.37842
       37.22036
       33.86997
       30.41841
       26.27468
       25.82993
       27.59316
       26.25551
       22.22599
       17.29573
       10.07375
        7.55116
        4.33698
        2.32232
        8.71619
        5.70971
       -2.48811
      -18.28618
      -38.57547
      -50.36489
      -50.84545
      -56.52602
      -55.19762
      -52.46915
      -55.63162
      -60.39392
      -64.74708
      -73.30000
      -80.04369
      -81.88707
      -79.12115
      -72.85485
      -62.17920
      -52.70310
      -47.01760
      -40.63161
      -35.93616
      -33.44018
      -29.83470
      -28.62866
      -24.91310
      -20.39694
      -13.17124
      -10.84493
       -8.60906
        1.62744
        7.17349
       11.42017
       11.57641
       10.33327
       13.79968
       16.46669
       17.64324
       19.22036
       17.40699
       14.99417
       11.89082
       10.58799
        9.49458
       10.50163
        9.11807
        5.33491
        2.16108
       -1.11241
       -2.37664
       -5.64059
       -9.59536
      -12.04993
      -14.19539
      -16.54075
      -17.67708
      -17.21340
      -15.54079
      -12.96826
       -7.78692
       -3.60575
       -0.41588
        1.97370
        3.27187
        5.36963
        7.17586
        7.78155
       11.29558
       15.40894
       20.93051
       24.45127
       26.28010
       24.30797
       23.74377
       23.77847
       24.82094
       23.76215
       27.91097
       30.45839
       31.11325
       26.86654
       22.22711
       16.78594
       10.15189
        2.51591
        1.28688
       -0.44424
        3.13139
        6.40476
       11.08470
       15.56219
       22.04608
       25.92732
       29.81477
       33.19939
       34.29002
       33.37764
       31.17108
       30.36130
       28.65715
       20.84959
       19.24747
       17.14173
       11.54124
        5.53693
       -0.36234
       -1.46561
        1.33595
       -0.56669
       -5.26469
       -4.86710
       -4.26507
       -3.76764
       -3.56598
        2.93088
        0.33177
       -4.97233
      -16.67260
      -22.67806
      -22.47989
      -21.18711
      -20.19088
      -19.50024
      -11.90635
       -8.81825
       -9.82708
       -7.44189
       -8.45383
      -12.27193
      -17.08735
      -16.10911
      -11.82837
       -4.95417
        1.02236
        8.29218
        9.16414
        8.32922
        9.79627
        4.75626
       -1.48194
       -7.82737
      -16.27116
      -26.22233
      -28.47203
      -29.32927
      -25.38519
      -24.64880
      -25.11125
      -25.38153
      -24.35079
      -22.62804
      -21.30439
      -20.78887
      -13.67260
       -9.06458
      -11.35593
      -10.45566
      -13.35488
      -12.16260
      -11.86993
      -10.68587
      -12.30153
      -11.02590
       -8.65009
      -11.88309
      -22.21601
      -33.65784
      -43.99967
      -48.95049
      -49.70139
      -33.76136
      -32.72149
      -30.29076
      -21.26026
      -11.43896
       -5.11794
       10.39382
       20.00524
       29.20736
       36.20909
       45.40148
       50.39345
       57.77603
       59.75817
       61.23091
       66.60317
       65.36602
       61.32837
       59.88130
       59.13373
       58.27673
       53.61924
       51.75232
       51.48492
       51.40810
       49.23082
       45.04414
       42.45703
       43.06054
       39.06365
       33.75742
       30.85082
       33.83494
       40.21873
       39.79329
       34.66758
       31.43268
       26.09758
       27.05337
       29.10901
       25.05561
       23.60215
       16.53973
       11.37732
        7.50603
        0.73486
       -0.24511
        4.57513
        7.18669
       10.19855
       10.20182
        1.80552
       -3.29926
       -9.90351
       -7.81611
      -13.92806
      -18.34824
      -20.56765
      -26.69515
      -33.62175
      -37.35631
      -43.68983
      -49.33118
      -52.97133
      -51.31917
      -49.66568
      -47.81972
      -45.97227
      -42.03220
      -38.89048
      -31.35599
      -30.41970
      -32.49046
      -35.95926
      -38.33495
      -40.00850
      -41.48878
      -40.16675
      -40.25127
      -41.03331
      -37.92172
      -34.60747
      -30.09942
      -27.78853
      -24.98366
      -22.17576
      -18.07370
      -13.66843
      -10.56880
       -9.26578
       -6.26822
       -6.76708
       -8.97121
      -10.87157
      -11.67701
      -11.57850
       -9.98487
       -8.38709
       -6.19401
       -5.39659
       -5.00367
       -3.50623
       -2.91309
       -1.41524
       -2.12151
       -0.22286
        0.47185
       -0.42833
       -3.13226
       -5.43089
       -5.03307
       -1.22977
       -2.02984
       -1.72424
       -0.52183
        1.28645
        3.09172
        4.00304
        4.91154
        6.52626
        3.63834
        1.65682
        0.47285
       -0.30456
        3.81576
        8.04282
        8.96777
        5.69963
        2.82955
        0.96656
        2.30179
        4.44426
        5.98511
        8.23337
        9.38017
        9.03453
        6.78758
        6.94835
        6.00795
       10.97542
        8.34187
        4.71632
        0.68990
       -1.62839
        1.95259
        7.14184
       14.03048
       12.52752
       12.82407
       14.62915
       18.03387
       18.44722
       21.66033
       14.48219
       12.00390
       13.23448
       11.86502
       10.10452
        8.84409
       10.89270
        5.24148
        7.49939
        9.25755
        8.82494
        8.69265
        6.66966
        6.64707
        4.63386
        4.92112
        8.01782
        4.61504
        5.32178
        2.82909
        1.14596
       -1.43653
       -2.70941
       -4.98162
       -6.24418
       -6.40602
       -7.25817
      -10.90958
      -12.75128
      -13.79219
      -10.72338
      -12.45376
      -11.17440
       -9.59422
       -5.80428
       -5.71352
       -4.71299
       -5.31163
       -5.90051
       -8.98857
      -14.76687
      -12.94436
       -5.01210
       -1.57904
       -3.53625
       -7.99269
       -7.53942
       -5.68540
       -4.92170
       -8.15728
       -1.58322
        6.29152
        9.57587
       10.06085
       11.35540
       11.65054
       11.05519
       11.16038
       11.77502
        8.89015
        8.21468
        9.43962
       12.07390
       13.70854
       14.75244
       10.79663
        9.45001
       11.40360
       13.06630
       13.32914
       10.80101
       10.97293
       12.65381
       13.33464
       13.72434
       14.81391
       16.51226
       16.31038
       16.81718
       14.62367
       16.83873
       16.65338
       15.37650
       14.39911
       13.93009
       16.16046
       15.09909
       14.53699
       13.58305
       11.12827
       11.78154
        8.93386
        6.09412
        3.85332
        2.52034
        0.68618
       -1.14027
       -2.06802
       -2.38818
       -4.70974
       -7.02384
       -7.83947
       -9.14774
       -6.75767
       -6.26036
       -7.26482
       -6.16217
       -6.76142
       -6.45367
       -6.34794
       -5.43533
       -5.02486
       -4.10765
       -4.69269
       -4.97110
       -4.55189
       -6.52618
       -7.20296
       -7.37336
       -9.64638
       -7.81313
       -7.48262
       -6.54597
       -4.91217
       -4.17234
       -1.53549
       -0.29273
        0.54693
        1.69240
       -0.56535
       -1.91742
       -2.17280
       -4.22262
       -4.37588
       -3.22367
       -3.37502
       -6.02101
       -9.97066
      -13.41507
      -13.76325
      -14.00629
      -10.75319
      -12.69507
      -13.44091
      -12.38182
      -11.82681
      -12.26696
      -13.61128
      -14.25087
      -12.19472
       -6.73394
       -4.87750
       -5.51652
       -5.05999
       -4.69900
       -5.24254
       -4.08171
       -2.62549
       -1.86499
       -0.60919
        0.15082
        0.60604
        1.46540
       -0.88009
       -2.22154
       -1.56791
       -0.81030
       -0.55768
       -0.90116
       -3.44970
       -3.69440
       -4.44422
       -4.49026
       -5.04150
       -4.38901
       -6.24177
       -5.39087
       -2.04527
       -1.79606
       -3.45221
       -3.90480
       -3.76280
       -3.61729
       -2.17723
       -0.83370
        0.20432
       -0.05423
        0.38168
        1.12098
        2.05469
        0.79175
        1.52320
        1.85796
        0.48708
        1.61948
        2.04619
        1.97617
        1.20043
        2.72793
        3.04969
        3.47466
        3.79387
        3.21627
        3.03289
        2.45268
        2.36667
        3.38382
        2.69515
        1.60962
        1.11826
        2.33002
        1.13596
        0.64500
        0.14819
        0.65449
       -0.44506
        1.05848
        2.55617
        3.15694
        1.75185
       -0.15015
        0.54198
        1.53719
        1.02654
       -1.08103
       -2.79446
       -3.20482
       -2.92103
       -2.83417
       -3.75317
       -2.46908
       -4.79085
       -5.00953
       -5.53406
       -7.85551
       -7.18280
       -9.40699
      -10.93703
      -10.86396
      -11.19674
      -10.62640
       -9.66189
      -10.69427
      -12.03247
      -10.56755
       -5.70845
       -3.64622
        1.41021
        3.96977
        3.02352
        2.58042
        2.23153
        5.58578
        9.23425
       13.88587
       15.73171
       16.88071
       16.02394
       13.47034
       10.91096
       10.55477
       10.39280
       10.03402
        6.56947
        5.20811
        3.84099
        4.97706
        5.30737
        4.74087
        7.26862
        9.79956
        8.92475
        7.05313
        7.47576
        8.30158
        6.02165
        6.04491
        7.46241
        6.38310
        4.49803
       -0.28385
       -3.27150
        3.34403
        6.85379
        7.56673
        7.77388
        6.18420
        6.08874
        4.69643
        3.69833
        4.40336
        3.40260
        2.00496
        1.50151
        0.70117
       -0.90500
       -4.10807
       -4.51698
       -3.22281
       -1.53451
        1.55687
        2.14235
        1.53089
        0.71352
        0.69919
       -0.22108
       -2.03834
       -4.26155
       -5.18178
       -6.60798
       -6.23122
       -7.26046
       -5.98678
       -6.11912
       -5.64855
       -6.28404
       -5.71666
       -3.85536
       -4.09122
       -3.73319
       -2.37236
       -0.31766
       -0.26019
        1.09110
        1.14513
        0.89295
        1.94348
        0.18776
       -2.06528
       -3.32461
       -2.48130
       -2.74431
       -2.50472
        0.32850
        0.76429
        0.39368
        1.12560
        1.65108
        2.17904
        2.20052
        2.32445
        1.74186
        0.56168
       -0.72506
       -0.40943
       -0.30041
       -0.98906
       -1.58435
       -0.87736
        0.22296
        1.22551
        2.32134
        2.61938
        3.01065
        3.50409
        4.49072
        3.77948
        4.36139
        4.14538
        3.32250
        3.00165
        2.17388
        0.54812
        0.11540
        1.08464
        1.64689
        2.51107
        2.76821
        2.42724
        2.97921
        5.03303
        5.67975
        6.82830
        6.06970
        5.91290
        4.24893
        2.58672
        1.41731
       -0.35038
       -1.02529
       -0.69850
        0.82104
        0.04225
       -0.74383
        1.37175
       -0.71998
       -1.21008
       -1.90751
       -2.20333
       -0.90650
       -0.60809
       -0.01704
        0.27558
        0.76082
        1.04761
       -0.07299
       -0.19205
        0.08148
       -0.64345
       -1.67580
       -0.90663
       -0.64487
        0.01840
        0.47425
        0.73162
       -0.11844
       -1.26699
       -3.02295
       -4.17740
       -6.33927
      -10.39961
      -11.16737
      -12.63359
      -13.60722
      -15.47930
      -14.45877
      -13.53668
      -12.02197
       -9.60568
       -7.39675
       -6.28623
       -6.48304
       -4.57823
       -3.78073
       -3.78159
       -2.48973
       -0.89620
       -0.00993
       -0.02194
       -1.04118
       -1.85868
       -2.48337
       -2.20627
       -1.73633
       -1.36456
       -1.69990
       -1.43337
       -1.17391
       -1.51253
       -1.05817
       -0.30184
        0.44752
        1.59889
        2.04336
        1.98989
        1.82958
        1.87138
        1.40640
        1.14360
        0.47408
       -0.19320
       -0.46714
       -0.53877
       -0.41699
       -0.79283
       -0.87520
       -0.95511
       -1.14148
       -0.72532
       -1.01554
       -1.20316
       -1.19708
       -0.68832
       -0.28578
        0.41952
        1.01867
        1.02067
        1.21662
        1.51548
        1.50838
        0.90429
        0.39431
        1.18743
        1.67476
        2.26528
        2.85009
        2.83818
        2.22065
        2.00650
        2.18683
        2.57063
        2.34899
        1.73093
        1.60752
        1.38778
        1.46280
        2.04158
        1.71522
        1.19271
        2.26516
        2.54156
        2.61302
        2.88854
        3.45921
        3.73403
        3.90410
        3.97843
        4.04811
        4.02214
        4.59163
        4.36556
        3.83505
        4.30909
        4.27879
        4.05313
        4.72322
        5.09806
        4.76876
        4.74429
        4.61578
        3.99221
        3.26468
        2.14220
        1.11585
        0.19464
        0.06967
       -0.95008
        0.92651
        0.70842
        0.28675
        0.47049
        1.25075
        0.83651
       -1.78113
       -2.49317
       -2.60853
       -2.21821
       -1.23111
       -0.73825
       -0.84852
       -1.05296
       -0.76045
       -1.86202
       -1.46656
       -1.26511
       -1.26655
       -1.06192
       -1.16011
       -0.55216
       -0.44695
       -0.83553
       -1.62679
       -1.21177
       -0.99936
       -1.38060
       -0.96439
       -0.84177
       -1.22165
       -1.09505
       -1.37088
       -2.54019
       -3.31188
       -3.77699
       -2.94443
       -2.20523
       -2.66832
       -2.72473
       -3.68338
       -5.33531
       -5.18944
       -5.63681
       -5.08634
       -5.62907
       -5.87392
       -5.61195
       -6.35208
       -5.68534
       -4.62068
       -3.24913
       -2.57963
       -1.80322
       -1.02885
       -1.34754
       -0.76825
       -0.28202
        0.10221
       -0.20661
       -0.21742
       -0.52128
       -0.82712
       -0.62600
       -1.12687
       -1.02078
       -0.81667
       -1.30561
       -0.89655
       -0.78054
       -0.06653
        0.45442
        0.27334
        0.79919
        0.82301
        1.05372
        0.88239
        0.71793
        0.95139
        1.29171
        1.22993
        1.67496
        1.61787
        1.66756
        1.41509
        1.86937
        2.12144
        2.58024
        2.53678
        2.80000
        2.76094
        2.82850
        2.89372
        3.66553
        3.83495
        3.61090
        3.58441
        3.56441
        4.14190
        4.12582
        4.00719
        3.29492
        2.68004
        1.97146
        1.86020
        2.35518
        1.34743
        1.34584
        2.74145
        2.64316
        1.04200
        0.54687
        1.34880
        1.75668
        2.06155
        3.07230
        3.67996
        3.49343
        3.40374
        2.01977
        1.43257
        1.55101
        1.56614
        1.38684
        1.00413
        0.22692
       -0.35377
       -0.22905
       -0.90790
       -1.68141
       -1.45857
       -1.13048
       -1.10613
       -0.17661
        1.54910
        2.77989
        2.70678
        2.53867
        2.76658
        3.29940
        3.12815
        3.26174
        2.79118
        2.52536
        2.45532
        1.98993
        1.72023
        1.55512
        1.68560
        2.12058
        2.15109
        1.98601
        2.11637
        2.35107
        2.28113
        1.91545
        1.24505
        1.27884
        1.20782
        1.24091
        0.96913
        0.60138
        0.42868
        0.25994
        0.18617
        0.61630
        0.74132
        1.37017
        0.99385
        0.92129
        1.04349
        0.66937
        0.48996
        0.61417
        0.63302
        0.85543
        1.07242
        1.39290
        1.80791
        2.32636
        2.93928
        3.35558
        3.36629
        3.18034
        2.48876
        1.80046
        1.50647
        1.21573
        0.81925
       -0.17403
       -0.27308
        0.03102
        1.12931
        2.63072
        3.72628
        4.42492
        4.81768
        3.51350
        2.40340
        1.79632
        0.78331
        0.67329
        1.05731
       -1.15569
       -3.57468
       -5.69071
       -8.21274
      -10.33183
      -11.65694
      -11.87912
      -12.10732
      -12.33261
      -11.76393
      -11.19234
       -9.22679
       -8.25833
       -7.09591
       -6.73058
       -6.17129
       -5.90908
       -6.05291
       -6.79382
       -6.94075
       -7.28476
       -8.13478
       -8.58186
       -8.83493
       -7.28506
       -6.54116
       -6.89428
       -6.75337
       -6.20945
       -5.27148
       -3.43048
       -1.99539
       -2.95725
       -4.02500
       -4.98966
       -5.86017
       -6.72756
       -7.00077
       -7.37083
       -6.24667
       -5.41932
       -4.09770
       -2.77286
       -2.65370
       -0.23128
        2.18550
        2.40559
        3.32009
        3.33795
        2.15026
        1.56599
        1.27622
        0.78991
        0.49816
        0.60994
        0.11632
       -0.57371
       -0.96908
       -0.76081
       -0.95781
       -1.35112
       -1.64964
       -1.94440
       -1.94431
       -1.74040
       -1.94158
       -2.13887
       -2.64119
       -2.53956
       -2.54288
       -2.64219
       -2.54639
       -1.84650
       -1.65144
       -1.85223
       -2.05777
       -2.35909
       -2.26510
       -2.06682
       -2.37315
       -2.57513
       -2.78165
       -2.68375
       -2.79032
       -4.09239
       -4.39887
       -3.90078
       -3.00703
       -2.70864
       -2.81452
       -1.31569
       -0.52105
       -0.22164
       -0.12635
       -0.82622
       -1.23014
       -1.52915
       -1.83215
       -3.03017
       -3.03211
       -3.32900
       -3.32974
       -2.52537
       -2.02479
       -0.61903
        0.38301
        1.59029
        2.49391
        3.70284
        5.60817
        7.51886
        9.02602
        9.43861
       10.04772
        9.66231
       10.67348
       11.39020
       11.10355
       10.92250
       11.53814
       12.65943
       13.77746
       15.70119
       17.02172
       18.24800
       18.57111
       19.90003
       20.32583
       19.05748
       18.88605
       18.01807
       18.24152
       18.46516
       18.77966
       18.29610
       18.10376
       18.30995
       18.20897
       16.91996
       14.93618
       12.27264
        9.91052
        8.15202
        6.88642
        5.24254
        3.79862
        1.98270
        0.85002
        0.11440
       -1.47710
       -1.05641
        0.39383
        1.36360
        1.94430
        1.59428
        0.96681
        0.35119
        0.64870
        1.03649
        0.60650
       -0.34734
       -1.55629
       -2.04063
       -2.26051
       -2.64413
       -3.11037
       -3.30930
       -3.42438
       -3.53200
       -3.72322
       -3.49854
       -3.60390
       -3.54242
       -3.48576
       -3.34717
       -2.98460
       -3.30913
       -4.00444
       -4.52859
       -4.23791
       -3.94895
       -3.31496
       -3.18405
       -3.54437
       -3.82052
       -4.69571
       -5.67037
       -6.29149
       -6.56544
       -7.02054
       -7.26675
       -7.44419
       -7.54706
       -7.88107
       -8.30907
       -9.00317
       -9.43886
       -9.47492
       -9.33842
       -9.10037
       -9.01403
       -8.67837
       -7.95407
       -7.16338
       -6.77148
       -6.76119
       -6.87460
       -6.80650
       -6.85791
       -7.15218
       -7.29874
       -7.04194
       -6.36674
       -5.53948
       -4.92708
       -4.45253
       -4.47073
       -4.58506
       -4.74560
       -4.89364
       -4.90096
       -4.90427
       -4.75527
       -4.55849
       -4.25882
       -4.10173
       -3.94360
       -3.86279
       -3.59752
       -3.34911
       -3.25150
       -3.09932
       -2.81653
       -2.64414
       -2.62857
       -2.65921
       -2.62757
       -2.57931
       -2.54969
       -2.47764
       -2.41075
       -2.34427
       -2.29150
       -2.20584
       -2.20078
       -2.14159
       -1.99553
       -1.86640
       -1.74341
       -1.66726
       -1.58854
       -1.52629
       -1.44177
       -1.37550
       -1.24160
       -1.14268
       -1.03395
       -0.94098
       -0.84017
       -0.73644
       -0.61733
       -0.48132
       -0.34960
       -0.24286
       -0.14516
       -0.04906
        0.05372
        0.14284
        0.23460
        0.31928
        0.40429
        0.48142
        0.55963
        0.63155
