        0.21966
        0.23718
        0.22179
        0.24168
        0.22894
        0.25145
        0.24134
        0.26556
        0.25582
        0.28236
        0.27479
        0.30040
        0.29536
        0.32534
        0.32229
        0.35159
        0.35314
        0.39042
        0.38783
        0.42783
        0.42157
        0.45354
        0.45138
        0.48922
        0.48715
        0.51153
        0.49251
        0.50465
        0.48875
        0.49521
        0.48491
        0.52977
        0.54240
        0.56608
        0.52841
        0.53459
        0.50403
        0.52010
        0.46835
        0.46302
        0.40265
        0.42752
        0.41845
        0.44347
        0.47722
        0.57088
        0.58980
        0.59655
        0.59253
        0.64861
        0.72653
        0.78861
        0.81874
        0.91489
        0.91937
        0.95800
        1.02856
        1.17130
        1.21637
        1.29766
        1.34714
        1.39470
        1.48673
        1.65739
        1.67650
        1.68727
        1.66189
        1.75755
        1.77569
        1.87458
        1.94159
        2.04475
        2.16602
        2.47895
        2.55981
        2.73004
        2.76166
        2.99353
        3.14111
        3.38442
        3.48247
        3.61637
        3.65718
        3.79355
        3.89761
        4.22941
        4.27479
        4.41977
        4.59936
        4.88460
        5.07208
        5.08638
        5.20624
        5.50561
        5.55661
        5.56667
        5.76498
        6.07611
        6.12709
        6.36665
        6.41727
        6.42118
        6.38813
        6.46751
        6.51166
        6.58859
        6.46261
        6.53538
        6.48745
        6.55684
        6.59089
        6.65761
        6.42394
        6.57484
        6.69170
        6.75214
        6.32221
        7.29266
        6.67232
        6.81851
        7.39693
        6.51255
        5.48785
        6.85650
        6.48704
        5.38020
        6.05562
        6.86616
        6.09540
        5.74078
        6.52043
        6.16166
        6.25657
        6.77894
        6.87301
        7.19809
        7.38950
        7.31571
        7.30545
        7.42723
        7.21406
        7.23267
        7.51544
        7.43082
        7.51042
        7.82326
        7.60209
        7.51493
        7.69376
        7.70660
        7.88543
        7.99828
        8.37710
        8.48995
        8.26877
        8.38162
        8.46044
        8.37329
        8.35211
        8.56496
        8.84378
        9.15663
        9.23545
        9.34830
        9.52712
        9.43997
        9.21879
        9.23164
        9.31046
        9.32331
        9.20214
        9.31498
        9.59381
        9.50665
        9.48548
        9.59832
        9.97715
        9.88999
        9.76882
        9.88166
        9.96049
        9.27334
        8.95216
        8.86501
        8.54383
        8.65668
        8.83550
        8.54835
        8.62717
        8.94002
        9.41884
        9.53169
        9.91051
       10.22336
       10.20218
       10.31503
       10.69385
       10.80670
       10.88552
       10.99837
       10.67720
        9.69004
        9.16887
        8.68171
        8.16054
        7.97338
        7.95221
        8.06505
        7.64388
        7.65673
        8.33555
        8.64840
        9.12722
        9.94007
       10.41889
       10.83174
       11.21056
       11.62341
       12.10223
       12.41508
       12.49390
       12.40675
       12.28557
       12.49842
       12.87724
       13.19009
       13.26891
       13.58176
       13.76059
       13.57343
       13.45226
       13.46510
       13.44393
       13.65677
       13.33560
       13.44844
       13.42727
       12.84012
       12.41894
       12.03179
       11.81061
       11.72346
       11.60228
       11.31513
       10.79395
       10.70680
       10.68562
       10.59847
       10.37729
       10.29014
       10.26896
       10.08181
       10.16063
       10.17348
       10.15230
       10.06515
       10.24397
       10.45682
       10.83565
       11.54849
       11.72732
       12.14016
       12.51899
       12.83183
       12.61066
       12.72350
       13.30233
       13.81518
       13.59400
       13.20685
       13.58567
       14.69852
       15.47734
       15.69019
       15.86901
       16.38186
       16.86068
       17.57353
       18.45235
       19.06520
       19.14402
       19.25687
       19.83569
       20.34854
       20.62736
       20.74021
       20.51904
       20.53188
       20.41071
       20.72355
       20.90238
       21.11522
       20.59405
       20.60689
       20.88572
       21.39857
       21.37739
       21.29024
       21.16906
       21.58191
       21.56073
       20.67358
       20.35240
       20.56525
       21.84407
       23.15692
       24.83574
       25.94859
       25.92741
       25.74026
       25.51908
       24.83193
       23.91075
       23.92360
       23.70242
       23.71527
       22.99410
       22.30694
       21.58577
       21.99861
       22.67744
       23.19028
       23.06911
       22.58195
       20.76078
       18.07363
       16.25245
       16.66530
       18.34412
       19.35697
       19.43579
       18.84864
       19.22746
       20.04031
       19.71913
       19.73198
       18.61080
       17.72365
       17.10247
       16.71532
       16.69414
       16.40699
       17.58581
       19.49866
       19.87749
       22.89033
       30.46916
       13.38200
        2.56083
       -0.32633
        5.35250
        7.46534
        9.04417
       10.95702
       11.03584
       12.64869
       15.02751
       16.24036
       14.61918
       16.13203
       18.81085
       20.82370
       23.50252
       26.11537
       27.69419
       30.20704
       32.48586
       32.69871
       31.27753
       30.49038
       32.76920
       35.38205
       35.26087
       35.77372
       31.75255
       28.46539
       28.74422
       33.35706
       36.93589
       31.74873
       27.72756
       29.24040
       28.81923
       26.83208
       26.41090
       24.92375
       24.30257
       25.91542
       24.29424
       21.40709
       21.68591
       17.79876
       18.47758
       19.69043
       18.86925
       19.68210
       19.36092
       18.57377
       23.65259
       25.46544
       24.94426
       24.65711
       23.83594
       26.84878
       26.12761
       23.34045
       25.01928
       25.33212
       27.11095
       28.22379
       30.20262
       31.61547
       28.49429
       27.00714
       29.38596
       31.39881
       31.57763
       32.49048
       29.86930
       30.58215
       31.96097
       33.57382
       34.25264
       34.26549
       32.44431
       30.95716
       31.13598
       33.54883
       34.32765
       34.84050
       34.21933
       30.73217
       30.51100
       27.72384
       24.40267
       23.71551
       22.89434
       21.80718
       20.68601
       18.09886
       16.87768
       20.59053
       21.56935
       20.98220
       20.06102
       21.27387
       24.25269
       25.66554
       28.04436
       29.85721
       29.93603
       32.14888
       32.92770
       32.24055
       30.71937
       29.33222
       28.21104
       27.12389
       26.30271
       25.31556
       19.09439
       15.90723
       18.98606
       21.49890
       20.07773
       19.39057
       18.16940
       14.58224
       17.96107
       21.07392
       19.35274
       18.06559
       16.74441
       18.95726
       21.03608
       20.74893
       19.42775
       18.14060
       18.91942
       19.43227
       19.71109
       19.82394
       19.70276
       19.61561
       18.49443
       18.30728
       18.68610
       17.79895
       17.77778
       17.59062
       17.56945
       17.68229
       18.06112
       18.07396
       17.85279
       18.86563
       19.64446
       20.35731
       20.03613
       20.84898
       21.72780
       21.64065
       22.31947
       23.63232
       23.11114
       22.92399
       21.60281
       21.31566
       21.49448
       21.50733
       20.48615
       20.79900
       21.37782
       20.99067
       21.26949
       20.58234
       20.36116
       21.17401
       20.55284
       20.26568
       20.84451
       24.25735
       25.83618
       23.94902
       24.22785
       25.94069
       25.51952
       26.73237
       28.01119
       26.52404
       25.50286
       26.21571
       24.89453
       22.90738
       23.58620
       23.29905
       21.47787
       19.89072
       18.96954
       20.18239
       18.56121
       16.57406
       17.15288
       16.56573
       14.54455
       14.55740
       15.03623
       15.14907
       15.82790
       16.34074
       15.91957
       16.43241
       16.51124
       15.22408
       15.20291
       20.31576
       22.09458
       19.90743
       18.08625
       19.29910
       22.67792
       23.49077
       21.86959
       21.88244
       23.66126
       23.97411
       22.85293
       23.56578
       22.04460
       21.55745
       21.13627
       21.84912
       22.92794
       23.34079
       22.01961
       20.23246
       19.71129
       21.92413
       22.70296
       22.41580
       23.19463
       23.30747
       21.68630
       21.19914
       21.97797
       22.19082
       23.06964
       22.78249
       21.76131
       22.07416
       22.65298
       22.76583
       22.64465
       22.75750
       23.13632
       23.64917
       22.82799
       22.24084
       22.91966
       24.03251
       23.71133
       23.82418
       24.30300
       25.01585
       24.39468
       24.30752
       23.98635
       23.09919
       22.77802
       22.69086
       20.86969
       20.48253
       19.76136
       18.17421
       17.25303
       17.06588
       16.84470
       16.75755
       16.43637
       15.84922
       15.92804
       15.94089
       16.01971
       16.43256
       16.01138
       15.72423
       15.30305
       15.01590
       15.19472
       16.10757
       15.68639
       15.49924
       15.67807
       15.89091
       16.26974
       16.28258
       16.16141
       15.77425
       15.95308
       15.76592
       15.84475
       16.05759
       16.03642
       15.94927
       15.12809
       15.84094
       15.21976
       14.13261
       13.61143
       14.72428
       13.50310
       12.61595
       11.99477
       11.90762
       12.38644
       12.29929
       11.97811
       11.39096
       11.06978
       10.58263
        9.86145
       10.17430
        9.55313
        7.96597
        7.44480
        7.55764
        7.63647
        8.24931
        8.82814
        8.24098
        7.11981
        6.13266
        6.11148
        5.92433
        6.00315
        6.01600
        6.59482
        7.10767
        7.38649
        7.29934
        6.97816
        6.59101
        5.86983
        6.38268
        6.76150
        6.37435
        6.45317
        6.06602
        5.54484
        5.35769
        5.13652
        4.34936
        4.42819
        4.44103
        4.91986
        5.63270
        5.81153
        5.82437
        5.70320
        4.81605
        4.49487
        4.90772
        4.28654
        3.59939
        2.57821
        2.39106
        1.96988
        1.98273
        1.56155
        1.27440
        0.95322
        0.56607
       -0.05511
        0.55774
        0.93656
        1.04941
        1.02823
        0.74108
        0.61990
       -0.16725
       -0.58842
       -0.67558
       -0.49675
       -0.18391
       -0.80508
       -1.29224
       -1.21341
       -1.50057
       -1.62174
       -1.80889
       -2.23007
       -2.21722
       -2.33840
       -2.52555
       -2.64673
       -3.23388
       -3.35506
       -3.44221
       -4.16339
       -4.65054
       -5.27172
       -5.95887
       -6.48005
       -7.36720
       -7.38838
       -7.87553
       -8.49671
       -8.98386
       -9.30503
       -8.79219
       -8.51336
       -8.40052
       -8.52169
       -8.60885
       -9.03002
       -9.01718
       -9.43835
       -9.82550
       -9.64668
       -8.63383
       -8.15501
       -8.34216
       -8.66334
       -9.45049
      -10.07167
      -10.35882
      -10.28000
       -9.16715
       -8.88833
       -8.57548
       -8.39666
       -8.38381
       -8.50499
       -9.29214
      -10.31332
       -9.30047
       -9.22165
       -8.90880
       -9.82997
      -11.01713
      -11.73830
      -13.42546
      -13.34663
      -13.53379
      -13.55496
      -13.04212
      -12.26329
      -12.05044
      -13.57162
      -13.55877
      -11.97995
      -11.06710
      -10.68828
      -11.97543
      -12.99661
      -14.08376
      -14.60494
      -15.39209
      -16.31327
      -16.90042
      -17.12160
      -17.30875
      -17.12993
      -17.21708
      -16.93826
      -16.82541
      -16.94658
      -17.33374
      -17.35491
      -17.14207
      -16.66324
      -16.75040
      -17.37157
      -18.45873
      -18.17990
      -19.06705
      -19.78823
      -19.87538
      -19.49656
      -19.38371
      -19.50489
      -19.99204
      -20.11322
      -19.90037
      -20.62155
      -20.50870
      -20.82988
      -21.01703
      -20.83821
      -21.62536
      -22.54654
      -23.23369
      -24.15487
      -24.44202
      -24.96320
      -25.75035
      -26.87152
      -27.65868
      -28.47985
      -28.66701
      -29.58818
      -30.77534
      -31.39651
      -32.08367
      -32.90484
      -34.29199
      -34.91317
      -35.90032
      -36.32150
      -36.20865
      -36.32983
      -37.01698
      -37.63816
      -37.62531
      -38.34649
      -39.03364
      -38.85482
      -39.64197
      -39.96315
      -40.35030
      -40.97148
      -41.05863
      -41.97981
      -41.96696
      -41.78813
      -41.57529
      -41.39646
      -41.48362
      -41.30479
      -41.59195
      -42.41312
      -42.90028
      -43.42145
      -43.40860
      -43.82978
      -43.81693
      -43.43811
      -44.02526
      -43.34644
      -43.53359
      -44.35477
      -44.54192
      -44.26310
      -42.85025
      -41.77143
      -40.85858
      -39.77976
      -39.36691
      -38.68809
      -37.57524
      -36.89642
      -36.28357
      -35.70474
      -35.49190
      -35.51307
      -35.70023
      -35.62140
      -35.30856
      -34.92973
      -34.51689
      -33.93806
      -33.02521
      -32.44639
      -32.13354
      -31.85472
      -32.04187
      -31.96305
      -31.45020
      -31.77138
      -31.95853
      -32.57971
      -33.16686
      -33.88804
      -34.87519
      -35.79637
      -36.88352
      -37.90470
      -38.99185
      -40.01303
      -41.00018
      -42.02136
      -42.70851
      -43.02968
      -43.61684
      -43.93801
      -43.82517
      -43.94634
      -44.03350
      -43.85467
      -44.14183
      -43.96300
      -42.95015
      -42.57133
      -42.25848
      -42.27966
      -41.96681
      -42.28799
      -42.07514
      -42.09632
      -42.58347
      -43.00465
      -43.69180
      -44.61298
      -45.30013
      -45.92131
      -46.80846
      -47.92964
      -48.11679
      -48.73797
      -49.62512
      -50.54629
      -50.73345
      -50.65462
      -50.94178
      -50.76295
      -51.45011
      -52.47128
      -52.85844
      -52.97961
      -53.16676
      -53.48794
      -53.57509
      -53.19627
      -53.38342
      -53.00460
      -52.99175
      -52.81293
      -52.80008
      -52.62126
      -53.00841
      -54.12959
      -53.81674
      -52.93792
      -52.02507
      -52.54625
      -51.23340
      -50.25458
      -50.14173
      -49.46291
      -49.25006
      -49.57123
      -49.45839
      -49.37956
      -48.96672
      -49.08789
      -48.27505
      -48.39622
      -46.68338
      -46.40455
      -46.39170
      -46.41288
      -44.90003
      -44.72121
      -44.60836
      -44.92954
      -44.71669
      -42.93787
      -42.32502
      -42.44620
      -41.73335
      -41.65453
      -41.24168
      -40.66286
      -39.25001
      -38.67119
      -39.95834
      -40.27952
      -41.26667
      -43.88784
      -44.67500
      -45.59617
      -45.28333
      -45.80450
      -45.69166
      -44.31283
      -43.59999
      -42.12116
      -40.70831
      -38.42949
      -36.41664
      -34.63782
      -33.12497
      -31.84615
      -30.03330
      -28.05448
      -27.24163
      -26.16281
      -24.94996
      -23.57114
      -22.15829
      -21.17947
      -20.46662
      -19.88780
      -19.37495
      -18.89613
      -18.68328
      -18.40446
      -18.29161
      -18.61278
      -18.59994
      -20.02111
      -20.20827
      -20.62944
      -20.41660
      -20.73777
      -21.22493
      -22.44610
      -23.43325
      -24.35443
      -24.84158
      -24.96276
      -25.44991
      -25.27109
      -25.25824
      -25.87942
      -26.96657
      -28.18775
      -28.77490
      -29.19608
      -29.28323
      -29.90441
      -30.09156
      -30.41274
      -30.89989
      -31.72107
      -32.50822
      -33.22939
      -33.01655
      -32.73772
      -32.82488
      -32.34605
      -32.43321
      -32.65438
      -32.64154
      -33.36271
      -34.54986
      -34.67104
      -34.95819
      -34.47937
      -33.86652
      -32.38770
      -31.17485
      -30.49603
      -29.78318
      -30.20436
      -30.49151
      -30.81269
      -31.19984
      -31.22102
      -31.40817
      -31.82935
      -31.51650
      -31.33768
      -31.22483
      -30.64600
      -30.13316
      -30.05433
      -30.04149
      -29.46266
      -28.64982
      -27.67099
      -27.05815
      -26.07932
      -25.66648
      -25.08765
      -23.97480
      -23.39598
      -22.08313
      -21.80431
      -21.59146
      -21.81264
      -21.39979
      -21.42097
      -22.10812
      -33.12930
      -43.31645
      -42.13763
      -52.62478
      -48.24596
      -51.83311
      -59.95429
      -67.84144
      -78.56262
      -79.04977
      -81.17094
      -78.65810
      -83.27927
      -85.86643
      -87.48760
      -86.17476
      -85.39593
      -83.98309
      -90.90426
      -90.89141
      -87.41259
      -81.29974
      -74.52092
      -71.60807
      -70.42925
      -70.11640
      -73.33758
      -77.02473
      -70.64591
      -70.33306
      -73.75424
      -77.24139
      -78.16257
      -72.74972
      -66.37090
      -62.85805
      -61.47923
      -58.96638
      -58.48755
      -58.07471
      -57.29588
      -57.58304
      -56.60421
      -56.09137
      -54.11254
      -53.39970
      -54.62087
      -56.20802
      -61.22920
      -63.81635
      -63.43753
      -64.92468
      -68.34586
      -67.13301
      -68.65419
      -68.94134
      -69.06252
      -65.44967
      -65.37085
      -61.75800
      -74.77918
      -74.06633
      -80.88751
      -81.17466
      -86.49584
      -89.98299
      -87.00417
      -85.49132
      -76.01249
      -73.79965
      -76.42082
      -80.40798
      -83.92915
      -85.61631
      -88.23748
      -91.82464
      -95.24581
      -96.23296
     -101.15414
     -100.34129
     -106.66247
     -106.44962
      -93.17080
      -85.25795
      -73.57913
      -69.86628
      -45.08746
      -34.67461
      -27.19579
       -4.78294
        7.19588
        9.90873
        9.68755
        7.50040
       -0.02078
       -5.80793
      -19.92910
      -25.31626
      -19.43743
      -21.02459
      -15.84576
      -12.73292
      -13.45409
      -17.34125
      -17.16242
      -24.74957
      -20.87075
      -24.05790
      -19.07908
      -20.86623
      -20.08741
      -17.27456
      -17.19574
      -18.48289
      -21.80407
      -24.89122
      -25.11240
      -26.99955
      -29.22073
      -31.60788
      -31.02906
      -30.91621
      -31.93739
      -30.62454
      -30.04572
      -26.43287
      -23.55404
      -22.94120
      -21.36237
      -15.14953
      -10.97070
       -8.45786
       -4.57903
       -2.06619
        1.11264
        3.02549
        4.80431
        6.71716
        9.59598
       10.80883
       11.98765
       12.80050
       12.57932
        9.89217
        5.17099
        1.98384
       -0.63734
       -6.12449
      -10.04567
      -12.43282
      -14.95400
      -16.54115
      -17.46233
      -20.14948
      -19.47065
      -19.15781
      -18.97898
      -19.06614
      -17.48731
      -14.37447
      -13.39564
      -14.78280
      -15.10397
      -13.59112
      -13.21230
      -15.29945
      -16.52063
      -15.60778
      -15.62896
      -15.81611
      -13.13729
      -11.42444
      -10.04562
       -9.33277
      -10.15395
      -12.14110
      -11.86228
      -11.44943
      -13.37061
      -16.05776
      -18.17894
      -19.36609
      -18.48727
      -15.57442
      -14.69559
      -14.18275
      -10.50392
       -8.79108
       -5.71225
       -5.49941
       -6.52058
       -2.70774
        3.47109
        6.08394
        2.86276
        2.57561
        4.25443
        2.96728
       -1.65390
       -4.34105
       -6.46223
      -11.04938
      -14.87056
      -17.65771
      -19.57889
      -20.86604
      -20.18722
      -20.97437
      -21.39555
      -20.48270
      -17.70388
      -15.89103
      -15.31220
      -15.89936
      -17.52053
      -18.70769
      -17.82886
      -18.31602
      -21.33719
      -23.82435
      -25.94552
      -27.83267
      -26.85385
      -25.54100
      -28.26218
      -24.84933
      -21.17051
      -17.85766
      -16.07884
      -17.36599
      -16.48717
      -14.37432
      -15.39550
      -16.18265
      -15.50383
      -15.09098
      -13.81216
      -13.29931
      -13.12049
      -12.10764
      -13.62881
      -13.71597
      -15.43714
      -16.22430
      -16.44547
      -16.23263
      -16.15380
      -15.34096
      -14.26213
      -13.44928
      -13.17046
      -13.45761
      -12.57879
      -11.16594
      -10.98712
      -10.57427
      -10.39545
      -10.98260
      -10.80378
       -9.99093
       -8.31211
       -5.39926
       -4.82044
       -5.70759
       -7.32877
       -8.91592
       -9.63710
       -9.32425
       -8.64543
       -8.33258
       -7.95375
       -7.64091
       -7.26208
       -7.14924
       -8.47041
      -10.15757
      -10.77874
      -10.86590
      -10.58707
      -12.97422
      -15.99540
      -17.38255
      -18.80373
      -16.09088
      -12.81206
      -12.59921
      -13.72039
      -14.20754
      -12.12872
       -9.81587
       -7.93705
       -5.52420
       -3.64538
       -2.63253
       -1.95371
       -1.54086
       -1.56204
       -2.04919
       -1.77036
       -1.45752
       -1.27869
       -1.16585
       -1.98702
       -3.57418
       -5.19535
       -6.38251
       -6.90368
       -8.49083
       -9.31201
       -8.69916
       -8.62034
      -10.00749
      -10.62867
      -11.01582
      -11.83700
      -12.22415
      -13.14533
      -13.53248
      -14.75366
      -14.84081
       -8.66199
       -7.44914
       -9.77032
      -10.45747
      -11.37865
      -11.86580
      -10.28698
       -8.67413
       -5.49530
       -2.28246
        0.29637
        1.80921
        3.48804
        4.10088
        5.27971
        5.59255
        6.17138
        8.08423
        9.06305
       10.77590
       16.35472
       20.16757
       19.84639
       17.15924
       16.73806
       18.05091
       18.02973
       17.74258
       18.72140
       18.33425
       18.21307
       18.42592
       18.30474
       19.11759
       20.39641
       21.00926
       21.38809
       21.90093
       22.07976
       22.99260
       24.87143
       24.68427
       23.66310
       22.47594
       23.05477
       24.06762
       24.24644
       23.05929
       22.13811
       22.35096
       23.22978
       24.24263
       23.52145
       21.73430
       21.51312
       23.72597
       23.10479
       22.01764
       22.39646
       23.60931
       24.58813
       25.30098
       25.77980
       26.79265
       30.97147
       34.48432
       36.26315
       35.67599
       34.55482
       31.36766
       27.74649
       22.25933
       16.53816
       13.75100
       11.52983
        6.94268
        4.12150
        2.33435
        1.91317
       -0.07398
       -2.69516
       -4.78231
       -6.90349
       -6.99064
       -6.91182
       -6.89897
       -6.02015
       -4.30730
       -3.42848
       -3.21563
       -3.83681
       -5.02396
       -5.94514
       -5.33229
       -3.75346
       -0.84062
        1.33821
        4.55105
        6.82988
        8.34272
       10.52155
       13.43439
       16.61322
       20.82607
       23.30489
       26.71774
       30.69656
       32.60941
       33.98823
       35.70108
       37.37990
       39.09275
       39.17157
       39.28442
       40.56324
       37.17609
       34.45491
       33.66776
       30.64658
       31.05943
       32.23825
       32.75110
       29.72993
       26.04277
       19.92160
       16.83444
       12.11327
        9.22611
       10.30494
       11.41778
        6.39661
       -1.69055
      -16.61172
      -20.29887
      -15.32005
      -12.50720
      -11.32838
       -9.21553
      -10.03671
      -12.52386
      -12.94504
      -14.23219
      -16.05337
      -15.74052
      -15.46170
      -13.24885
       -9.47003
       -8.15718
       -4.97836
       -0.66551
        1.41331
        2.22616
        3.60499
        6.81783
       10.09666
       11.80950
       16.78833
       19.50117
       24.78000
       29.29284
       28.77167
       32.58452
       34.06334
       34.37619
       34.95501
       36.76786
       40.54668
       42.65953
       42.63835
       40.45120
       38.53002
       37.84287
       38.02169
       39.83454
       39.11336
       34.92621
       32.20503
       30.11788
       28.09670
       26.50955
       22.98838
       19.10122
       13.78005
        8.49289
        4.97172
        1.18456
       -0.83661
       -2.02377
       -2.64494
       -3.83209
       -4.15327
       -2.84042
       -1.76160
       -0.44875
        1.43007
        3.14292
        5.62174
        8.73459
       14.11341
       17.72626
       19.30508
       20.41793
       24.29675
       25.90960
       25.38842
       23.60127
       23.28009
       26.19294
       28.27176
       30.78461
       32.96344
       33.77628
       34.95511
       37.66795
       41.84678
       45.25962
       49.43845
       53.35129
       58.43012
       62.64297
       68.22179
       72.93464
       76.31346
       79.12631
       82.60513
       83.41798
       81.39680
       78.00965
       76.38847
       66.50132
       55.98014
       50.29299
       42.77181
       32.78466
       22.16348
       11.87633
        3.15515
       -6.03200
      -15.45317
      -21.94033
      -21.76150
      -19.44866
      -14.26983
      -10.95699
      -15.17816
      -18.26532
      -22.58649
      -26.97364
      -30.09482
      -34.08197
      -38.70315
      -45.39030
      -51.21148
      -54.69863
      -59.21981
      -62.90696
      -65.72814
      -65.81529
      -60.53647
      -51.32362
      -37.54480
      -25.83195
      -12.75313
        2.25972
       13.53854
       21.15139
       29.33021
       32.14306
       36.12189
       37.53473
       36.81356
       30.22640
       27.20523
       25.21807
       26.59690
       27.30974
       27.28857
       28.10142
       27.78024
       27.89309
       30.17191
       28.48476
       29.46358
       29.47643
       26.95525
       24.46810
       21.04692
       24.65977
       30.73859
       33.95144
       34.43026
       35.04311
       36.62193
       36.33478
       29.61360
       16.12645
        0.00528
      -12.28188
      -22.50305
      -21.69021
      -27.31138
      -31.59854
      -29.51971
      -26.40687
      -21.92804
      -13.71519
       -7.63637
        2.57648
       10.65530
       16.86815
       21.34697
       26.95982
       30.13864
       34.45149
       40.03031
       44.44316
       45.92198
       46.73483
       47.71365
       45.42650
       42.40532
       41.41817
       39.79699
       39.60984
       36.68866
       31.10151
       30.88034
       30.19318
       25.27201
       21.78485
       18.36368
       17.27652
       18.55535
       18.16819
       18.94702
       19.45987
       18.03869
       14.85154
       11.63036
        9.44321
       12.52203
       11.53488
        7.71370
       -0.27345
      -10.69463
      -17.38178
      -15.80296
      -14.99011
      -18.01129
      -17.99844
      -19.01962
      -23.10677
      -29.22795
      -33.31510
      -34.13627
      -34.12343
      -32.54460
      -30.03176
      -26.95293
      -21.04009
      -17.76126
      -15.94842
      -12.86959
       -8.65674
       -7.07792
       -2.06507
        1.31375
        2.22660
        4.10542
       11.11827
       18.49709
       23.80994
       22.88876
       20.20161
       14.78043
       10.79328
       10.67210
       12.08495
       12.16377
       10.07662
        9.05544
        9.86829
       12.34712
       11.65996
       11.73879
       12.75163
       15.43046
       18.54330
       21.22213
       25.03497
       27.91380
       26.82665
       26.40547
       26.51832
       25.49714
       24.80999
       25.78881
       28.40166
       30.18048
       29.09333
       28.87215
       29.98500
       31.56382
       32.07667
       33.85549
       33.96834
       35.04716
       35.26001
       34.63883
       35.65168
       38.03050
       41.34335
       40.52218
       39.53502
       40.61385
       40.12669
       40.20552
       41.11836
       43.29719
       43.01003
       42.58886
       42.30171
       42.08053
       44.79338
       49.07220
       50.48505
       48.36387
       45.37672
       43.05554
       43.16839
       43.24721
       45.76006
       48.03888
       49.75173
       52.23055
       52.44340
       51.72222
       51.43507
       54.01389
       53.92674
       52.60557
       48.61841
       46.69724
       48.51008
       51.08891
       57.70175
       61.58058
       63.19342
       63.57225
       66.28510
       65.26392
       66.17677
       61.55559
       60.46844
       63.14726
       65.36011
       65.73893
       67.95178
       68.33060
       63.84345
       63.12227
       65.13512
       66.91394
       66.52679
       65.60561
       64.91846
       64.39728
       61.41013
       64.38895
       64.20180
       64.78063
       62.89347
       61.57230
       59.38514
       56.96397
       55.97681
       54.95564
       54.56848
       52.84731
       49.66016
       47.93898
       46.15183
       46.23065
       44.24350
       44.32232
       44.73517
       48.31399
       48.12684
       47.90566
       47.81851
       47.39733
       46.31018
       41.78900
       40.80185
       45.18067
       47.89352
       46.77234
       44.18519
       43.96402
       44.57686
       44.85569
       42.06853
       44.84736
       50.86020
       54.83903
       57.25187
       59.43070
       62.04355
       63.22237
       63.23522
       63.21404
       61.32689
       60.50571
       59.51856
       59.09738
       59.21023
       59.38905
       58.30190
       58.18072
       59.39357
       59.87239
       59.18524
       57.16406
       55.97691
       54.75573
       54.06858
       53.34740
       53.36025
       53.73908
       53.65192
       54.43075
       53.34359
       55.12242
       54.93526
       53.51409
       52.52693
       53.30576
       54.21861
       51.89743
       47.81028
       44.48910
       41.40195
       41.28077
       39.99362
       37.87244
       36.28529
       35.76411
       33.87696
       32.75578
       32.26863
       31.54745
       30.16030
       29.43912
       30.55197
       29.73079
       30.94364
       29.72247
       27.53531
       27.41414
       26.02698
       24.10581
       23.61865
       24.09748
       24.81032
       24.08915
       25.20200
       26.08082
       26.19367
       23.07249
       22.58534
       24.36416
       24.17701
       25.15583
       24.06868
       22.74750
       22.16035
       22.23917
       23.75202
       24.83084
       25.64369
       27.02251
       25.73536
       25.01418
       25.82703
       24.90586
       23.91870
       25.89753
       25.31037
       24.48920
       22.20204
       19.38087
       18.09371
       15.67254
       15.38538
       13.06421
       10.77706
        9.65588
        8.26873
        7.24755
        6.46040
        6.13922
        7.65207
       10.03089
       11.84374
       11.82256
       13.53541
       14.41423
       14.62708
       14.40590
       15.71875
       16.29757
       16.11042
       16.58924
       18.10209
       19.28092
       17.49376
       15.97259
       15.48543
       15.66426
       15.57710
       14.85593
       13.66877
       13.04760
       12.56045
       11.93927
       10.95212
       11.03094
        8.64379
        6.92261
        6.73546
        6.51428
        5.02713
        5.10595
        5.81880
        6.19762
        6.81047
        6.08929
        7.00214
        5.98096
        5.39381
        5.57263
        6.88548
        7.56431
        6.67715
        7.35598
        6.56882
        6.04765
        7.56049
        8.13932
        7.35216
        7.93099
        8.54384
        9.32266
        9.93551
        9.41433
        8.92718
        8.70600
        8.81885
        9.39767
        9.11052
        8.28934
        7.90219
        8.48101
        7.59386
        7.27268
        6.78553
        6.76435
        5.77720
        7.85602
        7.96887
        7.24769
        5.76054
        3.23937
        2.45221
        2.13104
        1.54388
        1.72271
        1.23555
        0.61438
        0.42722
        0.20605
        0.11890
        0.69772
       -0.28943
        0.28939
        0.50224
       -0.51894
        1.09391
       -0.32727
       -2.11442
       -3.23560
       -4.22275
       -5.54393
       -6.33108
       -7.05226
       -8.23941
       -7.76059
       -4.44774
       -2.76892
       -0.05607
        0.62276
       -0.56440
       -1.78557
       -2.27273
       -0.09390
        2.21894
        5.09777
        6.21061
        8.18944
        8.70229
        8.88111
        6.69396
        5.77278
        5.38563
        5.26445
        2.87730
        2.25612
       -0.13103
       -1.45221
       -1.63936
       -2.36054
       -0.94769
        1.23113
        1.14398
       -1.07720
       -0.36435
        0.51447
       -1.67268
       -2.59386
       -1.18101
       -1.80218
       -2.88934
       -6.71051
       -8.29767
       -1.71884
       -0.00600
        0.27283
       -0.11433
       -2.83550
       -6.02265
       -7.74383
       -9.33098
       -8.55216
       -9.63931
      -11.06049
      -11.04764
      -12.76882
      -14.25597
      -15.87715
      -15.56430
      -15.08548
      -14.57263
      -12.19381
      -12.68096
      -12.00214
      -12.18929
      -12.31047
      -12.59762
      -14.91879
      -17.30595
      -18.42712
      -19.31428
      -19.23545
      -20.92261
      -21.74378
      -23.63094
      -24.75211
      -25.83926
      -25.56044
      -24.34759
      -23.86877
      -22.85592
      -23.17710
      -22.16425
      -21.98543
      -20.67258
      -19.49376
      -18.58091
      -17.90209
      -18.48924
      -20.21042
      -21.39757
      -21.51875
      -21.80590
      -22.72708
      -20.31423
      -20.23541
      -21.12256
      -20.94373
      -20.73089
      -20.15206
      -20.33922
      -20.06039
      -20.04755
      -20.46872
      -21.45588
      -20.97705
      -21.46420
      -22.18538
      -22.77253
      -23.39371
      -23.88086
      -22.30204
      -22.68919
      -22.11037
      -21.19752
      -20.61870
      -20.40585
      -20.72703
      -20.01418
      -20.53536
      -21.02251
      -22.14369
      -23.63084
      -24.75202
      -24.43917
      -24.46034
      -24.64750
      -24.66867
      -25.05583
      -24.97700
      -24.76416
      -23.48533
      -22.67249
      -22.19366
      -22.78081
      -23.00199
      -23.88914
      -24.71032
      -24.69747
      -25.81865
      -26.50580
      -26.72698
      -26.81413
      -26.73531
      -27.02246
      -26.14364
      -26.33079
      -26.05197
      -26.63912
      -27.06030
      -27.04745
      -27.26863
      -26.85578
      -26.27695
      -25.76411
      -25.98528
      -26.37244
      -25.79361
      -25.48077
      -26.80194
      -27.48910
      -27.01027
      -26.49743
      -25.81860
      -25.00575
      -25.02693
      -25.91408
      -26.83526
      -28.52241
      -29.54359
      -30.63074
      -33.55192
      -35.53907
      -36.76025
      -37.74740
      -39.26858
      -39.55573
      -39.37691
      -37.86406
      -36.08524
      -34.07239
      -32.39357
      -32.88072
      -31.60189
      -30.88905
      -30.71022
      -29.79738
      -28.11855
      -27.00571
      -26.62688
      -26.91404
      -27.73521
      -28.22236
      -27.54354
      -27.73069
      -27.55187
      -27.63902
      -27.76020
      -27.34735
      -27.46853
      -27.15568
      -26.87686
      -25.66401
      -24.48519
      -24.07234
      -23.89352
      -23.58067
      -23.70185
      -23.68900
      -23.71018
      -24.29733
      -24.81850
      -25.20566
      -25.12683
      -24.71399
      -24.63516
      -24.62232
      -24.84349
      -24.63065
      -24.05182
      -23.83897
      -23.96015
      -24.14730
      -24.06848
      -23.65563
      -22.97681
      -22.16396
      -22.08514
      -21.67229
      -21.39347
      -21.48062
      -22.00180
      -22.18895
      -21.61013
      -20.79728
      -20.11846
      -19.80561
      -19.82679
      -19.91394
      -19.93512
      -19.82227
      -19.64344
      -19.53060
      -19.35177
      -19.33893
      -19.56010
      -19.24726
      -18.66843
      -18.55559
      -18.47676
      -18.36391
      -17.98509
      -17.37224
      -16.89342
      -16.38057
      -16.50175
      -16.38890
      -16.21008
      -15.69723
      -15.31841
      -15.00556
      -14.72674
      -14.61389
      -14.73507
      -14.62222
      -14.44340
      -14.13055
      -13.05173
      -12.63888
      -12.86005
      -12.94721
      -12.96838
      -12.95554
      -13.57671
      -14.36387
      -15.18504
      -15.47220
      -15.99337
      -14.48052
      -14.30170
      -13.98885
      -13.91003
      -12.79718
      -12.91836
      -14.40551
      -14.12669
      -14.11384
      -14.43502
      -14.12217
      -13.04335
      -12.23050
      -11.85168
      -11.63883
      -12.06001
      -11.84716
      -11.76834
      -11.25549
      -10.87667
      -10.46382
       -9.68499
       -9.17215
       -8.89332
       -9.18048
       -9.10165
       -9.18881
       -8.80998
       -7.79714
       -7.51831
       -7.30546
       -7.02664
       -7.41379
       -8.33497
       -8.72212
       -8.64330
       -8.23045
       -7.85163
       -7.63878
       -6.75996
       -6.74711
       -7.26829
       -7.55544
       -7.87662
       -7.86377
       -7.88495
       -7.77210
       -7.39328
       -7.48043
       -6.80160
       -5.98876
       -5.00993
       -4.29709
       -3.51826
       -2.90542
       -2.82659
       -2.51375
       -2.23492
       -1.82207
       -1.64325
       -1.43040
       -1.35158
       -1.63873
       -1.75991
       -1.54706
       -1.36824
       -1.15539
       -1.17657
       -0.86372
       -0.58490
       -0.17205
        0.10677
        0.41962
        0.69844
        0.81129
        0.79011
        0.70296
        0.88179
        1.19463
        1.47346
        1.68630
        1.76513
        1.87797
        1.95680
        1.96964
        2.14847
        2.46131
        2.64014
        2.75299
        2.93181
        2.84466
        3.12348
        3.43633
        3.91515
        3.92800
        3.90682
        3.91967
        3.79849
        4.21134
        4.49016
        4.60301
        4.28183
        4.19468
        3.67350
        3.48635
        3.46517
        2.37802
        2.75685
        3.76969
        3.64852
        2.26136
        2.04019
        2.75303
        2.73186
        2.74470
        3.82353
        3.93638
        3.71520
        4.02805
        3.30687
        2.61972
        2.59854
        2.51139
        1.99021
        1.70306
        1.38188
        1.19473
        0.97355
        0.48640
       -0.23478
       -0.22193
       -0.14311
       -0.73026
        0.04856
        1.86141
        2.44024
        2.15308
        2.03191
        2.54475
        2.82358
        2.73642
        2.61525
        2.52809
        2.40692
        2.31977
        1.99859
        1.61144
        1.59026
        1.80311
        1.78193
        1.79478
        1.67360
        1.88645
        1.96527
        1.77812
        1.45694
        0.86979
        0.74861
        0.56146
        0.64028
        0.55313
        0.13195
        0.04480
        0.02362
        0.03647
        0.11530
        0.12814
        0.20697
        0.11981
       -0.20136
       -0.28852
       -0.40969
       -0.39685
       -0.41802
       -0.30517
       -0.42635
       -0.31350
       -0.13468
        0.27817
        0.55699
        0.86984
        1.14866
        1.16151
        0.94033
        0.25318
        0.03200
       -0.05515
       -0.37633
       -0.86348
       -1.38466
       -1.47181
       -1.59299
       -0.98014
       -0.10131
        0.61153
        0.89036
        0.80320
       -0.01797
       -0.80513
       -1.52630
       -2.21346
       -2.03463
       -1.42178
       -2.74296
       -4.43011
       -5.85129
       -7.33844
       -8.65962
       -9.14677
       -9.66795
       -9.95510
      -10.07628
       -9.96343
      -10.28461
       -9.67176
       -9.09294
       -8.38009
       -8.00127
       -8.08842
       -8.20960
       -8.09675
       -8.21793
       -8.10508
       -8.22625
       -8.91341
       -9.33458
       -9.42174
       -8.54291
       -8.03007
       -8.45124
       -8.63840
       -8.35957
       -7.44672
       -6.46790
       -5.55505
       -5.87623
       -6.76338
       -7.38456
       -7.77171
       -7.99289
       -7.88004
       -7.70122
       -7.38837
       -6.70955
       -6.29670
       -5.61788
       -5.40503
       -4.02621
       -2.31336
       -1.83454
       -1.32169
       -1.04286
       -1.33002
       -1.55119
       -1.43835
       -1.55952
       -1.54668
       -1.16785
       -1.15501
       -1.27618
       -1.66333
       -1.58451
       -1.57166
       -1.69284
       -1.67999
       -1.80117
       -1.78832
       -1.70950
       -1.69665
       -1.91783
       -2.20498
       -2.32616
       -2.31331
       -2.53449
       -2.52164
       -2.04282
       -1.82997
       -2.25115
       -2.43830
       -2.45948
       -2.64663
       -2.56780
       -2.35496
       -2.17613
       -2.46329
       -2.58446
       -2.87162
       -3.49279
       -3.57995
       -3.40112
       -2.48827
       -1.90945
       -1.79660
       -0.71778
        0.29507
        0.77389
        1.28674
        1.26556
        1.47841
        1.45723
        1.67008
        0.94890
        1.16175
        0.84057
        0.85342
        1.43224
        2.14509
        3.12391
        4.13676
        4.91559
        5.72843
        6.50726
        7.72010
        9.09893
       10.91177
       11.69060
       11.90344
       12.68227
       13.29512
       13.47394
       13.98679
       13.96561
       14.67846
       15.35728
       16.37013
       17.34895
       18.56180
       19.44062
       19.55347
       21.03229
       22.34514
       22.92396
       24.63681
       25.81288
       27.61608
       29.57686
       31.06281
       32.30518
       33.37175
       34.09506
       35.04025
       34.94895
       34.19171
       33.00146
       31.35170
       30.06172
       28.61073
       27.03094
       25.68348
       24.40246
       23.06319
       22.07868
       20.55913
       20.15318
       20.62903
       20.87259
       20.86145
       20.62514
       20.14298
       19.71878
       19.51004
       19.53548
       19.22954
       18.26514
       17.16667
       16.13377
       15.23296
       14.13613
       13.17257
       12.35712
       11.50219
       10.62561
        9.96025
        9.59612
        9.43040
        9.23081
        9.14418
        9.17768
        9.54771
        9.71926
        9.61578
        9.55095
        9.95558
       10.38340
       10.82820
       11.08139
       10.80190
       10.49110
        9.88152
        8.98676
        8.40809
        8.00121
        7.57304
        7.12074
        6.95594
        6.63919
        6.24505
        5.59675
        4.88852
        4.22538
        3.72662
        3.26448
        3.06045
        2.62450
        2.48804
        2.51776
        2.72079
        2.69201
        2.55825
        2.21669
        2.00936
        1.73447
        1.29789
        0.88925
        0.80847
        1.00320
        1.40483
        1.78557
        2.07061
        2.09966
        2.02537
        1.82394
        1.66519
        1.57063
        1.51260
        1.47887
        1.58547
        1.64900
        1.68767
        1.68740
        1.67010
        1.72898
        1.79063
        1.70815
        1.68036
        1.69282
        1.71417
        1.59387
        1.49599
        1.32392
        1.21123
        1.08731
        1.03088
        0.91967
        0.87271
        0.77357
        0.71490
        0.58971
        0.52776
        0.49057
        0.47242
        0.44502
        0.42439
        0.35512
        0.33798
        0.29127
        0.27341
        0.24421
        0.25477
        0.22888
        0.24171
        0.21867
        0.22645
        0.20675
        0.23923
        0.23466
        0.25733
        0.23444
        0.24605
        0.22856
        0.24363
        0.22477
        0.24108
        0.22310
        0.23877
        0.22041
        0.23667
