       -1.01084         0.25825
       -1.01680         0.25487
       -1.02988         0.26335
       -1.03645         0.26210
       -1.05086         0.26736
       -1.05692         0.26839
       -1.06013         0.27112
       -1.06917         0.26793
       -1.07417         0.27178
       -1.07690         0.27036
       -1.08346         0.27287
       -1.08174         0.26733
       -1.08698         0.27027
       -1.08191         0.26627
       -1.08272         0.26625
       -1.08128         0.26280
       -1.07813         0.26355
       -1.07367         0.25484
       -1.07077         0.25758
       -1.06968         0.25066
       -1.06272         0.24830
       -1.05884         0.24319
       -1.05227         0.23851
       -1.04849         0.23088
       -1.03851         0.22956
       -1.02109         0.21950
       -1.01744         0.21664
       -1.00810         0.20617
       -0.99196         0.20410
       -0.98130         0.19350
       -0.97490         0.18800
       -0.96401         0.17737
       -0.95087         0.17337
       -0.94098         0.15732
       -0.91493         0.15578
       -0.91395         0.14576
       -0.89545         0.14041
       -0.88634         0.12516
       -0.85919         0.12322
       -0.85000         0.10492
       -0.83483         0.09608
       -0.81459         0.09166
       -0.77740         0.09273
       -0.74923         0.08255
       -0.72393         0.09376
       -0.72467         0.05356
       -0.70804         0.05682
       -0.69432         0.03295
       -0.66871         0.03396
       -0.63452         0.01098
       -0.62222         0.01202
       -0.59968        -0.00232
       -0.57367         0.00051
       -0.54810        -0.03674
       -0.51481        -0.03501
       -0.48185        -0.04224
       -0.39710        -0.06909
       -0.37302        -0.08252
       -0.37417        -0.05977
       -0.35464        -0.09171
       -0.32954        -0.08018
       -0.31741        -0.09862
       -0.27472        -0.05835
       -0.23210        -0.04979
       -0.18728        -0.05562
       -0.18931        -0.04205
       -0.17753        -0.03803
       -0.17859        -0.05014
       -0.09584        -0.02203
       -0.07628        -0.03783
       -0.07164        -0.02230
       -0.04903         0.00454
       -0.06082         0.00356
       -0.07013        -0.00764
       -0.02729         0.05167
       -0.01371         0.04056
        0.01334         0.01532
        0.04912         0.04799
        0.06989         0.09656
        0.10522         0.02987
        0.13007         0.09404
        0.21511         0.15617
        0.20719         0.15240
        0.18322         0.12723
        0.16557         0.20656
        0.23990         0.14674
        0.21773         0.25033
        0.23306         0.27585
        0.24802         0.21780
        0.19381         0.18013
        0.33952         0.28140
        0.28151         0.23098
        0.36758         0.38758
        0.42278         0.32959
        0.52814         0.34106
        0.37109         0.36229
        0.46230         0.37195
        0.47543         0.35603
        0.37250         0.31712
        0.41861         0.35213
        0.45094         0.27487
        0.46311         0.23101
        0.50027         0.20296
        0.50733         0.18517
        0.53586         0.32995
        0.58725         0.24066
        0.47950         0.31191
        0.44564         0.34317
        0.54600         0.37811
        0.46873         0.36643
        0.59080         0.43873
        0.62264         0.36624
        0.51025         0.47762
        0.42214         0.49068
        0.60484         0.48982
        0.38665         0.38749
        0.25167         0.27842
        0.53873         0.12854
        0.37573         0.20894
        0.41882         0.33180
        0.48201         0.20549
        0.49918         0.27018
        0.33152         0.28911
        0.57681         0.28071
        0.46717         0.05210
        0.47365         0.20822
        0.49011         0.20279
        0.67143         0.27051
        0.22560         0.01918
        0.37748         0.06090
        0.52172         0.03922
        0.43833         0.02832
        0.40634         0.23011
        0.22361         0.35870
        0.32970         0.18378
        0.45730         0.19480
        0.74159         0.36899
        0.32826         0.41399
        0.46224         0.07060
        0.58275        -0.08333
        0.22966         0.33327
        0.50794         0.31507
        0.59842        -0.10671
        0.44018        -0.10962
        0.35359        -0.05282
        0.51082        -0.00349
        0.41471         0.09328
        0.47156        -0.14678
        0.52607        -0.11779
        0.59201        -0.25516
        0.51740        -0.20157
        0.71122        -0.23449
        0.66686        -0.14982
        0.55060        -0.30949
        0.90284        -0.12485
        0.74275        -0.17495
        0.52962        -0.28922
        0.43871        -0.47414
        0.24478        -0.67817
        0.39003        -0.36699
        0.65361        -0.62028
        0.86194        -0.62132
        0.82699        -0.38373
        0.73089        -0.60531
        0.97380        -0.49945
        0.98501        -0.60552
        1.18274        -0.76492
        1.26249        -0.87654
        1.27519        -0.69296
        1.00567        -0.50658
        1.25176        -0.62967
        1.12429        -0.76787
        1.17351        -0.68355
        0.92939        -0.42622
        1.17822        -0.66012
        1.18355        -0.79107
        1.11806        -0.69618
        1.14985        -0.62503
        1.16256        -0.48301
        1.34237        -0.68253
        1.39247        -0.67883
        1.04244        -0.68616
        1.12123        -0.88030
        1.10835        -0.56549
        0.86771        -0.42489
        0.88778        -0.55277
        0.85893        -0.48944
        0.92026        -0.54149
        0.71949        -0.53113
        1.07111        -0.77003
        0.81506        -0.56926
        0.84754        -0.45617
        0.98133        -0.56110
        0.98689        -0.71119
        0.70900        -0.60322
        0.71817        -0.85514
        0.74455        -0.41822
        0.56380        -0.44532
        0.68013        -0.59441
        0.46602        -0.42824
        0.44252        -0.22999
        0.55773        -0.50076
        0.37128        -0.31622
        0.18968        -0.35824
        0.08264        -0.28594
       -0.11923        -0.33708
       -0.16612        -0.16766
       -0.30098        -0.41098
       -0.14637        -0.37957
       -0.34252        -0.32358
       -0.19151        -0.31278
       -0.18730        -0.40857
       -0.22271        -0.45392
       -0.30554        -0.41804
        0.18813        -0.59086
        0.11217        -0.63880
       -0.26325        -0.39828
        0.07971        -0.60911
        0.09175        -0.68971
        0.15236        -0.76967
        0.23754        -0.31076
        0.25798        -0.45550
        0.15593        -0.59244
        0.23609        -0.84065
       -0.13278        -0.44755
       -0.05118        -0.66226
       -0.15326        -0.65080
       -0.50184        -0.25644
       -0.28492        -0.18326
       -0.19060        -0.39851
       -0.40738        -0.58076
       -0.71626        -0.43811
       -0.47444        -0.48168
       -0.68243        -0.49558
       -0.53247        -0.25249
       -0.31168        -0.29440
       -0.44958        -0.27721
       -0.51338         0.01680
       -0.53573        -0.32077
       -0.60077        -0.65404
       -0.68386        -0.08711
       -0.72424        -0.08399
       -0.48330         0.00416
       -0.60049        -0.07935
       -0.28269        -0.00090
       -0.50182         0.13856
       -0.35473        -0.00224
       -0.32188        -0.05337
       -0.45457         0.16356
       -0.33425         0.15324
       -0.54059         0.24990
       -0.42314         0.07999
       -0.71290         0.21072
       -0.41612        -0.21809
       -0.77753        -0.12506
       -0.62286        -0.28699
       -0.37409        -0.31719
       -0.78190        -0.23871
       -0.52163        -0.27761
       -0.43016        -0.61164
       -0.31228        -0.23007
       -0.18907         0.00831
       -0.08360         0.06354
       -0.59923         0.02709
       -0.62413         0.40426
       -0.51618         0.35381
       -0.69165         0.29181
       -0.86841         0.47591
       -0.40542         0.47721
       -0.63625         0.33772
       -0.32498        -0.14222
       -0.52295         0.12977
       -0.29687        -0.62711
       -0.33485        -0.84780
       -0.53053        -0.81575
       -0.67495        -1.01266
       -0.36011        -0.91772
       -0.36143        -0.56527
       -0.50372        -0.18485
       -0.34926        -0.41073
       -0.28636        -0.40968
       -0.18349        -0.12177
       -0.23589         0.16597
       -0.21383         0.15859
       -0.30213         0.60844
       -0.34387         0.82463
       -0.40756         0.87726
       -0.10636         1.05948
       -0.44542         1.50420
       -0.54655         1.82763
       -0.59687         2.00329
       -0.62596         2.13138
       -0.89494         2.34583
       -0.95989         2.28541
       -0.85765         2.55894
       -1.35886         2.66268
       -1.77722         2.74743
       -1.37283         2.62188
       -1.27921         2.06792
       -1.70379         2.76599
       -1.72415         2.98549
       -1.58052         2.55003
       -1.43889         2.42190
       -1.49788         2.17809
       -1.27243         1.79818
       -1.00104         1.27203
       -1.28185         1.12283
       -1.09312         0.69095
       -1.32580         0.64881
       -1.11720         0.46248
       -1.27244         0.88052
       -1.56983         0.97507
       -1.05820         0.98467
       -1.14615         1.47310
       -1.57590         2.16610
       -1.32545         2.00040
       -1.55089         1.99132
       -1.92333         2.48904
       -1.65659         2.23062
       -1.44995         2.17360
       -1.76075         2.11753
       -1.88582         2.39211
       -1.52158         1.48328
       -2.20071         1.77255
       -2.21687         2.04044
       -2.04849         2.17529
       -1.86145         1.68787
       -1.81474         1.19182
       -1.32680         1.26518
       -1.31104         0.66971
       -0.78270         0.07028
       -1.07521        -0.10980
       -1.09699        -0.47659
       -0.81629        -0.34938
       -0.55042        -0.37970
       -0.60897        -1.49066
       -0.62571        -1.56221
       -0.90289        -1.17828
       -0.74589        -1.35649
       -0.51918        -1.28545
       -0.45684        -1.51379
       -0.08703        -1.48402
       -0.16372        -2.06304
        0.38719        -2.18072
        0.34075        -1.53608
        0.55361        -2.05224
        0.85693        -4.96321
       -2.30226        -8.12521
       -5.25057        -7.12456
       -4.98422        -6.63378
       -3.16590        -5.68781
       -2.82583        -5.02442
       -2.47873        -3.31940
       -1.72294        -2.96355
       -0.99452        -2.01415
       -0.89300        -1.92381
       -0.47948        -1.56202
       -0.05576        -2.44717
       -0.60426        -2.39956
       -0.38648        -1.57050
        0.32729        -1.64050
        0.16356        -1.72404
       -0.06061        -1.17975
        0.16238        -0.90225
        0.30068        -0.23421
        0.47850        -0.11916
        0.63926         0.39198
       -0.01123         0.41987
       -0.20088         1.00066
        0.07132         1.36896
        0.18817         1.86388
        0.59592         2.47462
        0.35534         2.39391
        0.51045         2.23110
        0.07904         2.56507
       -0.10844         2.35120
        0.11627         2.61074
        0.76410         3.21466
        1.55022         3.86258
        1.14447         3.13517
        0.40344         2.29553
        1.29189         2.18068
        1.51727         1.72018
        0.66055         1.88861
        1.54976         1.81172
        1.47453         1.13438
        0.93127         1.22709
        1.62314         1.30327
        1.63912         0.86110
        1.13733         0.23028
        1.67186        -0.20325
        1.35194        -0.97930
        1.38581        -0.86547
        2.01881        -0.84832
        0.90916        -1.22807
        1.89647        -1.82987
        1.59328        -1.11747
        1.07497        -0.62919
        1.69597        -0.28821
        2.56220         0.10342
        1.65732         0.28158
        2.20450        -0.06354
        2.52294        -0.20712
        2.66427         0.51183
        2.19618         0.51786
        1.94620         0.09876
        2.18534         0.23993
        1.68383         0.25894
        1.92598         0.55592
        2.33655         0.01389
        2.43504         0.76216
        2.26732         0.55084
        1.94705         0.05141
        1.86824         0.39685
        1.90467         0.60221
        2.10688         0.55295
        1.97304         0.79595
        2.60573         0.71093
        2.70253         0.47953
        2.36449         0.61514
        2.71838         0.41489
        3.27848         0.55817
        3.12056        -0.00407
        3.17462        -0.11596
        3.27233        -0.58435
        3.10080        -1.13817
        2.39206        -0.57264
        2.93428         0.02203
        2.66597         0.21318
        2.94081         0.26244
        3.14694        -0.03356
        2.41069        -0.03633
        3.03568        -0.42357
        3.62056        -1.70856
        3.25090        -2.21266
        3.24710        -2.05406
        2.99817        -2.69013
        3.08243        -2.92562
        2.88241        -2.91463
        2.37159        -2.93487
        2.42635        -3.19214
        2.79046        -2.11194
        2.93917        -2.45735
        2.91781        -2.65473
        3.40285        -2.36946
        3.35093        -1.91765
        3.21664        -1.72644
        3.90645        -1.86240
        3.57425        -1.74185
        2.92933        -1.56585
        3.00437        -0.89289
        3.41827        -0.59854
        2.93173        -0.20236
        3.24679         0.66496
        3.33126         0.87813
        2.92173         0.39981
        3.27635         0.66882
        3.11792         0.56957
        3.39612         0.55070
        2.62998         0.42713
        2.63627        -0.68218
        2.71580        -0.50535
        2.21438         0.48616
        1.38028         0.64564
        1.61083         0.46078
        1.96662         0.40514
        1.48671        -0.19130
        1.01625        -0.80856
        1.74405         0.06500
        1.60944         0.40861
        0.35291        -0.00381
        0.40428        -0.53247
       -0.00859        -0.43885
        0.00988        -0.12474
        0.29073        -0.06944
       -0.12577        -0.00006
       -0.69049        -0.31724
       -0.73613        -0.34760
       -0.64580        -0.61314
       -0.46894        -0.61730
       -0.08658        -0.28705
       -0.19722        -0.59603
       -0.64418        -0.48061
       -0.96465        -0.66256
       -0.96433        -1.11822
       -1.05419        -0.93099
       -1.33170        -1.05757
       -1.66227        -1.31157
       -1.86604        -1.02794
       -1.40126        -1.09329
       -1.54337        -1.46324
       -2.00573        -1.36128
       -1.63624        -1.39453
       -2.35621        -1.92491
       -3.05959        -1.72622
       -3.18138        -1.65542
       -3.05802        -1.42750
       -3.16752        -1.52577
       -3.66708        -1.63483
       -3.77858        -1.49657
       -3.59616        -1.69589
       -3.82689        -1.79279
       -3.96276        -1.27219
       -4.10192        -1.16075
       -4.02174        -1.15524
       -3.60998        -0.88005
       -3.65194        -1.36898
       -4.21724        -1.07608
       -3.33875        -1.68358
       -3.51505        -0.71135
       -3.93528        -0.77460
       -4.34557        -1.08462
       -4.03501        -0.78822
       -3.93281        -0.65050
       -3.99885        -0.51244
       -4.30250        -1.00056
       -4.24808        -0.72300
       -3.93487        -0.68083
       -3.92895        -0.70882
       -4.48500        -0.31578
       -4.44465        -0.46908
       -4.21237         0.74102
       -4.28609         0.88379
       -3.97743         1.07406
       -5.15195         1.10958
       -5.44315         1.33760
       -4.95639         0.83072
       -6.12597         1.59791
       -6.12586         2.37206
       -5.94967         1.86725
       -5.21605         1.66696
       -4.98855         2.04499
       -5.16580         1.47506
       -5.25562         1.16479
       -4.80582         1.58526
       -4.41068         1.57739
       -4.49978         1.25368
       -4.36558         0.82595
       -4.27771         1.00099
       -3.89555         1.43176
       -3.31141         1.01697
       -3.65684         0.90977
       -3.19213         0.70162
       -3.01512         0.65951
       -2.85382         0.51310
       -2.83390         0.16197
       -2.99739         0.17206
       -2.85399         0.01957
       -2.41628         0.09171
       -2.20057         0.33135
       -1.72623         0.23356
       -2.23840         0.29846
       -1.93664         0.38451
       -1.40545         0.38842
       -1.90755        -0.08200
       -2.66378         1.16222
       -1.53520         2.09879
       -0.49905         1.38551
       -0.86338         0.64888
       -1.41272         0.76230
       -1.39565         1.43939
       -0.73603         2.04187
       -0.31781         1.55977
       -0.35484         1.89609
       -0.08015         1.95484
       -0.08159         1.45050
        0.19696         1.34084
        0.39770         1.64251
        1.25063         0.51674
        0.55180         0.59974
        0.71664         0.53867
        0.74969         0.71587
        0.84016         0.93462
        0.75394         0.96314
        1.44498         0.68771
        1.16106        -0.08775
        0.98220         0.44106
        1.28766         0.72529
        1.25113         0.67848
        1.30846         0.66651
        0.97388         0.53826
        0.96223         0.57534
        1.51773         0.05980
        1.33637         0.45912
        1.45635         1.01437
        0.96423         0.61722
        1.10883         0.90842
        0.97261         0.66127
        1.02889         0.47819
        1.28815         0.85262
        0.43435         0.89167
        0.33431         1.12175
        0.30604         1.17359
        0.08620         1.35711
        0.19728         1.62968
       -0.00745         1.89522
        0.21469         1.88545
       -0.24736         2.24065
        0.04803         2.54097
        0.15477         2.84112
        1.05400         2.79296
        0.80654         2.66456
        0.83229         2.67635
        1.41530         2.67997
        1.70725         2.20044
        1.86352         2.21947
        1.83224         2.19689
        1.80828         1.99522
        2.45520         1.88375
        2.49884         1.60087
        3.37241         1.28914
        3.76428         1.66355
        3.74453         0.99155
        3.78945         0.45991
        3.89357         0.15674
        3.83007         0.10577
        4.35552         0.10957
        4.14189        -0.04030
        4.15650        -0.09381
        4.04108        -0.32950
        4.19741        -0.13848
        4.10659        -0.13909
        3.96753        -0.14854
        3.97395        -0.37195
        3.92234        -0.31913
        4.10798        -0.30066
        4.62998        -0.44047
        4.85255        -0.52071
        4.36046        -0.75739
        3.74856        -0.51092
        3.63754        -0.46765
        3.51286        -0.17550
        3.33793        -0.08192
        3.28437        -0.10084
        3.24743        -0.21631
        2.96968        -0.05037
        2.60326         0.24493
        2.74507         0.44489
        2.51366         0.57335
        2.22308         0.39183
        2.49853         0.71229
        2.48165         0.23098
        2.28003         0.97054
        1.94693         0.65058
        1.74950         0.10848
        1.86252         0.15823
        2.06796        -0.11914
        2.17705        -0.39975
        2.86144        -0.50529
        2.55986         0.04401
        2.46513        -0.37133
        2.61992        -0.75720
        1.94528        -1.17106
        1.38931        -1.06779
        1.40556        -1.05442
        1.07562        -1.15557
        0.97898        -0.96912
        0.96939        -0.88327
        1.30055        -1.10775
        1.36055        -1.34565
        1.14154        -1.51457
        1.27616        -1.46293
        0.68562        -1.36117
        0.60666        -1.99423
        0.87186        -2.05736
        0.58603        -1.80135
       -0.18197        -1.67361
       -0.30972        -1.31801
        0.02290        -1.35147
        0.30705        -1.48078
        0.56815        -1.99600
        0.56211        -1.99195
        0.58426        -1.71387
        1.25051        -2.34224
        0.69889        -2.23702
        0.39330        -2.03704
        0.45659        -2.14094
        0.33007        -1.96939
       -0.03831        -1.76367
       -0.00919        -1.49286
        0.25642        -1.61826
        0.08749        -1.53932
       -0.08815        -1.65229
       -0.13265        -1.75878
       -0.01982        -1.91765
       -0.65495        -1.81243
       -0.82540        -1.60770
       -0.05270        -1.72419
       -0.06956        -2.15705
       -0.38178        -2.14150
       -0.42997        -2.04512
        0.14826        -2.45904
        0.33315        -1.85497
       -0.07284        -1.90315
       -0.19768        -1.93219
       -0.24864        -1.97674
       -0.27458        -1.80549
       -0.12974        -1.50019
        0.03383        -1.57317
        0.04315        -1.91482
        0.49887        -1.89550
        0.18018        -1.37064
        0.46911        -1.39574
        0.72991        -1.68443
        0.97975        -1.62837
        1.08959        -1.53289
        0.62157        -1.50795
        0.52805        -1.36687
        1.07872        -1.75545
        1.14268        -1.07034
        0.91969        -1.09626
        0.75052        -1.32780
        0.31180        -1.10774
        0.23067        -1.03720
       -0.07893        -0.87281
       -0.49666        -0.33159
       -0.36768         0.09906
       -0.11300        -0.05281
       -0.09828        -0.15397
       -0.60760         0.05960
       -0.45639         0.06606
       -0.29577        -0.13267
       -0.44585         0.30248
       -0.38793         0.55850
       -0.79890         0.29565
       -0.81505         0.15067
       -1.27185         0.48548
       -1.26697         0.70157
       -1.05936         1.15722
       -1.05033         0.81948
       -1.15923         0.92940
       -1.13143         0.98746
       -1.24750         0.86699
       -1.20084         0.82406
       -1.36839         0.90013
       -1.57246         0.79943
       -0.89677         0.75143
       -1.22830         0.67012
       -1.90887         0.33035
       -1.74858         0.25511
       -1.76229         0.24926
       -1.76419         0.47111
       -1.82718         0.05439
       -2.00705        -0.14849
       -2.01430         0.02093
       -2.17500        -0.01921
       -2.19329        -0.11540
       -2.61751        -0.10490
       -2.04676        -0.08546
       -1.87922        -0.62750
       -3.01378        -0.11131
       -2.67729        -0.37722
       -2.58508        -0.28986
       -2.60789        -0.11457
       -2.28951        -0.00130
       -2.63798        -0.10504
       -2.72546        -0.19386
       -3.04936        -0.39373
       -2.80342        -0.32048
       -3.52682        -0.02233
       -3.41504         0.06088
       -3.36128         0.49478
       -3.03842         0.54088
       -2.95807         0.13557
       -2.60027         0.36738
       -3.39089         0.47743
       -3.10235         0.36470
       -3.29378         0.50052
       -3.24004         0.61323
       -3.40007         0.85311
       -2.05480         0.68318
       -2.62932         0.47444
       -3.04231         0.71976
       -3.13660         0.70069
       -3.70239        -0.02135
       -3.32631         0.46281
       -4.17717         0.71983
       -3.69385         1.07647
       -2.62536         0.62039
       -2.40099         0.56920
       -2.06803         0.51897
       -2.14378         0.10477
       -2.18893         0.32672
       -2.55754         0.30391
       -1.59641         0.22780
       -1.52931         0.64836
       -0.95322         0.38383
       -1.32850         0.32935
       -1.61042         0.69986
       -1.65906         0.15971
       -1.67473         0.67236
       -1.86939         1.04972
       -1.23084         1.04171
       -0.78993         1.35618
       -0.54958         1.54600
        0.06517         0.98942
       -0.26993         0.87234
       -0.27611         0.85240
       -0.26912         0.63342
       -0.33379         0.02527
       -0.02288         0.17959
       -0.56281         0.68597
        0.07679         0.79205
        0.14607         0.48729
       -0.20487         0.47462
        0.05302         0.47426
        0.17455         0.37276
        0.22208         0.72499
        0.97071         1.27826
        1.23649         0.84806
        0.77576         1.11269
        0.97074         1.15861
        1.43396         1.18135
        1.36414         1.37914
        1.24176         1.82068
        1.31744         1.26996
        1.32680         0.96239
        1.38073         1.14158
        1.40528         1.88937
        1.55179         1.18249
        1.58943         1.45081
        0.96276         1.55875
        0.75347         1.66906
        1.01214         1.52866
        0.86364         1.41322
        0.49287         1.45363
        0.47000         1.49526
        0.94284         1.24950
        0.89973         1.58738
        1.19794         1.53622
        1.04320         1.08942
        1.75918         1.02597
        2.02714         0.45117
        2.25410         0.18537
        1.78362        -0.23819
        1.70801        -0.03433
        1.79976        -0.23125
        2.22368        -0.11882
        2.25501        -0.50923
        1.93798        -0.36939
        1.28784        -0.13893
        0.78603        -0.36088
        1.56512        -0.01221
        1.94044         0.10038
        2.34732         0.03722
        2.42269        -0.24333
        1.87111        -0.17207
        1.70759        -0.21225
        1.82963        -0.00945
        2.09676        -0.37120
        1.69875         0.23808
        1.03012         0.38950
        1.22860         0.09664
        1.26740        -0.14076
        1.04674         0.28706
        0.66635         0.17580
        1.14372        -0.18851
        1.07606         0.09827
        1.01964         0.29275
        0.95778         0.08068
        0.70832         0.03020
        0.75580         0.73607
        1.37256         0.14422
        1.34962         0.54499
        1.34541         1.18651
        1.40173         1.25039
        1.03842         1.38660
        1.61833         1.23538
        1.45228         0.66257
        1.24679         0.65138
        0.40971         0.91694
        0.78592         0.64142
        1.04008         0.28148
        1.07597         1.26246
        0.71553         0.79968
        0.70715         0.76202
        0.62067         0.96269
        0.41975         1.28523
       -0.08618         1.44056
        0.19918         1.24780
       -0.35320         1.47969
       -0.76419         1.70494
       -0.88281         1.92217
       -1.28202         2.56837
       -1.42573         2.65329
       -1.92214         2.77622
       -2.67086         3.03180
       -3.03197         2.78438
       -4.00582         2.69528
       -3.90204         2.92948
       -3.95379         3.48370
       -3.86313         3.64099
       -4.20034         3.73673
       -3.96134         3.85469
       -3.91355         3.90155
       -3.60226         3.61831
       -3.87549         3.50383
       -3.90314         3.66667
       -4.11954         3.13592
       -4.75495         2.78835
       -5.06433         2.93157
       -5.29582         2.76036
       -4.74993         3.09411
       -5.42732         3.12941
       -4.72035         3.08222
       -4.67877         2.56000
       -4.20811         2.72269
       -3.63868         3.40469
       -3.67256         3.09660
       -3.19467         2.77207
       -2.52017         2.68927
       -1.51041         2.70614
       -1.34362         2.23184
       -1.49727         1.89845
       -1.65654         1.95809
       -0.66616         1.76725
       -0.44458         1.44272
       -0.28490         1.58423
       -0.30567         1.22590
        0.13949         0.78699
        0.66759         0.47745
        1.11415         0.68522
        1.45347         0.61533
        1.21543         0.38456
        1.62578         0.11572
        1.79144         0.25374
        2.36496         0.19497
        2.85259         0.30864
        3.02207         0.60933
        3.32423         0.16699
        3.25514         0.14925
        4.21832        -0.09412
        3.97531         0.13902
        4.05086        -0.05249
        4.91146        -0.37093
        5.04532        -0.66446
        5.23713        -1.01397
        5.58322        -0.96287
        5.76684        -1.50912
        5.56091        -1.28516
        5.52969        -1.53823
        5.56984        -1.58918
        5.32405        -1.80731
        6.11466        -2.63001
        6.03331        -2.30596
        5.72199        -2.67843
        5.68191        -3.02256
        6.12895        -3.15211
        6.41551        -3.27424
        5.93213        -3.39861
        6.32925        -4.21612
        6.13773        -4.08189
        6.21983        -3.77026
        5.65365        -3.99219
        5.33234        -4.53194
        5.25420        -4.85044
        5.25692        -4.80797
        5.50341        -4.70652
        5.46083        -5.12578
        4.96107        -5.03572
        4.99521        -5.40059
        5.15432        -5.20246
        5.27423        -4.46266
        5.36010        -5.19369
        5.07175        -4.86464
        4.87242        -5.61970
        4.71239        -5.52186
        4.75412        -5.51402
        4.40297        -5.15679
        4.48434        -5.09980
        4.47386        -5.73345
        4.29349        -6.13699
        4.52064        -5.34653
        3.87257        -5.53832
        4.27829        -6.04627
        3.57345        -5.55476
        3.89345        -5.14561
        3.20526        -5.48468
        3.24078        -5.48208
        3.18681        -5.38031
        2.81509        -5.08474
        2.96490        -5.47632
        2.36033        -5.37656
        1.49069        -5.03938
        0.75596        -4.84343
        0.65332        -4.89415
        0.35939        -4.77427
        0.27495        -4.49825
        0.98458        -4.63116
       -0.09211        -4.06601
       -0.89838        -3.74977
       -1.66702        -3.58364
       -0.93048        -2.99078
       -0.73011        -3.30898
       -0.76104        -3.19071
       -0.17381        -3.76013
       -1.96864        -3.26233
       -2.34244        -2.90944
       -2.64655        -2.69618
       -2.01129        -1.96749
       -2.73842        -2.00053
       -1.78437        -1.72571
       -1.92122        -1.52617
       -1.76400        -1.71022
       -2.00176        -1.41143
       -1.25937        -1.92170
       -1.57088        -2.41668
       -1.84593        -2.84424
       -1.42883        -2.92526
       -2.68504        -3.28875
       -3.31179        -3.74369
       -3.19277        -3.32742
       -2.70929        -3.99442
       -4.03056        -3.82167
       -5.17109        -3.89873
       -5.42421        -3.71645
       -6.12679        -3.73330
       -6.53827        -3.17916
       -7.02443        -2.75741
       -7.44349        -2.53574
       -8.01547        -1.56652
       -7.61580        -1.27251
       -7.86154        -1.17591
       -7.63494        -0.82961
       -7.83506        -0.02359
       -7.64908        -0.04504
       -7.41813        -0.53720
       -7.26311        -0.12404
       -6.31970         0.23576
       -5.24287         0.58609
       -5.33187         0.62799
       -5.22800         0.86888
       -5.51751         0.90221
       -5.64880         1.32987
       -5.43365         1.80343
       -4.84081         2.13068
       -5.13784         2.92188
       -4.65275         3.19372
       -4.81984         3.37777
       -4.83025         4.33735
       -4.51863         4.33279
       -4.63694         4.95475
       -3.86887         5.66093
       -3.32813         5.74082
       -4.00735         5.82079
       -3.64827         5.77192
       -3.65579         5.83404
       -3.31220         5.86198
       -3.72122         6.04730
       -4.61397         6.04963
       -4.44357         6.20984
       -5.29007         5.83100
       -4.75323         6.08435
       -4.67613         5.94973
       -5.15001         5.19106
       -5.87926         5.27690
       -5.65966         5.01836
       -4.87538         5.19232
       -4.82368         5.08543
       -5.10321         5.67767
       -4.44851         5.78730
       -5.11128         6.10265
       -4.62743         6.55884
       -4.15898         5.60876
       -4.27248         5.69656
       -4.06862         6.11635
       -3.76882         6.05570
       -3.79862         5.94652
       -4.07077         6.06167
       -3.73597         5.86902
       -3.28180         5.55473
       -3.57918         5.90088
       -3.42806         6.09160
       -2.97767         6.09247
       -2.77650         6.16436
       -2.30241         5.93832
       -2.60907         6.19268
       -2.23560         6.45907
       -1.58967         6.31439
       -1.00733         6.71794
       -0.97896         7.14921
       -0.39632         7.12034
        0.04821         6.70930
        1.05555         6.58438
        0.98697         6.33800
        1.70075         5.90300
        1.29125         5.30962
        1.94088         5.58143
        2.53386         5.53730
        2.43364         5.46893
        2.65442         5.12474
        3.19861         4.61153
        2.89901         5.35478
        3.27868         5.24743
        2.80032         6.01754
        3.44214         6.35911
        3.46813         7.17969
        3.26760         7.69111
        3.63158         7.84251
        4.15049         8.47195
        3.52153         9.01827
        3.75715         9.83596
        4.16426        10.00914
        4.53184        10.31705
        4.22048        11.50144
        4.56339        12.20740
        4.19447        12.56227
        5.54284        13.66896
        4.82528        13.64125
        6.08584        13.54064
        5.40754        13.38729
        6.00592        14.07949
        4.03020        14.62379
        7.95304        14.27434
        2.15597         9.01514
        0.28609         7.39082
       13.43134        -0.70608
        0.27305         2.23375
       -1.93706         6.64087
       -6.49305         4.83299
       -3.81653         3.47548
       -3.60884         1.14378
       -1.59632        -0.68749
       -0.06555        -1.74775
       -1.20813        -0.20063
       -0.23794         0.73630
       -0.81291        -0.65612
       -0.02475        -1.78102
       -0.47759        -2.59155
       -0.32788        -2.53088
        0.15588        -3.53037
        0.95634        -4.82439
       -0.39703        -6.80812
        2.38249        -8.10949
        2.44935        -7.81756
        1.59487        -6.56925
        0.57084        -5.15103
        1.96629        -5.15992
        4.18552        -4.97261
        3.94615        -6.01466
        4.85612        -8.59189
        1.28270        -9.18181
        3.18838        -9.04916
        3.77597       -12.42882
        3.60081       -13.26064
        4.05094       -15.85362
       -0.25954       -14.95042
       -1.01914       -10.89157
       -1.37978        -7.52235
       -0.50617        -6.84730
       -0.96266        -5.94645
        0.73776        -4.33562
        1.54963        -5.46092
        2.15020        -5.23781
        0.25670        -2.29077
        1.35294        -3.04588
        2.65043        -3.29466
        1.94761        -2.83422
        4.95959        -2.53987
        4.07373        -1.14330
        4.95125        -1.35800
        7.15190        -1.64171
        6.55146        -2.21013
        9.22372        -5.12895
       11.48748        -5.52513
       12.03352        -7.89473
       10.78615        -7.30555
       11.34929        -8.43999
       10.65274        -8.28412
       10.17839        -9.39756
       10.35044       -11.44631
        9.08129       -11.15440
       10.54526       -12.46643
       12.48125       -13.13089
        9.00760       -17.67187
        7.38035       -15.02328
        8.04998       -18.03144
       10.10391       -18.29299
        6.07268       -18.06316
        1.15130       -16.02373
       -0.24710       -15.06607
       -2.68193       -12.72644
       -5.56562       -10.75565
       -5.20873       -11.32923
      -14.43178        -9.89216
      -17.84299       -11.18731
      -19.05986       -12.04423
      -20.28020       -10.93725
      -21.63646       -10.94228
      -25.49691       -10.41713
      -26.67926       -10.94012
      -26.63664       -11.74892
      -28.95013       -13.40960
      -22.74598       -15.11099
      -22.87294       -20.27850
      -16.09798       -19.11355
       -2.23933       -18.56542
        2.94440       -23.85222
       11.29068       -24.20023
        5.16156       -26.45863
       17.77654       -25.86067
       28.01721       -13.73552
       21.92139       -14.89894
       30.41920        -9.80787
       29.80795        -6.51958
       22.78363        -4.92823
       21.60251        -1.95927
       16.95641        -5.83157
       20.40124        -5.22661
       17.89368        -2.31983
       10.41250        -0.44975
       21.71875         2.09693
       15.17916         1.18944
       21.42694         7.39118
       15.23414         6.56120
       18.02658        11.85468
       16.78815        11.07994
       12.10852        12.52972
        7.39455         7.59637
        6.09096         9.93925
        0.26167        14.52933
        3.33982        15.73863
        3.85590        14.01435
        1.56373        12.45319
        1.83970        13.13780
        4.53224        12.97797
        5.65896        13.01836
        3.58319         9.41594
        1.27848         6.68060
        0.06055         5.48024
        0.85647         3.92732
       -2.09158         3.71343
       -3.91063         4.42772
       -4.66212         8.86146
       -4.36974         9.59752
       -5.64246         8.65670
       -6.03211         8.20077
       -4.27215         6.82719
       -6.33586         9.45108
       -6.41233        10.27746
       -6.98429         9.10767
       -8.54514         8.83688
       -9.47817         8.61323
       -8.07140         9.17817
       -6.95396         8.90483
       -7.07185         9.34125
       -6.16155         9.90015
       -6.56332         9.97930
       -7.39944         8.89407
       -6.16804         9.14263
       -7.17881         8.41810
       -8.08458         9.55659
       -8.16148        10.47288
       -8.71825        11.44964
       -8.18654        12.30785
       -7.18235        12.50339
       -6.27502        12.29554
       -6.85170        11.92819
       -7.37077        11.59409
       -8.20101        11.23590
       -8.92421         9.68647
      -11.12663         8.71978
      -12.45722         8.35578
      -12.16629         7.54653
      -12.77225         7.09615
      -12.69498         7.27519
      -12.23803         7.02856
      -13.78121         7.75404
      -13.17892         7.56468
      -12.61270         7.34841
      -11.41275         7.26226
      -11.70547         6.90537
      -11.42388         6.72225
      -10.00617         7.31100
       -9.16306         6.69292
       -9.84725         5.33418
      -10.06512         5.83296
       -8.98501         6.50650
       -7.47129         5.89333
       -7.43512         5.33726
       -7.49176         4.71457
       -7.01989         3.85879
       -7.24000         3.09364
       -7.82628         3.28926
       -7.22081         3.13668
       -7.15781         3.31602
       -5.87625         3.69583
       -4.68888         3.55130
       -4.18443         2.65773
       -4.52121         2.48186
       -3.57021         3.04521
       -2.71998         2.27265
       -2.84599         1.44706
       -3.13050         1.00100
       -3.22209         0.09075
       -4.10737        -0.35073
       -3.96294         0.93699
       -2.40367         1.26882
       -3.09552         0.57041
       -2.87901         0.33804
       -2.08264         0.02108
       -0.70208         0.84358
        2.12481         0.65399
        2.06914        -1.06062
        2.00940        -0.38658
        3.89643         0.83916
        6.20558         0.22378
        6.88604        -1.68744
        5.48006        -1.60413
        5.78629        -0.94156
        6.90103        -1.17807
        6.46778        -2.02159
        5.65913        -2.03996
        6.38773        -1.82549
        6.26012        -2.54097
        4.72062        -3.61265
        3.83683        -3.39899
        2.79665        -3.47243
        2.27980        -3.55563
        1.77856        -3.19458
        2.34026        -2.71670
        2.20608        -3.49287
        1.19216        -3.56183
        0.66665        -3.06040
        1.20817        -3.16265
        1.72841        -3.10255
        1.79879        -3.13759
        1.09585        -3.11970
        0.94944        -3.27837
        1.07091        -3.24415
        1.34219        -3.15540
        1.60879        -3.61586
        0.97801        -3.44326
        0.56819        -3.38875
        0.27665        -3.64558
       -0.43603        -3.71561
       -0.22301        -3.94966
       -0.61501        -4.71460
       -0.26321        -3.58981
        0.55352        -3.60528
        1.60377        -3.94403
        2.53177        -3.79727
        2.75546        -3.83888
        2.38298        -3.84591
        1.96855        -3.39963
        3.02406        -3.38070
        2.59533        -3.48814
        1.90334        -3.46331
        2.24520        -3.59878
        2.55507        -3.79932
        2.58847        -4.03002
        2.46213        -4.03902
        2.42971        -3.62389
        2.71293        -3.58174
        2.77786        -3.66616
        2.79496        -3.84906
        2.78303        -4.40110
        2.24677        -4.71827
        1.96822        -4.80268
        2.03881        -4.57556
        2.28024        -4.51200
        2.50391        -3.82916
        3.37246        -3.46550
        3.68149        -3.24168
        3.12814        -3.59246
        2.31564        -3.13792
        2.57281        -2.17853
        2.98457        -1.52768
        3.27033        -1.24213
        3.27893        -1.47591
        3.08806        -2.08683
        2.34094        -2.08283
        2.23516        -1.74060
        2.11678        -1.65382
        2.77528        -1.29510
        3.65269        -0.59939
        4.55463        -0.77108
        4.79116        -1.26397
        4.85319        -1.42906
        4.26605        -1.39780
        4.34607        -1.48190
        4.04114        -1.08176
        4.49933        -1.14299
        4.25167        -0.98255
        4.30760        -0.83298
        4.38101        -0.54664
        4.68572        -0.52806
        4.92719        -1.00717
        4.55655        -1.66782
        3.80626        -2.12714
        3.04726        -2.23292
        2.33749        -2.70463
        2.84384        -1.97801
        2.29446        -1.72271
        2.21752        -1.61812
        1.41222        -2.22802
        0.48562        -1.82335
        0.93767        -1.17142
        1.67546        -1.34061
        1.42930        -1.67008
        0.89924        -1.39743
        0.72502        -1.04020
        1.35291        -1.23064
        2.26940        -1.47139
        2.48220        -1.42326
        3.30010        -1.20136
        4.03337        -1.31083
        4.53356        -1.68004
        4.34940        -1.59514
        3.87485        -1.56662
        3.49999        -1.88225
        2.68062        -1.77640
        2.52749        -1.07996
        2.62914        -0.76162
        2.68597        -0.44854
        2.84270        -0.45086
        2.84222        -0.86223
        1.93984        -1.33896
        1.29521        -1.89542
        0.65419        -2.12283
       -0.36235        -2.67359
       -1.19129        -2.59931
       -1.69972        -2.29123
       -1.85778        -1.78259
       -1.86134        -2.40031
       -2.69188        -2.68286
       -3.31638        -2.71301
       -3.12963        -2.37132
       -2.85241        -2.58259
       -2.76617        -3.31259
       -2.46909        -4.66140
       -1.84183        -5.65189
       -2.53370        -6.68470
       -1.10289        -7.25819
        1.73752        -5.25967
        2.41540        -4.52587
        1.21303        -4.19591
        1.83642        -4.34898
        1.80981        -5.43912
        3.25862        -5.97662
        3.36645        -4.62234
        4.24132        -2.62255
        2.84223        -1.03209
        2.91386         0.43164
        2.56374         2.93285
        1.83064         4.50142
        0.95461         5.31995
       -0.22686         6.28890
       -1.14642         7.18682
       -2.26463         7.38348
       -3.96486         7.53293
       -5.35581         6.88165
       -6.23569         7.19420
       -6.42317         7.75081
       -7.05999         7.24821
       -7.34597         5.87895
       -7.33093         4.39903
       -7.62473         3.88126
       -7.45042         4.22996
       -6.69358         3.90863
       -6.00205         4.51967
       -6.07431         3.85993
       -5.12983         4.03765
       -4.38386         3.67007
       -4.30169         3.47936
       -4.48186         2.52997
       -4.89722         2.56211
       -4.96587         3.25081
       -3.82373         3.77426
       -3.19711         3.91825
       -2.67996         3.56486
       -2.55440         3.39974
       -1.46311         3.94769
       -1.19347         3.72713
       -0.63298         3.44113
       -0.34805         3.17985
       -0.78069         2.65361
       -0.86928         2.45377
       -0.43688         2.62639
        0.51096         2.50482
        0.58859         2.45490
        0.96246         2.43078
        0.59892         2.51804
        0.65711         2.83536
        0.83982         2.87080
        1.20589         2.39228
        0.85750         1.88815
        0.45589         1.76774
       -0.33349         1.30563
       -0.24105         1.27296
        0.11088         1.50854
       -0.43874         1.40169
       -0.54750         1.64299
       -0.50982         1.52336
       -0.17512         1.21392
       -0.07949         0.89379
        1.04412         1.78205
        1.45663         2.22224
        1.89641         1.82033
        2.29177         1.39397
        3.23061         1.77138
        4.54408         2.44560
        4.93437         1.98364
        5.25898         1.88561
        5.02566         1.38979
        4.94701         1.34750
        4.83041         1.30912
        4.21049         1.19140
        3.43882         1.42751
        2.96353         2.05435
        3.05127         2.64238
        3.28333         2.73158
        2.49301         2.71924
        1.83761         2.51404
        1.73028         2.75354
        1.17780         2.74980
        0.67225         2.81671
        0.53786         2.83099
        0.30216         2.60594
       -0.02227         2.80456
       -0.59859         3.14979
       -0.33442         3.15666
       -1.07375         2.31774
       -1.68247         1.67410
       -2.47625         1.19599
       -3.23738         1.00091
       -3.82728         1.17461
       -4.59188         0.67426
       -4.85889         0.29639
       -5.02399         0.20593
       -5.08169        -0.29618
       -5.50656        -0.94221
       -5.12169        -1.43003
       -5.08963        -2.14532
       -4.96154        -2.68029
       -4.78544        -2.96931
       -3.83399        -3.04172
       -2.93854        -3.35432
       -2.27452        -3.32850
       -0.95082        -3.24545
        1.10676        -3.71350
        2.51206        -4.11322
        3.18865        -4.48058
        3.73425        -4.88674
        4.58198        -5.00370
        5.44734        -5.30889
        5.65777        -5.58450
        5.28735        -5.54241
        6.03559        -6.23662
        3.19318        -7.72926
        1.61489        -7.78381
        2.85716        -6.82974
        2.62999        -6.42199
        3.18342        -5.13482
        3.95788        -4.66388
        4.38994        -4.62252
        4.41071        -5.57305
        4.69862        -5.72560
        2.86912        -6.57453
        3.58139        -6.78163
        4.24543        -7.59088
        6.21050        -6.52140
        7.27954        -8.42041
        9.05069        -8.76602
        9.17068        -9.86218
        9.60338       -10.12738
        8.02410       -10.79102
       10.71637        -9.49968
       12.02742        -5.17105
       11.18207         0.13115
        7.88732         3.86930
        3.21552         5.27934
        0.28166         6.02625
       -0.83191         5.38762
       -1.03717         5.45236
       -2.27345         8.40987
       -5.01187        11.60852
       -8.35570        14.29169
      -12.92240        16.04314
      -17.16847        17.06837
      -20.93713        17.04185
      -24.98948        15.15689
      -25.33697        14.64644
      -24.03886        13.68751
      -23.59317        12.39523
      -24.60908        11.27782
      -24.56003        10.51940
      -24.11464        11.13270
      -22.59075        10.73792
      -22.77421         9.95714
      -23.13221        11.08079
      -22.47334        11.12645
      -20.34378        13.05576
      -21.02353        11.77214
      -22.82697         9.56167
      -22.75099         9.14222
      -23.20635         7.94204
      -22.58392         6.40894
      -22.31847         4.13950
      -19.60699         2.33830
      -13.60736         0.60161
       -8.23690        -0.99372
       -3.52167        -3.67510
       -0.73878        -6.27724
        2.55026        -7.54944
        4.60820        -7.93667
        6.95801        -8.71814
        9.33810        -9.17375
        9.98464        -9.83138
       10.78703       -11.33177
       12.48788       -11.74989
       13.79088       -12.33833
       13.91003       -13.23421
       14.90445       -12.86537
       15.61499       -13.23736
       15.06024       -14.30742
       14.30506       -14.96742
       14.59409       -15.33371
       14.38704       -15.56915
       13.66276       -15.85762
       12.67401       -15.45531
       11.01931       -14.80174
        9.12639       -13.99808
        6.82381       -14.13297
        4.73259       -13.55791
        3.73160       -12.29239
        3.17226       -11.55922
        2.06481       -10.94292
        1.89640       -10.12062
        2.44725        -8.93901
        1.92539        -7.99086
        1.82370        -6.83627
        1.81179        -5.45245
        1.36339        -4.17823
        0.41988        -3.64039
       -0.44940        -1.22776
        0.14327         1.60205
       -0.56735         2.86524
       -0.87135         2.43863
       -2.09373         2.10020
       -3.05619         1.19848
       -1.71410         0.88236
        0.75472        -0.30679
        4.19184        -0.23128
        7.32061         0.34548
       10.63859         1.70481
       14.11706         3.21496
       19.58088         6.28391
       22.01755         8.99354
       22.53559        11.32907
       21.07002        13.88093
       20.30084        14.83053
       19.59375        16.14139
       18.53624        16.04330
       18.21116        16.86125
       16.69956        17.38631
       15.78549        17.98283
       15.54752        17.38745
       15.94251        17.20176
       16.04088        16.03410
       14.34718        15.52910
       12.31413        14.47452
       10.82472        14.74312
        8.58954        13.26470
        5.49173        10.92981
        4.48709         8.90291
        3.96742         7.02309
        1.65830         4.45693
        0.34230         2.27929
       -1.58231        -1.05831
       -4.72644        -4.61103
       -6.36571        -7.95158
       -7.24014       -10.21620
       -7.18817       -13.54698
       -5.63225       -13.59670
       -3.88303       -13.24811
       -1.77580       -11.17489
       -2.63019       -10.64905
       -5.16527       -11.98876
       -5.55455       -13.33567
       -4.20404       -13.00952
       -5.06910       -10.51904
       -6.04350       -10.30437
       -8.32351       -10.13141
      -10.30396       -10.34753
      -14.54546       -11.66503
      -19.51592       -13.73099
      -22.15673       -16.31257
      -21.90984       -19.05257
      -23.59527       -22.27392
      -21.16161       -25.53018
      -15.80414       -26.59846
       -5.24126       -26.32212
       -1.49238       -23.02915
       -0.01242       -16.37037
       -1.76743       -11.44295
       -3.19687        -5.19177
       -4.62761         1.06962
       -3.18649         5.61400
       -2.58909         9.13551
       -0.26609        10.85592
        2.23102        11.33137
        6.90693        12.50789
        9.54244        12.70656
       11.59044        13.99120
       11.23518        14.90743
       11.17970        16.21858
       10.68975        15.77119
       11.41226        15.40299
       11.22404        15.37465
       12.16878        15.31756
       13.43432        16.42675
       13.81002        15.12502
       12.60877        14.27217
       12.57670        16.09217
       11.67331        15.31731
       10.47992        13.57877
        7.84341        11.51552
        6.84043        11.71245
        5.67372         9.76834
        4.65440         8.92111
        5.94539        10.45626
        8.35620        12.15292
        8.67099        12.46828
        8.84594        13.28655
        9.22242        12.77704
       10.62679        11.67616
       10.51286        10.97030
       11.11429         8.68181
        9.92359         5.03236
        6.68226         1.61929
        3.76228        -0.74227
        1.96793        -2.19850
       -1.85881        -2.85572
       -6.89823        -2.72053
      -10.67796        -1.84474
      -12.16881        -2.72236
      -14.22091        -2.77621
      -14.48444        -0.59970
      -15.69382        -0.39355
      -17.16658        -0.82383
      -16.57140         1.12377
      -14.00154         1.19230
      -13.60199         0.48598
      -12.70770        -0.38765
      -11.36309        -0.79712
      -10.92794        -2.34687
       -8.87339        -1.84357
       -6.56980        -2.94658
       -4.42629        -2.60946
       -1.97405        -2.58990
        0.30025        -3.67865
        2.38346        -3.54543
        1.93298        -4.55722
        1.97623        -4.04780
        3.48295        -4.06321
        4.09713        -4.78224
        4.36602        -4.68008
        4.15944        -4.81738
        2.13904        -4.75426
        2.97776        -3.07876
        3.12855        -3.93023
        2.49848        -4.80625
        3.07351        -4.54666
        3.74161        -4.99105
        3.77798        -6.27312
        2.35569        -8.15661
        1.27056        -9.28102
        1.25567        -6.89406
        2.51585        -6.52597
        3.34629        -7.22521
        3.09021        -9.36858
        0.31943       -12.33866
       -1.04564       -10.83162
        0.50948        -8.42832
        1.46438        -8.63123
        0.20796        -8.19386
       -3.24777       -10.15055
       -6.68200       -11.64827
       -9.49283       -12.24442
      -10.33230       -12.02350
      -11.85195       -12.44999
      -15.87829       -12.53334
      -17.74041       -12.49204
      -17.07367       -10.57183
      -18.13216       -11.65948
      -17.91049       -13.08899
      -21.16122       -16.20894
      -19.59265       -15.50925
      -19.58988       -14.22703
      -18.45004       -12.73985
      -19.38936        -8.80598
      -18.96506        -3.98642
      -16.73088         0.95207
      -14.00562         2.52023
      -13.02056         4.36787
      -12.28586         7.07592
      -12.39634         9.47970
      -12.89846         9.87018
      -12.09666        11.60699
      -11.87067        12.60880
      -12.13301        11.71597
      -11.70640        11.20692
      -11.01778        10.95986
       -8.28189        12.20570
       -4.53234        13.16989
       -2.31237        11.83111
       -2.07748        10.93176
       -2.75874         9.03284
       -3.10314         8.82449
       -1.36443         8.62064
       -0.04993         8.38009
        1.02978         7.60042
        0.68966         5.62284
        0.82877         5.38711
        0.80215         5.04138
        1.75574         4.82048
        1.50617         3.38895
        1.71362         2.46737
        1.75804         1.88091
        1.89304         1.50907
        3.65700         1.78640
        4.72175         1.30251
        5.41414         1.29675
        6.26292         1.51512
        6.39715         1.40960
        6.71627         1.20808
        7.38210         1.23980
        7.22841         0.43158
        6.99646         0.04184
        6.56406         0.40787
        7.93023         0.92435
        8.75941         0.60509
        7.95927        -0.51393
        6.83649        -0.73314
        7.34842        -0.75968
        7.30447        -0.61152
        7.55474        -0.30484
        6.82424        -0.27374
        6.43648        -0.51235
        6.34456        -0.12699
        7.08030         0.87072
        7.63140         0.65929
        8.38993         1.67675
        7.92662         1.25116
        8.75700         2.19651
        9.01905         0.62923
        8.05891        -0.42875
        7.29674        -1.04150
        6.95742        -1.62504
        6.18929        -1.52039
        5.52291        -1.22529
        5.12576        -1.16930
        4.70642        -0.94947
        4.79426        -0.51188
        5.09576         0.07151
        4.95226        -0.18075
        5.42943         0.07500
        6.00213         0.45218
        5.72962        -0.19980
        5.27035        -0.59837
        4.85371        -1.25727
        4.52933        -1.87259
        4.23652        -2.02226
        3.64907        -2.35174
        3.74482        -1.57084
        3.39270        -1.37901
        2.96861        -0.70748
        3.59670         0.15738
        3.96246         0.24307
        4.36526        -0.10615
        4.26087         0.51145
        3.99650        -0.44211
        3.35434        -0.96302
        3.51251        -0.80892
        3.43191        -1.27003
        3.62321        -1.15557
        3.53018        -0.39961
        3.10933        -0.32799
        2.74163         0.67149
        4.12399         1.87141
        3.72518         3.07763
        3.66788         2.63754
        3.56842         2.02449
        1.97770         1.23631
        0.49412         1.28150
        0.15770        -0.29347
        0.47588         0.07686
        0.61515         1.22757
        1.34486         2.13184
        1.20335         2.23711
        2.30533         3.61065
        1.28467         3.12105
        1.41591         1.74393
        0.79632         1.71854
       -0.14232         1.33014
       -0.12035         1.81602
       -0.81128         1.63250
       -0.60611         0.94534
       -0.81898         0.83374
       -1.12379         0.98595
       -1.37322        -0.41927
       -1.44277         0.32197
       -0.38486         0.64565
       -0.74103         0.84198
       -0.05752         0.69525
        0.18455        -0.04845
        0.76687        -0.24365
        0.15284        -0.55174
        0.73289        -0.17339
        1.52500        -0.53043
        1.99616        -0.53752
        1.83953        -0.68184
        2.43110        -1.32724
        3.13852        -1.50037
        3.30369        -1.58158
        2.66770        -1.78587
        2.21266        -2.07433
        2.00628        -1.74747
        2.27582        -1.46458
        1.96972        -0.93260
        1.68042        -1.31757
        1.60260        -0.92431
        1.78721        -0.77787
        1.68702        -0.80614
        2.07770        -0.94571
        2.55936        -0.91260
        3.15688        -0.61809
        2.64119        -0.64075
        2.28103        -0.43323
        3.04857        -1.21530
        3.82663        -0.35283
        3.63921        -0.28635
        3.46890        -0.99988
        2.58189        -0.70996
        3.62113        -0.95915
        2.68645        -0.50305
        0.94087         0.00758
       -0.07992         0.14967
       -0.60705         1.03789
       -1.21235         2.53205
       -2.08137         3.14984
       -1.47350         3.12067
       -2.05313         2.97564
       -3.46923         2.93591
       -3.34520         2.28965
       -3.97745         2.36521
       -3.69520         1.80646
       -4.87188         1.30308
       -6.21254         0.89884
       -6.73346         1.15940
       -5.82836         2.11168
       -4.97130         2.01698
       -5.51951         1.34092
       -5.66429         1.38193
       -4.89090         0.54590
       -4.14822         0.18439
       -4.21163        -0.31708
       -4.74187        -1.47911
       -5.19681        -1.75768
       -5.11301        -1.53000
       -4.86837        -1.07828
       -6.42784        -0.93121
       -6.33510        -0.99873
       -6.13397        -0.69841
       -5.53787        -0.81363
       -5.15047        -0.21647
       -4.91229        -0.91373
       -5.03909        -0.72222
       -4.77209        -0.84263
       -3.85533        -0.54102
       -3.83997        -0.77853
       -4.20325        -1.78042
       -4.16172        -4.28141
       -5.75718        -4.79185
       -5.72057        -5.78158
       -5.40119        -5.56133
       -5.49221        -5.27578
       -5.39959        -5.33401
       -4.38339        -5.33892
       -3.51659        -5.60406
       -2.80841        -5.26883
       -2.95644        -4.39916
       -2.21249        -3.97561
       -2.90361        -3.26783
       -2.94723        -2.98373
       -1.80730        -2.57573
       -0.98465        -1.05758
       -0.72068        -0.77495
       -0.16735        -0.50615
        0.13195        -1.52268
       -0.17373        -2.30699
        0.34160        -2.37326
        0.13172        -3.25311
        0.22220        -3.61968
        0.57897        -3.78254
        1.13508        -4.24845
        1.17808        -3.77140
        0.99609        -3.90290
        1.93817        -3.69978
        2.78912        -3.11142
        2.62381        -2.65413
        2.07738        -2.96677
        2.94311        -3.60588
        3.68743        -2.29046
        4.69278        -1.68077
        4.68600        -1.73716
        4.40396        -2.32146
        3.48963        -2.37570
        2.38868        -3.04472
        1.93344        -2.49699
        1.42275        -2.14229
        1.59554        -2.01283
        2.07564        -0.85813
        1.89556        -0.87664
        1.56844        -1.15044
        0.73886        -0.61633
        1.12441         0.12878
        0.49033         0.77425
        0.08738         0.49304
        0.19430         1.44399
       -0.35277         1.59287
        0.77680         1.69373
        1.28159         1.50915
        0.84518         1.88584
        0.68761         1.49901
        0.66181         0.84693
       -1.52662         0.75451
       -2.34010         0.61802
       -1.92305         0.10500
       -2.38205         0.24542
       -3.57592         0.31037
       -3.40090         0.20223
       -3.16607         0.20247
       -2.68233         0.92543
       -2.56507         1.35975
       -3.45177         1.81402
       -3.10279         1.66348
       -3.36743         2.00856
       -2.74169         2.85636
       -2.04689         2.84266
       -1.58497         3.16456
       -1.86871         2.89414
       -1.99761         3.05474
       -1.38248         3.27887
       -1.05218         2.94387
       -1.14822         2.70135
       -0.87855         3.38516
       -0.64983         3.79334
       -0.06984         2.70301
       -0.09634         2.88986
       -0.67757         3.06839
       -0.29632         3.08479
       -0.44415         2.34116
       -0.13094         2.26856
        0.26548         2.65823
        1.21617         2.04620
        1.19217         1.97546
        0.99975         2.45432
        0.84242         2.18024
        1.32244         1.88139
        1.64419         1.23816
        0.58330         1.13639
        0.41574         0.31719
        0.35668        -0.07603
        0.28795        -0.41272
       -0.03620        -0.16223
        0.45722         0.32521
        0.75230         0.01614
        0.72129         0.09722
        0.05766        -0.17273
       -0.04421        -0.20869
       -0.37269        -0.52168
       -0.35142        -0.47603
       -0.11593        -1.01495
        0.32185        -1.39194
        1.28463        -0.54467
        0.58727        -1.06843
        1.33646        -1.36423
        1.59112        -1.32152
        0.73741        -1.24658
        1.53448        -0.86042
        1.33215        -0.72871
        1.19265        -0.57268
        1.31133        -0.65440
        1.37241        -0.22550
        1.12475         0.22488
        1.53981         0.31855
        1.65375         0.25750
        1.73213         0.19789
        1.28370         0.58633
        1.84376         0.55664
        1.45047         0.49117
        1.12636         0.71116
        0.92574         0.54643
        1.00914         1.15856
        0.73713         1.18691
        0.88865         1.10571
        1.08828         0.82321
        1.40654         0.85896
        1.00192         0.75358
        0.90309         0.37407
        0.96505         1.46757
        0.36642         1.03423
       -0.14127         0.83802
       -0.32832         0.42882
       -0.21969        -0.22637
       -0.51303        -0.47957
       -0.55765        -0.68540
       -0.93094        -0.50614
       -0.43420         0.14952
       -0.09992         0.18524
       -0.13627         0.69718
        0.15219         0.49922
        0.36512         0.58115
        0.59669         0.74315
        0.54378         1.16636
        0.62536         0.94360
        0.19459         2.02553
       -0.55248         2.95531
        0.07518         3.70006
       -0.17581         5.13161
        0.97040         4.23864
        2.47203         3.66193
        2.91452         2.90460
        3.88378         2.74664
        4.76605         1.41415
        4.16173         1.39837
        3.89343         1.29767
        4.26026         1.12711
        3.22249         2.05219
        2.61086         3.25417
        1.43851         3.83823
        2.41814         3.62278
        2.23532         2.67963
        1.81399         1.60262
        2.99871         0.25209
        2.47817         0.14014
        1.86416         0.52273
        1.77940         0.42049
        1.31194         0.02687
        0.55981        -0.02727
        0.25986         0.05532
        0.56949        -0.13289
       -0.52496         0.45481
       -0.52067         0.49361
        0.24507        -0.22474
        0.42033        -1.17220
        0.01323        -0.81621
       -0.23372        -0.74891
        1.09081        -0.29757
        0.79205        -1.24985
        0.04287        -1.88596
       -0.30340        -1.98169
       -0.12404        -1.85240
       -0.33685        -1.27108
       -0.88469        -0.65928
       -1.00134        -0.90977
        0.06077        -1.90796
        0.83318        -1.68963
        0.92136        -1.57520
        0.91994        -1.39327
        1.12038        -1.79687
        0.90839        -1.28797
        0.84589        -1.33086
        1.16169        -1.60582
       -0.75273        -1.82056
       -0.81114         0.44212
       -1.07585         3.09284
       -2.41604         3.42747
       -1.86907         3.52094
       -1.86534         3.44377
       -0.82689         2.23562
       -0.55339        -0.39948
        0.36218        -1.14088
        0.87178        -1.57744
        0.71587        -1.27689
        0.25468        -1.28121
       -1.10230        -0.87475
       -0.82215        -0.82061
       -1.79837        -1.44324
       -2.23874        -0.91825
       -3.12354        -0.63553
       -2.34956        -0.09217
       -2.35739         0.42345
       -2.09893         0.32030
       -2.60338         0.54758
       -3.26550        -0.02943
       -2.72895         0.37729
       -3.08892         0.41003
       -2.52700         0.88298
       -2.65193         0.83001
       -2.38112        -0.01044
       -2.08395         0.04517
       -2.01938        -0.24697
       -1.41644        -0.58721
       -1.88156         0.09345
       -2.06230        -0.39150
       -1.96267        -0.57599
       -2.13363        -1.58237
       -2.40466        -1.59724
       -2.21277        -2.41994
       -1.22962        -2.02918
       -1.12587        -1.89436
       -0.21890        -2.11094
        0.18847        -1.64028
        0.09066        -1.39767
       -0.19739        -1.98295
       -0.28961        -2.06471
       -0.18495        -1.62165
        0.01497        -1.38937
        0.52780        -1.24181
        0.27263        -0.35993
       -0.90804        -0.89507
       -0.88334        -1.23987
       -1.10425        -0.83885
       -1.14655        -0.96600
       -0.66160        -1.33334
        0.23318        -1.38121
        0.01990        -1.23125
        0.22549        -1.48274
       -0.31081        -1.55148
       -0.29279        -1.69256
       -0.28176        -1.99683
        0.07493        -1.94404
       -0.12847        -1.96665
       -0.06826        -1.93395
       -0.22051        -1.60415
       -0.74733        -0.74108
        0.19576        -1.37281
        0.11589        -1.16819
       -0.06202        -1.14506
        0.63998        -1.14899
        0.93237        -1.23759
        1.39387        -1.41391
        1.57445        -1.88630
        1.89445        -2.06793
        1.34225        -2.45737
        1.71750        -2.25345
        1.67761        -2.15161
        1.21132        -2.33286
        1.20313        -1.34105
        1.46557        -1.37423
        1.08167        -1.81922
        1.05522        -1.98732
        1.17148        -2.21673
        0.72831        -1.92072
        0.79439        -1.95439
        0.69469        -2.33837
        1.17920        -1.73158
        1.02084        -1.63656
        0.93033        -1.74104
        1.21223        -1.48567
        0.80521        -1.55342
        1.04051        -1.39577
        1.41342        -1.56108
        0.57045        -1.09023
        1.08545        -0.98456
        0.67222        -1.46085
        0.97269        -1.84268
        0.74166        -2.04150
        0.77995        -2.33074
        0.21473        -2.38900
        0.09546        -2.01068
       -0.18880        -1.77880
       -0.15481        -1.78516
        0.00868        -1.11484
       -0.34423        -1.14665
       -0.95001        -0.75268
       -0.30230        -0.32770
       -1.60315         0.16917
       -0.50612         0.07156
       -0.26818         0.26455
       -0.59470         0.35136
       -0.37830         0.60091
       -0.52235         0.46767
       -0.20571         0.41794
       -0.51719         0.78950
       -0.62726         1.01560
       -0.33495         1.24221
       -1.25064         1.58767
       -0.92524         1.77303
       -0.12384         1.62077
       -0.07763         1.72370
       -0.16448         1.40923
       -0.36714         1.08198
       -0.67271         1.27958
       -0.64984         1.66616
       -0.40905         2.07843
       -0.35466         2.14731
       -0.23898         1.69814
       -0.46098         1.62425
       -0.39125         1.33518
       -0.31223         0.77473
       -0.09559         0.66333
       -0.48845         0.54072
        0.08613         0.32122
        0.23995         0.18052
       -0.15069         0.30728
        0.00082         0.20586
        0.48588        -0.03413
        0.18659         0.48468
        0.24738         0.67577
        0.32030         0.72948
        0.20578         1.62948
       -0.00544         2.20295
        0.29240         2.47119
        0.50828         2.44689
        0.65955         2.20442
        0.34565         1.91549
       -0.38840         2.10901
       -0.03171         2.60697
       -0.54129         2.70472
       -0.33331         2.78401
       -0.57158         2.77517
       -0.41615         2.51366
       -0.69616         2.67838
       -0.77302         2.96307
       -0.76391         3.05819
       -0.72971         2.73143
       -0.74264         2.78504
       -0.60872         2.62489
       -0.30257         2.66897
       -0.26820         2.70482
       -0.48866         2.76541
        0.30345         2.64605
       -0.73905         2.89495
       -0.21893         3.01736
       -0.29854         2.98206
       -0.38684         2.91204
       -0.69892         3.17875
       -0.55879         3.08414
       -0.67344         2.82187
       -0.90013         2.95595
       -0.71935         2.69860
       -0.65663         2.25761
       -0.74081         2.24618
       -0.40163         1.91835
        0.20066         2.05866
        0.04785         1.96272
       -0.38673         1.85937
       -0.29865         1.64447
       -0.37238         1.44292
       -0.67110         1.72440
       -0.52422         1.81037
       -0.35199         1.31694
       -0.32214         1.49810
       -0.58106         1.63940
       -0.45679         1.76268
       -0.80252         2.04730
       -0.05742         2.17395
       -0.14019         2.13083
       -0.56392         2.09139
       -0.35183         1.73497
       -0.39340         1.60121
       -0.46039         2.16039
       -0.17679         1.53052
       -0.55971         1.23164
       -0.73662         1.18612
       -1.00029         1.51840
       -0.96186         1.26302
       -0.63777         1.27664
       -0.22890         1.13602
       -0.62398         0.95623
       -0.39797         0.57664
        0.07425         0.65474
       -0.00234         0.40512
       -0.09923         0.69458
        0.17466         0.19549
        0.28862         0.16982
        0.86283        -0.21712
        0.79408        -0.15965
        0.44592        -0.58169
        0.50589         0.01703
        0.67373        -0.11967
        0.18855        -0.28498
        0.01958        -0.37217
        0.20802        -0.39273
        0.27668        -0.39197
       -0.00333        -0.25150
        0.04158        -0.54273
        0.23468        -0.77671
        0.47929        -0.76957
        0.37696        -0.73165
        0.74099        -0.85514
        0.49408        -0.85827
        0.24343        -0.80711
        0.31805        -1.14847
        0.32810        -1.21391
        0.48659        -1.11557
        0.26371        -1.03075
        0.26214        -0.83337
        0.33956        -0.74478
        0.37167        -0.70136
        0.07119        -1.23585
       -0.13675        -1.17867
        0.66086        -1.35062
        1.33705        -1.97068
        1.01342        -2.33034
        0.90044        -2.60593
        0.95415        -2.50127
        1.49997        -2.86292
        1.42090        -2.77073
        0.90450        -2.02892
        0.81814        -2.20497
        0.13671        -2.36880
       -0.01789        -1.89295
        0.27114        -1.58698
       -0.24157        -1.72425
        0.69438        -2.81381
        1.57296        -2.40896
        1.41455        -2.14785
        0.82492        -2.45693
       -0.47668        -2.44037
       -0.61080        -2.06092
       -0.14590        -1.74606
       -0.46482        -1.24474
       -0.86145        -0.85268
       -0.62821        -1.00699
       -0.10977        -1.57182
       -0.16511        -1.67376
       -0.24338        -1.47896
       -0.23940        -1.29250
       -0.04922        -0.92748
       -0.12450        -0.69810
       -0.67975        -0.80352
       -0.54739        -0.53914
       -0.11640        -0.83661
        0.83327        -1.47621
        0.58203        -1.42710
        0.20092        -1.06167
        0.02594        -0.58900
       -0.16543        -0.68161
       -0.17304        -0.47784
       -0.28841        -0.12409
       -0.91894        -0.17338
        0.38629        -1.03262
        0.66949        -1.27635
        1.21046        -1.17411
        0.37197        -0.83382
        0.34110        -0.99901
        0.09137        -0.89095
        0.01024        -0.48503
        0.28264        -1.16618
       -0.02865        -0.56060
        0.23968        -0.14101
        0.63623        -0.67696
        0.02676        -1.15657
        0.22277        -0.83790
        0.13943        -0.91130
        0.03071        -0.56025
        0.14901        -0.14158
        0.44998        -0.12441
        0.01557        -0.11672
       -0.56331         0.46294
        0.02439        -0.08973
       -0.21381         0.57822
       -0.43402         0.44914
       -0.23078         0.33367
       -0.11584        -0.00685
       -0.08425         0.08844
       -0.09883         0.42370
       -0.62432         0.33822
       -0.62680         0.23806
       -0.30496         0.40577
       -0.24261        -0.19157
        0.03812        -0.34159
       -0.32951        -0.31582
       -0.22505         0.21377
       -0.00111         0.14339
        0.03514        -0.14306
        0.48859        -0.17052
        0.26709        -0.17360
       -0.09222         0.00622
        0.10904         0.23394
        0.24758         0.11752
        0.12508         0.05498
        0.07127         0.00536
       -0.17074        -0.67766
        0.06991        -0.89152
        0.29789        -0.58664
        0.47888        -0.58365
        0.40055        -0.27116
       -0.29558        -0.25290
       -0.09344        -0.24679
       -0.31654        -0.12018
       -0.65206         0.13167
        0.24309         0.10911
        0.08470        -0.27520
        0.11085        -0.27504
        0.38960         0.05498
        0.42120        -0.44007
        0.47821        -0.04253
        0.12941        -0.09473
        0.25046        -0.17802
        0.05838         0.28666
        0.11767         0.19205
       -0.01385        -0.15274
        0.71027        -0.36020
        0.82587         0.35650
        1.15640        -0.01346
        0.58730        -0.18688
       -0.11256         0.43495
       -0.52665         0.35801
        0.14508         0.25400
        1.42653        -0.15791
        1.05584         0.25721
        0.84038         0.23504
        0.30426        -0.25206
        0.98804        -0.85181
        1.72477        -0.88547
        1.55727         0.31209
       -0.04959         0.45375
        0.22123        -0.33663
        0.97268         0.15529
        1.29751         0.27096
        1.53518         0.02495
        1.48850         0.12845
        1.56735        -0.01431
        0.89278         0.11098
        0.70107         0.91973
       -0.13791         0.63672
       -0.15572         0.78402
        0.25696         0.18001
        0.67417         0.15330
        0.13556         0.15934
       -0.08654        -0.03535
       -0.18775        -0.13621
       -0.22673         0.13974
       -0.32915        -0.00893
       -0.75722         0.00770
       -1.20279        -0.02311
       -1.17075         0.35048
       -0.72698         0.37874
       -1.28777         0.67442
       -0.87415         0.29654
       -0.75080         0.68786
       -1.66363         1.65461
       -2.14202         1.76946
       -2.32946         1.66248
       -1.57786         1.29880
       -0.09914         1.30949
       -0.07192         1.23321
       -0.76649         0.67921
       -0.73911         0.88126
       -0.39251         0.57433
       -0.03364         0.24697
       -0.22991         0.96713
       -0.64630         0.70568
       -0.68242         0.40168
       -1.23370         1.09717
       -1.04118         0.85031
       -0.85530         0.84600
       -1.23174         0.70568
       -0.85601         0.29620
       -0.82028         0.72425
       -0.60624         0.38998
       -0.17940         0.29465
        0.18228         0.20825
        0.20754        -0.15552
        0.14220        -0.01743
        0.30094        -0.22031
        0.41165         0.05545
        0.09554        -0.02729
        0.04627        -0.07975
       -0.16175         0.26931
       -0.19104         0.91589
        0.12270         0.56121
        0.04586         0.92028
       -0.15303         0.76390
        0.23475         0.59738
        0.44993         1.05988
        0.08062         0.85284
        0.09759         0.79213
        0.80407         0.98980
        0.83632         0.63282
        0.56711         1.25519
        0.19979         1.16113
        0.60872         1.25283
        0.64041         1.32416
        0.69597         1.11100
        0.80034         1.08279
        0.74016         1.20274
        1.36871         0.98006
        1.51206         0.90989
        0.87503         0.69262
        0.61625         0.54490
        1.25082         0.21892
        1.30821         0.24294
        0.99428         0.45726
        0.69990         0.22791
       -0.04714         0.44800
       -0.33072         0.53497
        0.04938         0.52550
        0.40141         0.80492
        0.87444         0.89179
        0.79247         1.34055
        0.14422         1.47227
       -0.13085         1.70891
        0.06813         1.60556
        0.41214         0.66649
        0.56026         0.42436
        0.62195        -0.04126
        0.44779         0.28752
        0.45273         0.58381
       -0.63358         0.87983
       -2.01555         1.07067
       -1.54471         0.44224
       -1.73464         0.33009
       -1.61314        -0.04060
       -1.88764        -0.00944
       -3.10518         0.21186
       -3.32589         0.18256
       -3.97632         0.17287
       -3.90926         0.97829
       -3.46403         0.67967
       -2.68609         0.06419
       -2.04025         0.18668
       -1.70239         0.44715
       -2.08621         0.52137
       -2.57476         0.61993
       -2.34477         0.79454
       -2.03914         0.42802
       -1.19520        -0.37719
       -0.87664        -0.26148
       -1.43559         0.04348
       -2.30957         0.30693
       -2.37598        -0.23904
       -1.82372        -0.40099
       -1.69629         0.36237
       -1.50516         0.15569
       -1.11595        -0.00399
       -0.67811        -0.04519
       -0.80672         0.04513
       -0.13793        -0.28317
        0.19995         0.25331
        0.56133         0.15941
        0.59154        -0.13083
        0.31781        -0.16697
        0.65996        -0.68000
        0.34229        -0.73753
        0.30093        -0.87171
        0.42683        -0.84907
        0.37561        -0.76856
       -0.41964        -0.24745
       -0.50932        -0.18804
       -0.09838         0.01414
        0.04470         0.11987
        0.37591        -0.46713
        1.13251        -0.61964
        1.75709        -0.50611
        1.72575        -0.37333
        1.97928        -0.64798
        2.21914        -1.15946
        2.12507        -0.91319
        1.95802        -1.07785
        2.20571        -0.97042
        2.28276        -0.71403
        2.11048        -0.64081
        2.24306        -0.84857
        2.27148        -0.93440
        2.32484        -0.61937
        2.78689        -0.81515
        2.53873        -1.10318
        2.45242        -1.37357
        2.19338        -1.12846
        2.12539        -1.03015
        2.07162        -1.37020
        1.79495        -1.33823
        1.75841        -1.16344
        1.89522        -0.85297
        2.25070        -1.40973
        1.91062        -1.44933
        1.65313        -1.07971
        2.06808        -1.14458
        1.55628        -1.59450
        1.39865        -1.31757
        1.45977        -0.89255
        1.48545        -0.79215
        1.42602        -1.05778
        1.25808        -1.10448
        0.96959        -0.93241
        0.93430        -0.91234
        1.45473        -1.27219
        1.50364        -1.50044
        1.03048        -1.27321
        1.18604        -1.17542
        1.02231        -1.56091
        0.65655        -1.27560
        0.31815        -1.52122
        0.80176        -1.31307
        1.00575        -1.58326
        0.52008        -1.10986
        0.48863        -1.15217
        0.32010        -1.20615
        0.01654        -0.95213
       -0.26748        -0.62738
        0.24522        -0.70187
        0.49007        -0.93660
        0.56639        -0.90102
        0.18690        -0.45893
        0.28356        -0.47684
       -0.13583        -0.33675
       -0.44063         0.13373
       -0.33828         0.00154
       -0.77963         0.08256
       -1.36201         0.17839
       -1.35980         0.23150
       -1.66747         0.19786
       -1.34792         0.16089
       -1.09870         0.05432
       -1.07889         0.22815
       -1.63463         0.46122
       -1.23439         0.16141
       -1.43236         0.09638
       -1.87882         0.01656
       -1.59718        -0.07445
       -0.97853        -0.19286
       -1.20223         0.02495
       -1.78096        -0.07590
       -1.08802         0.08412
       -1.27652         0.07659
       -1.32241        -0.28170
       -1.59389        -0.26630
       -1.68391        -0.38191
       -2.13859        -0.03214
       -2.54022         0.05851
       -2.90220         0.50840
       -2.86021         0.13937
       -3.00566         0.04239
       -3.34690         0.26758
       -3.80953         0.25359
       -3.94347         0.50719
       -4.15280         0.92809
       -4.45407         1.22736
       -4.26177         1.93527
       -4.06758         2.44189
       -3.56611         2.86990
       -2.82830         3.17460
       -2.31727         3.12121
       -2.00072         3.31948
       -1.56817         3.05194
       -1.03021         3.09186
       -0.28389         3.04554
       -0.05936         3.07946
       -0.21378         2.44567
       -0.03409         2.31480
        0.13911         1.67993
       -0.04141         1.56337
        0.01248         1.56703
       -0.27533         1.45626
       -0.10873         1.18116
        0.09766         0.97397
       -0.15627         1.26153
       -0.06897         1.31522
       -0.07742         1.18815
        0.30581         1.33168
        0.71817         1.29647
        1.04596         1.12029
        1.15513         1.08876
        1.09585         1.00999
        1.15973         1.03131
        1.56556         1.04434
        1.76363         0.71531
        1.83895         0.69074
        1.86027         0.41214
        1.84504         0.06766
        2.16195        -0.17457
        2.14342        -0.26819
        1.77558        -0.44425
        1.59726        -0.67469
        1.32857        -0.94349
        1.38351        -1.03657
        1.14716        -1.09387
        0.94681        -1.29332
        0.94667        -1.37956
        0.76214        -1.40712
        0.50569        -1.45545
        0.38318        -1.23013
        0.50635        -1.09947
        0.54581        -0.98695
        0.46392        -0.86837
        0.47742        -0.68008
        0.70274        -0.65482
        0.83836        -0.58935
        1.06280        -0.22284
        1.12526        -0.16727
        1.16441        -0.24707
        1.42089        -0.17466
        1.49510        -0.43150
        1.37309        -0.46391
        1.32674        -0.59687
        1.32991        -0.51665
        1.35931        -0.51055
        1.40530        -0.53963
        1.40546        -0.45357
        1.57031        -0.53778
        1.70652        -0.45582
        1.57841        -0.45918
        1.50518        -0.46971
        1.40957        -0.47675
        1.27654        -0.58147
        1.36629        -0.56602
        1.28302        -0.60589
        1.21442        -0.61682
        1.21984        -0.60128
        1.28652        -0.65474
        1.29280        -0.69531
        1.24804        -0.61049
        1.27075        -0.67347
        1.20162        -0.67446
        1.19637        -0.66695
        1.17991        -0.67958
        1.11066        -0.64902
        1.06696        -0.65896
        1.07427        -0.65125
        1.00287        -0.61323
        0.91873        -0.57585
        0.89215        -0.51934
        0.89395        -0.50742
        0.85911        -0.47320
        0.83169        -0.45028
        0.80940        -0.43535
        0.76306        -0.40660
        0.72809        -0.38553
        0.69817        -0.33175
        0.68062        -0.33204
        0.63995        -0.29093
        0.60302        -0.27471
        0.57790        -0.24630
        0.54493        -0.21733
        0.50855        -0.20948
        0.48147        -0.19236
        0.43763        -0.16803
        0.40995        -0.14810
        0.37618        -0.13763
        0.33883        -0.12966
        0.30133        -0.12409
        0.25663        -0.10413
        0.21654        -0.11054
        0.17254        -0.09474
        0.13481        -0.08449
        0.08429        -0.07180
        0.04367        -0.06576
        0.00255        -0.04849
       -0.03304        -0.03627
       -0.06904        -0.02309
       -0.10347        -0.01828
       -0.14576        -0.00281
       -0.18714         0.00681
       -0.22658         0.02075
       -0.26144         0.02874
       -0.30503         0.04358
       -0.33759         0.05174
       -0.37927         0.06349
       -0.40486         0.07184
       -0.44869         0.08482
       -0.47733         0.09263
       -0.51268         0.10463
       -0.54142         0.11187
       -0.57237         0.12391
       -0.59951         0.13148
       -0.63946         0.14387
       -0.65980         0.15025
       -0.69091         0.16100
       -0.71673         0.16770
       -0.74423         0.17738
       -0.76733         0.18366
       -0.79424         0.19044
       -0.81219         0.19573
       -0.84032         0.20696
       -0.86240         0.21111
       -0.88056         0.21949
       -0.89089         0.22118
       -0.91777         0.23007
       -0.93580         0.23253
       -0.95291         0.24000
       -0.97028         0.24127
       -0.98348         0.25256
       -0.99663         0.25108
